139
179
756
923
858
180
47
495
196
666
589
78
686
481
830
59
40
880
465
200
863
718
146
197
608
864
405
950
586
562
257
293
319
66
400
62
538
443
52
576
652
389
298
927
666
815
792
391
351
747
862
20
652
918
119
701
695
786
285
184
594
696
135
979
309
237
251
456
208
26
369
768
469
684
825
605
297
976
365
593
993
925
359
330
743
383
573
903
960
750
571
277
108
462
207
817
431
370
501
892
451
480
610
464
6
2
218
423
168
935
133
523
490
890
230
224
337
141
543
513
740
757
27
47
406
193
993
448
11
673
350
785
487
640
422
371
66
902
479
284
480
779
400
267
538
586
373
368
195
637
926
790
432
544
718
572
670
183
738
478
530
72
577
275
919
328
463
779
103
864
582
716
529
377
375
411
239
120
821
345
724
383
665
419
772
472
773
756
62
817
707
335
836
161
74
775
945
933
307
387
200
1000
201
581
918
790
989
825
577
146
630
126
236
699
122
659
688
860
382
779
786
150
469
91
535
785
273
909
430
699
927
170
665
815
61
220
76
149
409
865
276
196
709
883
227
576
223
692
751
605
861
645
952
89
12
22
222
576
246
857
4
523
326
541
845
850
992
488
662
1002
172
316
41
591
513
146
150
898
350
189
717
471
99
377
466
3
990
443
446
690
525
46
590
938
823
291
886
109
172
259
143
128
293
190
412
687
451
628
980
605
48
736
245
908
215
261
707
760
791
979
514
890
292
208
625
294
354
562
211
949
752
951
621
128
517
484
105
841
761
922
468
407
543
472
917
226
818
166
775
261
434
267
570
104
49
602
823
335
910
617
344
12
180
836
225
462
719
687
28
691
889
946
12
833
884
448
454
825
633
622
325
508
703
931
4
807
456
681
777
437
1008
456
109
677
277
466
997
486
346
1000
480
915
896
28
399
333
906
265
226
417
806
837
82
216
144
515
536
206
896
151
966
778
169
873
40
257
462
853
970
195
53
104
328
55
466
215
316
589
637
177
576
947
403
575
579
573
488
924
633
383
686
116
178
791
281
979
875
434
869
386
799
51
341
188
923
591
591
974
249
983
801
749
346
195
459
258
97
992
815
962
176
190
73
506
149
548
437
748
408
451
38
94
149
390
884
943
216
103
942
673
696
171
619
58
155
343
324
608
581
719
75
429
291
353
363
106
963
591
802
79
562
246
815
1009
129
473
735
220
520
726
993
500
511
352
602
250
235
481
381
146
209
604
265
269
23
978
264
330
257
447
661
853
167
875
322
137
655
985
470
306
212
678
917
458
155
179
531
355
819
164
123
490
944
483
45
818
25
812
38
175
314
319
93
532
988
219
991
512
46
202
403
323
173
581
117
48
789
732
749
922
774
688
489
546
330
808
738
375
704
75
924
451
940
385
906
465
129
582
148
70
980
864
906
940
235
699
24
478
768
85
233
66
399
576
406
991
133
710
347
600
242
869
385
423
754
957
822
164
871
870
226
533
758
114
695
731
510
875
664
242
258
950
321
273
733
1000
969
835
938
301
160
2019
252
157
984
680
196
756
403
527
258
115
469
695
786
677
45
755
314
973
392
240
8
283
292
953
915
275
911
502
222
449
483
138
239
798
789
546
613
238
349
661
638
381
19
438
472
959
551
819
431
737
634
21
563
480
109
618
742
714
625
510
526
999
910
319
254
802
827
805
768
169
709
102
172
985
651
851
984
418
259
377
47
433
546
520
904
156
675
331
452
69
24
72
998
724
122
557
887
298
837
800
330
588
150
1005
773
66
933
102
760
412
173
299
236
79
363
406
1009
256
897
167
388
513
202
480
832
103
414
1003
946
686
470
466
204
873
871
853
507
919
54
620
196
293
365
726
339
473
917
19
52
382
594
869
649
342
967
473
659
595
405
165
573
646
787
96
345
166
825
165
468
259
613
135
282
737
26
867
735
851
828
412
328
235
64
400
237
664
414
716
828
270
386
474
199
613
538
118
927
839
301
317
549
803
982
801
761
431
134
820
710
621
783
426
534
36
167
76
288
119
844
527
778
322
591
962
130
482
959
670
996
763
732
201
838
598
759
186
62
687
166
1000
442
561
79
555
649
717
789
412
320
993
293
684
799
627
981
883
143
792
51
777
219
561
696
356
313
606
414
310
452
172
321
589
500
867
343
345
472
794
661
73
424
95
603
749
259
225
788
977
158
446
496
434
521
591
102
315
313
192
769
396
322
973
639
955
303
607
743
344
893
553
685
435
369
281
471
844
962
84
285
674
565
174
159
369
22
531
1003
564
627
875
987
271
932
464
335
416
721
271
659
861
748
469
638
745
469
491
48
633
652
172
29
38
382
924
154
781
90
647
728
658
845
53
96
259
166
848
4
781
519
347
69
765
120
855
500
9
345
942
452
612
583
618
475
506
980
885
929
393
224
256
240
766
408
265
961
739
737
393
435
737
985
630
596
651
244
97
597
352
848
220
642
830
886
678
715
747
658
157
417
942
9
771
534
424
989
301
679
285
439
148
251
694
569
147
317
142
185
462
320
840
753
475
484
940
341
932
69
496
672
958
478
327
755
278
152
317
392
425
840
778
762
935
733
916
128
828
718
794
783
623
301
568
2019
897
147
687
65
721
258
321
987
489
476
581
716
915
957
617
557
454
785
512
955
92
429
904
313
603
547
326
506
756
88
939
845
949
140
921
24
135
170
417
435
621
617
435
328
146
958
428
924
20
476
301
206
133
268
901
922
859
452
327
402
423
290
772
623
636
708
1
71
694
233
24
977
656
903
366
628
296
449
330
304
108
923
60
68
809
120
584
641
928
838
156
201
224
583
444
386
165
422
479
950
568
149
309
488
531
946
146
538
122
444
238
958
994
521
688
795
175
166
89
498
325
435
267
507
15
824
537
111
412
800
445
205
494
574
505
811
513
590
696
850
979
916
856
197
941
510
340
282
118
926
777
952
282
446
569
165
564
423
380
253
705
174
720
686
219
601
351
416
371
41
644
142
569
602
674
219
185
2019
90
2
943
166
33
105
677
787
612
195
413
90
876
163
365
494
628
630
918
1005
354
140
618
585
873
273
928
705
303
91
984
518
610
344
887
802
550
10
399
347
572
58
332
1001
499
168
410
869
901
247
715
734
444
417
500
438
596
287
155
770
476
16
203
880
946
614
532
397
800
113
372
770
916
691
324
738
510
320
617
134
835
703
573
181
265
977
604
315
764
5
806
408
826
220
450
527
178
819
332
462
428
87
66
472
277
562
489
762
818
925
660
573
177
32
945
483
743
557
108
722
607
29
71
571
45
852
399
78
333
8
941
490
667
347
930
390
103
297
686
177
998
807
109
79
203
114
333
559
623
170
379
938
741
278
986
990
18
616
796
539
652
305
813
763
931
596
683
782
113
1000
797
779
2
264
685
247
77
598
756
773
963
282
477
61
186
656
611
948
826
970
368
69
88
500
557
827
534
32
746
136
280
563
783
196
96
378
308
826
654
274
217
100
658
309
900
700
300
373
372
468
259
973
291
648
421
158
753
242
965
1008
412
739
809
603
681
739
435
581
737
433
530
761
628
1005
341
490
237
893
2019
490
482
272
465
988
530
740
684
691
638
945
361
730
625
798
166
987
786
580
234
709
747
608
609
556
431
230
1005
163
851
311
62
946
593
898
394
939
846
864
884
426
244
996
134
194
497
723
903
542
204
507
918
433
334
911
370
271
216
17
548
468
685
741
92
948
923
932
393
63
881
356
858
235
648
739
442
664
498
786
371
147
284
364
855
480
957
38
867
602
626
457
135
808
959
207
601
806
723
152
474
924
762
269
689
897
445
48
975
628
799
499
676
625
951
216
357
637
737
194
178
106
377
976
386
837
10
238
142
850
785
292
698
280
725
438
173
329
83
194
255
767
164
873
672
872
108
464
316
341
88
496
113
661
87
570
445
381
137
678
207
37
302
981
141
116
872
1000
627
873
180
483
821
400
877
510
567
392
749
353
165
56
134
182
985
1008
895
428
453
591
872
895
340
267
509
238
908
134
84
378
844
923
482
842
733
2
30
123
434
938
790
302
738
346
760
607
587
799
944
676
205
259
970
763
248
3
999
173
514
688
442
330
987
874
120
925
349
40
711
120
811
106
812
272
699
580
563
640
665
752
113
602
255
489
44
447
335
646
727
443
968
183
963
408
555
193
756
984
637
803
234
140
731
665
719
986
574
589
757
961
493
603
629
667
267
799
585
972
843
730
782
275
387
759
749
955
334
237
766
9
290
336
953
39
165
312
726
1007
551
754
343
119
489
128
561
264
599
406
448
190
28
654
410
382
695
313
94
222
333
557
428
856
549
395
825
700
880
432
732
950
28
873
485
581
623
273
307
236
85
95
968
229
50
75
571
65
438
537
261
55
141
617
977
127
165
663
46
939
976
579
546
742
674
34
714
892
519
572
547
453
684
614
757
581
634
95
1008
889
704
714
139
109
886
404
798
40
117
651
287
486
36
255
209
484
203
910
611
692
86
324
931
763
440
512
693
560
917
560
993
837
303
992
28
420
654
180
233
749
915
378
326
264
241
704
563
497
180
321
930
525
585
514
82
256
65
541
355
301
532
322
405
864
1
571
907
828
780
37
721
984
576
751
394
650
571
807
565
439
294
196
740
804
37
725
306
468
75
551
463
256
988
403
308
334
758
768
995
533
454
793
999
89
432
893
988
540
850
832
704
327
596
838
902
581
355
477
434
680
339
780
765
699
996
215
384
673
209
829
106
242
215
111
304
170
766
148
109
749
607
410
432
519
684
348
982
946
171
361
52
330
716
577
85
665
550
803
349
469
757
851
138
170
402
837
34
95
123
848
813
971
395
840
167
941
818
567
410
128
782
198
792
411
284
322
995
609
312
732
686
589
264
520
234
857
395
952
452
518
536
155
844
202
754
797
707
403
386
124
413
146
424
691
867
871
794
652
1
296
434
793
398
254
439
683
467
305
147
872
599
977
829
385
468
443
512
135
83
698
12
35
632
950
490
986
714
950
216
200
342
192
544
155
492
679
404
656
590
10
862
834
568
630
277
450
328
914
721
372
523
490
511
92
445
802
146
598
690
417
243
669
509
999
455
884
315
775
502
118
184
55
330
583
572
331
498
80
557
491
875
117
79
155
4
356
708
939
458
851
473
66
314
362
844
736
716
322
664
618
383
750
440
152
120
1
259
27
868
240
130
896
34
233
785
689
856
354
596
963
646
32
195
372
59
933
934
293
370
560
581
526
333
723
249
179
700
107
768
902
25
860
459
399
239
354
621
962
567
936
48
319
789
609
958
452
518
590
36
487
498
48
54
724
966
782
65
716
344
390
542
809
996
881
537
209
689
340
918
998
991
542
101
540
218
172
809
705
326
901
552
109
306
646
498
116
873
936
261
939
855
145
78
242
348
464
604
255
94
976
867
788
91
151
222
552
677
636
644
179
824
551
626
474
566
792
249
395
417
800
705
408
777
501
575
892
604
667
997
23
700
309
219
931
488
300
522
318
514
628
933
115
213
572
150
356
515
663
912
704
672
819
458
304
444
160
187
369
161
555
344
31
628
59
152
457
349
54
44
836
604
100
664
292
583
424
258
555
779
128
243
576
311
883
315
479
297
390
995
427
280
347
907
193
383
847
387
718
406
747
117
38
785
520
595
948
541
904
683
357
292
155
295
153
580
731
192
83
854
73
322
244
122
759
824
354
583
72
209
646
569
448
817
762
922
538
74
312
946
785
792
592
456
489
858
460
584
696
284
583
314
539
52
327
686
542
426
462
983
106
415
569
378
764
659
1002
614
669
932
333
5
62
432
368
904
73
736
60
880
673
30
557
174
881
828
743
238
722
758
207
784
310
465
16
542
963
949
181
174
653
567
122
141
658
195
337
194
62
817
244
313
512
624
989
577
490
651
138
1002
236
99
50
749
1005
338
367
935
54
742
113
494
812
376
764
623
380
361
326
103
783
40
147
180
482
884
657
298
760
382
713
50
19
741
182
498
558
521
693
933
942
917
18
431
655
296
805
350
979
979
85
990
796
377
622
733
471
263
858
615
471
359
83
274
660
828
87
809
305
428
396
183
789
385
31
258
968
957
857
160
327
995
142
481
907
727
798
537
727
769
476
933
69
928
1008
751
422
270
29
204
892
204
524
732
272
779
512
810
852
198
755
766
762
190
832
61
666
10
549
550
363
911
62
835
619
960
880
293
688
905
85
711
17
498
853
136
382
242
60
117
805
609
232
770
426
207
606
760
438
595
397
826
646
676
641
125
635
749
573
808
917
478
965
92
207
984
74
377
799
969
147
487
792
36
177
217
342
550
534
111
167
528
259
534
170
657
326
501
681
65
742
225
623
362
771
594
162
76
538
285
17
662
701
380
116
577
492
265
34
753
198
354
241
93
258
408
290
31
548
45
455
231
227
408
719
794
209
929
478
92
824
896
332
325
375
44
744
938
660
222
825
494
255
452
315
847
288
227
207
857
932
125
185
733
633
452
636
964
923
154
952
817
642
30
18
216
581
675
657
205
930
177
652
452
870
504
35
425
125
120
782
651
995
525
242
495
689
828
666
761
909
90
808
561
536
899
925
445
967
1000
6
490
103
364
552
382
763
518
358
167
379
70
763
856
960
715
579
477
71
648
599
543
786
432
538
471
871
543
958
126
669
117
478
658
316
424
86
786
974
1000
257
380
932
826
741
542
209
119
51
252
500
677
875
906
2
713
125
230
672
552
849
788
986
77
807
319
552
11
566
620
810
662
557
541
316
990
396
745
302
285
541
518
228
867
553
147
168
39
612
303
587
501
562
580
523
832
990
696
80
243
950
695
467
447
60
871
739
157
129
532
952
302
677
808
15
114
197
381
957
81
534
342
822
61
148
8
753
411
602
134
542
97
800
36
533
428
557
557
746
691
859
289
695
374
829
812
283
490
268
85
629
816
657
254
109
485
525
251
151
680
408
374
588
183
781
871
119
682
214
1006
407
882
976
554
847
977
887
307
502
930
408
107
468
874
916
433
246
303
103
995
831
477
681
437
719
932
952
524
832
231
612
185
548
917
812
709
82
682
697
818
813
347
869
706
185
317
376
515
67
390
926
551
1003
288
123
247
548
1005
794
500
243
458
821
455
1001
200
181
985
470
307
665
94
313
956
200
393
797
217
525
834
58
35
87
891
622
954
242
341
670
270
533
177
893
967
305
171
658
293
96
63
446
878
174
186
467
424
198
342
337
154
952
358
718
931
911
721
614
910
104
542
227
143
408
406
825
160
672
488
5
270
400
245
3
274
927
718
483
981
20
193
729
869
827
112
481
470
898
873
961
807
665
644
543
983
839
307
907
528
639
233
632
764
826
704
334
855
443
780
858
248
497
484
684
381
22
107
794
624
283
354
518
567
317
659
418
274
750
88
533
897
783
228
86
144
926
97
327
714
224
772
497
881
361
338
649
709
23
392
457
283
862
765
729
476
854
769
229
90
622
700
142
941
99
2
674
84
557
302
442
414
382
218
736
540
1001
860
874
805
195
1005
820
554
567
526
195
22
548
75
970
781
225
67
135
767
225
177
619
389
586
905
1002
967
367
808
227
68
664
101
236
140
86
733
885
765
79
800
59
891
323
611
570
142
569
914
492
154
728
695
982
733
705
1004
394
786
429
559
591
614
596
72
816
27
433
784
555
678
560
386
520
89
632
490
772
764
929
59
657
660
529
867
60
728
161
892
556
749
786
655
1001
355
832
352
539
756
185
249
601
955
918
705
533
405
234
957
259
602
569
853
580
664
146
640
180
674
513
518
432
103
608
128
564
952
881
354
1
123
488
512
881
707
819
147
738
315
38
505
182
513
817
281
170
580
929
952
439
206
420
781
1000
383
129
1009
481
888
580
464
285
968
271
165
666
715
418
345
743
324
209
141
414
887
358
864
578
268
191
876
337
686
242
789
953
443
576
579
895
318
105
469
955
566
102
882
501
308
450
382
599
627
23
779
709
690
853
595
497
229
682
984
55
774
901
91
753
887
781
302
293
97
145
162
316
381
97
893
949
136
195
547
945
324
819
126
43
691
196
952
141
294
877
469
245
225
196
615
371
429
874
1001
370
856
828
12
928
974
724
182
345
474
709
82
231
998
654
924
733
821
760
693
525
573
627
513
734
295
771
1002
419
828
755
213
315
727
219
681
464
976
274
526
804
39
436
901
34
505
758
36
637
126
693
919
403
612
112
52
636
167
770
218
432
90
166
478
1002
594
52
840
1005
136
848
373
475
511
444
612
817
547
154
886
398
13
172
352
463
668
180
944
374
714
310
916
929
540
439
706
279
138
30
640
301
303
203
842
905
906
814
635
481
877
664
857
189
387
752
392
149
763
120
630
67
899
367
473
300
724
533
445
463
600
436
570
908
36
115
305
771
83
889
275
680
852
674
78
381
422
627
823
944
49
865
607
181
697
684
690
790
136
16
837
76
227
222
394
20
697
373
173
533
271
26
595
658
826
244
80
931
348
24
272
564
191
806
809
470
672
13
148
853
517
92
510
168
628
850
396
804
980
195
482
718
785
908
580
563
299
630
405
168
68
151
565
465
32
601
304
864
685
905
571
327
818
861
215
923
438
514
833
809
421
199
931
253
604
264
315
123
498
232
144
71
15
465
822
124
921
175
274
571
604
620
12
782
685
680
580
651
218
188
659
374
338
93
924
293
766
780
276
655
302
31
153
926
395
788
8
744
512
209
902
613
428
828
970
640
965
44
867
700
983
213
194
122
65
419
142
204
831
626
148
145
35
657
75
189
15
548
671
225
592
290
539
21
194
734
562
858
399
567
705
590
703
334
170
86
823
64
107
340
343
92
763
376
18
171
915
377
201
402
711
256
132
670
712
650
238
66
162
90
445
561
529
955
671
955
877
886
601
131
1009
927
185
679
209
23
87
295
568
739
195
595
881
726
827
281
355
137
586
107
870
100
126
116
421
386
46
257
232
1008
598
848
508
219
483
630
367
869
308
805
292
815
493
160
221
961
200
13
1003
579
986
880
770
488
397
996
307
490
167
728
328
58
582
450
265
658
903
571
837
537
183
902
177
700
261
352
368
250
663
585
942
915
64
624
256
996
33
757
885
857
452
548
497
437
360
68
809
946
234
961
200
225
583
801
984
995
207
942
612
465
548
873
245
148
559
255
281
297
310
469
538
157
388
467
505
177
947
22
98
335
334
849
782
185
84
117
798
102
829
122
680
990
636
867
444
428
616
204
614
735
688
600
550
898
611
770
314
221
333
224
190
305
14
786
550
14
275
598
287
669
197
390
87
568
813
492
909
328
126
86
250
937
973
377
963
966
407
707
42
644
706
673
824
639
1000
925
220
101
811
415
239
804
706
366
606
569
870
559
331
193
650
14
20
397
283
569
703
694
72
222
168
157
125
34
378
266
704
976
762
469
63
782
310
356
236
679
372
739
357
164
194
700
203
737
417
218
31
23
76
191
342
605
81
806
228
923
981
491
803
78
187
45
862
328
185
927
440
526
277
401
539
198
1005
54
668
616
692
951
425
258
519
400
358
818
666
344
303
419
531
241
201
899
803
650
651
50
1004
858
295
94
759
915
898
775
776
828
931
79
76
584
379
981
945
489
351
886
818
444
7
597
161
917
74
34
825
780
24
133
924
645
1
555
188
138
11
549
557
755
546
13
583
39
668
687
738
407
314
977
483
185
328
429
788
537
759
631
952
909
320
951
685
877
886
895
980
467
448
222
735
144
886
493
305
840
877
772
393
526
104
249
861
870
692
140
79
259
97
887
164
145
560
10
63
301
51
724
509
363
847
727
382
182
812
392
938
356
544
999
187
288
725
882
151
946
241
268
880
511
467
556
14
18
27
305
263
411
1003
698
187
227
424
848
486
892
538
822
834
368
997
438
286
500
289
634
454
205
701
348
772
203
856
569
193
223
965
309
322
808
225
656
810
274
522
912
924
679
1005
788
567
641
676
720
126
625
799
230
25
87
106
700
564
1004
595
892
721
975
452
528
527
509
365
86
908
250
773
157
350
911
803
344
161
396
939
38
768
560
432
139
583
63
370
580
55
861
425
96
729
486
390
914
418
206
442
498
421
493
517
687
16
400
446
435
380
995
223
618
510
863
483
939
583
62
225
741
654
894
677
742
171
437
135
710
41
2
130
397
311
537
366
607
774
1002
270
116
998
629
508
721
975
662
260
280
947
960
607
851
870
164
898
855
112
887
406
451
399
667
176
994
855
907
465
41
14
273
52
339
968
164
885
150
278
81
474
66
379
253
864
196
353
658
922
915
34
488
909
30
653
39
95
400
392
164
867
242
221
751
656
702
503
235
997
237
570
142
87
569
332
984
852
271
282
890
918
396
26
741
649
242
457
767
324
463
92
467
785
606
608
62
514
65
915
719
290
684
891
551
49
316
223
368
509
98
353
115
58
691
717
710
21
913
149
753
618
16
800
98
86
452
815
321
19
762
867
15
337
24
727
862
379
986
711
79
184
166
463
323
885
723
794
251
377
506
94
255
108
19
619
110
874
292
101
50
363
776
315
452
40
527
307
619
506
330
352
623
897
958
48
947
470
877
758
190
717
313
57
601
361
153
615
766
6
198
655
12
1004
201
537
377
83
72
748
535
597
669
260
7
83
11
37
199
834
116
694
904
942
856
573
599
405
729
361
227
326
648
521
502
785
633
619
694
58
2
173
121
842
430
893
575
259
573
554
697
482
539
289
844
566
676
79
162
564
550
605
601
456
128
907
792
840
372
242
837
741
689
908
149
997
895
835
606
800
886
701
779
807
539
406
242
305
364
232
1006
242
377
893
346
162
344
86
28
831
44
395
49
574
995
243
881
248
848
801
797
654
148
883
425
427
198
135
239
526
601
581
583
465
154
43
211
283
961
42
223
35
544
814
933
109
107
943
281
791
666
669
922
497
964
130
681
309
986
159
216
709
315
450
1003
738
136
796
331
122
243
412
454
740
751
383
586
229
533
512
138
217
736
537
286
681
140
399
325
678
559
41
132
249
349
801
27
28
469
136
120
744
866
734
16
653
525
562
989
12
301
262
59
270
281
555
759
789
532
468
301
899
948
91
149
842
574
749
819
293
472
641
999
745
506
677
312
69
517
909
848
463
741
346
200
480
268
519
773
182
457
354
507
155
735
809
192
822
408
707
671
317
883
147
119
577
469
683
388
196
142
550
650
40
401
377
32
581
399
388
557
88
392
684
315
632
829
234
574
884
270
662
996
388
897
354
48
260
177
904
346
88
977
554
78
2
685
512
244
415
819
703
710
562
778
393
671
181
190
10
18
506
33
847
447
645
457
656
158
935
1003
520
380
446
963
965
715
694
555
585
974
561
282
584
53
128
589
882
543
975
150
57
384
816
320
306
273
817
389
725
507
275
907
885
886
260
357
607
616
513
581
284
272
478
886
680
73
182
860
69
768
49
649
41
171
282
892
403
374
48
317
333
81
200
698
977
242
662
616
750
935
314
734
870
323
553
865
358
951
666
471
2019
333
20
989
973
983
779
272
181
968
870
581
540
137
220
700
914
202
1006
281
215
566
176
683
744
50
507
704
834
210
827
637
232
721
134
259
341
736
255
80
390
185
829
578
221
710
179
610
904
574
169
444
452
374
68
206
308
389
854
904
903
354
298
610
241
517
480
83
453
216
696
309
587
636
287
574
586
230
382
391
459
933
764
868
426
579
247
495
489
957
671
21
506
71
650
522
385
523
620
185
724
309
28
217
222
935
268
296
136
916
237
39
944
1004
897
792
307
337
703
959
938
278
762
163
769
899
248
211
353
825
376
808
531
507
397
684
701
810
282
238
182
153
204
66
254
825
531
584
798
871
384
66
591
739
745
765
469
49
621
760
233
622
350
611
558
613
322
514
168
45
614
803
706
283
964
66
155
93
959
922
64
986
542
936
667
335
733
519
216
957
75
747
423
183
117
423
373
750
870
712
459
789
446
569
420
314
48
933
921
311
904
642
328
415
674
49
495
852
49
556
35
749
680
320
738
919
349
294
280
662
197
955
789
471
979
323
152
570
793
993
230
335
499
852
517
522
587
684
730
659
697
242
244
10
256
826
578
500
349
881
4
632
437
347
895
120
968
738
249
351
280
86
425
976
168
369
117
326
709
591
217
582
827
672
389
876
156
399
85
248
405
836
211
735
564
490
638
356
961
320
117
380
805
715
180
502
808
189
983
465
602
968
959
881
399
986
907
985
267
278
139
264
511
429
257
962
993
568
987
447
542
828
131
642
498
164
110
359
963
965
381
571
454
848
43
604
9
689
147
798
36
793
295
335
884
476
974
496
79
927
530
505
66
864
867
512
629
598
206
369
883
862
79
446
402
624
825
498
372
205
680
70
67
251
496
832
361
398
576
635
592
869
327
406
219
806
858
47
387
137
645
440
826
744
634
321
634
205
233
811
34
750
149
584
313
11
502
932
455
409
31
109
700
609
512
675
390
735
825
766
592
65
8
300
28
884
308
66
76
732
602
428
463
786
241
105
226
183
200
277
116
258
288
513
198
848
278
310
163
756
881
339
262
820
428
614
385
872
965
675
123
219
226
614
288
494
368
848
298
487
127
825
315
903
648
201
514
866
582
907
959
200
681
327
726
462
251
460
507
43
992
109
152
732
528
420
187
1
705
481
203
337
491
498
677
498
52
246
631
420
652
899
787
347
301
85
616
773
252
352
829
699
200
502
521
28
244
684
687
350
611
898
878
709
865
377
498
302
476
528
583
552
29
923
792
361
594
501
2019
211
139
962
521
222
658
354
35
88
665
954
929
974
106
354
238
237
128
117
626
758
840
840
331
815
880
110
178
845
289
267
786
589
13
852
171
914
332
197
449
96
349
399
728
776
796
347
41
894
428
682
105
710
330
797
601
542
485
338
842
367
837
571
115
216
122
138
986
660
399
186
614
164
568
731
918
964
190
111
621
276
212
838
967
560
502
964
815
161
949
816
792
963
659
980
743
590
295
142
791
997
209
763
215
129
175
257
971
410
321
380
53
260
564
20
315
871
198
226
391
555
287
839
644
400
483
619
924
309
175
658
303
42
942
792
165
429
821
215
133
207
60
173
501
439
768
464
387
382
379
110
636
393
811
743
816
533
812
402
222
131
51
887
233
827
407
144
267
227
530
711
51
351
231
67
24
860
575
603
262
430
163
50
498
302
153
332
544
535
46
634
405
791
992
228
647
640
483
439
466
933
777
149
882
79
897
451
428
293
636
916
476
495
294
967
424
846
104
907
839
461
659
455
920
995
574
78
451
643
915
961
947
629
417
547
877
349
781
234
952
852
198
99
376
888
936
419
96
362
261
565
191
808
278
608
245
657
67
886
219
12
424
938
1005
31
662
815
682
29
788
449
853
494
362
281
73
43
419
37
585
578
947
771
121
487
505
306
317
406
1008
753
753
1007
890
619
617
3
299
350
988
373
75
318
898
304
433
2019
665
244
780
720
91
139
65
408
409
144
43
694
824
637
2
816
502
543
407
287
704
989
753
526
616
741
409
682
538
226
688
280
147
275
32
684
46
420
706
861
13
700
530
6
958
690
829
211
146
171
178
291
202
192
87
113
87
424
410
512
367
436
210
115
490
426
818
702
252
437
970
881
390
975
57
835
829
220
375
66
176
119
252
726
97
851
898
721
277
450
416
565
621
685
94
336
230
684
657
140
253
1000
893
57
58
866
676
564
967
788
139
976
882
465
86
178
660
115
718
262
519
440
502
714
670
796
734
626
68
999
273
456
788
536
121
426
59
148
142
18
971
909
717
925
270
32
987
67
790
283
968
949
720
564
114
378
302
230
901
534
334
298
107
402
371
118
960
322
993
135
508
941
896
239
423
395
722
803
397
458
685
871
220
268
397
103
754
341
886
996
852
355
152
95
998
14
922
643
449
308
811
136
740
573
616
862
486
995
156
455
394
625
100
832
746
334
537
428
366
411
782
401
310
481
748
181
19
185
103
107
310
442
957
670
890
377
406
536
625
187
166
747
397
11
714
589
979
747
222
100
219
53
403
666
718
875
682
29
958
657
112
499
592
427
701
9
115
485
414
870
220
207
719
81
303
983
582
476
960
69
429
566
173
1000
905
579
597
690
479
542
364
519
621
418
794
702
195
683
106
330
774
78
220
133
122
373
724
27
677
516
165
357
41
39
852
85
977
77
233
579
289
310
492
876
29
180
424
520
442
870
87
568
502
264
259
624
753
643
604
535
116
484
592
252
755
772
428
407
653
333
243
252
335
469
796
256
427
124
268
736
475
595
122
199
280
211
892
816
112
796
324
163
19
99
6
728
350
728
517
121
425
981
367
370
486
147
44
542
94
157
102
744
493
390
38
727
347
727
577
349
401
370
883
693
1004
771
868
447
527
582
542
361
210
66
850
796
119
351
216
914
993
302
818
43
759
271
978
350
343
86
649
990
441
640
893
233
570
775
833
872
54
892
234
741
129
748
473
561
64
711
583
65
903
480
982
123
561
363
474
510
652
278
586
866
767
863
669
733
715
425
937
358
307
155
445
486
719
102
91
386
3
797
465
365
48
866
545
662
363
139
65
701
932
747
916
859
96
825
88
187
511
807
242
602
13
237
750
571
271
716
57
908
626
938
975
779
612
442
349
244
487
920
50
999
586
382
330
637
99
625
418
353
77
900
322
630
239
12
733
965
114
585
587
335
469
341
982
565
173
171
509
535
213
355
939
592
283
370
997
505
719
114
511
366
549
980
953
177
81
838
588
47
890
254
909
103
72
907
713
351
675
507
203
962
876
375
681
608
105
539
299
167
900
456
507
954
636
466
972
496
534
733
875
998
776
348
663
183
295
928
291
503
674
55
91
749
603
296
640
460
268
848
853
54
601
345
956
579
987
627
182
840
513
251
281
383
505
290
121
279
484
145
382
683
49
167
460
646
478
75
990
340
322
15
938
206
269
142
86
365
597
349
639
542
733
482
714
8
457
16
896
814
107
70
4
395
517
955
81
621
929
366
152
891
871
815
896
326
830
983
336
764
770
567
754
199
442
49
349
225
282
622
537
483
900
325
905
307
580
787
480
968
227
712
217
724
462
382
63
709
99
370
938
856
950
1005
984
703
308
411
472
150
620
265
721
409
50
4
26
622
699
975
466
764
781
45
786
174
928
998
695
1009
414
904
271
619
617
16
404
210
764
261
459
197
501
178
569
723
247
333
915
581
14
177
205
690
545
763
798
783
291
450
755
213
108
586
357
279
46
358
279
783
987
528
943
63
130
399
108
174
424
238
47
175
936
880
410
630
134
302
752
352
425
770
232
228
837
908
981
788
689
994
319
522
291
707
714
490
16
928
393
632
232
654
56
588
964
306
190
315
921
292
169
738
325
334
53
756
141
875
15
983
270
781
227
47
860
344
586
190
335
795
5
176
257
615
423
330
926
492
422
321
778
733
45
312
149
134
842
548
719
483
986
561
10
1009
945
791
814
718
1
643
247
719
728
92
451
373
941
644
150
504
17
689
84
91
403
942
738
561
702
268
199
439
234
545
445
799
538
182
1
639
362
999
353
7
48
369
877
862
236
225
559
347
856
733
301
402
770
144
303
187
330
657
920
894
309
282
537
471
239
78
816
856
257
6
961
696
852
175
327
544
263
785
601
1008
606
645
995
672
551
685
261
665
641
883
645
107
344
421
985
74
420
956
895
363
174
148
272
736
362
858
450
507
560
530
841
653
593
1007
404
369
502
884
963
570
512
88
100
329
640
173
407
227
90
368
119
626
879
268
407
61
230
627
318
636
530
370
80
962
871
24
726
282
230
416
628
545
431
354
256
927
30
457
26
227
867
922
264
103
516
337
398
995
211
742
93
755
68
127
939
318
160
617
836
714
596
704
403
386
431
208
640
999
716
465
771
972
848
818
897
556
537
765
568
558
639
265
395
141
313
144
2
256
485
887
674
111
641
48
446
859
902
633
45
123
470
520
671
215
866
235
3
1002
131
915
254
593
902
484
572
977
858
987
734
233
64
103
940
691
467
588
759
357
431
696
74
893
38
880
100
94
438
862
912
615
630
762
825
184
983
52
461
694
462
881
737
863
360
85
308
883
986
843
608
1003
808
285
321
55
536
535
961
437
639
412
885
593
998
60
647
987
795
414
590
220
576
945
416
240
12
725
343
932
349
309
880
259
237
252
553
957
58
1004
17
118
567
579
251
681
449
795
355
509
912
232
635
213
568
412
251
69
328
736
926
990
90
515
723
306
992
652
104
63
717
706
652
537
164
395
216
550
777
484
449
430
91
653
942
210
308
254
708
214
411
288
879
449
956
435
134
347
191
697
148
658
828
927
692
78
690
919
512
656
638
893
184
576
700
701
354
235
663
47
447
776
933
459
801
724
570
262
284
315
530
946
193
1001
110
929
564
358
444
174
238
407
805
480
118
750
809
180
629
66
563
981
717
480
384
279
407
68
982
169
393
413
40
854
330
689
13
73
130
784
74
200
537
717
635
406
63
803
785
397
860
8
155
665
614
481
811
142
678
670
495
256
718
519
531
636
173
481
325
983
930
13
675
78
728
236
233
656
459
907
539
169
652
222
169
278
382
147
137
818
855
305
522
183
90
47
733
365
418
682
820
33
108
747
47
204
963
751
743
444
586
663
450
191
291
17
839
126
204
1
275
859
599
181
320
586
977
126
86
50
503
992
196
496
403
306
458
201
321
822
318
762
345
312
665
889
799
692
116
588
756
260
519
579
327
294
623
834
611
977
932
59
467
813
875
998
794
210
380
752
765
883
673
390
978
252
457
863
829
237
435
241
301
128
856
140
293
2019
939
13
443
302
675
842
676
220
16
733
123
61
126
572
331
42
258
779
690
202
444
221
544
864
991
850
127
399
431
170
349
794
3
287
87
626
917
489
288
247
213
940
336
244
140
525
900
374
935
455
289
582
584
416
304
305
585
807
325
858
333
888
933
776
331
637
385
865
67
199
336
156
704
156
74
738
423
113
426
514
774
507
515
78
961
500
139
825
273
8
350
171
403
737
70
525
499
480
363
248
943
526
566
584
359
463
403
388
405
380
826
969
485
56
647
356
710
417
737
328
982
997
70
976
850
21
407
677
51
300
936
631
192
551
904
164
704
873
685
875
379
751
609
950
905
441
358
94
557
886
555
984
27
405
940
986
830
682
474
449
776
335
844
760
339
205
511
263
541
588
3
90
867
164
34
556
427
675
371
194
704
957
48
399
247
506
93
923
457
172
830
255
961
935
740
620
3
141
330
354
780
729
213
942
150
755
159
364
663
617
896
638
80
125
891
955
700
2019
240
558
433
707
991
354
8
62
868
698
722
828
668
144
770
573
806
935
998
987
385
554
460
273
534
600
762
301
336
587
527
117
935
705
238
990
548
943
824
363
100
245
107
212
290
251
193
860
740
503
725
321
463
981
968
504
203
110
878
346
574
397
964
359
852
595
732
485
198
721
205
274
784
334
644
990
123
338
913
134
793
113
555
965
850
42
34
119
113
8
41
615
884
839
481
954
13
617
444
680
120
872
848
802
602
110
950
282
883
208
685
955
519
817
442
117
933
889
449
396
183
338
736
393
247
810
546
833
253
200
95
201
971
555
970
408
472
188
330
961
1000
732
577
257
180
204
361
537
284
771
709
679
345
39
322
532
660
205
16
548
222
635
995
10
891
719
721
36
302
231
695
95
866
683
230
202
935
342
639
1
514
304
314
29
933
1006
73
792
719
807
347
718
609
134
101
327
895
79
469
650
895
447
923
519
601
410
739
818
898
296
469
950
533
824
784
400
286
316
648
141
155
668
308
61
964
90
701
935
95
396
585
38
856
72
462
521
121
112
275
862
216
749
907
253
895
91
591
340
228
251
617
488
978
284
750
746
711
1008
366
343
640
173
604
401
491
782
799
361
618
983
582
439
226
100
925
198
26
722
816
721
52
581
966
695
618
789
260
43
6
77
380
502
897
379
614
929
386
821
861
902
117
433
682
709
309
217
450
265
920
136
88
498
994
709
110
264
873
409
901
697
6
198
913
123
761
792
403
404
598
494
82
904
502
849
700
227
504
679
52
432
204
851
893
258
694
978
404
12
753
135
725
16
701
869
359
622
757
547
193
651
146
723
334
567
461
20
515
664
643
180
805
211
881
807
452
667
29
948
698
463
719
510
692
159
6
429
9
29
384
503
449
484
744
751
609
501
104
754
207
33
303
933
764
331
127
488
14
62
814
162
362
546
478
58
345
298
399
748
126
446
583
24
267
642
154
874
497
254
651
250
978
44
178
596
352
773
65
893
565
819
270
501
147
776
701
481
62
632
91
162
458
78
67
3
599
898
169
807
350
540
79
469
809
642
836
516
723
854
949
399
288
498
578
80
991
279
572
810
1002
105
527
141
168
676
383
84
539
681
332
726
328
574
875
619
813
126
341
680
705
939
83
270
966
211
422
16
193
635
464
195
911
816
407
245
907
903
294
135
280
824
299
225
803
633
232
778
7
314
555
775
519
474
982
288
516
56
254
841
49
452
384
707
49
226
208
928
700
462
938
263
730
862
160
20
533
98
143
708
460
520
116
125
334
431
312
80
880
422
929
880
831
858
517
527
13
815
891
844
128
737
10
879
132
36
772
254
856
758
454
744
145
421
881
249
309
570
68
204
647
943
241
378
761
853
835
632
332
761
361
334
994
197
544
853
537
585
528
796
782
445
800
184
521
259
950
934
366
543
501
460
105
689
296
245
530
879
723
204
948
979
322
383
853
535
666
17
608
1002
819
715
156
616
614
909
514
921
616
272
109
275
588
752
639
153
545
123
404
930
279
208
783
972
88
3
200
72
550
586
565
314
118
990
314
248
339
122
684
756
269
516
60
194
29
171
217
676
940
770
579
491
486
525
986
691
401
818
213
437
408
847
371
972
749
1004
260
259
300
274
466
501
561
312
80
18
286
371
893
168
606
936
470
5
66
992
635
682
896
628
699
86
419
192
653
815
15
546
38
350
922
877
130
826
457
657
453
203
625
876
323
541
557
208
964
810
364
990
4
522
834
186
621
900
642
779
865
582
166
821
767
113
206
762
456
131
554
507
501
562
878
508
562
270
255
704
617
482
641
62
449
325
1002
945
444
473
768
247
24
992
688
450
624
380
421
807
345
303
532
973
420
502
860
929
469
953
570
720
652
993
22
341
75
93
591
578
513
188
789
379
214
992
36
708
188
226
593
22
31
56
314
502
866
502
982
280
629
386
727
838
644
459
29
328
71
633
425
878
935
592
883
3
642
3
857
392
558
323
542
357
381
26
696
558
292
119
376
159
550
255
371
923
247
598
648
189
661
217
166
226
349
144
111
303
999
365
945
742
5
931
332
838
733
275
970
839
42
331
111
860
627
453
152
948
644
537
269
495
943
606
857
173
181
649
753
342
298
276
69
115
361
229
393
11
331
58
126
728
79
176
440
130
842
839
1006
303
623
994
669
528
296
518
775
171
40
15
995
319
692
923
299
371
120
791
679
516
98
613
590
699
511
272
230
153
618
824
472
981
956
102
726
785
135
220
194
175
115
615
154
635
392
998
141
628
964
482
308
650
928
682
333
869
386
84
208
360
475
375
545
14
838
828
325
434
751
426
568
20
492
11
922
179
935
312
593
779
51
329
687
640
47
568
814
877
429
143
789
570
75
590
783
869
909
389
351
826
923
45
480
529
309
994
959
185
238
252
509
723
813
177
510
57
519
868
789
668
305
1004
64
513
688
799
300
584
583
35
646
780
313
639
6
975
993
671
490
943
704
825
587
48
454
238
372
20
616
148
166
226
429
95
244
226
906
687
896
360
647
753
501
75
175
734
564
625
718
202
848
523
77
852
697
283
768
577
968
725
29
658
338
845
139
986
880
175
567
736
553
846
268
12
596
65
599
843
166
1007
529
494
846
270
939
669
915
427
250
946
599
410
810
254
597
726
588
456
527
462
104
267
286
429
588
878
81
381
745
894
416
919
478
432
526
966
247
985
994
729
508
21
800
101
786
347
461
847
382
445
822
221
299
993
405
510
373
573
25
602
469
469
809
556
266
955
18
500
554
725
223
105
600
913
158
534
356
699
91
207
990
475
283
607
182
380
247
887
143
572
918
653
668
95
713
560
539
712
274
615
117
255
271
734
608
196
619
198
907
414
468
787
732
648
321
834
307
251
546
344
326
846
759
918
786
243
258
18
70
668
663
721
121
587
377
498
93
794
890
379
9
190
336
317
367
901
909
956
187
534
447
632
395
315
408
130
6
846
833
500
163
49
1003
934
349
899
814
56
991
758
906
426
50
430
494
43
896
642
55
826
738
840
951
170
432
943
961
824
369
447
980
974
919
643
848
33
156
12
660
453
299
214
506
537
651
637
305
303
799
400
437
773
1007
603
286
266
282
717
405
573
1
129
686
432
898
972
975
450
548
687
553
232
513
126
549
680
859
1
358
6
856
546
39
558
475
965
292
85
581
502
620
906
170
77
130
496
556
720
84
429
867
328
955
302
612
466
57
507
448
838
79
200
88
517
649
474
575
725
849
292
388
792
814
643
372
888
6
25
213
50
17
829
106
599
957
961
905
450
386
550
125
168
951
157
966
658
700
555
257
253
302
842
470
753
723
989
70
989
470
106
214
399
439
79
133
693
93
851
945
150
78
59
872
284
357
62
696
585
581
919
71
386
937
348
167
107
557
647
698
82
631
339
549
916
53
305
528
779
376
996
842
794
414
13
105
595
338
941
257
464
218
218
788
925
988
70
593
321
952
218
361
142
375
619
921
951
70
375
173
472
601
948
773
979
502
990
985
485
236
520
217
477
837
450
796
646
608
242
647
272
198
55
185
252
460
402
149
585
822
360
226
32
939
158
327
6
529
520
255
684
314
683
706
235
284
49
465
63
225
715
631
878
525
818
734
925
477
130
502
411
980
270
505
873
960
707
166
836
396
253
256
252
42
619
187
254
281
744
301
444
615
498
265
603
487
128
380
116
604
734
581
511
747
904
623
768
123
617
496
730
777
682
258
388
949
210
300
696
276
914
280
739
608
881
657
957
357
121
125
101
450
620
804
688
961
604
536
485
949
526
468
702
570
151
588
1002
574
516
364
751
777
975
538
194
132
832
922
137
669
114
465
864
434
802
226
390
691
760
455
85
320
990
162
796
479
862
309
367
513
823
677
280
432
674
38
42
22
535
310
228
280
11
13
238
485
377
212
231
195
265
223
939
984
777
177
692
657
280
1006
595
168
450
443
149
75
20
683
477
836
428
656
427
571
322
103
596
635
552
27
127
285
844
450
64
50
506
975
904
303
900
620
40
772
550
277
586
674
182
816
147
452
433
870
822
937
249
159
192
444
414
879
923
413
412
888
852
839
922
977
491
452
463
812
677
143
270
125
996
2
119
956
627
59
361
448
365
857
985
24
357
157
904
962
166
853
769
525
262
776
772
572
123
136
59
481
473
110
340
784
301
460
724
579
821
663
478
59
710
745
900
135
998
71
728
213
65
770
385
77
329
506
206
851
207
470
883
845
57
247
923
697
270
315
601
555
304
156
426
900
632
31
189
480
678
913
325
126
372
466
465
890
151
352
409
302
852
561
91
354
117
195
671
1000
64
365
522
357
884
573
667
774
444
880
455
473
587
684
230
249
560
14
933
962
190
516
882
855
941
235
222
310
826
162
872
443
439
577
237
458
110
441
457
819
765
274
77
473
851
656
772
868
70
344
321
614
175
789
436
408
980
687
95
715
569
243
840
650
545
502
657
77
646
655
805
220
636
857
259
960
414
418
329
678
375
411
349
303
516
299
25
926
834
47
971
732
819
827
56
780
523
233
608
487
835
691
233
690
830
256
162
332
132
753
55
715
375
324
342
313
258
464
931
749
472
638
741
418
247
381
132
347
901
96
45
244
811
804
868
736
46
771
515
864
274
956
543
184
697
800
166
200
994
465
129
837
664
883
322
490
116
858
211
101
2
282
73
37
383
185
224
101
515
938
763
573
962
539
284
365
516
357
237
634
419
702
672
387
910
888
52
813
79
59
330
369
940
688
931
992
505
404
280
984
207
587
879
765
222
373
782
13
887
79
294
803
601
569
454
342
247
90
901
146
315
457
573
207
405
198
503
430
574
416
407
372
963
481
918
888
608
669
882
107
635
323
569
393
126
196
90
216
377
248
550
497
218
243
296
778
146
995
390
303
189
460
165
568
49
333
427
239
671
53
532
909
668
746
577
781
437
771
927
455
732
746
303
307
924
978
307
345
321
952
41
922
288
130
922
200
393
299
859
466
749
565
205
210
879
407
602
426
180
707
306
313
660
738
170
552
920
676
876
952
848
203
732
824
643
790
224
168
21
149
420
52
499
390
600
857
627
407
655
294
44
269
524
216
139
366
297
807
1003
168
609
388
933
189
737
854
324
768
447
365
1008
246
325
943
468
190
791
164
419
232
303
591
713
558
566
586
363
967
533
254
813
852
956
806
694
23
450
617
297
905
495
373
674
180
677
218
770
763
81
743
110
289
406
237
531
506
625
966
801
743
317
931
905
765
413
906
535
103
550
918
658
665
789
853
22
92
655
601
358
277
771
121
31
412
893
833
237
597
582
710
600
443
210
185
171
95
535
748
176
442
