16
13
18
185
10
100001
461
655
1
1
653
16
186
106
7
3
10
95
7
23
199
7
17
14
198
188
100001
283
1
9
1
197
186
185
286
8
660
291
105
561
93
193
22
106
70
6
281
281
386
100001
2
20
295
21
291
14
277
109
104
102
10
95
372
7
196
7
565
115
555
8
2
103
103
100
288
11
11
111
205
93
13
2
2
17
2
10
114
16
7
102
379
6
6
3
95
100001
2
8
94
188
462
107
18
95
185
6
16
1
4
1
473
13
386
3
205
286
12
379
8
662
5
295
5
4
5
5
1
114
113
14
23
17
100001
11
279
18
202
11
105
285
196
3
4
569
207
108
95
20
14
13
6
98
558
561
386
8
103
103
18
290
115
95
281
191
5
189
386
70
15
19
106
570
279
196
193
19
186
13
389
1
389
3
464
14
11
100001
112
11
2
16
100001
7
5
20
6
850
17
11
100001
100001
8
2
15
187
115
100001
206
4
204
70
554
192
96
12
97
99
105
2
194
2
4
10
14
571
281
107
98
4
284
289
16
188
6
383
13
12
369
298
19
3
111
110
110
10
379
107
188
98
10
93
109
16
189
205
3
2
188
14
70
463
10
376
12
19
194
7
202
207
373
105
23
70
114
3
299
379
286
189
9
100001
2
12
3
5
103
113
10
282
196
2
21
2
94
70
16
102
9
100001
112
4
1
278
113
23
6
189
13
12
15
373
287
290
95
556
100001
390
12
472
190
739
293
6
100001
9
290
185
107
10
14
6
196
206
5
100001
19
21
289
2
21
3
194
390
193
7
388
931
14
6
93
100001
115
20
17
4
206
3
286
13
1
564
192
99
390
16
21
100001
102
23
113
292
463
203
100001
1
7
293
103
103
19
647
5
6
8
15
373
21
8
15
12
70
280
20
22
15
476
5
13
5
20
186
20
207
1
2
94
666
15
13
283
7
106
2
22
100
196
97
2
94
107
3
204
98
16
11
289
19
11
104
108
20
203
16
100001
369
466
282
113
558
100001
14
20
10
10
14
284
13
277
1
22
13
193
189
470
3
108
20
108
1
1124
106
5
480
113
100001
100001
98
6
95
101
2
3
193
96
2
16
390
8
12
196
289
96
467
13
21
293
13
102
476
95
3
373
204
289
23
19
111
6
21
7
16
114
11
106
111
481
195
23
369
13
1013
22
98
3
205
666
16
2
4
107
185
17
203
109
10
2
475
16
10
663
14
11
20
4
23
22
23
469
103
113
280
22
290
9
202
2
101
6
100001
10
475
296
2
11
14
9
15
5
196
9
22
96
102
18
5
17
278
19
9
97
292
553
100001
93
98
15
101
18
206
8
16
194
188
288
19
192
100001
7
105
10
100001
203
8
110
6
10
376
198
298
103
100
18
100001
372
98
101
13
111
12
280
3
371
5
13
16
189
103
665
203
15
201
95
5
9
99
95
18
10
107
100001
10
2
14
186
8
21
19
205
105
10
15
1014
21
7
196
2
646
4
102
113
5
100001
741
188
11
99
203
105
16
2
105
295
186
201
190
14
16
200
16
111
103
2
9
6
22
192
296
15
8
3
100001
8
22
3
100001
1
70
5
17
9
10
13
109
7
100001
9
11
14
5
22
297
108
467
207
5
18
370
11
110
557
1
110
11
13
280
294
10
7
99
5
98
22
100001
106
1
93
293
7
478
8
293
3
19
104
370
387
390
98
194
97
4
21
7
6
7
12
4
21
191
102
196
845
109
1122
95
12
186
10
473
107
111
19
4
299
12
104
1
14
199
110
286
13
2
196
17
285
11
197
12
104
111
195
185
104
18
1
287
20
100001
16
21
7
23
15
664
2
19
115
13
561
16
201
23
19
113
6
192
378
8
198
18
203
3
100001
7
1
22
390
13
95
113
16
6
18
11
23
3
14
14
108
113
94
16
19
2
13
6
199
20
290
288
16
572
568
928
9
4
13
10
12
554
113
16
21
387
11
1
555
4
109
23
22
289
283
16
380
188
290
190
16
97
7
372
197
23
10
11
95
191
374
11
476
109
111
199
1
106
293
70
105
100
18
10
4
70
376
8
287
14
8
667
12
102
109
100001
11
294
22
384
95
105
13
102
192
554
1
7
23
289
19
198
197
746
4
8
100
379
206
2
286
280
93
650
93
193
282
105
9
21
4
286
287
100001
5
17
11
3
18
186
1
9
9
6
385
108
100001
17
12
113
187
9
845
291
111
9
193
203
3
101
374
110
1029
93
204
12
278
23
16
106
99
283
108
104
96
187
370
203
104
8
4
93
566
20
288
850
6
2
70
278
186
565
5
18
645
752
554
22
199
95
7
9
4
8
17
22
114
291
1
201
15
100001
205
20
16
196
23
21
4
94
478
4
284
2
2
389
106
108
6
285
202
18
283
7
11
19
104
4
7
284
19
288
99
477
482
18
196
277
7
2
10
19
19
191
107
2
105
3
663
206
8
8
113
20
299
185
23
103
6
187
194
70
20
3
100001
3
204
99
20
469
6
14
207
7
21
106
14
20
298
6
95
111
12
2
645
2
106
8
3
190
22
23
291
14
8
18
186
110
5
8
291
4
99
372
192
10
98
9
10
463
4
100001
478
296
8
16
113
7
281
14
110
10
5
115
4
105
22
13
279
11
5
17
104
12
3
13
191
19
103
19
483
2
277
19
15
93
18
556
94
475
195
14
194
11
105
197
4
11
1
7
2
10
12
11
191
5
185
100
109
193
6
112
100001
289
110
113
278
96
384
381
102
20
555
21
296
107
10
11
10
6
70
6
10
23
16
646
5
12
23
189
282
5
8
3
11
11
9
106
19
5
389
18
10
9
106
100001
22
22
113
113
23
93
5
293
10
389
16
17
561
5
280
201
8
295
106
111
10
297
381
23
2
6
12
109
373
3
5
19
98
101
20
17
294
4
23
11
4
190
3
98
2
17
96
14
15
15
645
15
282
277
289
12
21
192
10
285
4
7
7
4
112
11
191
23
11
2
287
203
104
2
204
17
100
5
21
5
466
832
471
378
464
186
285
3
105
189
1
9
8
469
378
100
96
14
6
7
102
5
8
107
286
3
186
7
19
10
4
1
189
4
106
2
100001
109
1
185
281
9
287
1
20
10
103
5
112
23
100001
555
477
8
479
279
15
186
199
196
12
100001
19
21
115
23
14
9
5
752
21
206
104
384
13
3
108
2
13
101
16
6
1
187
194
101
12
18
99
13
185
5
101
7
17
9
1
10
103
13
1
110
102
6
2
194
1
7
661
100001
5
13
19
96
2
104
277
13
16
105
378
192
1
278
16
2
108
189
19
3
20
20
464
15
8
114
558
199
375
7
4
283
201
3
12
20
19
8
15
290
11
206
199
14
5
8
187
207
5
7
100001
12
7
21
5
463
23
9
8
98
387
10
369
15
107
100001
743
20
4
23
109
23
466
569
558
113
18
9
469
20
207
115
15
3
5
115
554
13
10
102
21
15
14
1
8
6
97
108
1292
185
198
101
16
196
3
102
3
382
6
199
3
7
97
5
106
13
17
97
70
97
5
17
386
6
107
115
107
115
103
291
2
13
15
12
3
1
93
283
382
110
20
207
100001
3
21
17
99
9
19
5
938
100
100001
187
371
21
11
103
9
9
100
3
94
13
204
100001
103
8
375
10
9
9
14
112
10
463
19
281
14
199
1
373
101
70
2
22
3
299
199
4
562
114
22
293
22
389
7
101
23
1
18
15
284
15
6
100001
101
189
1
10
114
95
22
104
21
14
384
96
13
9
5
96
108
102
5
385
186
13
647
18
14
4
105
5
13
70
1
70
5
7
1
104
2
279
299
7
205
22
99
100
294
22
107
98
291
18
99
3
21
20
14
1
109
3
185
287
21
98
104
100001
10
13
95
199
292
207
70
291
21
18
6
1
201
12
282
286
186
111
21
188
15
4
12
292
6
19
19
12
7
6
481
70
374
555
465
2
100001
380
19
381
114
93
203
16
8
103
2
15
5
284
19
97
293
7
297
104
11
10
387
18
13
22
15
194
99
18
94
2
100001
13
286
188
5
383
21
10
13
95
20
22
3
20
18
96
196
70
108
1
14
70
291
3
391
103
291
103
10
94
14
99
191
2
97
185
5
278
23
23
102
8
15
106
289
23
14
18
8
6
202
475
11
94
109
468
109
4
5
11
22
10
96
6
23
205
108
15
5
3
100001
5
20
16
8
1
20
17
201
111
202
22
115
94
105
93
12
575
388
13
7
7
207
3
481
5
100001
196
20
100001
204
1
387
379
115
101
191
380
105
94
940
6
11
21
110
199
2
99
189
97
23
3
19
17
2
2
7
99
111
195
93
198
103
22
3
15
14
285
12
12
288
387
203
108
6
2
205
390
206
100001
759
288
202
16
15
106
100001
95
10
474
100001
110
105
100
299
14
13
7
196
6
3
2
14
23
479
2
108
109
298
11
190
385
374
16
97
13
20
291
7
111
17
190
18
23
841
8
23
189
108
97
111
375
6
3
108
23
70
22
205
14
1
21
10
104
2
561
102
283
106
11
563
280
385
16
199
104
18
389
20
20
655
189
283
8
3
23
2
104
18
12
21
18
374
16
99
390
6
99
19
11
19
10
7
391
18
11
20
114
3
20
95
282
196
192
282
279
11
111
204
101
472
1
10
10
7
7
111
100001
1
15
112
15
191
95
461
299
12
7
195
11
558
10
8
204
97
299
6
4
466
94
562
938
5
7
479
22
109
5
114
207
202
70
18
15
5
11
94
4
12
285
187
289
465
377
16
203
190
479
100001
470
21
22
4
197
97
23
8
106
190
284
10
14
20
107
2
94
14
277
102
645
9
18
2
3
10
21
100001
4
297
3
19
97
8
466
1
5
286
115
104
7
195
3
463
6
19
21
470
19
382
7
15
99
386
19
3
192
5
100001
19
17
290
645
9
1
19
207
3
9
107
106
197
19
5
6
190
372
106
20
94
100001
22
6
100
481
23
102
93
16
832
19
2
189
101
471
556
15
9
193
198
101
19
95
112
290
12
737
5
6
20
7
1
93
371
5
21
100001
193
22
294
110
112
8
110
1
17
195
294
114
99
192
102
101
15
97
381
97
8
111
7
98
99
111
98
102
100001
191
93
283
188
112
11
193
13
96
2
21
189
375
8
13
925
18
382
477
2
23
6
2
556
100
1
292
107
201
465
4
205
3
6
286
100001
647
14
104
23
100001
198
21
101
114
9
1
8
185
6
385
11
5
102
2
1
22
468
12
475
285
99
99
9
2
2
6
4
288
284
12
16
7
7
462
475
185
100001
109
5
479
113
98
11
10
100001
115
750
186
293
370
568
483
98
9
93
14
12
297
100
96
11
206
10
100001
481
7
102
299
109
10
16
16
106
107
13
99
5
197
20
18
100001
19
14
7
13
18
100001
11
202
98
94
7
109
4
13
10
281
195
12
96
100
199
101
23
114
185
191
94
9
23
108
199
370
4
195
286
298
12
371
287
553
18
17
9
379
100001
8
22
100001
15
6
6
194
105
17
22
299
6
11
2
566
6
7
11
108
96
3
8
19
94
104
15
19
757
380
281
114
5
291
103
70
13
114
111
96
8
3
189
9
21
279
13
9
93
18
104
1
12
70
95
4
282
193
12
191
100001
102
95
1
389
104
13
99
16
10
297
6
5
195
207
100
94
19
192
186
21
284
5
21
16
6
99
205
11
8
200
17
4
96
16
191
18
11
96
8
4
197
293
9
280
7
97
20
12
280
20
7
201
3
22
1
94
279
18
205
114
101
282
8
3
70
14
185
474
23
200
22
6
9
194
108
199
96
70
21
94
378
95
18
10
93
103
103
11
15
5
15
94
204
17
384
1
277
8
105
70
94
1
94
290
206
113
7
6
23
478
2
100001
100001
18
14
17
19
4
10
14
102
22
97
381
199
2
191
1
20
758
12
2
294
192
106
5
107
188
22
480
17
109
286
100001
7
17
187
7
192
14
1108
14
13
105
7
388
3
18
112
101
391
205
285
101
9
110
463
100001
1
93
190
185
2
2
101
13
9
17
3
11
15
11
6
470
554
8
20
199
11
6
11
190
108
4
22
195
4
14
187
15
6
283
11
206
278
21
9
13
100001
186
202
21
6
102
7
188
278
14
5
294
95
10
200
101
13
99
2
10
8
11
206
468
186
10
288
23
110
12
14
100001
1
196
112
6
3
5
100001
7
1
20
4
206
20
8
110
285
108
19
575
111
5
16
3
18
113
11
13
11
7
387
658
12
115
3
4
9
283
283
100001
100001
291
16
476
206
4
96
17
105
12
17
7
13
12
191
6
2
100
23
96
14
7
188
565
111
744
11
187
107
646
101
10
13
195
20
1
3
375
739
186
3
94
11
70
282
15
203
189
2
3
2
290
3
203
10
11
3
17
286
99
378
278
203
202
99
22
187
97
94
105
70
105
108
2
22
6
16
4
186
662
115
373
16
5
114
297
70
17
207
16
389
8
193
13
20
3
9
23
8
653
5
105
283
102
462
112
19
100001
293
9
284
280
198
6
108
112
22
23
10
186
192
103
96
201
20
108
382
2
470
23
22
4
100001
14
15
17
468
204
207
9
299
105
23
204
3
12
288
7
14
5
7
106
195
2
70
15
559
99
297
108
108
5
18
23
23
20
3
12
9
199
188
3
2
1
471
374
196
113
107
18
110
11
18
465
206
12
202
13
13
3
194
21
1
99
11
390
372
2
100001
199
103
205
113
193
205
747
14
8
99
17
191
94
1
7
8
193
8
4
375
21
100
9
95
8
109
471
22
933
96
194
4
23
387
23
381
388
108
17
1
4
106
288
5
473
7
104
2
99
22
562
831
100001
100
107
290
23
94
11
100
292
370
11
14
8
100001
100
1
204
108
22
20
2
7
6
5
285
2
14
115
19
99
201
14
381
16
13
102
22
14
199
292
12
100001
191
14
16
100001
11
100001
191
94
102
107
2
102
104
287
94
22
15
13
10
5
290
100001
16
17
187
277
382
14
22
100001
196
9
383
100001
20
97
193
2
9
8
6
738
383
100001
12
16
18
1
22
22
562
114
6
105
7
15
99
112
11
21
5
102
19
277
4
5
187
1
3
16
2
292
8
13
111
5
185
295
1
575
6
383
13
190
19
10
4
191
22
283
6
285
575
4
13
202
15
100001
658
70
373
8
111
291
21
21
186
11
203
285
10
9
109
553
285
15
23
101
21
193
1
564
189
12
198
7
381
4
5
100001
8
5
17
6
382
293
23
100001
202
569
7
4
8
6
10
283
112
101
100
6
17
6
21
100001
110
1
375
5
96
9
108
1
10
1
564
369
6
9
11
193
105
379
20
14
372
100001
18
389
7
14
205
14
565
201
564
4
70
202
9
100001
278
23
70
100
291
386
1
370
102
100001
17
113
15
5
97
21
1
4
186
18
110
192
13
95
16
20
98
21
10
114
203
22
186
9
281
284
5
104
193
102
14
15
194
199
9
482
16
20
382
101
22
16
286
11
114
466
9
290
203
115
16
3
13
17
106
6
189
19
11
109
204
9
373
194
190
3
21
96
282
12
287
5
188
102
22
196
5
194
102
16
193
6
102
933
19
8
17
10
290
14
463
662
111
13
97
18
22
101
14
23
1
3
280
14
195
4
285
666
4
378
22
20
297
11
3
280
104
1
23
11
103
3
105
100001
19
2
22
97
95
285
6
15
8
99
13
22
13
1
289
94
70
16
1
372
3
370
19
13
186
20
21
187
187
18
97
4
7
5
196
191
285
556
20
14
467
21
206
23
5
112
99
17
192
11
109
281
98
100001
2
5
5
108
192
204
288
283
656
461
14
1
1
100001
194
9
277
278
4
105
7
93
929
111
280
278
20
108
100001
111
7
108
95
1111
198
19
4
192
20
23
8
7
3
19
935
555
189
2
9
17
4
8
4
741
3
97
70
23
4
108
115
192
21
282
97
7
5
13
5
106
467
6
374
15
16
1
99
100001
99
6
16
17
3
6
194
17
19
11
370
188
196
11
17
20
295
19
185
390
110
474
110
12
278
9
104
2
201
2
18
387
194
201
94
6
94
23
201
204
1123
6
17
203
14
9
10
203
195
282
18
12
472
105
14
10
4
110
3
7
3
93
1
94
105
101
3
558
7
4
106
188
19
202
5
100
15
280
12
202
6
278
198
21
1
107
3
18
192
100
19
6
278
374
21
6
7
100001
19
7
107
15
10
2
9
20
290
21
93
95
21
189
22
463
112
193
4
197
290
108
106
94
14
3
1
8
16
374
291
111
21
100001
2
197
649
379
575
462
11
11
297
114
115
185
281
187
299
109
109
202
17
96
750
13
461
3
93
377
17
277
374
3
204
204
96
278
204
23
100001
3
206
4
6
9
463
22
14
12
5
23
5
283
187
113
290
106
3
13
111
3
13
11
194
19
22
101
112
109
3
20
652
7
19
14
12
100
6
14
5
70
98
5
2
1
381
97
6
195
292
107
285
107
203
100001
100001
474
190
371
2
204
21
108
4
105
93
6
376
829
104
94
17
113
17
5
10
15
8
1
2
14
2
20
9
102
70
196
70
201
4
187
7
94
293
102
101
8
740
107
70
9
463
3
284
100001
109
20
296
282
13
20
100001
14
18
107
97
290
207
9
11
93
13
22
13
109
287
8
5
70
19
477
298
191
474
19
2
5
114
19
13
22
206
198
93
12
1115
100001
277
100001
9
12
3
2
10
278
15
560
95
291
15
1
100
11
104
110
206
111
19
8
192
3
4
196
9
98
186
12
113
18
277
379
9
10
8
5
9
3
14
7
666
200
562
13
16
22
94
16
17
102
280
114
201
17
110
111
280
21
2
93
285
386
3
1
20
13
20
4
70
196
21
12
101
17
10
22
70
192
100001
5
6
5
11
112
100001
13
1
19
847
1
12
14
7
20
562
4
17
202
13
9
387
185
299
9
207
373
653
113
186
383
107
93
192
20
387
10
10
19
93
112
104
101
2
6
113
21
3
10
115
13
186
289
284
100001
102
95
386
202
70
1
22
2
5
10
8
2
8
7
96
1
100001
200
187
468
20
3
480
192
16
102
370
375
8
12
5
197
369
655
203
70
20
477
23
97
195
191
18
188
100
372
190
12
5
200
99
283
5
19
19
646
3
98
23
198
16
194
832
9
100001
98
10
17
113
186
748
95
205
100
17
10
279
100001
15
289
94
15
95
3
12
9
105
9
70
19
6
1
199
7
97
70
380
2
388
196
381
9
15
93
7
11
478
6
471
99
280
281
15
8
15
1
3
21
7
4
113
8
2
4
100001
3
280
8
3
7
195
194
17
12
194
4
192
70
102
9
18
17
17
18
658
110
21
292
94
15
279
385
102
194
3
17
70
4
110
292
70
1
20
100001
2
14
193
96
571
100
101
203
104
14
111
203
199
8
207
650
114
9
9
99
4
656
70
70
1
206
7
553
102
15
11
8
481
6
9
111
189
8
16
278
100001
5
95
14
2
286
554
5
5
553
3
5
100001
188
16
570
297
9
13
555
104
98
115
7
93
110
11
100001
96
100001
293
14
6
198
468
198
17
6
943
113
191
4
1
5
3
7
203
741
7
467
6
22
371
280
17
279
9
384
283
1
10
23
373
373
5
14
200
292
97
104
471
195
201
101
567
70
4
70
280
565
1
12
114
15
18
11
5
479
6
284
2
103
7
277
1
97
5
376
207
70
3
20
8
70
3
93
391
481
13
17
70
94
284
23
1
185
191
109
373
9
205
5
10
1
19
189
103
11
109
15
108
1
17
23
102
3
95
95
278
98
6
20
21
6
201
279
1
94
478
70
100
100001
23
22
15
740
13
8
286
70
12
12
565
17
5
102
197
100
1
5
21
8
6
18
558
2
104
188
19
1
18
114
2
279
196
4
290
100001
5
20
190
11
7
2
19
279
5
13
93
3
371
13
13
19
5
201
96
480
187
201
93
22
11
100001
187
2
477
207
21
480
105
70
93
17
104
286
11
106
197
20
17
295
755
13
5
100001
281
113
99
105
22
22
15
1
1
12
113
16
7
7
6
6
2
7
6
4
291
93
202
553
277
290
284
557
3
113
5
15
370
289
112
385
5
205
1
4
21
16
2
830
108
199
288
371
110
95
17
13
16
1
104
385
282
561
18
194
100001
7
109
5
105
17
8
6
8
23
204
9
100001
110
94
15
207
97
14
297
8
11
297
9
278
7
285
100
100001
93
2
4
737
18
186
94
70
3
1
23
462
18
100001
284
14
5
103
9
22
198
289
22
6
22
102
6
2
106
1
5
102
7
277
3
114
107
13
12
105
19
109
109
70
278
97
99
1
6
113
19
114
20
21
189
17
10
4
201
21
18
5
5
9
5
23
557
384
4
100001
112
3
5
22
100001
107
19
2
372
15
10
1
17
297
100
205
289
369
101
102
18
12
99
286
100001
99
112
13
740
19
2
6
389
70
94
94
111
8
661
190
2
17
6
23
3
8
573
19
648
110
9
102
101
17
15
109
371
109
4
111
375
464
4
5
105
279
12
282
371
1
568
113
188
288
294
1
13
100001
98
193
22
100001
207
292
8
3
2
23
192
1
10
17
17
93
13
472
107
14
101
294
2
10
283
1
96
5
277
296
6
100001
14
371
3
14
10
370
6
95
199
196
8
9
100001
3
194
185
22
100
379
741
284
201
14
475
21
21
9
96
20
8
15
17
114
12
114
16
20
15
277
104
6
197
647
4
659
653
1
9
113
202
191
102
282
17
200
286
70
16
20
1
8
7
3
13
5
185
17
115
10
476
388
13
8
103
12
103
188
4
20
93
384
1
1
556
98
11
110
5
186
111
9
95
112
461
283
21
8
95
186
14
100
99
115
378
7
196
111
481
23
196
288
185
4
185
3
558
100001
11
278
200
201
2
6
6
8
375
108
5
3
7
195
108
558
14
16
108
17
100001
7
105
197
186
15
9
11
289
196
2
14
100
202
193
470
286
18
15
70
16
70
1
190
10
13
7
13
8
478
99
20
279
22
7
277
832
6
380
279
649
23
22
6
112
190
11
16
195
186
21
388
288
14
188
5
15
105
95
293
279
564
571
18
8
10
200
18
6
10
97
280
114
9
2
107
205
18
11
292
558
106
108
2
100001
70
17
282
2
9
4
16
93
279
6
2
3
466
15
4
8
290
109
4
198
112
277
16
566
296
104
464
1
103
100001
111
96
110
100001
20
21
1
371
196
2
22
5
1
20
10
113
287
1
108
1
10
100001
70
5
15
193
99
189
15
660
295
9
101
463
187
20
191
192
106
19
4
98
18
389
13
11
188
205
835
94
7
563
285
2
100
12
110
4
5
298
100001
6
2
9
18
7
2
100001
191
193
2
8
95
663
110
16
202
100001
6
370
10
111
112
187
96
475
110
18
108
3
97
12
97
93
102
109
100001
100
1
14
98
10
11
2
94
15
204
100001
299
187
7
837
294
14
11
107
113
112
187
21
13
97
193
278
15
13
195
6
6
297
2
17
19
19
22
8
108
282
7
282
281
111
473
94
4
114
3
10
70
112
386
1
185
2
7
101
7
16
9
3
5
5
563
17
115
189
649
5
9
93
105
4
13
2
4
110
13
1
4
11
384
18
190
10
4
374
195
6
288
291
8
479
188
22
3
2
187
194
16
70
4
12
17
95
190
6
185
10
15
8
7
18
8
191
13
4
188
3
190
389
17
186
100
93
289
569
187
107
99
377
114
4
382
11
19
374
22
12
289
4
3
12
23
70
369
100001
15
105
111
4
1
18
114
191
2
13
7
110
295
94
934
204
109
16
461
93
104
95
384
21
11
104
8
12
829
10
188
13
107
4
284
110
18
13
7
381
94
105
106
288
290
9
104
2
97
285
191
15
190
9
3
10
5
14
194
102
202
205
369
205
205
5
19
190
15
112
22
555
8
187
95
11
185
16
7
3
385
4
110
9
14
295
195
3
22
93
2
95
11
100
23
201
6
100001
94
2
107
16
13
480
16
375
193
100001
3
287
100001
22
98
19
100001
106
190
205
2
574
293
20
70
8
4
291
94
8
570
378
102
5
3
9
1
11
206
14
188
23
299
10
3
107
22
9
103
8
20
294
7
22
107
70
10
22
17
470
190
1
391
13
12
553
14
11
107
23
112
1
7
101
18
1
189
17
190
108
104
203
18
4
480
111
100001
193
12
201
8
2
16
100001
9
4
379
97
70
291
194
22
9
100001
7
109
13
13
15
18
5
10
200
11
100
22
19
370
196
556
11
102
204
21
6
282
192
7
100001
185
114
17
13
192
2
16
5
15
23
18
6
100001
15
192
18
11
298
8
101
382
2
12
197
2
2
298
5
3
370
22
15
1
283
277
2
3
105
288
279
21
188
298
12
16
296
2
2
7
187
8
16
15
111
7
70
17
4
191
12
556
100
3
105
23
14
19
1
206
189
288
14
3
3
3
198
10
114
194
70
663
115
3
100001
737
646
115
463
108
3
97
97
20
21
21
207
646
93
100001
206
110
6
14
187
3
19
108
110
98
12
1
14
190
5
375
93
655
22
7
16
185
13
479
198
7
100
193
18
202
22
110
185
196
100001
197
93
98
297
389
10
6
1
100001
13
379
109
290
4
195
103
187
15
8
297
7
5
8
99
7
14
7
93
4
8
20
14
4
100001
95
203
293
289
13
296
14
278
3
1
100001
662
19
11
22
13
290
94
11
284
283
9
1
12
19
9
108
297
100001
21
97
14
10
2
21
10
278
478
5
3
278
100001
6
299
8
107
23
100001
18
6
284
190
22
103
115
100
561
198
18
8
195
100001
70
483
18
370
476
10
100001
19
191
3
296
14
9
7
188
70
96
14
12
13
1
9
1
19
16
70
2
105
480
97
295
101
11
101
380
115
19
3
665
21
1
200
196
100
465
186
206
20
560
7
5
17
3
190
6
96
389
12
296
2
3
110
113
22
104
3
19
16
293
278
103
97
3
95
94
2
570
14
100001
94
2
2
194
18
198
99
3
6
98
109
107
100001
200
70
11
196
104
110
21
95
287
13
17
21
100001
8
13
379
9
108
9
10
96
115
185
2
297
97
8
194
477
4
194
19
198
555
114
15
20
561
100001
111
5
23
191
377
186
109
7
16
188
290
109
94
15
4
13
102
105
844
3
278
21
199
6
199
22
97
190
10
95
96
5
470
285
373
22
205
104
571
17
104
23
103
2
10
4
110
187
11
23
277
191
104
8
14
7
100001
103
3
3
372
201
18
14
10
195
2
1
115
100001
376
4
193
8
380
93
12
381
9
289
105
287
296
390
105
287
18
192
188
206
101
13
186
100001
288
198
277
197
204
12
105
11
13
94
556
100001
17
199
19
12
4
14
475
13
277
4
20
10
12
18
202
12
9
190
107
16
105
20
7
3
1
103
4
1
10
11
476
1
553
13
10
18
5
372
14
103
8
109
13
19
7
196
106
21
70
18
14
16
4
97
9
18
6
100001
109
104
185
94
12
207
281
13
188
9
6
112
7
17
12
105
391
14
14
191
99
15
194
70
95
96
21
10
11
15
18
15
102
1
12
279
14
188
9
19
13
191
192
21
107
371
17
5
3
10
12
10
100001
14
3
8
6
198
8
17
2
106
463
105
18
4
112
6
201
5
3
560
8
285
102
292
21
12
15
1
102
98
467
105
197
7
6
482
191
205
100001
185
6
99
95
100001
103
289
7
4
17
102
5
575
19
473
13
295
1
286
3
278
101
13
12
298
203
105
200
114
12
100001
16
102
2
100
747
5
7
13
98
381
9
5
99
17
100001
7
19
568
96
9
99
297
6
11
193
2
193
279
110
370
3
13
8
297
192
1
6
297
376
386
105
203
5
192
197
113
6
113
22
14
100
70
186
19
100
97
100001
107
106
113
660
753
197
95
8
663
207
13
21
23
373
5
7
11
100
19
112
665
192
96
6
289
99
293
21
100001
23
378
4
204
12
8
96
4
10
185
831
20
298
12
109
16
5
95
3
96
4
93
105
6
283
282
100001
97
23
207
467
17
15
2
20
4
99
11
23
104
14
22
1
8
2
113
191
23
13
191
14
96
114
191
5
10
3
21
379
2
4
471
114
286
93
187
13
20
202
555
11
467
111
9
6
204
99
196
15
1
11
100001
6
3
3
2
21
108
108
11
115
4
4
1
478
7
113
750
1
370
2
16
9
106
2
376
115
93
5
104
1
281
5
13
93
9
6
383
387
298
114
104
111
5
193
191
479
3
104
190
198
6
652
197
192
112
7
18
6
95
104
2
7
19
12
108
375
100001
16
98
372
191
103
16
18
19
21
97
8
104
569
370
19
105
385
7
290
575
70
18
191
195
106
112
96
23
17
114
282
2
16
8
15
285
111
14
104
17
103
100001
278
11
18
201
386
101
22
110
2
20
201
7
285
7
13
483
294
100
19
20
295
14
1
106
113
207
1
18
10
103
13
187
15
1
2
10
12
106
15
199
3
101
15
277
3
105
186
199
111
8
198
294
4
5
2
292
23
391
113
206
102
14
100001
10
93
4
284
4
7
12
95
12
292
202
70
10
93
188
108
1
196
1
112
2
200
107
97
101
8
21
200
186
292
8
281
106
99
5
291
113
20
17
13
737
938
104
3
105
465
206
9
5
18
7
19
98
110
376
10
12
107
4
203
23
93
70
187
6
6
279
112
9
201
3
3
8
2
100001
16
103
18
13
198
384
100
289
743
189
202
7
5
109
1
187
280
661
1
13
110
99
14
18
569
111
203
286
22
746
14
11
9
13
9
290
299
5
21
5
70
106
115
278
375
22
100001
112
100001
195
100
6
5
384
14
6
277
299
7
96
8
282
8
204
20
281
6
202
22
205
7
16
100001
14
106
109
16
466
21
98
5
290
23
9
9
95
1
193
12
474
105
22
8
555
286
111
835
7
101
16
70
655
21
109
5
70
8
7
2
18
278
104
18
23
186
105
12
108
98
99
12
204
11
1
2
185
1
110
12
289
7
9
4
4
100001
102
7
11
96
93
472
279
369
114
648
7
20
3
2
197
22
23
206
5
195
20
99
115
101
21
13
108
15
113
23
2
3
94
18
369
17
1
665
187
6
195
5
96
287
13
10
21
16
4
2
554
202
475
16
14
12
286
198
9
2
379
5
9
18
113
5
93
2
369
292
9
297
9
467
3
190
115
98
20
18
283
5
185
189
11
100001
19
202
279
7
114
112
22
9
17
99
13
7
289
14
202
22
100001
22
187
298
115
12
8
4
196
189
13
95
202
16
18
284
100001
17
198
8
70
23
2
12
295
6
6
14
111
185
21
185
1475
21
474
385
14
15
5
8
574
189
566
14
193
21
376
7
100
18
111
666
9
20
2
202
16
109
16
16
662
95
19
203
10
103
201
9
1
188
98
1026
371
196
199
12
4
101
8
9
100001
297
10
192
3
111
3
100
12
186
103
9
102
284
99
9
2
665
15
3
98
13
555
5
13
653
2
478
11
7
287
13
6
20
11
384
13
3
106
112
650
6
7
203
2
186
23
1
22
97
188
70
297
753
103
2
1
8
937
574
1
391
480
20
13
193
10
193
22
95
99
104
112
10
101
197
14
111
477
70
1
291
95
14
94
288
202
376
20
189
18
388
110
107
99
16
369
12
97
17
70
2
5
17
94
20
11
5
7
280
115
8
188
745
96
9
929
10
20
101
114
109
102
100001
4
6
21
101
101
113
17
22
15
4
110
186
7
11
114
23
4
5
377
16
11
14
287
1
373
282
1
111
100001
296
472
5
570
113
479
100001
16
6
15
483
93
1
93
10
10
4
100001
104
19
473
20
15
12
203
112
197
3
201
97
100001
13
4
100001
3
13
10
21
199
389
20
5
70
12
103
11
201
8
5
7
23
191
93
294
111
104
20
8
753
283
480
5
481
20
281
17
18
7
185
278
197
932
4
384
94
22
100001
188
12
190
15
17
9
6
6
465
657
100
9
4
95
380
96
206
185
10
9
111
1
1
286
10
21
4
104
103
22
12
280
188
281
8
9
1
187
12
70
19
378
287
206
370
279
462
8
374
15
4
12
280
109
196
194
70
17
9
21
1
18
288
2
287
114
12
21
755
8
3
6
100001
20
105
9
18
290
2
464
740
16
113
5
100001
70
2
2
9
103
15
16
5
11
185
7
16
110
200
3
2
5
100001
112
282
70
14
285
4
4
19
103
115
283
13
1
105
104
8
10
197
299
752
100001
4
21
115
7
108
100001
13
7
70
19
386
196
9
112
100001
98
107
13
4
7
16
10
111
97
100001
201
279
277
563
14
99
106
10
14
101
18
9
7
22
21
100
22
3
19
103
5
11
2
23
833
4
374
108
7
19
559
9
22
279
480
16
18
17
472
17
280
9
100001
571
8
15
7
2
191
16
17
6
195
196
94
293
188
7
286
469
8
97
190
472
12
16
19
103
286
70
206
107
8
6
280
7
15
14
106
4
193
16
17
18
284
95
6
15
200
288
100001
6
18
15
379
11
23
5
18
14
100
13
100001
279
283
18
112
16
375
70
277
380
14
95
18
9
5
298
6
17
13
463
295
3
12
16
109
8
19
19
100001
3
95
18
22
100
70
3
193
375
2
113
8
469
113
23
186
11
12
374
294
108
4
477
195
2
6
199
7
9
103
98
23
14
298
196
13
202
105
6
3
290
9
18
2
7
7
387
11
284
15
8
6
109
4
16
94
94
8
93
196
10
23
21
15
4
290
192
203
19
658
100001
278
1
106
204
22
101
204
207
110
9
190
100001
17
188
6
101
831
1
5
6
281
373
13
1
106
196
113
554
2
287
9
93
18
22
3
108
476
387
107
739
4
114
2
295
22
94
2
1014
3
111
14
111
190
1
8
294
16
23
470
106
109
23
207
109
375
6
107
568
299
19
13
109
200
7
22
113
11
16
101
19
6
195
297
5
99
193
1
13
2
100001
283
8
282
190
187
20
17
113
19
103
95
95
19
110
475
8
94
100001
15
100001
96
206
555
188
192
207
21
292
469
100001
16
95
100001
186
19
560
291
101
113
197
1
97
10
5
4
192
187
9
380
1
15
278
9
5
5
100001
463
103
12
17
103
9
378
113
100001
9
10
13
187
6
281
196
21
5
285
115
2
198
289
8
7
18
7
188
472
115
100001
15
70
107
8
11
114
12
20
277
115
1
10
102
112
8
188
110
203
6
9
13
100001
5
8
196
100001
9
388
21
96
1
14
295
8
194
1
561
3
98
292
15
107
291
17
11
9
115
15
99
737
70
111
15
203
5
21
21
19
12
189
297
12
3
23
98
110
196
3
100001
15
288
10
15
286
18
13
100
113
102
202
104
482
113
8
8
1
189
198
3
185
10
7
1
11
8
385
191
291
205
9
6
16
12
1
207
100
15
10
21
8
10
102
6
23
100001
201
95
9
205
285
200
98
8
185
100001
1
21
189
286
100001
205
196
11
476
197
22
196
17
5
185
1
107
23
100001
17
18
5
648
1
10
96
107
103
23
98
385
70
3
102
3
6
19
4
13
95
192
5
369
18
4
13
391
483
389
17
110
194
16
101
291
2
108
7
15
106
1
9
480
370
110
290
110
15
14
5
738
377
6
1
9
115
115
197
104
377
290
16
18
383
13
1
19
1
198
93
3
21
96
113
8
111
13
105
114
2
14
207
187
18
2
5
13
3
10
4
285
196
19
10
2
96
283
203
2
3
5
204
110
99
107
16
656
7
13
389
93
4
191
3
14
19
15
109
110
187
3
191
113
203
100001
8
6
470
207
188
15
20
100
20
11
20
3
15
5
284
12
14
1
9
110
9
22
70
3
16
105
8
470
16
193
15
15
23
298
106
197
190
112
100001
111
101
95
284
11
16
203
94
1
21
15
283
645
186
203
94
2
93
195
21
188
283
6
113
17
20
8
5
15
12
3
924
20
97
19
14
17
293
106
105
1
187
10
103
377
3
110
11
6
286
19
100
4
568
96
6
96
113
100001
21
115
5
466
556
289
14
278
93
199
6
6
199
2
93
17
465
16
10
206
4
6
105
100
93
195
471
19
98
1
13
205
381
97
23
100
110
100001
96
14
97
3
100001
13
198
12
106
94
284
282
115
193
111
7
112
8
11
109
190
2
1
196
12
4
101
99
293
100001
105
299
94
5
21
114
105
15
9
292
8
193
16
645
186
17
1
1
2
100001
8
104
16
100001
554
2
17
96
13
13
8
70
10
6
206
102
14
567
10
20
10
106
14
187
105
290
18
4
198
8
5
97
200
106
101
2
279
100001
20
186
187
202
475
15
11
200
101
569
200
9
389
19
5
111
94
104
5
113
95
102
482
100
15
13
70
6
14
185
13
13
100001
106
9
4
111
11
6
2
13
16
288
3
199
11
70
286
9
97
187
106
553
70
571
17
23
384
1
193
113
22
21
70
15
574
203
8
103
70
199
193
470
95
369
100001
369
12
294
197
17
97
112
4
189
3
3
6
106
12
101
22
19
14
4
379
198
280
281
23
7
2
195
23
193
283
95
94
197
198
376
23
94
288
206
113
97
12
12
106
17
8
113
12
1
290
557
115
9
187
100001
108
204
5
7
16
6
9
102
109
289
99
23
645
12
7
106
100001
15
5
100001
102
111
70
5
187
6
104
474
281
97
108
282
7
70
201
16
104
6
199
21
195
9
19
94
5
185
96
2
21
288
114
5
19
197
112
755
100001
100001
100001
387
3
114
8
22
4
104
186
22
198
288
185
21
113
100
12
386
3
464
115
284
200
7
100001
186
2
112
934
2
4
23
100001
16
385
2
14
5
18
96
22
1
107
375
191
277
18
2
22
291
97
378
384
109
17
8
101
380
2
23
7
202
2
21
103
191
100001
18
97
195
115
23
2
112
111
21
23
192
9
289
6
101
18
294
100001
18
200
100001
11
18
100001
4
16
9
461
17
5
14
98
9
18
20
4
279
104
553
8
282
282
2
23
11
280
285
185
23
17
18
189
105
1
14
20
9
23
22
192
5
647
2
659
107
100
185
297
7
12
390
299
5
97
13
12
11
6
465
106
194
106
4
98
10
206
98
462
5
290
194
100001
101
19
8
7
23
9
9
100
10
20
16
186
2
284
185
4
1
477
1
19
11
19
187
7
12
8
109
15
376
14
7
21
467
100
16
13
9
115
10
96
13
20
14
11
475
373
282
15
5
285
115
277
70
293
97
189
12
101
21
286
112
23
15
106
107
6
6
93
16
7
112
370
107
283
470
555
8
193
1
185
195
5
289
20
277
100001
192
477
112
70
17
467
1
6
4
298
109
389
19
70
6
102
106
207
1
20
922
95
22
105
17
112
6
108
93
23
382
478
207
100
380
15
1
199
12
7
19
10
19
9
98
1
2
463
560
21
10
562
8
100001
2
7
10
7
199
21
98
8
114
3
289
14
94
100001
100
18
101
12
95
70
288
11
285
8
6
103
100001
8
96
19
111
185
4
20
5
12
12
97
9
101
2
18
100
13
379
12
280
100001
5
10
17
100001
199
201
100001
5
16
186
12
573
194
195
112
6
14
380
464
2
12
17
22
93
100001
196
374
14
14
574
3
1
111
113
20
16
5
9
14
1
16
11
93
22
206
191
278
287
101
651
4
206
98
20
15
190
6
100
19
22
187
6
20
17
5
278
207
16
11
19
2
474
379
2
196
13
105
23
6
193
13
18
19
383
202
193
191
471
107
3
20
100001
101
292
13
95
293
8
280
755
106
286
18
93
751
23
293
9
2
188
21
15
17
11
204
2
21
190
1
7
279
2
11
18
19
380
9
201
373
12
96
21
206
70
1
70
571
4
109
2
295
12
193
10
203
103
23
4
14
2
114
94
376
7
100001
481
104
4
206
8
97
465
6
9
100001
21
371
6
100001
377
114
102
5
20
14
3
3
22
3
23
294
7
8
10
109
21
100001
111
17
114
15
190
108
282
5
18
23
191
13
105
19
107
19
6
2
377
188
7
374
6
281
194
478
553
575
94
109
102
70
5
6
19
277
13
467
9
105
104
14
9
186
110
741
202
14
7
23
11
9
10
13
104
3
12
98
102
94
100001
97
23
115
279
16
95
391
17
298
189
5
188
10
3
70
98
18
381
186
18
15
114
369
97
97
7
20
19
5
4
14
282
2
115
18
15
1
108
93
100
21
483
10
16
17
476
19
108
104
4
748
100001
95
3
97
8
23
206
10
378
96
16
186
108
11
97
20
100001
391
110
11
3
106
17
12
205
479
281
467
752
103
1
23
12
108
21
103
3
285
3
100001
7
98
370
18
12
22
96
15
462
191
100001
287
7
115
1
187
186
105
96
8
6
103
17
6
109
102
4
17
201
4
285
109
741
107
100001
8
1
10
6
11
566
111
290
553
286
556
70
278
12
93
8
15
288
930
7
93
278
190
115
473
14
2
288
382
95
200
2
197
195
290
1
20
13
100001
4
6
15
98
377
96
8
17
375
11
299
1
23
20
287
203
16
4
2
15
2
195
100001
374
100001
114
190
109
16
4
15
17
7
3
3
11
107
113
13
114
8
11
284
70
1
4
93
12
16
22
202
2
15
109
10
9
15
481
1
383
186
100
2
100001
391
100001
19
188
565
191
200
20
15
13
380
4
110
100
2
569
108
202
376
390
473
4
18
7
22
1
13
378
94
278
114
298
8
189
114
471
469
385
4
197
102
110
2
100
112
286
1
97
383
6
98
17
23
6
103
97
93
187
469
3
194
9
13
201
111
101
14
391
1
97
97
9
11
23
107
114
15
9
207
11
465
20
6
469
189
472
17
9
9
1
1
96
11
1
12
14
101
5
293
95
102
15
381
97
111
12
6
467
199
105
112
5
9
19
461
17
9
7
3
19
291
289
100001
113
5
11
462
8
21
105
185
4
102
193
99
7
473
103
5
20
200
7
19
187
10
2
2
289
200
6
201
6
6
383
372
291
14
5
19
22
3
9
4
3
100
2
103
19
9
101
9
575
18
5
290
106
11
101
386
114
193
204
8
5
4
96
13
204
14
4
12
194
2
21
10
10
105
371
104
190
291
3
2
204
102
373
372
105
200
14
106
3
7
107
13
564
369
13
104
203
372
474
8
12
297
195
15
385
5
198
2
7
110
1
99
16
5
23
6
7
202
95
2
111
18
193
7
11
185
483
15
295
198
10
1
111
461
17
5
6
186
205
372
6
23
22
1
11
112
10
10
1
3
5
2
386
10
203
382
109
21
96
99
13
2
1
101
4
21
1
21
19
7
10
99
5
190
197
206
23
19
100001
17
299
13
558
374
10
372
9
70
18
3
3
6
20
11
103
115
105
11
98
9
277
100001
100
9
188
99
107
2
100001
9
278
12
8
4
10
480
7
96
101
15
11
103
109
97
14
22
18
383
6
287
2
107
11
21
5
2
112
9
115
662
98
16
1
193
197
1
103
20
14
2
296
98
100001
207
17
70
280
93
1
286
95
282
2
1
190
111
7
202
280
96
192
5
100001
283
13
19
198
106
98
96
1
9
97
107
3
19
206
94
7
189
16
747
190
6
2
10
560
198
103
10
372
12
114
21
114
23
99
1
189
109
296
569
3
14
12
101
11
12
3
101
14
14
17
12
13
298
7
202
13
283
203
290
115
93
3
203
7
93
14
14
291
4
199
194
196
22
391
14
191
834
10
2
5
15
571
385
6
11
105
10
101
185
7
112
105
2
23
12
385
102
8
5
573
100001
109
754
186
207
111
3
201
18
3
11
186
105
8
185
278
4
102
205
203
100001
3
6
114
9
13
18
654
15
278
279
110
108
19
19
20
21
2
188
70
10
1
202
70
12
7
190
1
99
11
650
186
191
13
295
12
101
2
21
374
4
18
9
20
468
8
113
110
14
109
6
5
23
380
94
2
105
113
21
10
106
13
15
109
20
4
378
20
376
10
103
1
111
113
574
14
661
15
186
103
382
11
189
95
14
97
16
1
9
100001
20
286
1
14
115
292
196
17
12
20
108
3
280
113
7
278
95
97
186
98
190
483
383
93
465
297
5
96
5
482
383
18
200
3
20
1388
70
20
15
296
2
100
8
21
290
94
12
572
280
202
288
370
19
203
15
5
19
22
830
10
22
113
10
481
102
185
1
10
17
194
656
20
99
9
12
553
22
7
10
10
380
70
99
6
5
188
297
279
371
104
10
18
8
16
199
6
6
200
22
17
23
3
6
372
204
193
10
16
292
9
191
12
202
6
2
198
1
17
1
12
480
1
23
5
5
102
1
2
16
114
189
383
201
6
11
15
187
11
93
373
12
107
574
100
283
1
5
111
100001
14
382
13
15
381
17
17
8
18
18
197
3
6
295
15
10
13
108
8
11
468
19
8
384
17
657
3
93
743
12
11
7
6
22
7
384
740
23
277
16
555
11
7
1025
102
9
97
6
2
112
370
2
6
98
10
12
11
94
115
4
70
107
4
206
19
286
5
370
467
205
11
186
16
17
204
13
100001
102
101
13
19
13
110
19
3
12
927
838
2
97
3
197
294
16
469
93
109
5
17
101
23
189
14
109
16
12
186
21
14
380
21
23
108
17
70
11
18
21
110
3
22
3
99
10
187
100001
102
193
187
20
11
21
833
278
96
5
203
99
5
5
14
23
100001
373
1
105
100001
205
277
745
2
391
6
109
97
185
377
100001
372
187
7
848
8
293
15
743
110
14
5
19
100001
109
6
10
6
9
13
13
13
5
555
15
70
196
16
109
647
749
109
10
11
16
100001
647
277
106
12
12
4
1
10
13
16
21
93
102
20
104
15
70
8
17
5
190
23
2
20
95
292
372
297
205
190
192
