2349
28174
20288
10190
407
320
91
105
135
489
54
6524
2044
400
2105
2485
178
2313
283
14136
2464
2438
16497
226
6133
441
8293
393
14138
229
6143
6374
6183
2300
20279
2429
280
58725
2087
138
6420
10094
4256
8320
2186
4246
332
6351
499
140
2438
6506
4075
326
8431
141
129
497
165
8521
63
6188
4453
317
66
16246
22
485
1510
92
116
4091
6323
16113
2193
2453
8065
82
2087
400
10554
465
428
310
48
6085
4476
4400
32
2501
8129
88
12302
2266
406
41
182
4359
2197
161
94
6279
8211
2197
2456
216
8326
216
16533
2055
2093
18391
6227
426
461
2027
3
28587
12229
6514
258
44451
18362
6264
89
8163
14204
2216
2088
20578
213
6072
153
12110
205
22632
226
42544
2176
391
162
436
2161
12424
86
382
265
12184
4302
4314
327
14336
372
2319
12468
414
4403
77
68
10173
172
6268
185
12482
145
181
4322
28397
326
126
2205
118
8114
4069
4500
4409
287
12292
4202
2029
8478
347
413
2481
400
152
82
4343
6387
198
6052
2029
8380
10098
292
296
2235
10469
2293
496
6213
194
6057
6371
7
2309
6506
306
160
16523
10305
18408
6099
2439
6261
329
4523
395
2483
12459
4239
2247
18546
2302
442
464
40
473
188
14197
18243
134
268
30645
173
18516
4101
12344
273
2263
2148
308
12109
34212
97
167
18233
232
2141
12535
14248
184
8342
6060
125
10523
218
10422
4194
14250
4241
6371
51
4456
4349
24570
2209
62
20527
6511
2073
38233
51
2487
306
2323
12
28561
157
490
325
6341
4222
426
116
2159
2257
14227
8208
9
11
2098
10116
6404
6433
6037
229
2485
6128
242
482
4339
209
4251
2344
6492
2473
2401
2396
8081
4039
313
462
79
105
319
2128
4293
464
30473
287
111
20602
208
4261
46
16322
12460
2143
56
72
141
2512
4239
16322
411
348
101
2334
2507
6042
242
6040
2435
82
8309
215
12104
2334
354
406
14580
4120
6341
460
28430
282
6158
4441
2058
292
14172
354
216
4118
2340
2024
496
10411
295
2013
102
214
38
4025
31
306
4195
446
2038
408
6140
63
10468
330
2428
2
93
4136
4497
2395
2038
6228
6054
4187
503
2178
4379
6276
4413
234
426
10517
2155
371
4138
134
6351
443
12300
8364
224
4239
127
4098
4258
12423
6052
22157
14127
426
129
162
10161
4519
8308
12559
82
210
2436
4110
110
4521
10385
2144
4196
25
18212
10492
2464
257
2075
2071
466
2451
72
190
2025
24264
75
170
213
2247
45
6329
29
478
4404
40
416
461
2461
4524
313
10540
400
4386
2035
326
347
4289
248
2340
1
67
8440
8544
6097
16307
8351
397
2504
484
465
2169
100001
503
8063
310
4221
2504
8549
468
2093
16163
2367
2350
6522
8359
17
356
2378
4071
273
2156
12152
90
117
22201
6324
421
4087
10162
155
4190
2365
8252
450
259
174
4469
4124
2236
461
12163
478
8333
8207
20254
4278
236
310
211
14522
4238
337
6037
12396
304
8452
216
4037
2491
8281
459
6354
24200
8394
2489
10178
2423
4053
4175
174
14139
2292
174
12076
4475
4126
2025
14301
268
2047
340
8348
2160
256
357
2234
16281
4165
476
8476
10159
26350
479
6324
41
4136
6522
89
8142
190
188
2300
8317
385
2498
2173
8390
4249
127
4078
63
8226
6099
2066
73
2323
2268
8401
6082
12316
475
42
253
123
2435
209
2480
8397
2204
6291
28
4283
6134
2282
210
495
16350
4281
2256
235
447
2410
273
60
2493
2188
6097
12242
219
377
8281
6039
321
14396
14560
202
4396
487
50
10553
14149
205
27
401
26380
438
2381
6100
372
12314
4163
13
456
4486
95
4202
109
321
8331
34
12330
260
4206
131
2051
172
148
71
10277
10431
26294
100001
2414
447
6140
107
20
10247
135
483
8077
4155
8124
2149
4063
20251
100
2303
430
2362
56
2422
153
10319
2160
45
239
117
499
28555
294
6124
2127
4479
110
2073
10223
10075
2126
4278
79
36632
228
416
2410
15
2227
235
214
4233
10555
2340
465
304
6272
164
12469
91
44
26531
4075
4422
6061
2088
312
6245
22
27
10115
2319
307
335
216
250
64
2513
20486
115
2335
6365
503
67
13
22324
8249
2237
18
70
75
2299
2165
4121
259
369
245
10394
2491
2047
4472
427
2348
2430
2157
4078
14528
36
2072
4411
368
320
231
2446
2103
4154
2140
129
125
6489
2244
26
2453
90
2498
370
14338
2185
367
4188
219
8084
2497
394
425
139
164
307
4444
29
41
8118
277
379
2378
501
4072
155
4485
2297
2028
8249
4204
265
152
2056
6428
8545
2454
4426
174
22634
14
6093
8385
26220
8490
373
2464
366
129
8363
217
473
2062
2373
4458
8260
312
2195
29
15
405
2480
4142
254
12457
93
2104
10066
300
56
175
4292
26527
4364
12452
2281
6323
4487
459
501
82
229
2406
12364
4246
12206
339
4382
2184
425
489
36564
8459
2239
411
251
2459
322
195
58
2167
10423
471
6
2138
34564
377
401
22183
497
162
412
104
4489
2364
14462
2513
55
228
2202
389
4254
6466
329
420
4486
8333
4351
84641
4433
4521
10247
103
10282
16560
4374
186
28576
135
4301
10257
8106
16532
4373
16
12288
2093
458
123
296
240
2385
4338
285
500
122
292
185
10368
26411
2322
18117
42
2427
105
2253
10208
222
2395
2143
144
82
10124
8400
4319
410
291
233
12146
10189
2182
2343
214
325
22395
4346
2170
4179
195
6139
18606
170
12165
493
106
2380
2398
6051
2473
2498
8215
14552
260
2118
8456
2186
2380
54
24230
235
2359
399
294
6097
170
2258
2141
294
80
8324
2314
2102
22240
479
39
2369
2169
325
28
16505
28368
14486
2504
20
2412
2495
96
6321
235
12138
8524
218
14402
2045
22438
2366
87
89
276
8421
6127
8232
48729
10563
4487
131
51
6280
497
284
2067
2486
8403
12550
403
277
4289
2465
2
4276
269
4129
307
150
2239
4517
314
2496
478
4108
146
2160
28416
121
58
8097
4341
6124
25
4164
6314
4497
4517
308
167
6527
263
2418
4273
216
182
373
2388
10296
39
40
6508
4376
6525
14468
2200
385
149
161
24313
501
18405
280
4348
20617
77
2143
4184
6375
6271
2045
47
8399
18407
287
4155
6330
155
112
195
408
12486
31
8117
4438
18503
2282
375
93
100001
2091
4118
2094
75
30
4407
6
85
164
202
411
2313
2394
2088
2363
33
127
6421
2225
16140
490
310
461
10272
258
2094
4489
10136
372
500
2288
431
6264
336
4239
4231
2511
12492
69
6268
51
416
8246
311
137
8287
14319
10485
16336
6539
2161
38410
298
42335
118
2493
2334
253
305
445
2017
60
24587
2445
4453
6446
361
6263
10436
4307
198
115
6169
20
30
2477
2334
191
345
6355
2155
12207
6281
5
293
2191
48
10523
10291
4288
468
88
2
2479
10453
8339
2444
2288
14478
118
160
4387
6250
371
129
2415
451
14443
379
10534
480
4398
10072
13
116
250
94
20
4515
430
128
4197
408
231
2409
2506
485
14431
344
4184
8428
32
150
34
212
18145
26491
216
14332
8149
186
2099
77
2142
2304
8212
152
2195
213
423
4419
479
10251
411
2128
6312
26287
191
4378
12245
199
38433
2061
6340
69
48411
180
6096
305
16237
223
20479
234
2275
4222
74806
382
376
95
2416
18282
6147
306
2199
14093
2197
158
6277
192
4510
10364
115
144
6183
4424
10511
2369
254
20451
449
404
4161
16349
12235
12127
218
42487
43
8142
29
4102
40441
181
2141
6152
44
2105
6510
8213
499
12234
319
6316
18597
289
8451
2277
393
6154
363
6272
8412
4153
125
20387
10116
64618
2386
10348
8089
12122
4413
2199
2354
434
22
8133
40380
10340
16
4523
2
16306
469
362
444
324
4176
363
169
2024
13
152
280
183
312
137
68
2365
252
8377
4333
46
151
303
190
3
2437
4178
420
36
2140
22321
4113
72
99
12260
2386
410
12
2049
4479
33
10330
282
4234
485
77
134
6186
32308
4254
6070
174
10219
409
2058
109
2455
2406
6095
224
18366
16350
2246
4170
411
14264
22428
487
2263
71
8107
420
10454
4324
2500
6119
24541
8522
4361
42
374
28281
10169
4181
2213
2235
2279
10085
2177
2357
89
4106
6258
8
2236
318
6251
2292
4378
449
2175
8335
12102
56
218
340
55
48
4166
2183
502
137
4476
4142
10540
4060
32
24455
10456
6470
4116
12435
4439
6
2408
2070
415
425
434
206
30662
291
326
264
6112
18209
10248
6327
8
2102
8459
15
4141
8233
2054
2497
493
2113
4057
302
6256
4186
2188
479
2222
8382
439
28372
14404
362
2403
2235
2192
2144
2247
376
40408
492
183
230
2318
2056
174
10235
2098
446
110
10404
6143
392
4072
395
4
6152
20465
4025
175
203
4349
339
326
12375
196
22355
5
8054
8268
12419
10190
6416
4188
2198
2051
4254
30503
8497
10252
216
10155
380
1510
255
4276
2276
340
239
408
86
2512
32479
2232
4103
8198
6388
2169
2431
306
33
16187
4086
239
57
494
2351
8470
341
2262
69
110
2299
91
316
14250
210
4201
28603
2245
244
235
6112
6287
2112
4103
130
202
451
4326
68
30437
6163
72
328
6251
2273
92
4455
2044
16445
239
163
4479
401
10327
320
6505
4110
4030
14386
118
2014
12475
423
503
4497
38
38594
469
2022
207
437
2031
2060
2173
69
6149
4158
58
16263
6450
4382
105
2320
461
14120
14562
8078
6166
4165
405
376
12189
8462
6487
437
8117
409
8548
45
481
20196
300
494
155
244
2041
156
12137
2124
334
2060
4094
2042
40
2330
2046
24603
237
406
4239
8478
8493
10465
2389
347
418
333
10265
2447
24
6223
6455
22532
2297
18148
4160
2106
117
253
30
148
146
16543
386
6431
10398
2156
2127
4260
6175
44
2222
273
107
18150
79
4424
4457
95
10207
10241
402
4029
194
10332
137
207
194
242
6159
2444
2453
4507
2411
2352
220
6227
4514
4275
10308
30503
325
2222
12448
2341
216
4465
6425
44398
6516
472
4429
6335
338
2023
46
415
12240
29
2288
477
34
302
2277
280
12545
45
10186
125
16110
73
74
2396
4105
6211
444
10541
154
303
2236
4266
4047
390
388
2103
32268
2033
16105
14216
16
20550
4055
6243
239
262
6491
90
6400
2338
296
4189
473
2
34
18356
71
10364
12299
6213
8303
325
65
2392
2066
4213
10537
4070
2074
10324
4055
111
42570
233
251
10493
128
8217
166
2431
4455
4255
454
16502
14446
57
4062
479
4377
285
2142
4044
24611
14274
2242
2216
114
6046
10133
344
234
121
2457
264
393
2135
12305
2170
12256
10262
4177
6354
8253
4248
30363
16496
412
32
261
12470
12391
12081
4051
22417
14522
338
10111
6059
75
6468
2211
397
253
446
2043
212
227
2366
446
34392
2138
6081
127
53
12087
276
10125
6449
4053
8241
235
6291
2157
18240
97
2141
2227
34386
6076
2059
158
22461
425
20
464
18298
14167
1
4086
2376
14119
10072
323
438
4201
131
44693
18546
10184
257
10522
231
10339
4310
83
198
4479
264
461
2087
2090
4079
10429
156
399
4066
313
141
4478
411
6246
491
6404
4307
4471
4195
2138
6078
232
8158
485
158
8080
4249
2272
16442
4220
12197
22496
16258
2278
10128
2315
14273
425
191
162
2146
12250
2314
57
28
4149
4336
4438
2102
8355
290
6049
82
2153
12432
384
8215
2160
490
12325
306
16342
8482
2412
183
6231
8536
2434
16387
22529
2168
2047
16589
4357
44
2378
71
4084
68
6534
330
4360
241
6081
451
272
440
2019
6332
4159
124
20240
225
2080
430
108
6362
2063
2157
4158
222
2378
2230
270
2213
255
198
13
306
381
2116
62502
79
2173
62
18563
282
352
2454
67
2266
2024
68
4356
503
81
489
8311
2211
8065
424
6041
12348
2269
427
2424
148
12240
8138
124
478
2315
10321
32199
361
287
6037
2020
4475
10461
4053
4377
16151
2171
2165
30
2343
4208
388
4234
6067
2027
6386
2042
396
155
4486
4498
4196
178
428
117
2013
4330
14556
108
2394
4059
4162
144
393
184
338
232
16485
2180
14572
29
2380
8483
4302
8075
40345
4177
453
4273
2281
262
359
2328
2401
6173
4053
52
415
483
2229
10142
2208
2272
457
81
16549
412
61
6339
145
4244
130
4232
168
14407
2360
16234
36601
6374
10190
236
24
4387
141
10161
2105
12274
32
270
22317
2220
2182
6153
336
149
22134
16131
141
4085
106
115
70
6224
64
14364
4078
2405
7
14331
2212
367
2465
2156
4127
2333
234
18196
53
90
22539
313
2192
8312
245
213
14292
372
177
2130
198
160
167
4232
6500
76
122
100001
6153
292
349
6488
4321
2219
4132
329
382
4221
6179
425
428
4361
18483
16547
4487
4061
4061
6376
4466
2375
2419
8492
6456
473
20
2167
6078
2506
4189
10357
2280
66
8083
158
364
462
20569
2120
4298
2041
6122
86
14185
325
40421
421
118
19
187
18396
37
212
2037
6267
96
4069
8285
10509
156
134
77
10410
2298
10518
18317
194
74
41
14480
2472
279
144
8456
12146
260
173
48766
4058
21
8131
384
350
12406
24620
57
2429
18119
6486
6065
2126
2019
8275
474
4105
159
2332
6473
10061
12359
16424
2019
22
10487
6498
500
420
2191
2299
30528
457
4146
47
12517
4157
4152
2369
6242
4043
10449
61
7
333
36555
2470
126
301
8349
78
358
34564
2083
8316
6445
2498
2152
240
82
422
222
8120
395
139
440
6412
8442
96789
233
8321
4422
2336
474
6295
2179
14273
2154
105
38
2208
249
59
2073
3
2027
8354
8178
4043
2310
10428
4390
280
150
277
2144
12545
65
10169
5
4054
304
14541
281
347
4256
30
6490
2170
169
189
45
24228
2053
161
452
2203
280
2210
2270
59
394
6229
183
375
348
8115
4466
245
14263
12109
420
34
8432
2235
4487
46
2297
2067
6305
10129
8506
136
182
10291
8243
6131
14458
4244
20560
8245
10187
107
395
72
167
105
2478
2103
420
10
101
2024
150
2238
4211
360
241
70
403
442
2290
20
4150
6062
487
2257
12200
20317
2093
6445
176
149
15
2252
2272
12205
6425
365
6086
18372
14481
8075
4286
8305
4132
6539
385
381
6415
8378
4397
163
312
11
16
491
6342
8485
4380
2036
2399
2149
10085
108
2413
350
4477
330
16484
4478
180
447
16383
8283
14166
244
2373
220
133
475
10322
2487
4378
2492
383
120
6206
14318
6231
93
2079
40533
2081
141
2119
2335
2142
6420
2389
2379
227
10493
2108
10297
4414
292
6504
73
4428
4221
4255
56
248
263
31
16194
10292
123
150
2028
10409
317
391
40
20575
6443
16424
34
6145
110
2062
8465
2159
8368
18483
4035
2449
2297
4215
4226
4315
477
4200
2292
211
12468
399
10369
308
305
2305
89
2420
100
8494
49
290
14
2090
6525
4473
2241
248
2040
12101
4166
4414
2373
307
2072
264
2153
8320
34458
2510
158
14315
2172
118
6514
8222
289
2504
481
4502
485
47
4112
6408
124
2176
8113
2120
12203
4256
149
2099
2139
399
340
4183
16366
2451
10510
222
213
453
252
4153
6167
6308
449
4381
2252
2328
374
110
6428
2111
2199
4385
360
2400
2230
263
8165
4280
87
207
441
350
4218
8077
167
12246
6534
2344
143
14535
18351
18411
221
2453
6476
6136
15
2111
4468
237
205
6125
319
308
4153
109
4347
376
195
352
10421
30659
12133
6457
4403
2337
2269
2320
2239
22359
4231
4376
4494
10496
72
326
381
4038
22153
94
4075
4483
6209
6424
2135
37
10550
14220
359
14468
8252
12328
4082
8259
4519
16129
213
481
186
2225
492
4079
170
8342
4255
6383
356
6440
4361
2379
24179
10153
352
2078
309
135
8374
6266
331
2343
4231
55
10251
4313
6533
349
8353
16138
245
12397
339
2085
154
268
198
343
373
2400
12455
16408
16397
239
6437
22
16128
2384
235
16296
30460
4257
16118
4339
38482
10363
4332
18190
8333
4262
12442
428
20242
4322
14538
2249
62
8510
501
248
6103
2116
119
334
2201
463
478
4295
8071
24419
264
157
79
11
2038
10524
26267
357
16236
21
2251
99
118
121
4457
2269
2127
245
191
226
2062
361
191
2045
14172
26552
271
133
16516
4247
351
4448
134
6095
14551
4448
345
4505
399
18600
10110
6525
331
404
414
4120
6099
316
48
14547
145
8125
126
14180
6455
2436
2213
6274
4193
8137
80
4482
8429
4062
187
8370
358
4167
6185
2092
2403
4348
4173
2279
87
320
10384
2059
6265
159
8192
2189
366
18553
22147
191
139
4411
163
190
2279
2042
385
49
2321
346
8142
110
2083
12170
288
7
319
26524
22568
4486
106
2106
502
229
97
8146
14185
8098
183
2488
6220
8518
10178
8161
8130
12439
166
277
10118
12356
4407
187
3
417
226
2396
24264
10116
25
6359
11
299
101
6113
6424
232
12516
167
14462
10129
390
2116
92
181
4047
24238
42567
381
497
197
42341
2389
258
306
2040
10082
8344
323
6168
284
16401
2067
2228
8466
4283
435
8366
8292
8085
2242
2083
4408
164
432
204
2453
2250
22160
188
4317
468
332
2343
293
10491
6475
2513
6482
4366
26194
14264
2150
2189
8228
86
29
100001
264
6067
85
316
94
8091
12426
332
2357
291
4500
2086
89
22142
51
6112
6
6310
2216
2227
2492
8371
2201
136
321
2035
14506
10249
2496
295
4418
10391
47
16098
320
4373
18170
2113
293
427
2437
9
7
6070
20565
162
247
353
8315
2161
2367
96
12345
2177
2356
8163
8544
2150
96
290
6277
4093
339
6308
315
125
2297
273
360
200
4271
478
2043
6225
66
14274
4150
4474
18491
4515
4298
12454
4302
8524
425
391
2167
2406
357
2449
4391
297
142
12077
131
4342
4307
190
4230
6245
10403
12439
468
2217
4313
8527
2284
8383
8385
4314
6140
6293
287
4383
12253
266
66
151
427
8396
4305
12107
10142
4213
10143
41
2141
12236
85
10201
14211
2292
8223
4167
248
217
28448
2500
2274
172
2102
55
2400
8094
4393
190
12350
4525
2151
464
12094
6039
2033
12311
2064
12236
6515
4227
371
244
356
52736
281
12502
2284
270
107
33
171
6495
114
294
61
16
71
2266
2214
281
8098
2310
14199
6263
118
205
14262
139
2180
2245
6360
6142
4074
334
16470
325
62
103
8161
343
4102
10291
92
62
10098
2135
16332
6092
6395
443
6077
182
2457
2199
2270
32217
377
2058
2270
481
2220
152
6119
14101
46
2206
120
4061
10542
62
12526
14489
4347
97
6096
8405
4116
2039
4409
213
2440
12109
2281
425
178
8527
277
8368
440
4472
2227
100001
10192
26415
35
420
2194
90
52782
179
8165
8368
2077
6437
450
2470
2344
4100
8169
4184
274
6220
271
2022
38449
2338
2422
2306
6037
308
2464
6495
18207
307
230
16417
2042
218
2055
2183
2377
4219
10182
2095
101
465
150
2154
16
351
2447
2106
99
6386
16564
2030
20267
400
8442
142
249
2376
131
10123
295
83
2089
358
370
2134
441
315
2318
103
4434
16336
39
4271
6196
373
4507
271
152
4507
87
37
471
184
2225
2245
12385
12107
2399
10141
317
2189
151
28354
103
4208
305
103
2195
2057
4181
32452
4348
4402
2052
2111
12456
28432
6170
2467
2502
2431
4029
2057
4191
178
14202
6322
457
4071
211
438
102
393
133
164
8355
10066
265
278
60
2219
412
6356
64
12549
12379
4336
34586
26
83
2318
8174
4227
105
425
2181
323
2126
4080
6177
128
2370
19
2311
8261
88
2
161
448
181
8205
20
2406
2043
16282
243
227
4128
2422
8335
2465
8491
6429
4165
14112
4435
2360
2433
8304
4250
2117
12428
4518
198
461
337
4436
284
273
36437
8303
6290
271
2020
56
176
6045
79
2377
16190
126
448
368
4029
12132
4523
8060
13
118
198
364
290
2015
260
2350
8236
48322
363
6117
2325
10
20129
2264
204
2058
2061
6379
406
10242
4026
2024
7
114
149
2058
4235
139
419
6257
4293
8443
464
22168
2360
143
358
375
40
4243
365
30
6076
4171
2385
2085
4427
2133
203
38
2146
14502
2342
4480
10293
18146
16175
6463
2428
305
10224
332
4186
10480
6519
2391
46
2346
464
277
154
183
4
2029
2373
4419
6341
136
4340
381
5
188
168
409
2429
154
12475
6423
306
310
455
396
197
10333
4343
24163
2298
2198
12075
28197
4127
32
370
159
6376
421
27
10377
32
357
6301
2258
12272
121
112
63
335
4498
286
2494
4479
12169
2073
20181
8460
8459
2511
4447
16495
4453
411
20401
4274
8371
324
136
136
26257
2078
4377
74
223
4492
457
358
276
2189
4296
4269
33
298
2300
474
4189
24477
111
20499
2328
6
24449
252
4305
4089
4171
10316
6480
286
449
4296
338
173
304
10300
93
6105
6223
323
4493
12167
26530
94
2230
4191
14086
6270
250
48
2105
249
2
14467
10453
2488
14165
16289
305
320
87
284
2086
10369
161
4116
6522
26417
141
2437
4415
2179
326
215
22392
13
481
10145
2392
4131
6345
14440
464
211
6156
493
35
4518
291
185
2476
99
268
4140
6509
99
10174
2016
72
112
4382
192
1
6304
168
2244
4283
383
266
30317
64
2176
8124
14547
274
10306
2057
160
30308
8484
4276
83
297
12108
4031
130
2281
4036
59
498
4365
14124
427
8356
175
124
247
334
40
380
6290
4512
6135
301
2359
2473
2301
8518
6194
8346
6226
117
188
487
142
8531
8513
439
4124
291
2246
19
3
43
2314
4234
4486
131
148
398
415
2288
416
52
54553
2097
2322
6086
491
117
168
2033
27
2497
16441
130
495
305
2187
12518
4176
2304
6461
16531
409
2305
4192
8063
2488
4072
24493
228
166
2359
293
356
199
2312
376
71
8342
274
8514
434
4267
2121
20475
2215
10124
386
8244
8336
10379
433
484
16372
2357
444
6092
458
12460
242
339
8468
420
4282
10095
6095
496
392
18533
9
213
2465
2283
8461
266
4301
4221
8066
4185
63
115
2157
441
2494
2346
10182
67
2424
4344
8248
4225
316
497
455
463
322
56
4475
15
4118
6343
4042
237
175
8147
96
2338
41
256
390
2369
330
2052
163
101
55
6461
30
2413
4414
8107
2322
154
100001
2282
18168
8115
6443
2431
10157
2240
12505
48427
123
4439
501
214
8073
8284
293
12345
216
12535
100001
22139
10315
364
338
7
370
435
6278
4416
2065
4278
375
10469
121
2502
435
4264
32357
8321
11
30589
431
2175
6220
198
2208
14282
2247
473
7
2023
464
345
8209
2451
12161
4396
12265
20437
155
317
4260
299
137
223
396
14433
8522
501
6042
4102
10146
121
189
10437
43
54
497
10297
2498
468
18555
8379
2252
204
16277
380
378
168
58
4058
16233
245
4488
6510
4064
358
8285
56
4172
23
18231
2256
367
76
418
14119
2029
58
4108
2125
4220
87
2364
36298
10207
142
2400
411
484
104
97
2407
435
67
4186
4258
6452
56600
24319
212
4245
136
179
4404
186
2140
14535
360
131
440
336
8074
386
2386
14369
26251
2412
329
294
2118
2143
6196
151
2280
482
338
422
145
476
283
289
2272
10352
2352
342
24457
4041
14211
8058
226
22555
17
428
2089
4327
341
175
240
4463
2433
8356
4149
445
64582
4115
2252
8519
6077
155
10086
482
143
24192
40336
10253
394
143
2140
240
8308
2170
91
422
12273
6145
35
30307
469
2345
6364
10194
2145
2071
20
61
4299
16194
4197
162
242
6191
426
485
194
8349
4251
74
203
28
4456
6198
370
18540
2087
6488
34675
80
22352
130
12438
8072
134
147
482
10444
39
4178
16330
94
2406
2374
4085
4329
281
7
10504
10201
16365
74
4522
121
8150
2047
37
183
8052
2153
207
14496
10424
284
177
8313
2302
116
105
105
19
4520
4028
478
4516
4432
2472
2018
256
4359
147
2039
6523
8409
4479
76
6069
6178
16214
10534
470
12455
299
152
258
374
14422
22387
118
2393
2195
38447
18153
6370
77
20447
16404
4228
2303
413
70
8050
263
7
2037
371
24149
10530
333
84
66
82638
366
6495
341
8088
2423
6502
357
6523
397
277
58
2309
407
4217
98
14110
10392
361
4351
98
314
98
434
6072
2209
2
47
16203
2123
8287
161
47
2305
24233
141
407
6477
456
19
128
432
2273
280
4129
82
100001
2369
8353
10372
4099
65
116
8351
4296
4418
6261
370
88
2108
6443
414
17
342
59
494
6390
6360
4051
223
6477
306
14584
316
8074
2178
439
18172
337
8319
47
8104
2021
412
128
230
314
4122
258
2159
4365
19
269
346
180
2503
466
327
24250
8385
187
14242
4138
82
397
12291
73
323
338
4182
2311
16293
101
8156
2422
1
8376
82
2483
2147
2471
21
22423
362
206
8250
2151
128
2027
2105
200
269
268
2271
6338
4455
6417
4462
8465
96665
6361
290
11
2134
2103
4158
4243
185
6076
10483
162
2280
2262
208
2125
6064
6272
6250
201
6061
6436
32
4507
322
2161
38
6300
368
154
143
10424
2311
311
397
275
61
14116
2431
2434
8101
6257
2283
10371
418
14515
2104
6372
2113
124
8203
495
8431
429
4134
8538
441
2144
4414
12321
4098
434
10320
449
2098
10495
35
4317
406
2302
309
250
2431
6530
4284
6068
415
110
8359
2332
492
12311
2269
47
10504
4045
4072
8076
10242
2200
56
12113
12523
4
10182
4079
63
435
19
6239
230
6185
14244
12546
2092
2458
2328
34561
222
430
14183
12126
145
2021
126
4178
7
414
6041
4526
46639
2250
2211
2184
8145
8284
9
2359
20441
4378
260
4312
2493
16124
4214
8542
2481
2206
299
430
277
20551
2192
2097
75
8206
16
454
26346
302
12441
16424
12481
384
4425
4034
267
2247
14293
2472
498
10318
16301
8331
42
18206
2338
421
53
141
14454
2396
2212
4428
14
10155
4249
2191
2139
2048
344
16334
191
260
20511
200
4087
244
2489
6142
2404
157
474
168
2492
38442
2222
449
4360
2276
14191
456
74
2373
10127
2429
334
4430
194
2444
188
4300
18589
390
6089
2424
4494
8545
4196
28181
4492
327
2223
12305
2215
322
6306
8144
6229
233
175
12355
8488
2375
8182
8443
283
2362
22399
6212
185
2451
4237
2092
229
2407
371
121
4052
10496
12
180
144
2037
200
4301
4437
28170
495
4033
475
348
71
34682
10360
174
36274
6152
4487
6395
2324
480
10180
2065
2101
10354
16172
318
4273
20314
331
137
52
279
2381
72
274
238
33
468
2368
57
4128
399
4453
240
68
17
6320
69
6435
200
2483
74
107
182
18401
8374
2263
8251
26522
2203
222
2201
4196
181
2328
2044
191
261
2499
131
6457
2258
6132
8131
10090
71
16142
355
486
190
125
237
2194
65
96
2139
198
2287
235
4066
6407
237
215
439
6356
2177
345
44
2212
4513
265
8060
134
4073
215
2419
4472
147
2356
134
270
10186
439
6489
397
228
154
50
359
93
76
6059
2491
2334
14208
6331
271
2167
6469
103
4437
4235
4424
226
2014
223
335
247
2127
12215
429
242
4486
4322
4194
396
498
18462
379
477
6039
10483
2021
18219
10524
212
6516
2333
230
4167
257
12190
10298
8
460
374
6066
4472
319
2049
2039
8419
6534
373
8548
8140
2210
6180
448
322
355
6508
10074
396
88
4177
41
4066
40639
86
20338
50
404
502
393
197
249
4208
18211
65
72
310
2239
309
8384
110
229
60
4206
347
6140
24
16394
2319
229
235
8165
2166
8536
4177
10211
2457
83
103
4130
10157
181
18576
4399
8222
142
8076
266
481
218
113
369
26393
442
12149
8367
2479
4315
8468
166
10562
2120
4452
2107
12455
2189
379
175
18273
471
14100
445
6269
8484
498
92
4215
8394
318
38
317
8090
2336
20
10061
38
26
4197
198
67
2216
6226
10304
2095
4355
2224
18333
4172
8105
14485
2494
30625
14491
8105
63
2337
486
22521
8283
346
155
2057
4291
285
12412
6458
410
450
4376
9
6506
10248
4043
2250
2359
2396
45
113
10448
18520
4202
4161
184
306
284
4296
4092
2266
47
103
272
162
10123
6208
1510
8076
2115
2034
4445
8437
12459
14428
8435
35
71
14510
345
107
18249
29
46
24423
184
14202
12265
2154
88
2237
4234
142
20519
2179
450
6446
184
409
16174
6039
249
146
4185
496
4193
91
8295
4444
18
2085
12107
2254
216
6145
6394
308
291
26362
4073
4209
18315
6478
268
6120
8272
26
14477
2218
222
125
4226
2280
20281
6210
2349
4027
2274
4365
2320
2042
30
4055
2162
2275
24184
10428
10146
401
4242
14
100
10309
6396
125
18389
323
376
77
12237
2473
4492
4317
8202
316
6119
464
2283
8076
18370
5
6153
246
4147
24253
6125
2032
124
6460
6094
2233
16365
425
6153
16221
8320
381
420
135
13
2060
369
12091
193
2098
8238
306
164
30241
58
4149
4387
136
58
4100
4397
84
329
284
6527
337
52
8361
6364
88
177
241
332
53
27
20374
8323
4086
12073
14144
2382
2300
129
35
12153
6517
81
2278
471
12390
6234
22208
84
8320
85
185
2369
203
322
251
18526
107
277
2328
8204
6357
426
4525
20
271
324
29
10514
6116
117
12190
2375
85
39
10482
104
4363
2400
391
50624
360
53
218
4336
229
2154
8056
282
2043
6085
2222
10368
257
2370
2052
6190
2042
10474
12511
489
2017
4463
215
466
2180
4091
236
10068
2235
6366
4319
12361
48599
104
6357
8222
248
6516
6212
2430
2199
269
2183
51
470
4097
455
284
261
6052
2479
299
6329
6433
14158
32541
4191
14399
355
4293
8321
366
2086
2295
110
2132
247
136
2405
4082
6309
382
128
108
4153
88
2322
4138
56
6256
358
4168
350
12091
36
2031
12093
15
361
15
38
14560
214
8180
2103
4301
20334
4290
2151
4185
2019
256
3
10216
4448
158
100001
6233
2403
406
67
336
8317
58
2148
2140
2071
288
6144
4448
2031
8528
464
84
121
156
355
9
6114
10457
225
288
302
23
111
356
4304
20552
14234
8238
6166
418
2016
416
325
4480
2341
2515
4168
187
87
197
152
2333
262
450
4193
2425
2152
16598
113
420
6050
269
176
4197
2101
6416
4468
59
116
26204
42562
4385
457
10313
14148
128
230
2100
58
4343
2043
4515
4332
16374
63
346
210
6080
2053
2099
4153
2102
119
6383
2061
8151
330
8105
4457
24480
153
107
370
2153
2322
10
251
2458
2095
2376
18586
1510
36
75
4065
231
2336
36
292
2303
287
4085
8349
2171
2465
2268
2447
475
14481
4241
2369
20442
10317
10558
2163
4121
4111
6096
198
14572
93
6274
276
71
467
356
2105
12393
478
22
2017
346
2032
175
314
2023
8418
211
376
369
6175
6067
325
224
4344
96
14543
160
482
178
20311
12150
2354
1
10277
24517
4077
14332
6085
136
2331
14213
12158
29
2020
307
491
6087
183
173
106
289
455
6171
55
68
2193
452
16355
109
40498
4286
6473
16132
444
22160
407
8165
352
4094
2117
207
4453
38438
8544
2457
74594
2200
2251
6490
2187
10191
404
100001
12564
8163
4134
2351
36
2
2490
4117
70
2406
2209
4283
267
12433
398
281
137
2048
4227
102
20363
144
274
4441
8139
329
36646
4310
26555
22513
242
4391
121
4222
488
348
2080
4417
2408
286
134
20
16137
6537
2223
223
2035
32673
6102
194
4214
336
476
36508
2123
2273
36
4151
4118
31
430
126
437
145
14328
324
4073
8473
158
4246
4149
2308
10338
408
270
185
12090
4321
4523
6188
155
203
4353
12420
4400
18605
80
42
219
2049
154
77
14553
4094
258
2388
4193
80
315
6040
12117
76
33
18475
14182
8091
10364
55
101
178
159
12366
479
50309
6296
2186
30199
2163
6455
195
231
201
10071
20154
485
7
6229
2500
4064
10117
10406
10415
338
155
96
12420
431
324
2297
389
22531
406
65
12100
16141
356
4257
32323
4471
8453
59
214
2408
100001
379
258
10280
467
346
16255
4298
340
191
8300
2312
255
4096
363
52
14217
2276
502
6408
12543
98
2244
2339
347
10223
4074
4081
6372
394
11
157
164
336
18438
232
122
2469
233
35
4358
10297
8335
8127
2015
12157
4440
6272
15
14093
2368
6255
8186
2385
2316
2115
4281
30
2421
2072
265
8482
3
31
4220
8464
2233
2014
2301
477
6258
6038
4514
10085
2374
6
3
439
4411
58643
430
8522
2110
8436
2278
6534
101
6536
2131
14485
8394
434
246
2207
2514
2254
2395
6423
104
182
14208
362
196
8463
10153
18524
6363
83
2290
8550
16247
12572
211
2283
2029
16164
2225
8121
76660
2430
6179
69
24439
22544
2076
196
4231
239
8341
2266
4482
231
8057
2135
2106
390
402
2066
2088
163
124
276
4278
8350
10374
235
342
16193
327
412
2128
19
8127
2091
4407
2400
397
32383
6312
180
482
4115
2180
484
2288
8327
488
423
12396
14209
98
478
2077
363
12536
309
8225
14195
492
10176
14313
4440
2195
184
6232
494
12251
14584
14192
2095
20585
343
304
2401
158
116
355
10159
173
2181
352
6079
285
2187
2036
4511
194
14409
335
8063
130
451
2464
2025
215
22500
4221
20584
16103
432
28345
2284
4422
14105
265
4096
4295
4339
8525
2277
494
232
24431
8534
24
2273
2513
8237
399
200
346
73
308
2409
453
382
473
364
493
2492
14536
14197
2181
18218
6529
18543
2270
4145
484
415
345
4253
146
436
452
2278
8357
86
2042
4355
133
6128
72
4223
485
197
4332
2501
416
14396
10070
473
4066
10313
177
493
4287
313
14386
224
2448
2103
367
312
6273
2305
137
2034
372
2506
292
10300
467
149
102
10400
8407
10403
154
2249
4148
2237
262
2149
6205
2505
8490
8270
207
2101
2159
385
14554
2460
4395
12291
142
6177
87
2143
313
298
16194
6537
10367
454
172
267
6312
257
69
458
2456
10349
2330
2399
2069
4407
170
35
2430
6186
257
14349
153
4158
458
14104
4224
221
10484
6196
142
2105
2397
12247
10313
12439
173
384
455
6
309
22201
2088
24302
16472
2137
2335
400
68
4206
2169
24195
306
199
220
8370
6048
367
441
10280
2257
8300
18285
160
2093
467
2050
6333
4309
402
12245
2369
2296
10174
4241
6372
213
190
30
2319
2319
164
8397
314
4490
2460
20441
430
335
2289
8166
2327
254
2238
348
6098
2256
2139
8533
313
256
14
4464
18259
32668
225
2211
231
280
6228
135
4128
14
6216
258
333
233
417
10098
6123
2286
215
20465
164
187
2410
157
4320
214
393
10340
108
67
32
471
423
427
14438
6156
10312
342
26
6048
196
2103
6421
4233
2080
63
138
26356
423
10486
4121
12537
264
4250
6444
10521
20332
14
6050
88
4053
200
243
22338
6157
2404
2435
10422
502
8231
391
86
95
67
2249
192
22133
10496
6057
2135
8174
2228
416
4240
2031
16520
2411
457
213
329
14218
2299
10347
94
2351
4094
6127
151
16493
6414
132
10106
4118
286
340
46
315
2420
2027
4084
2397
316
2379
4382
407
6144
2358
255
4098
6425
14151
2370
117
236
124
14503
10281
194
76
6279
34350
4291
6376
8526
23
2280
6436
6478
216
103
8085
88
46315
24456
2168
4195
4502
4399
12244
8325
430
2470
2312
4312
192
202
2422
194
247
10119
144
6209
2498
18535
124
6467
2215
159
4123
387
52431
465
167
80
6396
280
4494
275
2021
4046
8301
6370
172
14116
391
4105
6434
19
400
6068
2481
4169
268
4188
2508
24583
2256
113
339
10531
4240
4314
2352
322
279
12244
147
18492
4154
10444
263
340
358
6438
2181
4079
216
6213
219
203
4280
9
144
2337
4170
314
4358
240
14183
39
16097
6253
10208
16412
448
2194
8284
387
6272
85
2322
20
6371
4372
10348
208
34334
22597
10073
10233
6163
143
10132
2334
6162
6227
4170
2288
4519
340
226
428
89
195
14316
327
6335
259
6462
143
154
440
18560
6066
2231
294
8194
4088
2262
2261
22134
268
8260
458
4400
275
31
10319
8336
375
308
2257
410
26249
8201
6512
26496
14426
2302
49
273
394
4287
4156
128
347
8261
6334
266
30
117
12431
2314
8531
129
4307
12150
8165
352
4216
2192
4434
8051
4222
10346
2471
461
12292
6045
10188
6372
4403
404
14494
22146
6133
8419
27
4197
24
16571
304
10266
198
4499
12380
2057
2376
18244
14538
2349
2444
98
4
273
135
10397
12292
470
6079
446
6310
2430
10296
10149
2382
6304
4467
2108
10392
100001
8192
2196
2071
212
6439
2267
2228
2211
313
8410
2085
67
22
291
4481
210
276
402
4504
2109
478
363
404
2370
8163
186
362
12364
2196
134
2151
14285
4102
359
2300
2067
12403
8259
388
12495
6044
6414
12400
2058
432
294
2141
2356
18159
4135
2495
8516
84
8471
473
224
16432
6097
214
459
8300
8050
2148
2307
128
2221
8298
154
22609
360
14098
6444
209
275
169
2367
4372
18476
4035
250
2476
165
20412
8174
494
4255
58
2481
2040
134
178
8240
265
48
8544
10158
4181
2185
415
6406
16188
16387
201
419
28
10194
193
4397
24399
30232
8412
278
305
2053
106
2458
428
6151
458
20220
85
6365
2469
203
307
2058
486
18569
10547
2515
2177
467
4312
267
104
22217
2403
242
8088
295
2271
6254
2500
2208
4254
12084
2252
4043
439
30576
8112
14121
6476
18215
481
8122
8222
88
20332
12385
22455
16599
248
4415
6417
4096
4154
12397
4094
4458
34
4247
4331
166
12090
6442
2259
4363
2328
2115
2042
2241
303
2364
44685
403
2308
2025
166
20429
6196
2223
8549
2240
2286
4124
2385
190
2392
10071
403
6513
2251
4467
102
48
10308
6064
233
29
14500
454
4276
8280
2367
12257
99
2167
6236
2346
10257
339
14253
4475
6533
2336
96
2332
2301
8050
436
4106
116
140
4117
342
8490
330
2026
315
190
10514
8349
4504
305
330
61
185
454
6260
306
10080
346
114
6194
301
54703
6366
2364
2200
2117
18402
4416
6056
4473
359
464
382
8534
405
177
91
84
6246
30581
89
8436
10551
2260
86
8415
421
22629
496
352
6269
6166
6244
12130
2269
8256
291
10239
6365
212
6052
6109
491
205
10165
2301
192
383
186
207
4381
10
2080
29
471
4373
4402
20229
12185
2217
2225
6192
372
194
344
6298
174
6210
152
2105
361
37
2093
8261
41
8370
4210
261
293
36362
2020
249
16171
391
2231
16407
8300
103
16295
32
4427
2126
4067
4349
14
2194
4216
2227
28607
14484
326
111
2248
145
2298
4481
8065
6343
2389
8491
66
2030
4439
2148
22177
376
2016
2308
304
104
7
440
14421
100001
230
2389
18565
22621
6058
6075
324
10233
6473
235
374
2178
6490
290
309
4352
2128
4442
6288
6143
223
42
6536
426
499
10232
6378
14197
212
4502
4477
402
403
56
2337
4523
2017
502
278
460
8064
10552
343
299
286
2111
148
8226
2461
272
431
2036
4033
8309
14176
4233
464
97
10366
4214
2014
361
4052
416
285
293
33
4504
200
4128
6090
6382
479
30579
2446
6057
439
8143
316
2481
8065
2051
2135
440
420
119
402
323
167
24375
8491
2047
2323
4047
112
2504
8089
4089
6193
10482
474
16103
80
229
14233
20124
4352
4233
8470
2313
10377
162
147
10141
6423
160
144
416
473
4267
2341
395
2255
4186
437
11
275
10265
452
15
61
6095
50508
128
10511
2334
12092
4102
2182
6167
2298
200
28328
441
64
12267
12113
4288
189
4523
14312
2425
6408
54
14163
331
18592
2218
18167
106
488
16569
6184
2096
14264
2359
4109
63
8150
2111
375
440
51
18138
2350
210
266
79
10494
24303
217
4404
4308
18204
6454
4253
8361
2503
253
6134
10253
2347
12169
2054
4215
4225
6476
305
2127
135
2459
2072
383
95
16236
18579
71
34
6539
122
157
146
286
200
56
356
99
409
2151
2175
8179
20351
22160
4302
223
230
4477
14280
6227
72
2458
8392
361
33
4151
8294
8109
238
423
41
55
10152
256
18371
151
16563
4395
8413
8128
221
10480
8337
187
18278
36397
158
2481
8541
6067
325
4213
68
339
16
275
8114
2069
4040
6197
4448
2285
2025
6349
2042
2145
8453
419
2310
298
2418
4297
10441
4398
4072
10453
6424
4137
2449
2127
4203
2169
6404
28563
364
12379
295
329
393
163
2159
2221
461
6518
112
150
22335
4121
12309
10340
310
403
168
4279
10504
2232
467
2214
19
6236
2197
52
10268
4226
264
32303
2324
483
2448
2128
4347
382
10413
249
453
144
24562
4404
314
2080
2107
2234
2234
6236
77
413
140
6108
6314
4478
20506
6119
218
14249
16393
10105
80
2047
174
2184
6207
4218
487
6366
26641
2439
2122
10371
2280
8351
2336
446
4077
6267
6090
164
12158
2110
2242
8356
8098
312
4236
14330
8440
153
468
2135
2454
192
2398
2372
4169
334
263
4393
47
152
4364
476
12
270
26
449
6533
8072
400
6231
4065
4264
177
48
119
8364
16533
23
2379
2493
340
4454
44
73
4150
14458
18531
8351
88
4511
165
208
4061
2047
14102
16548
179
65
38489
343
2323
219
152
356
381
2492
2025
2391
6239
4222
22501
22349
439
2068
16284
30362
2046
6363
473
443
16526
2383
8243
359
8292
15
4272
8457
2428
98
54
28665
10435
32272
62
2176
6170
12129
4120
2
343
79
94
482
55
38503
30589
10333
4289
313
4482
75
495
4500
8503
93
156
4435
8299
14312
12395
28573
382
2055
2063
4248
8372
499
24355
2344
2247
248
478
260
2408
2095
194
2167
4526
2266
4352
4331
4219
372
2323
300
10341
8112
240
116
4494
22
22219
4487
43
222
8
81
6335
241
178
2244
90
29
14229
59
4205
174
2393
7
4138
318
62756
364
192
14253
22340
279
2213
8194
65
4077
2497
28287
2300
160
37
10421
374
4270
83
31
2362
16485
10286
12257
473
8252
105
32376
6171
188
156
35
2279
438
16142
154
235
316
142
2023
365
6100
94
13
10539
4449
436
2065
229
501
163
2260
14184
44729
7
114
6041
6248
427
2109
2044
438
305
2302
6461
10527
16
4172
32321
2119
66
420
4
264
2272
59
2431
83
489
447
4115
19
16105
6243
8449
147
462
2380
2282
4199
73
180
370
17
111
499
2261
430
498
343
10462
10501
128
363
6537
123
4279
4407
2032
2265
342
129
10234
4053
6079
51
8273
6115
265
8311
4053
10067
2165
370
2172
10219
2113
4213
22254
318
8144
156
14143
14433
265
23
8201
163
4060
14463
468
2198
4343
497
6087
248
4294
74
2133
2420
86
10145
20434
6454
16543
222
217
12178
148
2252
2397
2116
454
6271
2188
10398
72
6241
265
398
5
2143
16566
4293
32197
466
8240
2100
424
2073
302
4248
14530
2144
122
320
47
2316
213
2180
6093
172
18201
494
14143
16572
85
4376
4152
417
8
4260
2441
20354
389
34637
25
26609
2307
46330
2104
4274
8346
14219
6316
6128
4524
2014
6416
441
264
2182
2212
26223
2440
38
6119
310
107
130
12260
4103
2329
26653
120
252
6514
8294
2463
8492
410
168
22612
444
2111
207
8223
12193
6101
347
200
133
310
12121
4291
157
4047
236
2439
410
10407
8364
2459
100001
20453
16
4086
16309
2325
2072
12382
16253
10213
361
4070
6142
44
283
125
2248
8459
14558
376
10369
17
288
10
2189
343
422
422
2366
10330
8067
2171
6227
10238
397
122
203
4306
199
4291
14418
465
4505
176
4421
466
6038
12389
454
2141
32197
56512
4069
12242
14099
2446
4181
94
14160
2385
2122
203
8437
423
16321
4151
22153
280
13
134
4036
475
6485
215
113
12156
291
491
101
399
32512
4342
76
2362
4063
403
334
472
2328
4292
16447
4456
115
41
4414
250
6195
4132
62
2466
2044
10364
192
6199
4229
10318
193
2160
6220
6166
304
16274
489
26449
2181
2322
242
491
4102
284
89
12569
18393
4362
38477
141
46524
4154
2465
478
4195
4491
24163
219
222
6467
2373
6158
6138
2144
10502
6348
147
18558
4414
18324
10538
6233
2156
332
2270
10252
353
16348
2240
6214
2254
78
454
4359
114
4068
14213
4524
4509
4470
6224
8219
99
63
323
97
10111
124
4330
75
2102
8377
10160
10247
281
406
4
8064
16351
4027
20479
2339
2481
79
426
10074
14297
36430
40323
4214
356
6398
2417
445
8480
144
14177
6114
52
22
2321
134
6237
2286
286
2264
4192
116
148
2169
14375
289
241
2233
6408
8187
2055
2094
8258
257
457
111
102
274
2138
2065
406
4231
189
2351
4111
12255
311
6203
257
18110
205
10512
8135
4049
4438
74
2425
16305
18458
337
9
8478
4033
246
185
2231
4045
43
2082
12293
81
2352
110
4406
211
16582
72
2468
4071
6529
4224
6044
10165
2064
4237
6090
195
4471
75
14251
468
104
2049
6377
2222
461
8172
318
6324
425
4275
26319
343
241
20491
243
34
6416
214
89
4504
4514
18121
129
18115
177
446
8396
6399
2315
10445
2320
192
232
345
22304
12536
12543
24
253
200
4325
4525
203
424
2036
468
97
4321
372
2100
31
162
39
8179
343
2139
197
204
146
462
398
2306
95
8399
2050
481
466
4063
4527
493
16572
28663
329
395
300
265
16258
491
56
8097
271
6336
12146
59
492
200
2262
187
2049
4220
22
14
6287
391
8072
135
20509
178
274
2347
401
42698
100001
4250
10464
456
4398
4422
8053
115
13
8176
448
127
10554
12
2324
366
4377
7
14225
12085
4088
2081
312
230
1
8521
10562
299
26233
404
384
2421
294
7
241
2496
6234
4279
2050
4453
213
12
2148
6446
2083
155
272
2196
4262
4484
2488
121
18243
50
14514
388
34623
4080
10092
220
8162
4211
368
4387
498
8176
4149
6302
12189
41
12349
14168
16533
367
10276
295
2124
2096
2300
390
416
63
12298
4170
8330
2173
2164
42572
2448
362
14546
95
4042
14283
4525
8154
2372
2138
362
2152
2117
4447
24502
265
100001
436
8091
423
2279
2455
305
6112
499
6148
493
6125
4320
2063
2439
395
4480
2383
6386
11
2316
24
16161
170
24371
4350
2381
417
8319
14563
6409
47
2079
354
160
4154
181
263
12474
4368
4433
346
194
234
18192
2014
4511
344
4167
136
8205
4116
2428
2131
2345
2057
2399
265
12397
284
425
450
22493
112
18549
310
83
12397
2135
30578
186
55
6534
14
2364
453
4230
162
190
6327
320
486
8500
265
419
2456
14145
150
8283
12421
2330
97
2307
202
2329
35
6079
133
10162
315
272
214
10102
8194
4132
455
233
8253
39
231
401
2320
30184
6350
2042
4374
12536
2354
394
6231
2285
2204
230
278
6277
2112
201
8378
38
14279
14309
6408
327
4360
47
8328
29
18580
44
6326
471
102
91
260
2349
8505
4064
6150
163
311
155
14489
4208
6207
306
198
370
433
4347
4339
2397
6305
12508
4515
2346
12142
14176
439
4147
2218
4290
300
8050
8480
136
6255
38
2479
12111
14224
436
136
2460
2184
7
4084
488
14250
215
10152
2471
191
223
2208
220
213
2172
2281
10438
377
8490
4133
4289
2168
8102
4235
351
18482
240
325
8245
488
20425
6489
6097
236
4471
46
28541
8073
6524
6063
4368
306
2311
8129
16525
4259
2192
6102
229
4460
4310
113
347
282
4138
482
359
224
2228
10424
6428
6399
36334
318
301
124
401
10451
32309
2166
168
105
8435
2455
6310
334
244
449
2212
16184
2116
274
10318
405
34
192
6146
2369
4332
2454
281
6487
203
2190
400
8210
24393
6159
12287
4111
18323
4452
6217
213
8329
193
308
12118
22
2347
290
500
6396
6450
2374
14284
4272
10422
129
4199
140
42
10207
8500
12480
6280
12442
35
419
58
12379
10118
10547
2185
4229
2162
2294
7
177
20592
2418
14158
224
227
6262
4038
2099
181
18282
278
22
70
2293
311
242
433
326
262
153
21
242
122
12
12388
4246
445
193
12391
10158
346
4090
2172
4095
4100
8286
14117
12
30
2435
152
2269
44
2397
2339
16142
12494
407
250
12247
234
374
2144
6252
12248
6125
26293
8149
8167
4186
2090
14557
2209
18257
22597
2302
142
2334
4340
2491
8242
6196
12138
98
14168
2282
196
8098
489
12229
352
75
248
233
18174
222
6083
191
4336
242
4446
391
4173
393
159
14330
12432
10423
8102
2078
4509
143
8551
4297
366
233
180
6479
83
26
133
2307
253
2446
4132
4240
14162
2039
4390
95
51
4065
4319
8416
73
6228
6230
406
2136
168
1
343
2068
320
38
186
2268
18193
235
86
6319
2514
73
60
2367
28306
4489
337
283
4072
2307
4037
2164
2111
16205
95
6171
2166
42
14508
128
22392
2341
30634
6107
369
16246
6175
2420
4510
4465
101
4092
55
2146
8297
313
320
440
305
334
4527
10225
26237
2493
348
14125
12219
347
2118
20494
4233
6451
452
285
6224
6193
48
44
418
457
476
127
22165
443
21
144
196
4526
75
10105
4424
179
2210
111
16453
4051
8522
2442
2206
28339
8353
2322
4122
28550
111
8293
28654
16417
453
4247
8081
24334
6515
20420
8230
2429
4348
16
4472
4215
16366
4333
2339
476
18
26329
4241
14429
22607
268
300
16121
382
6342
1
228
2265
326
18172
265
246
26419
10381
8332
2186
10448
18
4287
8129
419
8179
12106
59
22
2479
16429
188
4031
162
2095
4483
43
4475
8180
369
247
6297
307
133
20181
4166
243
258
80797
4424
2445
2352
95
4207
132
99
295
253
2240
2114
6050
2042
288
443
251
6497
6149
342
2184
8229
462
2050
330
193
2204
6433
18163
4304
10474
209
486
4414
107
434
4175
4250
16330
4417
2231
413
100001
4083
4256
14234
374
2091
124
4094
4259
228
49
277
2175
55
405
12
252
4451
296
4334
4203
242
140
2152
424
4057
256
20174
2399
10082
275
22261
96
8474
376
2388
2016
4324
18525
10278
4407
2201
62
2295
27
349
291
52
4109
482
257
166
126
2084
2137
10198
4381
377
12265
108
6423
10079
2146
10208
6238
34
2218
70
391
482
2467
2433
196
261
4451
353
326
96
260
10560
4372
484
6115
6125
6210
374
4046
252
78
126
2181
12116
38
313
10432
202
4128
4135
2157
4223
280
21
330
280
178
290
2190
2250
212
18
14274
4109
8464
154
6491
2064
4103
245
4211
434
174
6532
24450
10158
8158
32679
4142
8401
348
40
2139
24620
2196
18416
2216
2277
31
18233
15
6142
310
2126
2420
261
8135
2185
302
2412
2020
4065
1
348
289
6492
89
2286
8202
2165
2265
12219
221
2194
2360
4352
2376
381
10083
18512
4236
340
6367
26622
415
21
47
407
2040
4504
2280
4063
2089
4100
63
65
15
59
212
12105
2302
8241
10123
6170
196
2365
6306
10497
2447
14321
6351
394
2166
315
2349
294
100001
502
8123
34266
6222
2063
152
382
43
88
16463
246
2097
6177
4350
91
30
138
12191
12558
334
58
6498
21
8127
4288
8410
6273
245
2110
2076
4145
138
6061
248
12130
6224
399
8381
4242
12
103
375
6482
6463
57
4439
8385
409
2324
10389
165
2505
16368
10474
85
18420
456
56
195
2200
2026
4131
22
8382
4274
4253
11
8379
22
408
2058
2355
10383
6116
12339
221
2512
4215
2235
4074
331
18245
10479
4366
146
8129
4374
2182
213
6489
82
2328
8384
33
6210
483
37
8391
233
12572
2434
2174
2140
2334
202
277
87
333
30
134
341
347
70
454
6344
114
6097
12284
81
2427
2209
19
329
6280
6437
193
125
4490
8124
6373
10500
8480
20495
2456
18141
395
46
14293
18539
4293
12253
4271
4118
8538
16170
282
20508
233
8451
215
24465
8261
429
24477
4054
34606
478
385
500
123
4171
4235
2145
316
44
8424
2279
6217
28
4497
12553
232
2132
326
6535
22
487
336
64
4072
146
2298
28181
2232
12351
6411
23
4366
16190
4455
2055
6321
244
4172
2485
2416
98
270
12361
2210
294
180
4081
13
2065
8307
486
12410
214
6496
10214
4207
16405
58
2309
229
2258
2327
86
317
2053
6197
18367
116
2414
6389
2078
4209
174
6384
370
2062
4026
2057
4257
6128
2383
354
207
18317
2389
275
452
30
2426
2067
14103
6188
114
161
376
2289
2358
361
6143
4066
240
439
232
171
37
26239
53
228
4452
6120
345
20361
72
148
4151
500
10170
241
2450
488
2487
24246
496
355
6186
301
319
2084
6133
207
461
10081
6328
2370
10149
16584
272
347
499
8107
279
445
2218
165
6335
4405
2267
8487
355
6517
376
452
2377
4495
237
10092
204
4219
100001
295
4082
2185
100001
11
8151
94
114
2391
278
2152
502
4455
11
2042
465
9
22356
318
14436
240
97
126
399
40515
325
343
8078
6086
421
6477
100001
10220
18163
2032
4263
6047
483
16322
4140
99
15
21
2229
50
2149
101
2433
2022
4346
242
8
16167
2465
443
4399
191
2228
6230
69
195
8512
31
344
10317
4232
2231
2051
14
8247
12295
2055
6083
2351
10245
466
120
84
16135
4298
6060
4523
10472
4423
130
254
2166
33
6461
8510
477
20485
4482
12
313
2484
2426
2031
240
288
229
2479
100
2376
10153
12315
440
18254
90
38461
271
24419
151
4126
30206
287
2382
2062
4045
10
198
480
2241
2392
8274
223
470
2375
6239
2056
377
96
14558
362
2120
78
144
2278
68
2396
455
486
2461
402
2471
2366
457
74
141
2195
424
10388
2062
2441
30
156
20129
14278
4176
12273
2455
372
6098
2298
387
4321
4430
199
42
24238
492
50512
6129
4292
24469
2228
6435
68
104
25
10379
14115
195
329
278
22
6067
32
8126
446
6241
8332
249
169
12126
4429
131
49
24419
2388
12207
20225
6430
8339
30
4411
4329
6483
12164
4292
6369
3
259
8479
14179
207
175
7
2312
12406
204
2335
2045
205
272
4480
45
73
59
146
10142
22493
4500
378
23
8442
4385
8083
4
113
34483
26
8064
53
16469
354
144
11
2044
350
2094
6222
138
2210
16163
199
10339
2261
6468
24570
10507
70
355
4060
11
350
66
2272
2250
2382
81
6535
217
8338
6319
93
4382
2138
89
12302
20
6110
115
185
18130
92
321
2014
8308
22365
6502
2220
281
4338
2138
385
2144
2412
6194
4363
16507
17
8250
231
289
2097
7
176
2430
16179
2016
18579
2431
4
4064
437
6082
10404
2137
4105
12075
2397
2036
82
4516
6450
4284
2274
6367
453
22
16438
4193
8339
6490
172
271
2379
6481
18560
10534
10468
12287
28509
156
44299
182
6180
2129
73
2079
2435
351
275
10557
20298
218
328
14348
415
154
164
12101
2279
198
290
2458
6053
404
482
16149
2328
30512
8055
10439
220
10258
12105
263
8509
6500
14508
351
338
2255
18327
14541
6106
12174
12441
12310
10065
14382
4431
4322
76
430
229
147
275
4412
44
243
2220
81
8427
68
328
6156
12163
258
6258
25
6365
457
309
147
44438
439
82
231
2513
4342
2374
342
2384
4220
4313
80
2260
8319
381
387
160
4444
34581
2079
2284
2247
458
141
6454
254
231
160
6213
345
202
2488
6393
2378
385
14424
449
8383
126
10527
174
4184
10073
73
172
18531
128
347
12407
317
12310
8127
10402
6179
181
8086
2319
4284
2177
126
12303
59
223
42
8218
150
20216
2026
6462
255
40
22159
16443
2115
2292
250
6428
252
2341
2132
83
18121
4092
6446
14476
92
8407
10377
454
353
14399
2050
273
158
264
6474
4169
10157
83
4256
475
10232
12467
123
115
14094
3
2405
2045
94
14358
8442
4414
6149
479
83
6405
2442
2261
179
2243
2487
4418
4228
356
135
220
4492
4519
2503
4361
198
26597
339
6223
6467
12350
8144
223
2333
409
4460
181
8404
372
348
209
2416
2421
10512
8535
6173
185
2388
288
34623
105
486
152
6339
2226
73
2128
156
8528
22154
12325
2297
76
6355
2074
2154
91
4212
6082
91
2167
372
331
30395
71
8481
181
2306
10286
37
22481
343
2181
4282
4283
351
106
2327
151
14
331
14233
8454
2381
6151
254
20612
301
366
10436
392
28
8475
268
132
2049
433
65
