22
34
89
12
47
107
4
46
47
7
51
13
59
3
23
10
5
41
40
64
80
72
8
48
183
8
61
12
85
64
8
16
48
44
53
256
17
19
13
19
8
1
86
69
59
5
40
49
138
65
106
12
48
45
11
28
39
39
224
56
68
35
18
18
48
25
85
36
23
61
9
7
20
13
38
8
16
244
15
26
19
75
40
11
90
40
11
14
32
58
13
24
3
11
27
9
35
34
138
9
11
29
2
7
8
53
78
12
458
74
101
12
8
21
54
228
53
141
68
7
51
27
26
5
23
44
30
5
59
28
19
50
116
123
22
107
168
15
89
150
73
4
11
1
22
60
72
84
32
1
64
6
2
53
22
15
55
66
9
21
11
419
20
69
36
86
95
8
66
10
71
60
38
4
37
33
29
70
19
30
15
6
145
122
8
32
19
77
24
78
26
32
74
7
54
21
170
115
1
1
62
13
35
20
94
33
20
28
32
42
8
14
122
18
24
44
18
37
10
66
5
132
187
25
20
22
196
9
42
68
45
9
57
46
3
3
39
24
24
17
159
12
49
28
2
3
21
46
19
35
93
43
43
27
57
3
202
14
17
7
65
127
37
95
8
371
53
50
14
33
91
3
1
122
11
25
48
22
13
337
65
82
10
33
97
79
32
37
66
159
31
24
22
9
8
50
130
43
23
33
28
124
126
91
15
40
113
24
104
156
31
28
20
37
26
28
2
127
73
62
27
10
111
5
4
45
2
92
9
38
36
35
46
46
13
5
15
18
76
29
56
3
34
38
47
124
11
28
88
282
52
114
138
50
30
18
11
39
16
53
39
22
90
3
11
35
11
11
21
5
10
34
30
45
3
17
3
51
94
31
25
11
14
50
62
143
78
38
39
38
26
197
11
46
21
64
5
4
8
4
1
26
21
23
8
15
12
64
24
53
34
50
58
47
69
42
51
92
23
59
14
3
36
9
44
41
100
27
57
136
100
47
18
9
13
6
47
1
152
14
21
33
62
24
89
236
12
7
22
48
145
37
37
17
21
23
10
36
21
37
2
150
136
16
31
53
3
12
9
18
416
126
58
47
26
36
22
29
104
129
13
16
51
14
40
26
20
33
48
2
69
6
27
38
156
117
61
26
22
25
29
24
52
46
22
25
241
110
9
1
2
61
44
2
20
90
11
86
3
79
71
92
73
49
28
56
40
25
157
78
3
28
29
8
45
64
39
50
29
11
87
29
44
36
9
2
13
52
32
72
34
11
55
25
21
177
46
23
214
45
7
191
189
74
41
4
20
53
114
110
45
9
16
92
37
30
133
148
33
4
6
2
106
44
79
4
23
62
3
50
106
90
19
27
16
99
15
95
25
17
157
90
42
53
7
55
44
55
62
58
13
18
14
46
40
25
12
16
9
25
38
47
50
34
100
25
118
96
5
17
21
71
60
27
62
22
14
72
20
34
4
35
23
2
8
1
60
29
16
41
5
88
29
10
15
148
37
23
31
7
35
15
6
34
102
43
24
21
17
61
49
1
5
42
47
22
46
2
4
207
19
53
68
6
6
124
53
41
50
24
47
92
83
31
54
56
205
9
44
211
318
49
14
25
15
89
30
53
22
75
44
94
8
12
10
51
96
45
47
87
21
28
13
10
60
1
81
20
48
16
52
2
51
56
51
100
35
53
33
91
58
6
2
31
47
60
4
26
23
8
42
67
58
33
3
97
63
77
30
6
7
14
18
32
28
7
9
52
58
108
17
97
67
42
320
116
78
110
28
4
15
92
12
107
21
162
34
14
50
52
38
32
21
112
91
39
177
138
50
7
82
45
101
197
28
2
57
35
159
59
58
115
22
102
106
21
52
29
74
35
10
33
15
64
6
179
12
10
30
45
34
68
79
184
22
46
59
11
70
11
47
42
10
23
12
8
34
1
4
146
35
52
75
2
85
115
9
59
63
1
7
12
118
79
39
33
146
77
8
18
57
23
64
18
87
16
37
12
40
11
42
26
15
10
67
10
31
106
26
2
89
34
28
5
31
22
35
15
3
8
9
11
28
36
16
53
21
30
19
2
49
26
158
6
81
74
19
92
15
40
44
11
49
28
85
11
27
85
13
9
49
33
146
188
21
38
14
66
77
18
10
29
120
31
30
3
36
204
199
75
100
14
12
30
32
83
8
35
38
22
226
68
76
31
61
30
29
22
6
95
66
32
5
54
51
97
54
4
34
70
73
78
47
193
71
56
1
9
4
26
3
17
3
31
11
174
7
57
13
40
36
63
60
44
29
113
20
109
55
20
17
3
13
25
45
64
45
5
56
12
33
35
3
29
82
29
43
40
47
33
48
96
30
21
67
16
51
20
31
10
9
81
27
39
5
27
90
1
34
54
84
42
2
83
25
28
137
21
36
46
48
14
68
17
14
112
98
12
100
4
9
87
49
40
11
1
49
20
3
25
17
27
62
71
5
6
326
38
98
46
3
58
91
27
10
39
55
10
51
14
168
38
115
67
9
19
78
32
36
65
16
97
21
39
20
19
21
16
51
35
57
17
99
110
2
28
68
30
9
94
44
23
3
240
5
9
8
54
36
18
3
189
36
4
50
36
18
33
64
11
15
2
20
40
14
6
7
29
123
34
36
46
79
4
14
73
78
592
51
13
51
13
157
4
31
16
43
16
15
35
5
63
10
39
21
78
56
7
54
2
153
16
16
1
120
83
135
13
27
104
56
8
7
27
6
9
69
25
134
6
28
47
79
17
27
4
1
150
91
36
4
47
43
70
60
5
27
27
15
5
61
2
49
6
80
6
145
87
30
7
257
45
16
140
50
22
19
1
35
42
26
79
33
15
23
23
48
28
174
138
139
32
34
47
65
4
48
11
45
48
104
56
53
23
18
132
14
53
10
25
4
20
52
57
23
60
107
63
40
75
61
18
57
23
1
38
22
35
102
78
48
55
215
10
68
44
21
1
92
106
16
94
36
27
5
66
28
84
13
22
2
43
81
10
8
98
2
15
4
38
5
62
9
4
27
24
8
69
60
4
23
38
9
36
72
73
63
6
125
67
29
97
79
21
4
200
95
64
125
10
24
54
28
38
250
22
51
51
39
7
85
40
7
8
117
8
8
50
5
33
166
16
30
33
3
18
16
358
23
18
92
98
22
52
1
33
22
8
50
20
29
142
67
2
25
67
52
73
81
25
43
88
11
96
132
23
30
3
69
44
15
5
7
65
4
18
120
88
52
26
49
9
55
19
9
38
160
54
17
44
17
114
44
86
45
97
20
11
79
29
1
16
3
47
21
312
22
3
87
57
36
36
76
99
17
39
28
18
51
5
4
27
5
14
13
11
30
77
138
42
107
74
24
11
182
18
30
44
45
102
126
67
9
52
28
21
12
16
16
27
14
3
3
71
5
45
32
21
43
37
55
112
62
39
8
19
11
7
46
12
31
89
35
30
34
29
24
16
173
5
102
104
27
7
19
18
8
66
3
7
16
23
19
46
114
33
21
44
62
112
53
36
56
149
14
1
61
116
41
21
53
96
22
58
34
143
68
64
70
129
2
31
23
2
44
63
6
76
15
13
89
106
7
39
55
8
47
8
33
54
112
9
107
43
6
74
69
159
53
13
66
100
24
94
103
26
2
55
37
35
20
8
68
13
52
51
59
56
56
70
189
81
13
102
86
66
58
101
21
114
16
67
16
99
64
24
52
117
16
8
18
144
26
35
12
52
28
11
35
66
59
41
116
260
73
20
11
3
31
9
7
60
18
14
6
67
33
15
37
79
24
51
1
154
41
38
78
39
19
16
38
55
564
24
81
47
26
53
117
22
3
18
33
178
162
95
66
8
8
9
3
4
10
34
9
22
72
18
7
107
34
23
78
67
38
49
9
7
233
16
31
35
48
10
38
23
8
79
39
54
108
22
11
63
6
25
50
35
102
2
79
59
30
12
66
5
58
34
25
22
23
18
99
19
41
160
25
108
11
11
18
24
14
12
61
18
40
25
23
4
13
37
158
25
18
41
83
78
18
12
14
79
67
15
101
88
1
45
6
9
30
76
79
79
116
14
32
33
16
11
5
11
35
24
7
24
10
57
10
78
49
4
22
4
35
35
6
32
25
12
12
13
42
51
10
38
42
18
4
27
23
13
419
40
102
23
143
12
3
78
6
68
15
28
6
65
28
62
4
5
99
15
80
10
17
10
46
172
83
82
28
8
9
15
3
22
21
47
84
86
26
94
4
41
324
103
38
8
53
201
10
111
3
28
6
13
87
70
36
3
1
65
18
10
2
13
26
23
41
55
13
285
24
34
8
66
12
66
9
43
32
5
93
20
8
119
87
56
83
15
14
4
28
92
13
16
87
64
49
17
30
64
9
10
130
48
3
115
125
21
4
4
72
199
21
70
56
12
16
41
158
120
20
8
15
5
21
20
64
71
52
98
81
7
20
21
19
49
35
17
73
22
89
79
5
10
58
15
7
94
5
10
20
72
12
117
62
251
28
22
36
91
56
130
78
1
42
34
41
1
120
56
20
56
57
32
45
49
40
106
44
37
42
75
66
16
31
56
124
198
8
168
5
76
7
56
125
13
7
4
224
101
30
321
75
6
13
58
50
10
144
6
7
74
170
47
66
83
161
11
63
81
47
34
85
20
6
63
2
38
20
5
256
11
75
44
16
65
1
75
10
16
132
12
48
4
17
19
7
70
28
10
1
48
11
20
20
53
70
1
35
39
9
213
65
7
3
90
144
74
45
11
126
138
22
65
75
31
23
31
58
2
52
8
62
65
38
8
32
10
148
36
4
20
40
31
12
90
21
102
29
28
26
14
41
33
21
14
202
93
13
19
33
59
197
42
46
85
51
23
104
1
32
32
47
2
25
61
24
46
2
86
11
29
31
184
21
11
73
42
29
11
26
9
48
125
2
72
63
31
92
18
19
125
1
16
23
60
97
6
19
37
91
48
28
60
83
55
74
43
17
9
73
31
15
20
22
31
88
69
36
21
25
26
20
166
24
23
32
55
70
12
35
53
91
16
21
25
3
12
112
88
17
20
22
30
85
33
3
99
22
15
9
29
3
50
42
38
31
103
29
50
2
52
14
64
106
69
86
57
11
2030
4
166
31
27
13
207
1
36
32
242
1
7
5
50
69
74
44
36
13
3
29
125
23
57
9
2
14
27
9
6
6
93
31
43
5
18
42
46
91
58
5
30
15
17
82
8
22
7
37
28
12
19
9
14
50
16
113
70
11
52
176
47
140
35
80
58
7
21
70
49
82
68
23
35
5
22
81
96
22
70
114
1
26
42
101
1
14
60
2
16
19
97
1
2
532
23
2
41
32
77
69
40
17
7
28
43
15
38
12
89
38
49
56
138
120
65
78
3
68
77
55
91
123
92
98
229
5
27
114
131
53
2
57
123
59
209
12
14
38
19
205
23
95
27
190
4
65
61
63
7
10
1
28
26
83
38
4
127
33
34
21
66
4
22
46
21
1
27
50
6
15
13
27
16
14
66
68
15
151
26
5
33
60
28
20
38
32
36
22
95
10
12
169
54
43
10
23
5
7
61
71
25
80
88
33
73
13
7
179
27
116
20
12
5
52
58
62
82
8
7
29
11
18
31
71
34
57
71
15
128
64
181
129
37
50
66
93
29
86
3
55
11
6
73
46
86
7
33
67
11
10
28
26
12
24
5
25
108
153
92
198
56
57
53
35
8
43
94
3
26
55
16
5
115
175
40
39
3
6
32
10
25
36
47
55
1
10
73
52
120
23
17
81
27
13
59
2
79
20
8
201
91
78
29
105
10
29
24
59
1
100
89
57
2
12
12
140
69
24
144
22
33
24
15
56
63
21
16
11
13
64
34
111
37
4
33
16
10
12
87
26
18
57
111
11
9
1
18
11
77
9
90
10
35
64
13
21
18
71
40
110
7
48
93
135
218
38
11
1
12
77
49
29
103
65
1
5
68
72
25
29
6
37
32
25
2
49
15
3
14
3
7
67
7
6
39
129
2
13
21
30
113
79
36
55
93
10
61
192
18
48
9
64
26
11
17
29
10
20
157
4
59
60
30
84
72
3
11
28
33
59
2
31
57
161
6
3
28
61
96
83
17
44
12
18
56
80
37
44
25
38
20
25
30
78
53
76
6
40
59
9
13
5
82
197
61
53
103
5
25
23
51
5
98
30
38
7
66
193
81
36
32
51
64
112
6
209
24
59
27
36
30
16
69
247
40
40
67
34
62
110
8
96
11
114
108
1
164
173
298
100
17
11
27
9
58
57
4
34
115
93
37
6
37
6
9
3
6
62
12
3
11
27
17
16
29
30
22
32
22
7
49
55
5
77
48
30
53
1
28
386
41
26
67
32
49
5
26
63
38
32
50
30
6
60
1
153
40
13
70
43
131
50
97
20
53
259
253
14
7
10
21
131
11
115
59
11
78
11
4
77
10
21
7
48
276
11
42
31
5
70
53
43
14
35
85
52
10
55
16
136
38
8
31
23
3
94
2
4
218
13
68
7
4
4
26
7
124
26
8
13
14
7
26
7
40
18
100
18
73
5
102
68
17
20
15
59
1
2
14
396
42
16
65
31
103
8
10
6
260
41
99
8
59
28
23
72
59
23
14
80
8
42
22
16
83
251
70
3
1
85
167
19
54
32
21
61
25
72
3
16
4
47
1
84
58
41
24
100
6
71
21
84
9
10
5
44
35
122
8
1
68
31
92
2
42
29
55
301
45
102
5
56
54
3
48
155
56
130
60
15
103
9
45
22
88
3
4
22
20
38
717
12
49
133
23
104
16
76
33
81
98
79
12
51
99
71
37
109
55
22
3
40
257
93
25
8
59
92
12
95
57
68
167
10
123
14
86
36
63
170
7
11
3
60
70
72
2
66
145
12
102
103
137
21
29
73
35
73
34
85
2
42
9
47
111
13
16
31
39
22
111
10
35
50
63
45
47
72
29
48
39
62
30
66
13
85
34
26
20
38
5
2
21
97
22
9
78
10
21
14
8
11
212
12
26
10
18
36
238
14
8
5
24
6
24
99
65
133
21
89
41
4
90
42
7
3
26
5
40
136
9
30
72
70
30
7
30
35
18
30
36
36
72
36
54
8
33
42
65
39
89
46
93
19
35
11
64
40
35
44
9
10
141
69
57
78
28
51
36
15
8
34
55
61
5
56
25
4
6
200
26
30
33
27
7
63
57
244
64
101
20
62
5
7
31
79
40
224
12
1
54
15
40
44
30
74
117
17
15
5
92
39
18
21
60
4
71
44
18
2
303
50
31
35
38
92
109
87
122
11
121
5
20
42
125
62
12
28
8
19
11
25
74
34
42
16
26
3
36
31
44
7
3
7
188
7
55
8
62
28
6
6
133
101
32
81
11
45
1
208
59
1
9
35
28
29
68
73
55
20
94
14
103
26
13
111
125
7
32
54
26
30
89
60
11
34
26
39
77
48
27
88
106
30
39
2
48
5
2
8
116
32
45
62
134
13
4
77
5
134
29
23
46
4
88
2
152
7
112
65
93
22
5
64
29
18
44
25
116
117
38
12
288
11
3
116
33
9
27
66
1
8
173
24
78
21
41
17
58
37
4
32
45
63
5
42
15
29
63
45
31
38
15
12
11
2
31
67
66
75
77
5
108
30
5
144
73
22
155
51
95
69
23
33
60
72
49
81
39
22
28
23
41
68
161
97
1
39
9
2
40
209
8
13
53
29
42
113
23
140
1
38
29
40
1
101
29
11
1
141
54
67
6
48
75
90
58
12
30
46
9
92
38
18
32
2
101
30
27
9
66
62
142
7
14
32
75
61
37
6
36
2
64
5
3
26
63
19
26
126
38
4
2
29
49
3
87
261
86
42
28
6
22
59
21
44
83
68
14
45
4
14
13
22
41
84
109
2
14
20
49
104
52
176
68
14
57
41
86
9
43
72
12
14
33
91
51
26
19
23
28
133
40
279
3
6
21
49
53
109
34
48
43
15
44
40
3
68
20
11
3
130
152
264
23
37
43
57
8
39
39
34
64
48
38
11
15
96
3
90
10
32
20
79
1
43
65
52
32
25
28
59
38
92
55
55
61
47
8
68
15
48
14
78
36
99
76
29
22
70
7
25
71
32
25
11
51
4
20
82
34
45
10
89
70
5
6
23
16
199
40
17
11
42
24
1
4
8
58
44
11
89
3
24
14
26
7
8
32
176
92
52
90
12
67
25
210
57
38
23
22
13
46
52
5
56
92
14
13
24
14
26
9
40
49
11
13
68
20
85
81
137
75
207
19
143
48
44
14
12
26
33
116
26
46
12
3
26
32
4
145
36
50
36
21
82
9
30
45
10
53
9
10
64
61
135
44
10
59
34
3
36
18
42
23
46
2
32
129
17
3
20
46
47
44
1
98
9
18
14
21
41
59
33
47
59
28
4
23
8
79
245
37
103
78
68
109
14
55
92
71
11
40
10
10
44
84
14
18
51
26
21
34
2
88
101
21
22
13
11
65
16
60
18
94
75
68
15
10
2
14
33
34
157
222
15
22
35
19
32
10
17
212
20
49
36
32
38
3
21
55
6
62
15
18
63
3
16
11
57
86
102
14
121
15
111
50
41
35
14
28
66
2
30
83
48
10
28
55
32
10
7
144
114
12
11
40
17
192
24
165
16
30
56
36
70
12
15
36
13
15
45
61
52
54
33
29
23
24
67
21
40
2
100
30
35
59
74
94
127
44
68
50
58
30
45
79
22
22
36
9
17
59
91
44
74
53
3
95
25
161
7
20
32
40
28
35
141
38
48
36
138
93
27
82
110
20
3
24
57
61
1
26
8
22
11
68
40
25
3
49
87
5
95
2
28
25
107
28
31
54
33
6
21
24
12
8
45
10
23
40
40
46
12
95
59
13
63
58
10
85
23
89
14
7
116
42
49
52
3
70
41
4
22
83
1
120
59
16
5
2
78
55
68
11
44
17
50
43
100
37
18
5
15
21
37
23
7
36
20
7
259
65
102
23
103
3
27
53
64
45
80
7
140
26
12
3
9
55
105
102
51
114
61
27
10
2
51
37
105
149
120
17
66
8
87
62
17
42
7
80
68
6
7
28
75
106
133
30
30
27
88
60
11
42
308
7
34
62
42
231
23
55
32
88
37
86
81
25
28
17
95
6
69
2
22
40
17
68
92
67
80
9
14
147
132
71
72
37
52
68
49
130
12
79
40
45
38
54
7
64
47
25
14
51
19
43
47
46
24
1
7
34
13
1
48
55
12
64
2
24
7
28
21
90
112
20
58
102
24
47
87
2
69
12
58
175
10
8
130
113
30
17
105
24
13
39
54
29
24
75
25
32
1
76
108
34
30
24
226
24
10
72
14
95
158
61
48
36
90
113
94
39
25
31
8
5
25
12
73
15
44
45
55
33
9
28
81
21
22
18
18
10
7
828
40
18
59
14
12
35
41
7
24
12
122
37
11
70
32
64
32
46
14
170
1
12
23
158
29
13
250
27
133
17
18
15
1
86
66
27
9
128
25
13
12
59
37
17
22
41
67
12
85
12
120
9
9
22
36
42
22
18
81
3
169
235
225
3
49
45
38
33
43
35
153
2
16
26
157
6
15
23
11
2
6
34
90
8
341
4
43
117
1
14
28
25
50
18
9
59
33
4
19
7
59
5
5
20
68
44
88
12
8
7
40
96
12
30
57
3
51
253
23
9
51
43
318
72
110
10
13
31
63
3
16
29
93
33
62
89
57
37
29
54
24
4
72
40
5
3
9
3
5
34
18
69
12
166
32
98
61
17
8
24
48
44
52
22
23
1
103
20
60
74
91
18
12
71
4
45
6
36
8
177
83
67
24
2
4
142
31
44
11
42
8
3
2
20
59
15
64
137
19
4
6
14
28
102
88
11
9
7
13
1
46
7
15
36
63
20
47
17
78
56
14
69
44
33
147
12
52
7
56
10
10
29
3
51
59
89
103
46
56
14
85
6
2
117
1
13
19
58
3
34
82
3
7
20
9
41
23
93
24
13
7
17
53
214
35
4
1
68
31
18
6
16
52
57
6
55
2
84
8
90
11
166
89
89
42
6
47
8
47
44
60
11
105
57
47
17
20
200
61
65
81
83
14
5
1
7
16
74
86
72
42
23
19
30
46
51
32
86
43
107
2
56
3
53
14
32
27
64
20
52
82
47
21
45
57
67
14
64
69
25
156
64
70
118
23
63
21
24
17
65
14
28
4
8
78
3
160
108
44
27
117
50
26
38
27
1
53
20
1
22
27
6
14
153
37
4
52
27
26
23
28
103
23
68
46
3
21
24
30
3
74
29
68
45
34
63
6
95
64
12
54
2
13
11
108
211
80
89
210
12
20
35
46
80
12
13
9
65
36
149
6
303
21
141
33
18
57
9
6
27
31
43
115
3
28
53
102
17
27
25
14
43
11
99
72
194
91
42
23
23
2
85
54
17
11
77
3
59
62
31
3
192
48
57
35
45
51
46
24
21
27
78
2
84
31
67
21
90
74
10
44
107
3
46
11
13
56
34
42
9
58
4
4
11
51
6
38
40
6
2
25
138
4
52
16
17
7
1
46
43
4
32
61
253
9
166
7
27
38
73
19
7
17
46
83
13
79
55
45
73
15
37
42
180
30
53
4
105
13
36
26
99
23
3
4
81
60
20
63
14
13
74
81
24
14
45
79
25
24
8
119
24
41
74
186
26
43
4
2
15
11
46
118
43
2
142
110
33
43
6
30
3
5
150
98
59
59
67
19
35
26
94
85
23
3
126
37
38
59
30
107
7
126
14
32
15
7
36
14
68
11
10
70
92
27
51
13
49
40
17
51
7
14
59
53
21
11
98
15
74
51
19
62
56
31
43
150
37
36
43
1
18
217
8
32
31
23
11
130
12
7
20
91
55
21
5
20
79
191
25
75
27
9
61
148
37
51
85
113
69
49
99
60
101
16
32
266
19
65
28
19
15
30
55
87
14
120
22
36
1
37
41
30
3
49
103
105
5
42
26
6
38
113
26
12
12
20
66
10
8
8
40
226
82
53
105
45
23
4
14
71
10
13
73
38
11
2
32
76
65
102
8
61
35
410
5
34
25
61
60
140
364
13
40
147
32
20
85
9
8
6
4
22
49
4
47
2
69
4
6
8
272
64
34
7
45
24
86
8
78
37
129
45
190
35
38
10
64
80
14
4
16
30
37
89
68
15
28
15
91
36
7
22
53
38
46
23
10
169
21
43
12
40
16
35
43
151
242
59
144
40
46
32
19
17
88
187
36
10
140
33
15
16
53
76
167
52
5
114
10
75
4
39
15
25
42
52
47
120
3
22
72
102
128
19
11
10
31
41
92
28
4
15
84
24
4
115
40
29
29
84
61
63
39
12
79
3
5
46
21
16
76
97
18
56
24
60
22
54
37
26
43
23
32
54
48
97
1
15
18
15
32
1
78
88
9
22
45
91
17
55
109
2
26
105
95
9
35
78
5
28
63
9
28
41
2
66
2
16
3
48
22
142
6
19
37
20
17
85
29
113
88
30
354
33
39
63
213
42
49
191
41
4
13
27
27
145
52
91
35
54
79
26
14
117
6
12
6
18
12
18
55
95
42
31
11
59
11
4
52
8
56
42
56
113
6
35
14
27
51
122
4
6
4
19
36
1
121
379
77
42
81
55
58
7
2
58
28
5
14
20
156
34
6
7
6
26
38
104
55
74
93
30
23
8
29
85
95
2
49
32
82
176
6
112
40
11
66
197
14
97
31
156
44
35
18
30
2
16
38
105
6
42
87
3
19
28
33
34
36
30
2
52
99
14
124
37
24
15
4
139
111
4
37
135
44
31
54
33
88
22
86
31
7
79
9
25
47
18
47
45
28
80
17
83
4
20
9
12
45
82
3
119
2
17
31
95
16
168
25
65
14
77
4
220
43
125
48
75
114
35
232
118
89
90
81
159
173
27
40
33
50
77
51
75
119
97
19
57
35
7
52
118
68
7
33
179
13
40
13
73
39
28
169
168
1
6
93
76
95
33
18
62
12
27
1
19
74
106
60
75
20
5
25
33
215
123
106
39
1
74
12
77
19
59
71
7
2
41
57
50
2
2
133
104
56
194
15
3
26
42
1
111
46
12
66
72
3
14
127
48
53
77
47
140
11
9
37
36
70
8
82
1
57
80
12
18
2
19
41
5
108
40
25
9
3
62
129
84
83
14
11
57
57
4
2
44
35
85
131
151
83
13
47
4
5
56
31
56
11
47
587
123
296
88
19
200
15
57
26
8
79
44
14
45
3
58
63
34
56
9
107
44
21
62
60
117
5
1
1
27
32
20
14
84
59
32
100
10
19
17
27
36
147
40
35
45
60
4
51
27
24
7
8
1
24
24
105
62
93
43
28
33
98
6
36
54
6
55
165
22
10
139
100
3
53
11
78
4
7
54
60
4
37
56
22
65
35
8
10
63
13
53
37
58
10
141
13
138
93
10
30
16
50
29
29
66
10
37
149
14
70
69
105
36
8
37
8
145
51
77
368
44
31
20
19
35
6
87
13
8
47
44
13
2
35
24
32
30
110
16
114
12
94
42
142
34
176
15
81
15
2
60
24
27
52
6
44
84
79
42
102
3
9
55
75
20
29
38
152
68
232
174
24
13
23
16
46
55
23
85
73
133
35
35
2
4
7
6
13
14
2
43
6
18
215
52
49
85
78
68
51
132
93
36
41
8
43
29
118
55
31
59
22
5
8
1
24
63
25
82
14
3
73
3
24
40
4
97
41
29
35
14
7
19
87
33
14
17
15
2
47
33
38
17
50
2
68
36
59
3
28
44
1
14
40
16
15
49
208
10
4
10
40
4
97
67
44
40
83
66
62
197
6
6
10
15
61
46
3
19
86
52
31
26
3
12
59
307
20
25
28
3
16
14
29
11
116
21
4
24
12
43
42
50
166
6
60
48
7
34
8
60
111
143
47
69
44
1
67
7
36
35
89
46
82
48
90
24
65
14
12
12
20
34
170
2
33
38
23
8
11
1
6
3
9
17
68
24
13
11
25
114
10
86
12
73
48
31
58
2
20
38
71
16
51
22
65
58
67
7
201
65
72
91
20
58
16
8
5
14
72
68
9
40
14
46
126
8
3
1
3
55
29
15
201
22
40
83
44
44
16
239
23
170
18
1
8
96
28
42
14
22
12
69
18
15
36
225
29
2
30
70
82
55
19
3
69
32
19
42
12
61
6
37
167
77
43
67
1
72
60
49
19
33
49
20
84
26
15
89
109
111
44
8
87
83
91
68
56
79
53
11
4
121
53
75
37
34
14
68
10
60
27
60
78
46
31
19
35
54
30
14
47
15
87
18
55
77
27
33
38
8
51
46
29
14
16
4
57
46
76
12
149
17
36
36
46
28
36
7
11
104
159
71
15
34
150
35
19
80
162
14
61
39
37
29
6
82
30
124
120
15
31
44
17
60
35
149
2
7
76
44
370
144
5
6
2
32
6
35
39
20
76
5
19
69
16
16
77
24
15
56
44
40
10
63
10
68
29
1
101
67
30
113
2
8
46
78
48
53
47
12
274
105
58
11
148
2
6
36
2
51
17
51
13
41
26
13
19
44
115
51
5
32
21
125
45
5
6
3
6
48
136
59
85
1
32
54
9
53
5
89
48
87
49
43
120
56
2
33
17
81
224
95
11
4
96
57
236
21
174
61
72
99
42
17
18
19
54
24
66
79
36
16
8
9
31
60
5
53
8
35
10
8
4
36
8
3
1
230
146
56
75
10
1
1
50
11
85
59
11
101
32
54
51
18
108
15
10
139
103
11
76
43
1
40
11
44
54
5
24
41
12
46
215
27
33
19
88
52
30
33
7
32
117
12
51
34
8
32
43
3
21
3
35
78
20
244
20
32
1
7
68
4
55
26
36
24
18
10
5
118
22
13
39
55
21
44
18
75
68
89
69
31
20
103
3
33
15
94
87
27
84
58
25
55
24
201
82
66
109
43
23
37
36
10
12
12
5
27
63
11
164
99
15
7
13
92
25
119
28
54
244
16
121
21
16
14
33
10
24
43
231
1
99
29
28
4
114
10
50
17
44
83
31
6
19
13
80
20
34
24
40
45
36
14
172
147
88
60
39
60
8
18
27
160
14
6
32
2
371
34
52
23
26
155
10
24
36
9
58
108
265
20
39
102
87
16
21
21
13
42
117
47
18
80
43
84
27
195
4
111
74
8
50
55
30
129
22
60
21
20
10
49
99
4
22
17
85
23
8
85
70
35
7
147
30
307
25
33
66
3
53
123
56
8
23
21
21
13
96
52
109
10
19
1
90
15
18
24
25
110
78
157
7
5
62
168
26
28
28
14
1
52
80
52
12
139
46
65
40
95
75
14
39
3
10
109
45
8
47
24
37
9
35
74
21
22
112
56
40
31
80
124
25
94
19
55
3
12
10
38
37
2
68
80
27
69
20
28
3
5
40
20
7
4
123
46
27
24
72
70
6
40
32
64
47
8
4
12
226
89
9
175
94
26
121
37
82
39
48
43
102
43
67
5
7
60
26
39
16
183
111
119
55
29
82
10
17
10
9
55
78
56
38
37
27
196
9
6
25
22
89
23
136
23
87
114
11
13
80
43
16
91
63
6
15
40
15
132
42
33
61
139
50
1
18
70
58
6
48
18
70
66
42
80
5
108
10
21
60
16
79
20
52
15
35
29
4
5
7
39
33
66
83
72
45
189
17
70
106
37
32
34
21
52
2
4
47
1
3
98
17
39
18
8
53
124
41
107
11
11
3
12
29
60
43
158
46
13
75
21
24
32
21
31
42
200
83
8
8
225
14
7
19
8
23
18
29
33
11
20
35
43
30
479
109
56
11
162
23
8
24
4
7
19
1
4
12
180
200
34
57
43
73
112
42
4
8
4
47
29
252
74
16
21
13
4
35
45
94
58
32
32
250
2
83
29
82
27
54
8
69
67
97
14
43
125
52
3
5
70
45
47
12
5
24
26
30
129
11
42
24
64
60
73
31
4
61
22
25
56
95
129
8
40
10
5
147
4
2
65
52
82
37
47
79
48
46
116
46
62
1
8
96
257
23
3
39
38
34
11
71
25
11
1
12
4
126
158
47
21
8
9
87
220
69
14
15
68
56
16
12
172
12
83
105
12
11
7
35
52
26
6
4
5
14
32
36
70
12
8
6
47
28
40
10
16
42
65
12
10
47
132
20
48
4
73
7
30
67
38
22
39
43
34
18
1
18
126
3
125
26
2
95
32
11
59
12
33
53
3
16
10
22
79
39
75
61
6
50
23
143
89
28
8
48
4
4
135
17
27
75
28
21
86
35
31
115
40
88
66
83
44
15
46
119
56
92
52
19
1
22
6
34
1
79
39
67
24
44
11
36
3
226
115
14
187
23
10
24
54
51
31
100
33
17
57
21
13
17
20
4
26
47
7
14
1
19
10
33
75
73
49
10
27
14
22
31
48
11
24
37
10
24
46
26
15
5
14
3
32
10
15
25
45
60
78
43
3
15
50
25
26
49
115
5
89
46
20
15
30
23
76
56
25
80
44
17
15
3
20
58
33
72
69
147
17
35
162
47
11
47
23
63
36
52
26
9
125
21
21
4
73
32
12
38
43
20
41
126
3
15
55
8
6
65
9
65
22
82
69
44
27
49
14
9
37
13
71
11
62
84
70
21
34
5
98
73
17
86
1
47
29
82
142
97
146
28
56
67
36
15
4
2
28
64
73
55
7
71
31
37
69
40
21
14
58
5
169
15
45
43
91
2
44
33
22
20
50
8
3
15
65
1
18
32
24
73
90
37
21
25
15
26
13
164
115
17
30
50
29
22
55
5
104
3
1
37
202
187
118
17
9
25
20
13
3
70
96
8
31
36
14
10
85
46
54
39
148
39
6
102
25
3
31
5
9
53
6
82
3
27
91
50
27
130
139
44
5
67
1
38
15
18
27
18
63
37
147
92
33
37
2
57
1
9
138
26
27
9
27
18
13
8
96
49
28
7
23
25
72
55
4
95
22
89
9
72
32
41
82
18
2
1
18
23
4
12
17
309
14
37
145
60
5
86
4
78
22
12
2
1
151
45
17
57
95
161
12
19
50
45
38
13
4
46
33
4
65
26
20
22
170
105
218
42
36
64
9
1
23
39
7
4
14
10
26
9
98
108
1
19
41
90
27
22
31
15
174
11
75
359
28
1
44
7
48
64
65
11
91
44
479
29
8
34
128
13
28
34
6
54
6
9
64
121
81
101
23
20
8
64
4
58
6
54
32
12
59
73
23
47
18
38
5
37
44
3
40
82
78
96
26
28
34
128
1
49
25
49
61
22
30
21
29
46
152
48
33
8
16
5
5
14
17
39
34
8
10
88
9
53
22
37
22
23
25
10
13
24
32
13
3
273
56
100
3
11
4
39
32
39
111
3
29
48
60
38
85
26
2
53
20
19
105
33
58
103
31
13
33
92
53
14
15
133
24
7
5
15
15
9
212
7
83
98
33
17
5
23
4
34
8
19
46
57
64
10
21
8
16
16
7
7
55
37
167
45
22
34
53
50
9
15
19
1
5
59
22
90
33
33
80
8
64
17
10
29
117
38
2
7
22
16
7
46
25
5
118
31
86
2
36
28
20
104
171
32
46
63
25
12
30
29
9
27
14
120
13
47
51
119
15
21
152
15
28
50
10
33
44
31
8
22
353
87
88
53
3
37
44
51
40
82
105
6
33
26
25
4
13
18
96
12
87
30
12
6
74
15
17
19
58
28
14
5
2
8
80
107
157
62
156
30
59
69
7
1
48
38
52
37
1
26
28
38
39
5
127
23
68
44
48
91
44
18
43
44
4
24
77
68
69
5
28
17
64
11
312
102
27
131
23
47
62
80
35
19
23
34
13
87
46
18
91
333
14
10
31
12
10
68
133
62
63
45
20
71
28
71
14
26
20
4
58
51
22
55
61
54
260
18
67
29
49
38
1
23
8
59
17
118
7
85
62
33
35
37
18
9
111
95
97
82
35
22
83
50
2
5
80
5
278
22
53
20
57
45
25
12
85
19
82
47
59
89
4
94
1
33
89
12
3
49
4
96
47
31
11
110
53
18
36
16
11
116
28
7
234
32
30
9
52
36
14
106
13
61
40
21
8
25
19
2
32
104
39
9
30
36
10
13
7
72
4
56
18
85
18
19
9
21
130
14
29
81
5
39
176
2
14
53
3
26
2
37
69
137
63
129
13
88
25
40
89
9
1
63
45
43
176
8
18
33
16
98
31
29
108
31
7
6
140
76
55
158
52
4
4
7
9
35
40
40
81
2
101
42
7
34
22
69
24
38
74
22
34
29
9
53
159
107
417
8
1
61
49
37
62
30
72
25
4
118
75
91
2
80
12
103
5
35
20
39
18
2
34
32
163
126
25
109
196
131
145
88
95
71
39
29
25
44
21
46
92
54
59
9
91
22
11
27
38
25
121
14
244
104
22
54
97
31
20
19
1
51
10
41
23
24
34
14
5
33
56
15
28
269
36
39
48
17
18
107
3
81
26
8
10
99
73
67
2
7
14
19
26
94
33
77
23
25
68
55
165
58
32
111
6
28
23
5
80
4
40
67
11
662
1
1
18
79
11
6
16
144
52
98
19
24
58
5
85
30
39
2
79
269
9
38
12
74
108
149
38
43
3
137
32
134
8
3
201
35
35
4
39
106
20
3
31
116
14
12
17
93
41
76
17
29
9
31
27
9
51
30
119
87
34
34
65
8
44
25
26
57
30
6
32
23
26
1
37
54
2
32
12
26
83
8
100
76
117
22
34
6
114
82
16
52
70
57
12
90
14
13
65
35
69
70
289
31
13
41
88
28
20
167
31
46
16
82
52
46
15
81
66
20
11
2
39
47
105
269
37
79
3
19
160
55
9
229
13
45
2
26
49
15
190
66
87
53
68
31
34
27
9
53
71
90
39
47
63
86
84
28
10
7
54
65
2
49
53
37
38
101
188
61
132
20
6
25
57
128
5
242
73
48
13
22
11
152
10
5
70
30
12
38
27
17
151
4
26
22
5
45
16
31
20
46
4
93
80
176
13
64
88
53
90
14
41
13
35
22
45
24
21
24
14
94
17
39
63
13
10
1
36
37
35
92
26
69
3
66
49
2
50
133
7
145
12
31
3
35
15
156
34
48
32
225
252
122
109
1
29
53
7
33
37
28
60
59
4
48
60
63
160
388
6
7
5
4
16
9
78
56
5
43
110
47
45
25
9
11
89
112
85
2
49
55
110
14
28
28
12
39
13
78
25
146
14
85
64
41
2
1
17
19
2
11
37
380
44
105
79
22
71
26
110
12
57
12
82
11
15
19
326
91
64
58
1
3
6
34
91
56
122
85
31
53
3
52
40
11
13
57
6
43
41
39
11
61
25
3
2
26
13
36
52
38
203
69
38
1
28
28
83
23
75
17
23
39
108
55
192
17
12
14
8
23
86
7
60
24
5
4
11
120
74
14
55
5
29
64
7
33
15
29
47
17
10
53
60
9
3
33
74
13
8
122
29
62
78
13
17
46
66
94
42
22
56
24
40
50
11
26
27
28
6
16
9
49
14
138
5
149
41
54
28
18
10
13
4
78
4
19
99
12
118
38
36
129
114
8
31
25
14
10
10
50
9
8
59
35
73
115
66
124
23
7
10
62
81
76
70
46
34
27
1
9
167
11
37
71
209
25
23
138
43
66
49
31
5
53
122
19
40
8
56
40
29
156
43
9
13
31
21
37
33
31
29
29
29
73
35
50
8
51
41
157
35
51
60
85
6
31
76
54
45
60
88
195
25
60
15
77
26
8
37
78
32
3
8
42
28
11
79
39
53
14
17
73
27
137
34
14
81
83
3
28
30
85
34
33
29
25
80
5
6
106
114
98
10
38
32
36
75
112
60
89
25
15
19
58
23
42
33
205
158
13
71
22
15
63
12
12
83
38
66
73
2
15
51
51
6
29
130
10
20
103
45
88
96
12
54
6
25
1
52
9
5
468
32
34
14
79
69
42
12
69
97
58
22
46
12
13
25
67
28
15
81
65
86
42
28
39
5
56
108
6
35
103
112
19
13
15
149
104
3
80
51
9
28
36
20
60
22
135
20
39
29
190
38
45
87
32
50
54
67
7
37
26
21
2
19
82
54
38
206
4
20
28
7
28
37
29
25
33
35
28
129
12
60
29
76
78
25
15
44
153
79
92
19
22
45
77
20
148
11
43
7
38
30
9
44
22
37
74
11
352
14
14
18
96
37
129
105
24
22
34
70
15
19
8
84
19
5
83
26
15
94
5
4
11
117
28
69
19
3
5
42
40
19
46
30
35
30
2
193
2
81
3
62
18
54
40
13
30
83
64
23
70
101
16
5
120
38
36
27
79
50
10
105
6
18
37
111
35
20
40
281
24
24
94
1
8
42
40
15
3
112
17
6
14
2
17
113
31
28
3
22
57
58
40
184
48
20
3
2
1
37
134
71
36
4
48
8
94
33
63
15
8
13
293
31
39
17
35
13
38
130
4
6
239
34
7
27
65
42
158
31
132
209
101
4
32
11
31
26
11
38
40
6
88
31
43
27
57
27
1
33
25
85
35
42
13
2
13
5
54
21
40
37
77
4
61
77
75
22
8
31
18
30
17
67
3
30
32
27
50
14
417
72
32
87
50
16
34
63
143
3
74
34
157
3
1
53
80
48
85
13
8
35
26
80
12
19
43
12
17
9
100
19
118
8
22
19
26
28
16
102
48
127
15
51
48
15
98
21
2
136
3
1
20
75
17
18
27
40
21
21
49
4
86
75
128
88
31
25
109
7
54
5
29
40
33
1
7
6
10
84
41
345
52
45
101
46
99
9
50
72
184
32
2
64
4
14
44
46
20
44
19
55
53
60
37
51
34
92
122
15
83
129
43
5
29
8
34
80
1
52
26
7
67
55
7
66
2
55
45
7
12
104
70
88
62
44
10
42
72
133
1
36
89
56
17
106
19
65
9
11
28
14
32
49
22
89
3
34
4
29
30
37
10
76
57
21
36
67
29
96
38
24
133
51
8
115
24
45
128
7
143
8
21
90
40
44
64
30
122
8
57
18
19
47
10
26
109
27
64
51
12
121
98
67
61
9
43
53
2
65
183
94
5
115
4
129
31
31
198
48
45
127
7
124
71
14
45
62
56
49
5
1
18
39
3
47
18
34
146
10
25
60
11
4
309
40
43
3
126
32
198
49
25
14
233
80
68
117
12
75
6
26
18
27
69
13
33
36
11
42
27
88
9
50
11
2
40
29
52
19
143
104
18
1
34
2
38
2
4
48
22
101
21
20
31
80
11
21
66
42
148
3
34
59
27
16
49
145
107
6
3
32
11
26
50
7
77
198
17
37
10
98
62
40
39
36
59
3
100
39
22
4
76
29
6
55
74
7
138
49
11
302
34
51
32
31
21
101
13
126
1
101
116
136
77
28
58
10
65
100
48
20
67
11
40
44
43
25
86
39
28
71
27
4
19
7
155
46
8
45
49
47
53
147
105
24
13
4
47
66
32
23
36
46
77
64
77
94
28
32
64
52
108
4
56
65
44
6
1
12
63
212
1
29
92
51
40
27
17
25
70
2
8
146
67
9
4
33
113
10
22
42
72
37
21
68
39
4
42
43
52
130
16
25
154
26
13
8
30
89
37
94
168
115
17
13
75
11
47
28
12
7
23
46
34
3
52
30
66
643
18
3
148
11
6
107
5
10
212
37
119
8
49
92
22
57
23
3
37
83
25
86
25
40
40
24
29
46
22
71
35
4
1
55
44
122
11
102
13
10
22
65
54
136
107
21
476
97
52
37
33
37
28
17
2
10
83
13
26
87
11
30
92
104
49
15
6
3
237
21
70
86
40
42
4
60
44
18
19
33
91
37
114
50
30
51
117
28
229
214
17
1
5
32
61
5
1
10
15
11
99
2
23
22
2
46
55
48
191
96
53
4
110
1
133
115
29
13
15
3
74
5
16
9
157
34
2
36
2
50
51
28
14
108
94
6
51
68
69
33
65
84
41
17
33
4
136
53
12
28
10
141
55
4
48
5
35
47
50
10
8
111
173
2
90
19
45
28
36
21
19
18
99
80
20
25
14
18
6
54
69
13
14
122
29
18
90
1
5
31
551
9
2
1
15
249
16
94
20
31
41
33
52
62
4
46
4
25
17
97
65
79
53
18
72
8
44
8
49
9
3
19
97
32
76
142
65
81
70
22
68
30
30
61
61
57
113
30
76
40
43
367
17
8
8
78
55
9
124
31
231
24
49
14
28
54
38
39
48
136
180
52
22
53
340
2
18
38
23
79
23
115
109
76
1
29
26
86
27
24
38
86
109
73
5
41
21
68
35
31
30
7
92
81
3
21
18
10
6
20
5
80
57
32
9
36
67
22
18
43
51
39
15
17
22
18
47
36
34
69
7
68
25
16
11
28
32
5
101
46
47
22
33
7
13
28
19
103
126
132
36
14
5
4
23
1
61
9
1
369
67
1
15
43
124
17
27
29
82
5
163
45
7
451
51
39
67
203
5
81
64
16
132
9
10
32
20
85
11
2
46
150
56
18
16
10
121
16
53
17
20
75
86
46
29
13
77
25
71
23
128
23
67
30
48
57
34
163
258
4
116
41
43
75
10
148
41
59
56
59
102
120
43
4
3
50
127
25
32
66
31
102
46
128
62
4
130
16
65
17
10
13
9
14
25
121
27
74
41
54
7
25
45
39
21
14
104
44
93
49
14
41
27
1
96
19
267
36
151
19
65
100
41
11
27
28
94
79
6
35
50
7
32
48
49
126
4
5
11
5
76
56
2
71
48
38
208
29
1
20
99
69
31
38
87
83
60
68
47
10
17
54
38
17
12
79
46
37
10
34
73
46
6
29
154
47
46
19
58
2
32
53
92
36
15
27
97
10
93
46
9
15
4
38
1
37
19
33
78
29
9
168
86
10
42
101
17
41
91
27
121
12
259
105
45
28
91
48
36
39
8
40
72
13
28
24
87
18
4
43
202
10
36
19
131
24
9
18
86
102
4
95
71
40
161
55
47
106
54
31
69
13
10
97
2
39
20
2
45
87
25
19
26
43
63
42
126
13
63
2
97
13
125
65
1
11
33
66
12
49
88
3
2
137
4
514
18
30
46
20
4
14
7
43
9
5
3
31
36
22
90
41
17
15
120
9
31
96
16
112
3
56
21
42
31
30
18
39
6
21
95
55
57
24
54
4
17
34
46
63
2
45
4
63
43
5
7
169
14
23
70
2
12
36
19
19
33
10
63
263
15
56
12
46
42
94
5
132
88
2
107
20
102
5
105
1
1
9
19
1
43
14
9
23
71
50
43
249
21
126
17
74
15
56
11
43
35
43
16
70
30
40
66
5
49
12
66
28
92
11
20
234
60
12
40
22
38
17
26
19
32
21
132
140
94
70
25
7
84
22
22
110
74
78
10
22
98
58
153
43
88
44
30
19
49
74
228
38
47
13
65
18
62
12
74
18
69
137
50
42
3
5
2
45
28
28
40
12
15
