33
124
57
12
75
15
45
30
389
114
467
623
40
219
42
19
81
63
45
128
61
166
199
96
204
115
126
97
26
77
65
589
316
49
60
4
64
7
18
291
40
360
363
44
470
123
61
34
113
80
22
31
412
21
162
30
107
126
197
63
384
117
291
123
45
75
166
117
42
208
31
136
22
31
292
197
459
306
149
118
93
13
1
18
26
16
46
7
187
60
71
856
94
103
351
37
24
107
21
73
43
79
104
301
64
204
148
79
67
109
108
64
647
30
52
32
51
30
6
177
43
44
25
26
384
401
34
308
2
53
319
125
378
74
318
57
196
315
60
115
74
51
309
27
52
7
10
167
74
303
53
52
37
408
136
54
18
301
68
68
40
57
16
21
100
18
112
37
596
206
118
170
643
42
4
60
67
485
100
55
143
52
412
198
387
148
313
403
79
4
56
170
9
66
71
461
82
15
50
53
296
34
71
85
378
180
12
488
75
16
308
95
20
83
60
373
26
75
52
427
767
129
177
142
460
55
1
62
127
3
2
29
164
163
23
38
48
457
51
48
55
87
355
93
598
21
912
36
386
48
783
74
104
83
17
108
290
322
117
483
116
160
135
443
81
128
146
401
123
5
339
45
344
302
38
46
59
120
26
309
89
35
71
59
122
15
40
68
42
68
66
137
48
87
157
75
724
1917
1
18
4
126
64
55
83
67
37
61
213
34
4
96
45
26
15
51
44
128
13
14
145
30
106
348
26
177
164
53
318
81
116
412
73
391
72
6
86
56
7
164
50
107
400
31
6
90
183
49
62
21
22
77
149
102
383
216
191
15
120
1
13
53
106
66
646
24
286
72
40
18
6
211
412
145
141
163
62
212
49
46
147
398
219
60
28
126
871
109
47
96
21
22
348
322
113
785
124
187
1
338
499
369
447
17
740
35
373
22
96
305
392
303
46
23
30
128
155
325
437
69
36
201
188
1169
379
67
78
441
100
3
1
122
74
319
1
96
129
208
112
350
159
79
348
50
91
64
102
12
170
181
456
120
51
285
369
63
58
369
342
110
415
303
322
31
29
77
316
139
126
25
2
398
132
114
67
326
14
46
111
51
384
45
681
13
9
15
39
705
180
171
47
134
71
204
89
19
55
51
186
574
29
470
82
37
9
52
60
645
161
142
156
136
138
196
77
508
110
22
2
344
82
149
79
417
9
31
99
97
346
115
189
147
152
55
47
286
49
376
67
344
299
292
383
7
23
381
99
310
30
220
25
164
133
138
100
44
105
39
20
32
110
54
407
55
47
212
344
53
6
185
114
93
19
297
856
19
49
112
88
68
154
386
108
48
99
199
45
62
87
286
30
8
96
7
473
126
137
45
193
2
82
197
157
45
88
34
66
16
417
3
174
700
8
449
42
154
100
298
320
61
118
68
42
185
135
123
198
74
13
117
66
33
213
39
85
639
10
291
27
1
68
15
112
129
220
5
341
79
63
11
42
168
496
52
35
144
181
49
46
216
79
142
99
38
175
22
28
137
125
677
196
41
2
58
97
140
184
52
113
98
18
37
39
582
286
110
37
16
150
78
154
55
286
128
98
349
87
197
90
211
67
79
209
297
390
488
12
99
82
314
110
4
451
153
10
80
78
43
29
5
456
199
28
41
103
19
205
175
143
66
287
46
147
116
71
33
60
37
185
9
89
125
124
23
51
11
680
109
20
112
5
101
39
92
323
309
128
448
144
91
449
126
309
462
38
119
79
123
123
69
176
1
163
43
3
12
401
30
95
30
84
146
365
151
4
197
106
443
26
81
285
149
12
29
62
353
103
92
44
3
35
83
15
33
43
13
136
81
94
78
312
132
172
200
317
216
35
13
44
6
206
114
375
340
22
200
80
78
83
1089
191
148
160
8
75
144
76
32
169
116
120
80
52
1
293
132
73
67
96
205
85
324
67
195
160
44
191
465
8
22
14
25
43
8
171
42
106
37
380
144
95
38
325
14
126
74
11
94
35
22
216
21
7
776
299
293
78
168
115
112
43
135
30
367
215
6
28
127
41
17
83
334
174
292
108
205
300
111
434
171
316
77
163
108
93
2
198
24
11
129
381
3
143
81
31
30
167
134
125
121
130
205
4
106
197
43
368
182
4
355
150
123
151
59
15
317
75
12
218
18
124
16
360
120
17
88
108
217
194
45
157
219
32
334
504
19
99
78
308
38
118
16
463
8
206
330
84
81
27
134
62
40
25
292
9
679
67
73
125
24
694
607
83
9
66
165
45
649
39
393
104
123
204
17
37
55
28
115
98
43
48
292
351
10
64
28
21
27
314
296
168
42
191
33
11
36
3
396
42
1169
119
298
63
2
15
359
68
3
155
194
25
378
168
26
108
16
40
149
459
148
213
69
91
318
77
181
398
120
1163
433
213
59
15
163
44
595
145
51
1349
195
62
210
6
50
53
156
3
98
310
332
49
148
156
109
45
325
16
85
438
724
11
136
148
9
411
50
209
103
688
10
13
163
127
28
293
174
99
396
37
22
50
32
954
80
70
178
16
54
45
89
27
114
7
9
74
185
68
312
2
69
407
88
212
26
62
94
62
100
115
290
5
87
80
149
17
46
18
317
29
195
7
5
35
36
19
23
51
62
370
70
6
80
314
147
15
203
162
106
9
406
122
394
176
82
703
485
132
63
81
19
33
62
371
352
183
101
18
473
54
55
50
71
6
210
48
133
17
13
115
18
425
5
92
74
31
427
142
131
7
293
175
43
42
160
51
85
90
379
11
146
100
95
142
59
90
63
216
75
320
46
126
43
105
65
604
393
206
68
350
107
427
64
56
151
130
762
96
139
73
160
143
756
71
2
18
102
37
13
638
167
64
438
100
487
26
293
193
120
642
30
85
61
87
9
193
41
110
105
166
21
107
323
491
586
393
20
24
13
19
42
136
60
57
219
100
53
34
27
294
441
18
78
428
58
11
312
15
428
100
96
59
151
194
54
75
75
66
61
160
198
46
191
27
108
355
41
138
109
111
45
15
42
186
627
23
35
7
122
147
110
16
3
379
107
204
42
675
362
91
8
495
718
101
37
148
11
191
4
29
45
29
71
44
291
413
67
45
14
95
5
34
43
344
658
79
86
15
47
8
316
85
91
82
31
88
185
427
95
87
10
355
119
56
120
19
5
298
18
55
380
89
71
87
107
425
335
65
133
75
497
39
139
141
46
46
60
51
319
214
20
29
54
147
367
117
41
49
62
26
6
440
205
6
133
27
216
52
353
337
151
18
3
5
327
6
485
212
216
1178
444
26
457
49
152
315
84
207
66
51
9
53
65
369
31
136
94
48
111
53
23
107
9
106
289
17
380
27
124
318
33
119
28
7
206
217
92
115
96
427
23
132
298
81
123
27
69
71
10
20
51
86
200
486
143
71
418
96
210
192
109
588
112
352
13
202
191
87
8
124
107
52
16
155
183
109
75
912
63
140
187
198
36
185
6
52
70
182
107
124
140
16
23
16
185
182
187
131
93
165
155
33
96
8
96
17
1079
5
91
61
367
5
50
597
15
111
170
14
80
43
37
19
96
117
46
78
334
478
164
101
163
77
123
28
46
28
159
9
24
11
106
42
179
124
71
374
99
13
217
482
126
57
50
14
589
4
38
356
25
14
11
349
43
187
173
34
119
467
5
12
80
72
344
27
6
291
51
160
301
81
38
120
69
27
167
3
113
108
125
112
108
124
312
42
72
371
138
576
97
14
6
466
211
445
1
35
22
30
45
27
337
41
165
79
32
147
751
6
7
139
42
127
212
33
22
646
357
53
90
107
450
50
95
130
52
140
66
119
50
155
33
11
12
209
612
363
402
73
155
4
446
170
11
166
95
171
511
55
96
41
8
26
343
132
337
53
218
21
17
143
131
192
125
321
27
54
71
67
65
354
99
287
170
6
285
131
1
59
34
166
395
59
72
19
108
384
87
122
320
131
20
55
160
52
163
188
27
754
301
57
77
14
10
610
212
667
31
423
44
309
52
11
611
19
125
152
47
202
12
320
119
295
219
131
24
27
3
403
312
357
73
110
110
111
33
152
37
2
31
101
1041
24
71
27
95
95
195
297
286
320
57
330
6
381
145
164
33
43
66
98
40
72
70
86
435
497
128
56
9
11
407
63
2
184
115
184
1
98
26
16
40
601
135
363
134
113
8
480
1
63
32
160
25
43
388
104
45
157
56
305
436
422
2
39
65
34
34
91
1
59
46
129
104
86
21
10
376
298
108
30
57
210
11
4
128
460
147
91
5
15
378
36
108
72
20
25
43
8
290
123
50
22
40
200
472
99
30
586
407
294
196
2
289
44
111
205
396
33
322
291
127
87
16
129
97
43
112
125
50
76
34
30
11
292
53
304
193
352
198
217
326
17
86
345
70
184
59
77
45
41
46
104
142
157
115
120
74
61
25
88
112
321
3
106
58
11
71
81
111
19
45
1468
139
98
11
77
60
99
4
318
28
612
146
55
1912
22
29
81
469
31
41
8
703
87
58
75
39
337
83
292
56
16
187
339
84
24
29
44
45
20
2
2
142
459
186
291
65
169
18
9
92
8
62
180
14
72
55
9
167
135
136
30
137
401
163
85
16
36
6
29
158
23
5
24
4
68
20
671
47
54
198
49
9
27
292
82
13
45
54
13
22
50
154
79
50
938
109
8
58
115
46
10
318
381
78
60
61
425
318
86
41
96
44
40
81
497
167
289
294
8
77
289
40
48
106
122
81
291
219
109
441
10
160
44
21
62
14
94
84
90
31
105
60
8
8
26
691
114
290
211
98
86
211
82
393
206
108
98
410
74
318
161
154
210
12
94
41
26
76
500
21
749
34
331
139
173
127
150
18
132
108
11
151
120
298
215
146
50
390
70
161
38
124
348
36
44
45
33
110
157
22
200
82
47
154
48
5
109
1
311
650
20
145
351
641
11
135
328
334
95
338
85
211
91
54
178
498
36
353
31
304
48
122
23
204
60
21
65
109
54
14
100
711
46
142
83
80
402
62
386
84
41
19
170
142
96
32
27
5
26
133
50
92
311
98
55
173
181
10
80
80
175
135
294
74
122
47
50
123
759
353
286
692
12
300
143
102
47
94
26
52
111
95
193
306
162
177
79
18
20
147
52
18
617
1
61
212
17
449
57
16
202
63
47
363
44
4
10
346
196
41
81
183
83
47
53
98
12
25
157
85
136
204
1000
347
314
69
321
55
57
62
172
71
168
37
151
146
295
1
140
102
10
49
17
65
73
63
55
39
123
167
35
14
397
122
289
101
16
27
46
294
51
294
164
200
61
55
55
329
198
55
13
29
54
210
35
187
53
47
7
92
196
51
78
155
117
59
106
365
31
379
461
96
86
591
50
77
42
409
45
48
18
7
202
17
613
349
54
89
56
139
3
161
354
111
78
170
414
5
128
156
54
48
11
103
105
16
188
50
338
19
75
365
671
97
508
36
13
29
104
52
69
378
354
18
309
130
147
109
21
27
191
158
119
5
356
89
112
209
13
85
6
33
21
12
84
52
150
3
72
120
32
167
85
416
23
304
438
44
623
27
318
35
95
188
158
73
100
179
195
51
110
30
165
209
35
182
7
46
33
121
304
97
69
305
176
152
51
206
109
79
299
72
382
157
144
326
120
37
204
4
113
33
287
12
131
16
305
58
67
51
53
417
133
500
82
117
143
678
90
33
96
364
296
87
151
169
64
152
288
182
78
371
709
164
76
358
59
106
8
141
14
296
92
21
96
38
56
5
17
76
99
10
414
32
158
59
72
324
465
47
13
33
158
39
5
24
184
300
5
134
111
62
20
156
157
15
301
30
45
44
138
113
184
435
302
323
85
104
185
34
112
115
29
187
159
117
69
24
40
180
108
312
335
295
124
210
26
220
35
28
8
24
371
153
286
41
40
106
1
402
135
88
37
117
29
125
3
82
588
153
1
65
82
43
125
113
93
60
71
133
462
46
94
78
21
602
81
66
172
348
87
26
116
176
60
53
3
80
24
309
37
106
28
88
331
132
108
581
89
64
37
110
295
8
217
16
147
70
74
64
57
20
44
324
109
139
11
45
101
62
71
172
70
95
432
318
212
77
120
51
29
30
62
290
114
37
333
118
126
99
30
57
72
190
312
15
59
303
71
92
441
34
447
82
606
10
285
19
156
34
6
149
40
134
3
28
98
176
137
17
317
492
129
53
192
95
14
1011
52
320
121
28
467
77
361
406
176
33
46
432
337
91
30
6
1375
23
2
22
64
15
120
66
161
194
54
17
85
441
295
334
354
103
329
149
94
73
53
98
720
147
209
13
63
35
80
25
217
22
81
940
51
96
341
89
935
48
417
46
489
96
48
33
15
29
44
163
46
101
32
84
81
462
83
13
156
20
59
115
68
165
927
120
411
331
63
177
60
63
166
88
14
3
324
165
32
47
134
32
18
82
35
4
173
5
46
64
30
74
203
10
112
129
573
185
74
673
328
42
16
359
373
56
309
215
22
6
91
326
1538
213
46
58
110
292
24
51
48
151
53
7
85
322
314
65
382
33
101
158
30
171
127
60
94
742
74
52
210
203
399
49
474
23
213
86
301
22
134
13
56
208
149
70
117
126
53
368
21
309
582
97
108
171
65
54
17
56
393
187
444
603
151
11
57
10
150
19
81
59
187
285
144
31
85
210
573
492
623
116
119
23
141
193
401
413
326
208
167
123
49
36
310
27
45
11
197
144
21
298
85
32
27
66
182
345
54
316
327
373
92
166
109
207
20
17
90
307
67
22
50
315
198
200
32
2
608
384
361
11
72
59
400
62
50
43
19
59
9
65
1
199
129
50
166
164
172
116
83
2040
213
20
358
341
104
82
61
39
4
51
50
181
469
298
154
84
321
145
42
15
16
119
76
27
80
33
16
431
157
53
73
46
1
14
12
10
38
37
76
289
149
160
15
83
37
319
77
146
661
51
25
628
43
103
98
405
27
24
73
40
28
376
140
89
2
164
404
55
740
127
129
42
119
114
24
290
81
584
36
34
28
165
344
164
69
83
486
26
12
23
17
142
88
136
64
95
190
286
77
12
39
112
25
323
87
406
76
75
71
11
64
15
115
209
133
155
97
131
68
30
121
426
44
10
130
103
97
216
298
287
119
165
74
60
49
342
44
76
143
303
25
370
14
117
38
29
361
785
137
53
87
41
220
330
486
25
30
92
85
39
154
301
333
27
83
130
89
98
78
50
210
144
123
499
39
99
126
121
129
302
488
55
56
16
341
35
172
166
85
4
76
6
112
139
114
18
70
114
362
292
106
27
351
510
28
7
54
40
87
10
17
6
34
111
186
47
23
20
96
25
37
77
102
120
292
13
118
15
451
112
3
175
618
24
219
337
41
55
6
89
177
59
327
173
136
190
35
193
17
6
33
326
368
129
11
382
184
216
176
1054
111
165
71
121
39
140
331
719
310
21
101
91
16
82
25
715
31
32
75
95
111
349
98
10
353
8
109
20
117
37
92
87
9
480
390
73
4
86
46
208
395
205
308
179
207
14
12
21
666
56
197
156
35
314
435
594
148
89
111
171
37
406
107
358
114
59
120
91
6
15
109
121
182
25
21
45
355
647
61
83
89
11
33
64
144
133
37
327
439
126
152
51
1
333
89
12
11
54
139
69
3
65
40
82
90
41
179
5
32
203
37
81
344
379
205
401
332
21
65
69
21
49
89
127
42
7
38
137
157
356
98
6
42
109
92
304
129
25
115
33
42
328
27
14
598
510
45
369
86
111
31
79
211
320
41
47
133
119
165
69
149
13
485
328
78
61
93
29
45
380
449
198
144
19
619
302
132
29
84
119
50
81
5
108
35
146
45
52
1
20
2
300
84
6
71
166
99
290
291
187
64
327
112
449
35
310
74
1
164
110
21
94
13
138
401
174
82
342
3
45
405
82
418
161
147
303
183
165
712
1071
57
184
627
32
116
86
338
52
635
42
30
39
9
35
55
437
180
742
304
117
86
206
408
14
1287
291
301
110
287
83
202
36
437
458
57
363
21
73
209
7
22
51
5
85
86
11
20
1
30
394
181
171
194
38
152
34
158
91
64
86
144
40
86
303
4
131
95
116
10
195
370
11
72
50
14
63
319
47
134
20
33
157
75
107
147
326
471
27
60
143
344
110
11
7
8
131
20
180
34
379
2
10
35
99
497
115
406
361
33
880
95
46
485
107
6
164
421
133
24
88
100
97
316
37
85
37
132
214
60
114
64
1143
116
78
337
144
55
201
43
1288
6
18
147
35
12
46
2
4
362
95
23
416
185
28
85
206
7
323
79
288
184
217
122
159
9
105
212
87
293
210
136
410
2
160
445
29
32
89
9
74
35
3
95
96
161
37
62
79
372
20
30
58
77
185
18
55
104
18
486
155
157
302
24
128
27
48
28
104
80
164
40
89
99
104
315
127
32
590
338
420
145
58
158
327
653
312
169
164
98
414
461
122
173
41
179
18
49
156
136
72
39
105
181
213
445
25
103
132
148
80
62
856
7
147
6
2102
95
85
317
3
330
103
81
65
196
62
143
9
45
214
122
183
463
80
7
3
443
212
51
56
312
7
21
140
131
141
68
78
81
109
305
49
9
26
17
15
3
192
95
7
39
326
11
689
217
73
5
92
9
136
510
83
25
639
61
12
577
578
104
28
632
39
372
296
61
17
370
1232
9
120
93
61
92
40
356
111
16
121
130
210
82
181
22
191
645
140
208
321
134
78
4
45
589
14
581
86
51
220
358
413
50
169
325
6
80
35
79
88
1
400
302
60
52
50
61
14
1033
29
155
872
71
144
78
188
193
109
301
15
20
36
147
67
63
109
75
21
55
89
73
333
30
13
138
48
41
59
14
474
337
621
377
23
71
443
12
292
438
154
37
31
142
211
203
115
473
444
300
200
196
8
22
66
13
119
8
64
4
197
368
58
32
24
83
50
170
99
30
95
177
29
39
178
287
27
11
10
26
104
126
76
432
302
44
316
161
24
73
35
47
27
190
176
56
396
33
116
11
464
368
155
9
158
404
202
80
90
204
58
144
105
99
410
87
2
48
309
29
24
119
8
28
94
17
181
25
132
162
77
86
1049
407
51
310
150
187
93
66
32
435
97
108
1
58
84
75
5
23
130
305
105
10
12
322
76
187
31
83
439
91
419
40
321
75
158
371
399
22
114
80
92
102
44
450
66
357
163
296
35
298
343
348
19
311
179
400
8
123
52
211
57
90
175
501
45
56
129
39
63
111
159
115
298
100
36
305
200
48
213
22
86
78
43
111
87
100
52
62
15
89
1
440
25
91
338
57
9
75
59
361
91
20
318
57
9
104
93
10
54
72
80
331
126
124
70
74
36
174
51
72
53
174
159
87
80
400
910
402
167
363
5
448
308
83
108
70
414
13
113
123
21
203
78
299
23
4
4
23
11
12
374
77
354
145
5
391
119
77
159
45
155
21
93
155
317
14
176
14
194
136
58
293
53
83
117
412
161
59
166
587
215
13
34
463
430
69
190
79
16
92
20
220
93
17
143
85
113
113
73
2
297
64
58
155
5
114
1265
384
94
318
33
63
426
116
143
65
196
477
37
201
198
501
188
60
117
67
49
194
209
182
36
98
218
18
75
56
20
35
316
27
97
108
63
85
14
88
19
12
172
109
88
15
12
196
378
91
200
63
119
9
354
56
201
158
60
353
48
204
28
181
56
10
351
47
490
53
1
136
27
311
61
124
11
23
396
335
352
110
94
63
142
106
123
95
77
127
19
79
6
57
29
21
27
46
88
30
65
213
23
162
385
132
29
87
68
504
174
576
299
115
386
11
104
219
304
60
86
62
46
111
97
9
86
110
150
30
12
13
383
66
745
47
19
147
72
147
36
3
75
166
107
506
112
54
59
47
46
175
95
196
64
73
723
143
11
100
83
177
601
118
106
124
215
78
183
204
502
299
94
48
122
109
148
2
324
446
138
36
295
27
41
7
379
11
36
18
76
74
63
198
186
329
387
186
201
216
55
296
92
56
26
42
362
200
159
118
1047
451
47
59
139
398
103
309
104
2
176
36
125
53
63
86
121
118
29
10
164
33
2
20
53
319
96
128
499
34
368
13
50
19
359
214
4
74
64
84
41
84
174
31
161
98
1
163
57
186
177
410
26
17
32
52
51
6
6
350
343
137
72
331
130
5
59
85
41
486
433
113
62
180
420
76
120
286
80
182
54
82
68
290
125
116
10
302
496
62
76
191
127
15
67
604
91
47
577
612
23
322
24
118
107
218
115
591
105
394
789
21
62
56
48
298
14
72
91
157
146
23
2
79
32
148
287
19
134
420
45
212
7
65
44
6
46
718
311
40
381
423
97
198
100
57
195
82
122
12
114
51
355
68
29
292
477
179
107
76
36
24
436
92
185
14
141
59
10
218
29
17
391
304
63
58
27
369
99
118
60
88
54
3
86
122
77
21
82
186
33
158
10
86
123
860
22
105
205
116
176
10
156
12
7
73
156
147
360
32
17
165
10
61
164
35
173
406
332
486
69
351
28
114
346
20
152
25
184
36
207
49
133
189
29
180
91
16
586
15
21
40
12
76
169
133
74
287
166
85
343
216
386
139
161
68
340
172
72
85
1
78
400
36
69
311
107
188
175
480
39
33
19
52
166
76
6
435
28
23
43
18
125
165
308
158
17
79
110
7
493
36
50
2
490
112
124
218
184
30
66
64
129
80
391
382
8
75
97
117
11
17
330
21
94
182
184
10
47
64
623
294
19
101
37
135
35
304
8
92
24
135
20
325
111
44
9
50
105
406
202
7
126
216
399
168
307
24
133
30
112
18
68
108
101
355
209
1613
316
131
216
419
158
302
38
385
74
504
43
171
82
17
31
166
80
30
298
285
53
51
71
43
88
78
477
147
293
1172
51
7
33
6
90
38
205
292
113
6
627
58
61
75
405
43
63
67
8
205
149
72
214
150
12
46
189
171
90
179
154
32
367
33
30
31
20
48
55
486
46
491
9
10
101
101
41
298
103
81
52
159
32
59
74
99
96
5
376
9
319
211
2
66
96
124
30
189
143
310
104
33
200
214
165
160
175
30
98
572
430
172
71
120
389
1
14
373
105
172
123
127
57
43
28
112
103
29
13
41
65
110
198
498
92
118
75
134
175
161
48
303
62
145
1
76
99
651
91
403
4
108
7
214
26
26
27
181
98
17
84
336
217
119
12
16
57
70
65
200
166
5
35
80
369
52
332
136
35
359
176
213
423
194
119
51
14
10
796
403
145
5
170
2
20
148
137
303
2
208
134
206
445
457
4
144
22
76
195
784
155
99
60
79
33
38
82
83
42
214
105
6
784
157
19
36
86
764
94
600
73
97
30
14
473
64
39
99
181
162
3
173
214
196
212
98
2
10
70
740
74
73
22
198
31
306
168
24
13
101
89
36
7
4
126
108
309
351
216
85
61
625
57
185
31
23
16
126
14
73
37
103
9
12
173
3
35
354
53
381
632
127
210
17
190
380
108
115
395
173
64
189
390
98
108
12
185
157
147
176
171
5
202
10
19
391
6
118
481
89
120
125
407
30
30
342
71
35
40
5
214
49
113
148
168
26
200
285
103
426
51
35
74
17
39
84
141
69
165
16
648
331
219
78
209
15
39
151
110
73
4
12
203
156
117
363
85
108
398
463
16
22
100
57
23
136
46
16
182
172
457
168
165
78
109
50
12
76
666
160
17
186
14
427
52
366
83
51
74
41
102
24
1037
12
94
63
18
199
20
112
2
368
2
408
136
66
15
315
440
54
341
22
128
37
55
74
104
123
4
7
26
20
138
42
95
292
51
16
16
171
103
26
157
293
74
142
82
58
87
137
70
26
12
136
151
52
138
19
35
50
14
621
301
14
307
125
339
644
16
178
365
27
108
329
12
161
178
48
86
16
134
428
36
165
19
16
582
61
35
53
20
106
114
337
50
56
394
94
362
429
4
38
131
154
72
71
195
81
102
16
79
44
78
12
306
112
77
138
181
3
17
65
97
189
57
321
181
177
164
32
33
180
16
59
43
64
136
426
128
8
123
669
91
12
2
11
131
32
60
54
6
25
60
12
7
402
68
130
142
193
622
113
181
71
738
365
52
202
188
88
80
48
194
29
74
10
447
44
18
55
78
57
298
714
13
128
43
21
59
43
71
79
409
20
98
59
352
50
82
131
215
16
351
468
16
356
115
178
95
24
73
1168
54
61
147
212
369
103
356
44
10
124
74
4
5
11
38
28
86
53
297
111
191
178
53
78
384
950
3
219
8
5
85
35
159
179
365
90
45
144
83
55
41
14
45
465
8
367
148
321
7
32
102
96
80
28
186
63
62
135
473
190
33
41
103
193
102
52
292
103
26
96
106
159
757
18
5
104
68
213
11
150
89
10
202
148
42
148
35
79
95
33
26
132
310
74
289
131
103
333
47
19
70
15
65
104
116
34
147
14
29
70
298
310
143
77
72
287
187
286
741
118
10
117
308
343
43
75
40
101
775
117
113
81
130
362
68
153
73
176
21
39
70
353
16
338
104
297
53
44
24
4
32
103
46
126
143
50
14
143
10
88
9
2
195
84
114
105
8
96
84
66
54
117
364
373
388
40
53
168
98
39
111
102
84
296
442
23
42
19
48
125
69
90
37
57
207
19
51
130
160
13
60
191
71
160
19
497
21
63
98
292
47
341
77
128
194
116
6
171
37
123
148
185
184
108
912
159
332
384
292
199
185
162
481
61
367
296
93
139
96
137
10
211
140
65
204
10
34
57
402
25
148
202
19
446
10
10
358
44
8
89
332
1
213
112
17
180
26
285
35
194
425
69
50
156
119
212
38
135
22
32
16
114
75
46
81
95
12
14
215
50
29
601
171
2180
44
43
324
75
171
44
26
74
54
219
286
94
135
220
72
499
158
74
51
153
191
1206
99
93
55
167
48
68
590
20
113
101
55
154
201
90
647
64
191
859
287
114
5
329
29
111
122
38
355
128
177
7
137
49
95
13
30
76
103
163
83
572
26
592
34
108
187
124
373
95
60
351
104
50
1172
84
81
319
12
6334
138
16
175
105
96
46
116
19
90
168
137
1
41
500
321
207
114
35
123
62
129
50
112
191
37
78
75
93
147
49
17
52
66
314
163
307
3
33
89
118
114
158
17
65
42
33
47
25
1
108
7
674
146
23
57
380
161
18
37
114
365
95
2
219
180
296
34
53
108
43
29
333
133
154
428
130
55
43
159
37
17
63
70
9
66
149
81
172
72
102
17
176
71
87
214
336
73
403
36
288
358
216
42
34
69
170
87
16
26
38
420
5
20
433
67
153
15
36
13
185
31
328
101
16
68
44
31
87
356
183
71
48
453
163
294
191
350
44
109
94
318
172
7
8
330
200
23
140
33
30
4
194
110
621
165
33
300
38
119
32
12
25
145
158
206
201
317
182
2
82
671
43
472
24
101
74
286
466
36
23
133
66
32
25
501
159
55
414
2
32
119
207
3
592
183
59
180
4
93
384
117
13
354
325
177
338
114
185
315
38
147
344
107
673
4
355
57
83
58
123
51
116
107
56
65
154
91
22
199
96
314
24
8
220
4
21
411
124
205
45
135
118
503
117
108
635
78
289
199
51
92
11
39
197
146
6
71
584
138
187
375
343
118
92
14
321
90
108
5
133
13
72
344
370
335
13
3
157
645
79
85
41
57
5
194
190
124
582
2
301
323
73
72
172
79
576
2
116
86
74
5
110
157
71
584
676
21
5
58
12
12
27
33
646
117
116
31
307
113
297
37
169
135
58
95
19
103
46
35
65
28
15
7
495
111
58
138
131
123
85
64
188
61
356
301
112
93
18
433
112
180
380
393
170
600
94
104
18
115
14
211
32
25
142
36
89
28
128
151
23
15
23
1
77
579
65
103
11
12
30
310
135
103
55
120
179
152
90
43
473
135
109
106
189
13
52
51
7
47
84
65
64
25
175
14
374
99
634
128
60
51
331
153
41
176
428
409
315
22
387
54
95
879
449
316
90
83
138
162
56
27
67
54
326
54
32
2
1
68
2
25
186
115
35
79
193
33
23
55
94
8
61
114
305
20
13
344
46
87
32
4
99
18
64
34
144
71
2
103
99
59
11
186
349
302
146
10
1
125
30
84
144
462
108
316
188
37
205
28
17
157
361
29
623
5
177
144
120
56
41
294
72
47
25
71
128
36
4
12
22
42
19
129
353
204
125
296
31
729
43
31
13
119
454
49
751
178
84
2
93
163
19
486
285
365
55
73
1056
331
783
20
26
35
132
134
202
770
365
123
397
41
52
306
157
71
55
88
166
127
134
74
14
154
412
31
122
97
69
388
86
309
647
31
487
128
292
2
112
419
151
365
292
91
1
21
12
68
107
36
203
108
67
217
28
150
59
72
304
65
66
95
58
145
59
1046
58
10
127
69
487
11
154
4
119
7
1
295
53
25
11
121
19
294
76
38
354
51
35
413
204
84
713
8
10
2
308
108
20
210
70
464
47
84
95
58
2
82
97
56
137
76
598
136
335
70
31
61
20
167
366
290
107
73
46
156
10
16
210
115
23
2
297
25
111
174
47
98
107
64
67
105
209
15
102
121
294
119
193
110
13
386
9
74
306
142
40
52
477
185
218
148
2
361
69
69
50
78
42
70
32
19
3
10
324
216
16
3
53
6
85
100
12
138
160
107
160
36
108
51
63
51
93
355
320
76
20
484
291
436
289
99
61
994
141
52
660
5
38
108
133
621
77
70
627
65
66
345
97
396
372
301
67
65
210
49
76
501
8
23
118
320
170
188
338
207
79
4
198
16
164
19
57
50
483
464
27
459
156
56
51
19
418
155
365
40
110
120
79
67
25
13
123
150
92
58
202
213
341
71
290
65
329
351
325
132
22
4
49
112
110
306
29
476
299
141
79
8
168
436
55
458
95
133
70
65
102
433
10
122
107
164
180
56
132
51
95
285
285
54
191
161
503
14
898
131
105
8
125
217
140
150
201
26
185
192
69
681
39
30
186
38
191
30
108
460
109
87
48
74
150
9
287
111
114
294
210
45
218
92
68
783
104
83
171
464
67
52
436
119
670
24
19
14
59
9
49
339
30
58
53
459
48
16
463
26
30
195
44
98
21
169
122
46
220
71
297
872
68
49
76
59
142
3
96
149
144
121
110
423
323
377
287
8
45
5
164
186
85
45
384
120
26
61
190
299
290
192
799
75
65
290
45
164
5
786
74
453
73
67
27
104
404
17
370
69
4
104
110
293
22
98
127
47
34
141
187
94
57
135
362
11
43
366
39
413
86
1317
41
14
64
119
169
122
1
913
25
99
662
8
299
85
131
430
166
158
39
27
320
214
26
408
1
20
383
203
89
83
1629
175
110
285
97
482
1
88
98
999
190
302
358
30
119
213
999
182
503
116
184
34
161
16
68
172
91
103
5
354
38
219
111
170
353
71
21
82
65
56
46
189
82
48
5
34
80
154
319
14
29
132
795
171
167
619
161
39
130
27
101
16
124
161
16
123
38
127
13
24
2
139
15
6
155
1
90
17
27
60
357
374
587
63
302
311
74
294
73
20
61
349
48
24
40
10
127
192
9
104
46
366
90
87
210
113
300
151
141
324
116
16
4
33
189
320
201
56
79
307
90
64
51
79
118
5
98
71
7
73
54
189
328
91
16
16
177
72
148
62
50
163
37
854
162
870
199
172
211
323
433
91
73
488
2
62
17
36
159
17
5
340
764
21
62
308
4
113
38
28
401
856
51
499
49
697
14
83
4
60
131
69
64
94
421
178
1074
2
36
584
62
57
33
298
67
98
188
709
155
111
11
101
107
110
357
128
201
115
214
305
37
5
108
41
171
471
52
17
14
1082
12
25
133
188
355
14
86
47
582
218
8
211
31
373
1229
56
98
493
4
205
102
10
40
311
177
664
212
55
147
30
478
67
8
19
464
20
217
50
25
52
34
301
968
11
6
181
4
144
18
27
9
297
58
115
214
98
38
182
106
581
99
58
19
11
80
169
295
344
118
36
40
3
333
111
81
128
182
165
411
34
7
137
46
79
126
1
5
74
575
294
16
338
68
19
98
643
184
190
32
462
162
123
156
215
326
285
43
305
195
395
72
125
55
177
128
301
11
377
113
427
35
3
48
8
322
22
102
461
4
19
15
16
173
38
54
29
200
82
52
196
481
144
216
55
22
92
31
47
4
64
292
163
66
34
68
86
688
8
396
590
148
149
34
101
34
30
54
216
482
59
132
15
123
51
52
73
122
54
106
3
34
326
53
19
48
35
307
105
2
77
27
349
47
29
12
15
96
14
5
51
70
642
477
1614
3
48
2
364
65
34
20
23
188
76
343
63
17
46
129
120
615
369
52
595
118
44
293
118
16
76
20
153
87
109
169
51
114
51
128
39
217
83
74
63
20
113
105
146
220
7
20
66
62
166
174
370
109
11
486
350
21
50
317
111
86
569
311
201
20
69
42
83
339
21
200
71
12
135
67
26
785
33
219
153
290
78
37
52
302
63
132
85
119
4
84
81
47
7
21
347
198
7
167
65
6
10
410
389
71
11
48
33
290
333
313
82
42
79
37
57
483
215
158
56
133
77
29
67
161
113
3
88
68
67
157
113
387
24
344
106
26
584
139
24
87
95
18
30
32
431
418
82
201
24
178
2
6
215
33
109
116
28
17
20
392
163
288
86
99
12
80
37
65
82
7
7
342
107
153
15
10
71
9
289
73
169
18
108
313
511
98
97
194
114
174
123
206
203
7
8
286
46
205
453
91
1
3
51
321
90
123
59
127
58
359
32
49
7
608
45
32
112
33
108
598
161
36
133
309
448
33
104
16
333
466
45
67
77
130
37
57
56
106
14
155
124
9
174
323
13
198
70
165
46
380
78
85
5
107
405
288
55
5
39
82
95
380
302
171
581
3
203
165
119
34
194
17
44
31
131
124
645
798
59
430
77
220
50
168
43
148
379
47
120
76
395
194
15
4835
322
98
1
83
399
44
81
147
285
66
62
83
301
44
193
31
130
127
4
401
385
16
310
16
37
31
361
61
405
14
11
119
314
20
101
117
99
112
114
151
74
65
109
357
56
164
46
82
5
187
33
52
25
107
496
17
24
151
73
48
416
2
83
79
49
91
414
40
103
147
25
206
714
109
392
332
45
312
305
4
3
68
391
49
57
50
157
24
209
98
40
319
15
60
97
378
25
165
296
51
43
59
641
470
18
102
110
60
44
355
44
373
31
15
34
621
12
145
101
195
35
51
459
9
45
47
101
87
285
378
344
11
3
18
409
88
13
59
46
194
34
18
96
416
37
166
104
22
25
872
67
363
126
106
3
8
369
6
50
23
97
30
49
64
38
33
28
128
950
148
51
591
66
614
133
46
146
474
14
28
38
72
614
26
185
219
86
35
198
45
31
4
334
40
37
195
292
434
179
394
81
171
62
307
104
325
366
54
67
7
154
43
8
289
156
81
48
33
160
295
18
109
152
196
22
128
353
144
143
16
399
621
341
194
20
177
48
376
149
152
95
148
130
188
37
614
68
480
652
164
7
626
183
458
4
122
319
3
128
90
12
164
187
444
87
54
634
32
98
164
185
51
111
635
125
67
198
110
5
36
104
13
156
444
363
108
173
461
37
687
339
153
38
175
72
3
48
35
27
75
96
150
386
97
15
41
9
52
56
15
190
21
26
55
349
30
173
126
75
692
3
178
186
121
89
76
30
37
614
306
493
367
114
7
203
7
108
85
12
57
370
40
89
320
171
72
17
219
32
924
427
419
9
143
128
25
60
26
83
86
88
126
496
293
424
95
79
109
22
214
116
36
392
96
307
15
32
177
32
37
707
65
66
77
92
29
167
19
56
31
128
11
156
213
136
53
2
41
53
183
48
19
12
53
52
17
34
156
82
67
8
63
61
327
52
477
129
56
44
310
140
345
80
292
36
115
390
95
364
121
198
98
9
187
142
318
52
128
2
39
611
66
18
489
410
156
410
137
95
125
71
116
57
349
31
174
44
136
72
790
31
15
15
697
16
452
81
118
52
163
41
54
73
17
368
365
321
14
397
124
22
2
185
136
107
698
86
19
199
142
379
19
169
303
52
671
17
307
460
361
211
188
652
40
73
139
335
48
324
146
725
436
21
21
110
289
104
96
733
219
656
431
200
111
48
3
39
133
198
175
39
149
585
19
30
100
45
1
50
153
38
336
133
40
150
9
73
38
56
105
142
137
126
89
45
321
404
67
358
129
139
31
31
208
113
22
115
117
31
21
322
80
854
304
177
487
120
351
175
314
44
25
47
15
425
165
141
119
149
157
11
12
192
349
79
77
590
101
19
184
170
355
47
61
121
152
176
485
120
52
154
24
180
194
327
14
415
322
148
101
10
18
32
96
43
32
80
293
88
56
38
129
20
94
1159
190
286
194
671
106
2
5
127
106
120
45
37
19
190
194
10
321
10
8
291
219
187
3
82
5
69
58
23
40
33
150
204
414
26
139
31
463
59
60
27
116
63
31
208
15
429
156
33
164
75
110
154
52
375
112
156
1
11
427
143
49
411
73
115
132
17
29
89
424
216
142
85
125
464
2
457
54
93
9
302
356
375
86
4
183
391
88
55
76
342
307
297
35
23
49
49
193
175
25
94
290
28
88
50
391
195
27
99
50
82
128
732
443
404
146
157
302
93
14
18
29
158
64
22
23
121
151
120
72
146
22
175
46
29
203
6
60
52
24
621
141
668
1025
22
414
125
795
89
1
91
85
67
168
133
3
211
51
43
20
347
105
467
419
160
1030
139
934
131
189
98
36
15
351
171
84
155
139
34
10
30
489
14
376
307
427
8
165
9
195
160
101
6
85
16
51
126
329
71
61
137
137
81
11
66
22
12
51
401
74
90
76
8
136
447
83
314
17
75
80
452
53
88
116
666
299
425
50
11
376
70
497
218
39
50
75
8
11
33
21
149
89
97
446
735
29
592
21
36
329
33
14
499
187
21
461
89
29
156
453
41
1230
32
155
39
98
125
327
7
34
328
96
31
355
56
52
31
205
59
365
63
10
65
20
95
92
124
47
153
80
97
168
417
484
16
115
872
72
55
22
107
133
124
32
58
200
16
82
148
295
291
61
61
89
181
67
637
135
20
84
107
60
51
14
7
98
64
436
146
84
110
30
53
1033
59
93
80
50
147
86
131
323
57
328
70
174
174
102
348
475
331
43
12
99
74
8
130
82
88
3
86
506
14
109
108
200
92
184
86
211
69
209
187
113
170
71
99
89
28
71
23
25
786
68
456
59
28
138
74
6
88
155
294
74
175
4
123
689
353
138
109
37
8
293
70
46
99
167
670
43
12
217
46
457
79
35
135
313
296
140
503
8
352
3
185
41
121
23
203
129
1
143
32
86
32
204
85
127
11
63
144
1783
45
86
43
96
63
342
81
102
169
122
64
71
307
493
37
87
23
20
139
366
3
5
15
8
349
506
119
103
199
218
3
308
175
51
148
578
711
292
127
357
152
47
110
90
101
88
21
2
45
43
91
78
200
61
12
60
122
1
803
368
56
82
321
77
439
68
153
86
123
110
100
75
25
182
126
72
176
78
14
52
336
6
5
96
596
588
315
630
6
39
81
212
69
6
438
216
444
134
48
2112
123
129
114
571
17
314
149
40
462
157
146
635
326
161
175
3
22
360
131
85
344
68
573
325
18
73
88
210
39
161
142
195
13
47
375
30
107
87
190
81
146
97
508
27
95
18
77
23
107
409
52
24
152
111
2
106
211
146
52
45
89
307
7
176
392
20
104
149
3
83
28
4
27
81
134
303
190
145
19
139
41
4
22
77
493
67
134
193
1
34
54
174
68
13
338
156
301
23
352
77
84
107
737
156
31
152
220
97
127
55
144
91
59
4
81
174
108
324
158
88
39
576
91
360
57
120
91
23
67
198
40
10
58
13
168
199
31
79
17
76
482
21
22
288
132
183
75
509
64
294
100
109
591
79
10
128
26
1
16
3
59
126
194
143
188
184
9
17
140
614
89
77
308
124
102
107
100
34
7
12
5
56
64
125
67
191
10
579
215
10
80
22
15
178
135
297
341
430
188
24
6
92
305
113
58
180
90
47
31
654
42
57
312
56
139
588
49
156
294
36
154
111
42
149
302
295
197
175
134
293
33
47
55
40
135
86
91
1092
929
3
476
51
43
70
3
10
285
3
214
106
110
1184
488
78
1165
179
162
148
289
13
571
410
579
129
76
5
200
64
60
183
72
65
287
27
51
73
118
41
81
21
16
35
394
189
21
99
11
38
325
361
313
39
703
192
23
79
166
1454
13
763
184
507
89
28
376
72
61
591
91
162
76
201
55
135
50
44
287
403
55
199
36
116
13
125
334
1
32
72
41
156
118
31
48
165
30
91
10
17
19
140
60
132
49
117
45
34
88
150
39
157
11
597
156
11
16
356
93
12
201
209
11
60
348
445
58
10
20
81
353
174
86
49
292
26
327
59
29
10
47
70
897
19
56
47
87
106
68
161
99
62
133
115
312
11
6
22
31
326
145
9
38
6
579
68
23
32
728
738
97
114
176
54
294
19
31
385
84
54
433
99
450
121
159
20
34
345
11
94
9
84
136
592
18
46
328
171
59
367
120
390
145
301
390
367
368
4
177
53
3
339
60
128
3
122
13
140
108
29
457
207
28
32
95
18
149
430
178
205
1990
42
393
331
210
132
642
102
94
215
167
186
10
126
46
327
82
336
31
135
154
8
318
161
214
82
55
4
285
73
82
115
130
853
316
507
121
17
99
89
40
59
402
36
59
308
33
157
147
72
85
322
134
465
162
116
309
55
154
63
25
83
182
99
290
21
633
107
33
37
1071
20
311
100
112
189
86
40
509
31
199
374
3
103
10
148
43
112
99
8
75
98
29
102
19
15
15
135
44
41
21
328
169
13
54
12
294
4
181
171
288
20
285
2
83
66
131
33
37
115
4
305
94
196
142
73
16
89
127
443
43
63
78
79
32
140
54
106
339
423
77
308
142
333
1
92
1
881
619
17
630
136
64
135
71
60
302
52
135
14
71
70
80
1
17
16
78
17
32
453
99
155
46
68
208
297
88
170
71
47
48
452
23
65
40
22
27
88
138
143
123
1
151
130
61
24
10
184
877
73
611
35
152
183
105
135
96
69
133
369
324
320
215
89
13
454
150
503
112
134
200
118
9
85
10
19
7
95
109
47
69
213
10
57
313
47
156
76
219
495
83
80
111
320
100
101
174
10
17
6
63
136
8
58
457
48
20
145
341
212
25
164
285
69
26
87
91
722
11
356
127
308
129
50
348
24
509
346
73
149
4
293
55
138
20
39
149
293
3
9
31
194
103
476
185
38
305
467
16
114
304
19
626
35
327
17
144
22
81
22
121
55
216
191
81
7
172
1
39
11
202
42
188
204
596
111
87
787
311
327
8
154
66
132
1989
219
72
118
123
107
63
5
431
85
10
466
24
142
142
360
41
26
126
166
366
490
107
59
68
112
50
411
34
32
45
620
135
202
78
91
311
77
773
12
187
119
49
30
84
12
102
18
95
7
159
68
65
40
64
184
93
139
43
162
579
153
128
36
128
45
29
81
124
78
17
13
92
176
114
12
46
180
577
55
299
465
1
331
44
7
33
157
32
318
200
390
2844
43
67
1262
57
63
2
68
1
31
36
35
23
118
209
473
95
114
60
52
338
16
103
98
181
1
12
1
68
72
98
176
104
349
27
16
25
59
144
665
66
87
20
472
465
384
14
104
52
26
54
402
406
79
87
61
79
619
135
149
170
211
420
38
387
21
32
78
94
339
215
32
66
36
125
466
151
614
335
91
98
67
185
213
169
29
8
41
96
429
343
26
113
32
164
69
85
218
53
18
21
23
72
25
178
37
152
117
48
15
46
71
11
155
141
108
177
71
49
357
65
35
151
16
31
434
286
148
117
2
64
53
58
2
93
54
17
161
593
595
56
44
400
111
6
55
479
191
154
345
389
301
37
217
210
132
162
346
66
9
3
696
22
1154
17
336
19
72
105
122
124
38
9
288
6
319
438
602
99
46
117
155
662
7
85
113
10
326
352
18
462
56
28
52
34
390
26
132
294
132
98
109
51
87
49
57
184
49
434
128
47
71
35
94
90
65
96
71
143
26
358
339
67
95
362
132
95
148
204
16
22
435
186
212
310
52
300
136
20
705
158
393
82
206
211
577
164
17
325
13
302
374
502
26
101
13
200
50
293
7
28
17
24
51
24
74
7
36
21
370
119
73
126
357
403
12
50
29
91
203
25
13
30
75
8
6
110
105
41
342
338
177
292
300
358
31
189
60
4
495
37
352
95
307
917
170
46
137
444
64
20
34
453
288
35
38
105
92
18
110
24
191
21
82
186
92
111
49
69
142
51
82
189
78
198
191
163
326
85
61
186
368
12
610
220
392
10
30
88
39
134
4
29
304
108
69
12
66
1
111
115
2
195
37
50
26
717
7
88
121
163
133
36
200
301
672
38
33
95
311
48
72
32
665
25
18
71
180
319
1
1
62
332
62
24
139
116
