17
320
303
383
59
54
29
590
315
321
24
42
71
66
10
305
596
18
293
46
70
11
65
1184
1220
1507
79
9
339
52
376
297
343
624
92
299
16
301
364
310
618
79
1462
371
297
31
4
8
328
674
85
6
9967
387
1476
76
330
97
299
913
1198
77
601
882
651
309
1203
79
619
46
59
1501
378
612
966
18
14
20
1261
10
32
77
69
589
657
90
967
346
302
85
50
376
914
85
597
10
384
332
17
1178
13
1179
329
20
1184
52
929
297
914
35
653
623
85
373
330
614
882
52
330
351
590
938
4
905
330
34
338
61
80
22
630
92
949
81
622
56
659
76
885
87
195
617
74
11
619
382
330
1528
58
324
55
84
363
83
327
624
11
71
66
663
925
70
38
7
299
3
87
321
48
601
46
74
5
38
30
1228
34
51
17
1258
655
622
956
304
596
1500
1169
68
87
591
42
58
16
939
64
593
40
54
1258
4
300
619
352
388
81
1799
28
95
85
893
75
345
27
904
88
1217
70
6
79
585
10
297
1213
341
296
1224
920
353
913
351
373
653
17
12
353
329
596
63
84
892
61
381
2
92
889
298
62
48
585
311
31
195
316
83
54
1228
71
34
60
334
36
56
593
331
69
28
4
648
313
14
27
608
878
90
384
334
85
589
29
39
18
322
318
615
195
2115
37
1476
307
38
647
314
73
34
896
89
1177
931
1798
882
324
637
80
52
29
384
76
11
70
38
310
2685
1
303
91
622
614
667
369
33
1482
22
87
11
928
587
15
1486
1748
331
55
39
368
604
671
626
30
27
17
1
1489
930
1220
63
41
36
33
95
364
1484
674
33
36
21
882
53
27
71
670
324
74
336
14
1499
307
4
5
43
308
1841
14
357
85
1233
593
29
598
87
32
16
3
68
51
970
379
1191
68
74
328
70
18
63
53
75
38
355
882
1828
593
49
655
60
90
620
52
86
674
30
27
652
349
656
32
639
76
33
357
900
40
338
84
37
353
332
343
8
892
350
615
340
652
1209
593
322
297
918
928
623
83
314
18
27
301
591
918
1179
1206
26
347
314
57
298
77
293
891
47
75
24
622
31
46
27
345
85
54
8
644
656
79
29
294
72
1224
368
66
87
304
1
30
380
37
1806
37
308
56
337
626
302
294
5
332
90
302
37
324
74
35
298
1533
893
15
916
673
62
49
608
34
326
14
303
21
380
79
596
652
25
25
87
19
320
68
314
3396
350
596
39
609
40
38
612
600
885
346
54
81
31
616
328
953
44
75
86
2042
899
611
338
356
39
53
26
360
1231
586
31
621
351
12
1200
359
309
332
925
597
29
54
674
34
9
653
55
87
364
47
1227
345
38
637
39
52
486
330
3
675
81
61
1834
6
935
658
650
891
79
91
598
45
57
965
307
381
622
11544
317
9970
96
83
6
337
50
387
2075
368
40
318
71
883
297
2
63
91
52
660
300
381
1169
49
77
64
359
59
72
30
54
599
649
31
958
61
876
75
37
338
598
55
94
20
912
2133
35
30
338
29
595
85
69
77
63
916
1551
627
666
25
936
75
57
12
31
26
663
1182
42
588
83
38
611
602
51
6597
612
334
295
87
351
60
593
35
295
584
298
337
57
596
9
363
84
878
86
43
358
25
63
84
68
324
592
349
924
79
11
84
892
1
60
329
10
337
943
645
96
324
593
314
919
888
644
312
13
28
14
621
309
34
877
313
651
369
1459
1533
387
890
54
585
313
53
301
60
59
309
307
602
23
968
1824
1650
332
670
13
96
1490
16
592
599
623
919
41
777
626
293
293
92
86
598
945
65
914
317
37
647
333
643
64
378
333
590
1783
952
58
585
384
618
322
27
47
25952
9
8
347
609
590
25
924
329
36
342
52
2
301
648
83
301
3
666
676
654
332
64
337
60
944
1
53
327
24
306
23
37
4
31
57
25
80
676
5
910
24
966
82
298
17
96
76
72
5
25
5
73
598
2
589
355
1783
2130
673
75
318
1194
2
354
296
83
2
381
16
388
919
65
1
637
41
76
34
384
887
19
47
42
65
34
322
7
330
21
369
598
1203
1496
330
371
1235
667
293
7
4
32
20
28
620
97
650
26
75
592
346
8
18
1757
12
27
303
626
38
6
2
18
5
385
69
2343
1212
303
324
594
628
318
320
17
353
1484
48
327
373
81
309
615
55
354
648
366
325
353
7
78
366
306
8
41
49
30
633
675
1186
54
295
348
367
1196
1474
1180
295
612
81
47
331
658
1229
932
346
335
68
343
613
603
615
1473
30
34
2
1474
12
322
72
11
19
30
947
335
2
1800
601
600
28
24
5
15
893
60
58
14
97
313
919
344
890
6
353
1465
1225
619
777
62
25
367
48
52
621
2
11
57
340
70
388
54
309
623
81
70
32
46
302
346
642
336
336
661
2961
55
920
67
70
888
53
946
1172
328
603
72
71
1206
355
37
305
634
1200
7
2131
195
1779
627
97
7
300
41
20
50
46
80
2
4
625
22
61
58
336
67
13
87
301
79
317
628
26
613
12
618
646
1176
33
339
27
313
12
357
603
369
879
903
72
92
3
370
1499
320
7
38
74
1227
94
66
73
588
777
365
928
82
922
31
367
45
56
332
375
62
3
644
294
356
639
619
83
347
83
13
14
645
326
311
91
949
652
55
52
374
586
380
350
78
611
299
2064
64
374
1187
86
304
43
333
30
17
81
652
70
55
1538
33
623
657
298
2
364
85
32
93
42
9
638
1246
374
667
957
619
24
372
332
1483
585
72
343
588
1841
2099
918
313
908
295
1207
64
597
949
915
348
342
672
1239
96
5724
80
297
69
377
318
9
637
606
926
1523
881
71
44
627
315
67
486
78
898
1551
8
1518
39
27
40
594
48
58
13
41
353
658
632
384
17
941
588
1768
339
360
305
31
48
304
66
627
638
388
1
53
1236
32
631
76
76
627
32
1794
13
321
610
54
28
660
25
44
1210
36
351
90
42
1174
1494
875
1
19
62
322
65
340
361
8
335
349
3
316
88
49
616
314
19
369
5
23
13
307
95
59
306
937
89
30
343
304
334
314
878
360
2369
307
21
2364
1816
66
21
604
47
93
2
644
643
611
621
90
40
338
65
58
595
369
5
78
8
622
1780
1500
332
29
330
382
917
1757
6
669
318
1753
39
56
75
89
51
889
38
51
645
377
5
39
41
946
38
303
12
891
926
314
12
15
56
626
46
61
379
84
2
2072
627
2
664
13
55
5
602
314
625
37
70
50
70
51
42
67
319
321
307
16
11
300
638
68
593
20
195
27
31
350
376
70
359
626
1221
56
58
317
308
1497
60
69
371
341
348
332
15
609
348
927
1187
21
889
589
13
310
9
363
600
3687
1236
30
301
295
4
2
78
2417
617
9
643
317
59
361
28
18
1478
83
346
366
41
358
1513
375
1215
57
54
635
97
65
80
96
615
337
1212
1187
301
2
929
882
324
325
1793
38
924
882
965
621
317
915
97
57
65
297
1214
876
50
11
888
28
53
39
385
28
88
65
1222
923
596
380
87
90
622
78
588
929
78
310
66
57
1484
586
96
894
62
58
361
46
614
629
1221
359
333
630
7
50
365
1260
40
83
310
32
338
592
303
1237
33
91
313
331
917
893
314
614
5
34
21
11
662
628
83
312
627
664
640
356
1464
586
48
40
2338
45
2063
651
302
902
305
70
94
297
5
319
335
36
648
4
361
367
610
959
323
56
2922
19
929
619
330
299
89
48
1193
613
11
16
642
58
16
71
1187
24
618
21
308
3217
304
631
44
60
31
596
324
90
86
66
376
326
364
1499
326
30
615
36
887
77
957
910
365
886
617
56
6
74
20
1237
35
962
335
1463
64
378
300
2417
661
86
336
371
3006
608
970
942
296
1543
672
935
55
339
926
57
82
377
45
97
8
317
4
634
44
34
41
94
95
58
371
3
63
16
20
34
72
10
897
306
60
365
63
1222
637
947
338
15
1236
652
92
346
368
923
93
935
334
195
2
626
293
2645
370
14
74
16
39
1752
35
380
54
84
8
36
648
309
365
43
75
1246
615
602
81
1463
620
1811
27
357
88
925
317
940
83
901
321
357
918
23
3
43
298
295
57
2
611
340
678
4
17
53
2129
19
11
90
48
384
87
339
620
61
35
909
95
23
31
44
953
18
358
321
370
15
34
1222
91
925
1524
31
663
627
649
1210
674
595
299
307
23
386
94
20
588
666
93
319
675
633
645
601
320
96
73
31
1254
330
372
371
342
1206
93
33
300
94
961
36
35
659
1524
375
7
355
67
71
5
298
70
1170
19
327
1750
80
296
336
2365
36
91
381
313
331
95
343
296
55
306
339
24
331
1533
329
50
640
1477
1206
95
19
652
25
17
343
88
39
4560
603
39
5
1
1244
69
54
606
341
1831
332
5
45
932
307
1828
310
2661
91
895
58
60
904
7
344
3
652
47
593
364
90
880
908
22
88
303
92
24
659
10
9
900
65
298
51
87
1458
25
653
42
27
662
67
31
4
2079
4
1215
620
44
351
604
26
343
25
73
346
360
73
93
64
25
46
615
88
372
90
22
370
656
954
35
1248
313
373
77
373
78
80
1193
351
91
594
70
68
1481
947
74
627
367
940
26
293
11
30
301
41
1550
53
49
303
61
593
72
293
1812
43
343
319
347
319
91
662
64
380
43
341
369
635
621
586
52
636
348
898
39
596
59
1466
1213
22
361
592
1525
73
15327
2
1244
1173
57
1513
634
7
299
16
79
645
68
619
1757
604
378
307
324
615
86
368
2523
675
633
1222
1842
13
11
31
83
908
53
333
90
4
635
54
593
609
376
328
42
877
954
48
959
94
665
96
7
78
303
6
16
320
347
636
55
28
642
306
620
586
7
643
56
84
55
348
45
486
657
331
323
71
70
14
85
353
335
82
48
1175
8
65
35
325
307
899
903
679
375
909
53
6
1466
328
81
606
934
323
2371
22
1201
96
346
23
50
631
45
324
299
640
11
592
48
2635
10
299
332
1
28
10
316
307
637
295
58
304
79
88
363
1195
358
8
75
10
56
71
305
585
46
586
375
312
12
63
53
617
63
57
1194
365
42
674
306
625
35
4
303
388
927
319
335
627
51
1541
97
366
15
2335
298
672
630
340
82
606
331
4
85
62
39
53
1
29
72
317
587
6
16
337
32
5
20
344
1185
51
2
2
10
382
64
7
68
53
586
307
359
1068
1212
195
888
56
45
606
648
89
595
2978
345
303
370
63
318
361
329
668
383
925
6
46
30
319
84
30
65
45
294
25
904
636
372
1170
59
59
640
876
384
38
43
367
1199
2
1763
28
72
44
18
1546
666
73
69
311
66
297
74
324
1213
903
59
52
650
66
71
66
881
627
602
17
913
602
585
323
50
27
677
35
904
615
18
2988
69
83
383
13
587
875
359
1195
378
80
363
23184
338
14
306
38
882
336
307
665
305
1181
354
321
63
93
63
62
337
92
80
890
5
21
366
381
919
615
325
951
592
75
35
657
315
628
1224
350
1239
303
69
75
24
317
41
322
8768
1252
31
668
93
5
60
356
4
315
341
931
80
385
74
356
5
89
1235
349
383
371
381
320
654
91
86
370
59
16
70
312
46
294
48
1534
600
1193
1190
359
370
928
52
5
68
1166
340
64
892
610
23
930
626
31
378
5
644
653
600
378
1238
660
598
588
3819
946
41
310
641
918
295
2335
350
3
589
903
15
593
588
924
51
1197
80
905
363
331
195
18
919
57
1215
323
48
361
25
58
935
87
17
1806
15
10
3978
654
933
304
299
676
1215
97
317
486
83
38
891
9
87
1182
67
307
608
2078
1
56
586
20
376
77
18
387
60
618
3
1
354
1190
42
1
623
325
2129
3
6
10
326
1188
46
585
351
924
16
1196
337
72
319
355
620
81
20
941
33
325
598
900
326
1753
334
384
26
377
375
12
633
5
1188
335
308
6
369
1465
383
307
893
955
57
30
66
2
86
27
316
370
302
1477
295
1244
5
69
23
371
334
61
644
20
39
70
87
24
309
589
351
969
73
1835
952
31
12
366
330
359
1
5
940
637
1
1810
886
349
4
675
21
15
378
344
1225
68
94
618
97
602
915
27
327
595
62
60
60
936
41
301
44
909
38
2
348
89
299
1525
914
66
666
86
901
45
309
897
9
381
586
13581
597
36
94
29
313
631
361
353
38
64
1209
20
882
8
878
947
14
68
11
64
29
359
27
598
89
638
302
4
372
30
35
58
16
30
371
678
630
34
12
1523
74
58
58
613
620
946
44
1252
30
4
1836
27
35
14
306
1227
8
2112
83
300
58
585
1472
54
7
73
322
35
584
591
936
649
14
598
370
656
79
70
303
1254
333
44
75
1506
362
14
28
650
77
654
341
69
1230
1533
376
88
11
17
71
376
24
299
640
961
311
363
33
650
882
344
81
326
67
13
1789
879
94
306
351
12
17
611
83
86
963
71
344
1068
8
1530
86
33
2340
381
80
60
44
930
598
306
66
1231
311
348
93
2
52
32
304
8
306
15
96
32
953
89
39
621
335
21
901
958
20
596
301
294
326
323
75
3
4
48
77
1794
643
373
78
597
1498
26
299
25
1
379
913
343
345
652
384
90
35
34
304
64
7
2919
647
90
357
58
362
71
1248
297
10
41
1215
37
20
1474
339
45
384
325
14
72
330
8
614
1253
357
383
21
931
340
8
28
385
896
961
94
587
34
14
21
61
35
622
75
6
314
23
360
916
68
32
11
634
2
13
94
908
323
385
341
61
777
5
1527
623
17
1248
630
956
361
298
335
16
331
328
336
649
602
659
42
21
51
52
29
84
51
294
24
603
21
662
304
30
308
302
592
623
87
354
650
49
18
1
93
955
323
2814
53
35
309
301
892
602
382
33
9
596
97
1793
45
361
1202
308
71
344
586
2351
43
26
311
39
334
81
54
1254
604
675
350
605
597
324
63
94
332
324
93
897
633
52
32
941
378
926
346
77
673
368
1178
887
95
635
670
343
28
301
655
23
5
306
3
57
29
84
16
91
350
80
303
631
9
20
1783
339
67
640
936
86
339
26
316
55
627
43
373
32
297
91
85
1167
351
293
40
45
36
358
327
8
9
616
26
631
60
310
299
3
320
325
74
633
22
319
4
351
639
18
48
5
49
35
386
47
917
353
777
78
56
27
340
29
22
348
387
633
17
30
50
1214
360
41
351
334
968
2346
36
671
90
388
364
964
94
963
1
32
318
299
24
26
312
885
90
311
348
80
1826
600
301
1219
365
321
23
24
16
1167
93
607
374
1759
83
88
62
91
669
47
31
59
44
42
1209
602
325
883
614
308
626
357
298
673
665
599
43
323
296
944
1196
344
52
310
623
331
29
640
89
1193
65
41
1780
41
74
303
961
939
295
922
66
383
622
320
10
8
1801
8
602
628
335
87
1171
338
2104
912
29
90
4
649
361
2232
330
351
46
308
586
54
94
1545
2940
614
311
594
777
92
332
304
326
5
65
18
880
312
96
50
3
58
91
60
368
54
350
73
34
365
1211
68
897
335
53
7
18
87
1464
20
31
41
486
8
28
608
360
41
3232
585
69
335
653
369
48
347
73
87
17
302
82
16
40
28
49
326
586
29
347
2072
15
334
658
30
339
927
67
92
16
615
919
13
358
89
918
97
70
4
962
43
20
591
629
655
301
36
88
1171
319
68
75
952
42
77
46
357
603
903
21
642
331
318
4851
308
900
626
54
643
33
70
32
322
1202
2
624
876
40
8
12
610
67
642
80
604
299
21
2
4
1195
43
598
1203
365
360
923
1498
8
71
588
27
42
630
9
591
13
92
68
354
26
960
337
661
81
64
43
1787
74
59
90
598
15
350
950
91
679
352
1782
12
1191
955
96
77
78
1170
56
56
896
919
18
585
1777
59
649
294
2
57
74
336
2922
388
637
15
932
97
315
93
7
83
66
33
298
12
16
22
1201
333
56
53
612
49
296
314
21
910
330
600
37
675
896
15
52
95
52
10
654
893
58
329
337
376
29
82
336
298
16
75
27
15
892
67
664
961
305
660
60
32
667
966
62
895
613
308
362
33
650
910
902
67
777
357
640
19
81
298
674
21
87
381
612
19
644
55
60
80
305
349
68
326
85
1236
1183
610
361
22
42
83
91
1221
17
89
68
94
6
628
15
318
43
372
677
2
336
91
296
945
1466
97
334
14056
958
903
74
21
360
50
57
329
354
898
42
331
1461
610
670
1184
73
70
312
7
14
341
9798
94
367
904
369
909
648
613
25
21
886
335
636
3563
381
1222
18
305
75
40
26
60
3
328
602
1759
664
74
72
41
358
9
324
1941
886
6
63
603
302
602
1
344
1515
23
35
96
6015
19
23
366
904
363
904
1225
26
338
618
1187
68
53
12999
51
312
97
19
318
15
19
361
2061
373
90
662
345
1461
310
359
356
899
90
51
1211
340
67
1176
339
45
1223
655
599
312
339
1498
25
8
9
91
48
1212
363
616
345
675
968
1204
54
68
344
52
96
347
47
1819
30
656
1194
384
1176
42
2055
62
352
93
75
308
31
92
1232
295
902
601
298
15
598
50
340
61
1180
2
31
656
961
13
338
617
607
1826
27
12
90
38
337
18
638
605
68
366
1224
372
309
384
384
360
32
305
321
39
306
63
320
1765
48
2044
3
44
96
316
638
87
62
307
298
24
1178
337
90
27
368
338
81
311
671
19
14
1501
21
596
4
597
6
914
633
362
350
12708
664
650
59
195
37
305
18
63
339
41
623
1237
43
886
610
49
42
11
28
195
601
87
896
351
610
32
76
44
29
617
880
592
26
4
621
63
955
351
334
364
360
627
632
384
3
38
314
35
777
905
298
69
54
44
297
888
1500
922
18
81
317
45
592
86
49
12126
322
615
69
10
654
37
317
300
486
357
97
648
588
10380
64
376
301
57
4
337
97
76
66
23
24
669
363
610
672
2132
298
60
21
886
345
73
598
317
71
593
81
662
606
932
16
940
12
1470
1802
61
53
1544
315
33
647
1169
645
16
10
19
356
77
91
55
19
1
339
36
7
67
10
1193
59
52
320
627
2106
628
85
10
62
23
1474
652
381
1219
95
10
14
5
624
342
294
611
298
37
356
898
908
309
1257
2045
44
52
1204
55
921
1226
87
70
42
342
311
31
328
300
337
12
598
606
1220
54
311
926
69
81
351
48
21
78
590
80
363
3
1201
1191
346
898
333
296
5
70
70
357
83
1171
91
323
77
587
649
2127
57
1203
1226
48
1779
378
1231
195
47
642
916
1199
13
585
45
1193
599
338
638
925
295
70
308
11
1524
356
42
32
338
638
22
380
892
42
50
618
635
79
349
22
11
678
10
629
295
14
74
21
295
27
2
15
1218
24
6015
70
10
314
386
300
1191
56
297
45
328
80
30
65
387
18
614
7
2713
638
85
595
377
954
297
8
636
296
83
777
54
53
2056
69
916
84
332
84
307
299
371
921
300
928
8
1511
21
368
359
306
381
649
640
301
1492
611
335
325
368
379
1790
47
369
93
312
1487
2
318
602
1242
7
1760
53
13
30
47
57
897
86
15
97
33
380
18
91
95
678
340
929
43
6015
12
1182
23
12
1180
590
61
591
6
26
57
77
352
75
377
665
72
33
15
32
63
21
1486
31
80
361
28
23
608
361
316
294
635
8
15
634
27
342
61
54
1819
1207
653
40
12
1530
13
17
8
667
87
356
11
314
38
927
48
42
629
97
96
58
64
1169
619
1190
2
588
345
660
657
587
3
343
1534
76
295
964
74
15
313
13
1248
11
1522
351
342
656
10
336
1501
1255
5
42
321
45
86
320
3
61
39
585
307
62
304
1650
91
93
647
875
911
91
5
624
927
80
89
350
2
1255
66
84
311
623
1175
634
2051
299
38
25
31
91
50
324
61
375
72
42
625
5915
33
60
95
24
964
25
355
5
33
5
946
601
602
65
318
1551
1199
616
897
596
655
954
341
82
1526
70
14
344
1497
311
49
13
31
56
1941
37
32
8
35
295
3
38
667
343
875
918
323
14
63
336
67
369
19
383
903
14
319
614
326
647
60
2
924
592
323
35
589
636
313
3
601
1
602
324
2347
77
86
34
1249
370
1803
678
1525
1802
372
306
12
79
934
56
310
325
339
627
89
5853
96
295
51
311
639
602
35
315
957
347
295
1495
15
12
297
50
940
654
19
19
617
11
16
67
195
17
17
76
348
23
1489
62
76
57
297
338
1489
338
674
19
300
643
307
375
351
594
66
1487
37
624
87
56
23
72
1
89
1201
303
303
73
18
610
91
13
587
639
334
311
8
58
609
371
21
954
310
368
351
62
347
8
956
943
2115
630
10
71
331
614
62
2
77
53
37
23
667
663
17
17
59
916
1214
62
12
317
5
295
1788
57
29
311
63
304
52
64
941
9
54
654
358
328
2062
934
9
61
372
29
936
38
3
306
19
68
884
49
297
18
368
620
600
9
6
84
334
338
312
367
23
9
299
891
1770
83
332
1182
344
303
91
331
62
2
94
1
12
40
312
609
322
43
37
32
17
340
94
15
85
1198
333
18
53
939
1466
302
33
1543
95
381
26
36
41
1241
311
293
23
952
652
373
52
606
342
56
348
667
381
77
599
37
596
33
676
883
361
14163
80
955
1478
342
941
87
642
363
309
2
1774
321
11
29
949
77
64
92
1
44
25
24
90
1479
311
355
8
380
337
42
358
1230
679
65
890
1212
367
369
47
56
48
950
602
1804
35
304
387
51
374
26
675
584
376
627
9
75
60
36
353
671
16
598
651
1240
92
36
74
29
11
1510
93
299
11
327
24
486
335
29
621
591
330
50
1212
935
346
304
16
23
12
337
300
658
87
917
1193
335
72
86
294
7
45
351
676
11
86
598
56
879
76
89
900
2343
376
627
1179
21
647
38
12
42
58
42
904
1525
18
1224
42
585
35
585
74
309
37
610
30
341
340
32
610
317
55
78
74
900
28
915
1484
93
54
1752
649
336
1813
1242
373
897
637
87
1211
962
44
37
1183
1182
38
20
83
82
27
653
306
77
18
45
346
21
195
26
906
673
302
8
2
323
53
667
97
302
590
73
89
31
88
44
60
2
50
95
384
297
80
43
46
322
307
79
896
946
94
311
369
8
923
893
24
37
2053
88
68
40
1
39
887
1533
889
656
313
1496
42
17
17
68
942
940
300
364
91
357
83
307
1941
920
340
967
87
22
386
329
328
967
355
10
875
370
68
361
28
388
19
384
60
335
9
316
337
608
9
1207
1187
337
628
612
895
42
95
94
80
6
38
39
642
2348
83
15
896
2
373
46
95
607
662
63
664
62
42
364
14
664
341
48
52
589
63
944
902
38
45
915
379
342
934
1507
892
2
50
15
646
1231
587
96
58
5
17
19
18
2974
50
1212
369
922
91
353
10
82
314
362
667
365
1516
958
4
302
331
602
17
1180
627
21
1493
8
8
8
316
1491
1534
895
84
2126
326
1208
1256
51
326
616
33
1245
631
300
607
60
324
15
643
619
1765
1780
195
2
26
89
66
370
4
1543
43
84
314
48
341
53
368
50
10
45
955
6
195
346
312
294
603
644
665
1478
6
351
318
19
359
48
1529
1213
18
94
24
64
661
62
615
937
19
30
884
11
306
584
3
30
44
21
935
4
327
372
2047
61
322
1236
80
2065
597
315
7
301
87
380
596
1525
306
1249
903
66
339
16
9
87
648
26
3
626
7
2958
65
315
300
14
43
53
364
342
1469
1496
93
310
51
611
2662
586
355
668
1804
84
74
55
54
324
1214
29
36
610
621
66
15
373
85
94
25
312
1248
40
41
353
633
96
655
63
39
15
375
22
905
1755
1168
1210
651
658
656
45
322
315
49
42
380
1529
1487
338
1174
68
348
935
296
653
86
617
7
18
310
15
648
356
319
329
629
55
313
42
353
71
41
4
330
324
8
294
69
3687
336
332
885
1467
23
356
380
384
2080
11544
604
37
47
4
11
295
336
33
652
319
626
903
30
339
351
81
4
388
63
366
603
2988
298
1485
914
370
312
926
60
8
32
345
610
1175
34
29
57
387
60
346
52
14
656
5
342
56
619
58
332
594
314
888
949
37
89
77
97
588
306
1169
95
15
615
12
897
1245
49
35
371
17
1068
19
16
361
73
1178
613
2
77
61
16
54
301
43
587
624
33
340
341
332
54
20
588
371
307
67
903
195
385
1542
14
48
59
50
642
584
60
616
73
67
953
14
61
79
80
93
381
635
15327
352
36
80
25
62
70
3
587
639
354
13
68
303
14
18
2
2045
383
96
325
891
319
7
49
1536
332
91
1469
5
297
2
68
1173
58
297
6
669
66
645
642
672
58
305
81
1
329
27
71
625
53
83
15
660
1505
95
77
596
1536
61
15
53
43
627
305
373
882
302
588
58
307
323
294
963
777
7
315
1237
45
57
44
63
298
921
51
41
314
25
383
34
293
78
14
24
377
2
93
327
7001
359
317
21
622
329
893
77
611
357
1178
4
344
307
637
597
362
76
336
45
86
910
347
385
48
55
1211
5
319
85
47
33
677
353
1491
8
625
331
2405
18
384
83
5
45
31
34
316
359
36
588
52
12
26
344
4
59
314
378
601
621
303
36
73
50
34
380
2699
638
355
674
3
917
315
886
306
39
27
68
665
19
909
299
341
74
934
1462
311
195
73
335
310
73
934
645
669
61
293
55
26
316
44
1209
344
360
43
1175
311
883
51
52
68
72
24
1166
88
49
303
64
1209
613
90
629
85
623
18
331
195
297
310
86
957
76
13
60
1177
1824
298
195
30
1228
27
84
386
38
1540
11
364
71
601
44
1534
47
595
20
309
77
356
75
78
81
43
671
42
347
63
631
902
312
45
1538
42
69
20
301
302
14
670
44
353
327
932
72
298
195
75
316
895
648
1
1474
384
23
596
34
52
1
627
14
49
336
58
80
1
636
671
359
33
57
1487
2362
648
295
45
86
1239
53
671
890
608
1211
383
32
76
30
611
44
298
937
618
86
301
68
2121
602
1189
352
592
904
44
1478
68
3
314
378
30
16
883
12
1457
486
55
2354
60
15
328
35
1223
52
5
300
1769
64
312
14
25
345
600
954
602
49
26
89
16
23
1509
23
22
94
635
1068
610
380
7
21
1537
377
52
25
8
14
585
20
93
34
916
4
35
584
72
1792
69
75
76
3
18
44
72
71
305
662
316
617
886
83
1181
15
317
72
40
377
34
294
63
1208
1241
53
51
297
904
46
44
610
68
72
44
1068
35
7
45
917
7
1792
957
354
612
366
94
598
58
298
10
24
1257
1227
49
27
61
72
877
94
12
355
21
322
20
7
586
55
1527
639
14
639
2
91
329
654
338
2065
1
639
195
919
350
26
377
32
63
343
81
340
71
76
1526
328
1233
360
332
1483
15
28
63
62
34
376
1249
955
350
321
13
664
33
321
52
32
362
1527
22
5
338
62
295
293
658
1514
46
91
90
56
327
327
51
610
624
293
350
297
1192
81
28
75
370
71
66
602
1182
40
34
308
34
16
357
4139
883
88
923
38
86
2378
640
300
340
601
640
88
324
36
331
21
359
85
1763
1771
584
301
15
80
59
16
13
25
83
297
932
880
38
595
39
340
6
37
334
659
12
622
7
610
900
962
599
349
646
66
2124
383
660
298
597
32
875
55
307
659
668
645
610
25
2
85
72
49
295
83
353
25
10
950
648
623
71
368
75
334
28
657
642
601
310
52
311
598
18
79
27
44
38
91
23
10
3
51
49
1244
334
302
351
44
639
60
30
293
384
2938
295
32
7
909
2637
25
337
81
22
35
2089
5
371
1778
27
334
62
72
351
80
62
909
48
640
90
15
338
77
608
79
344
331
17
323
385
295
301
55
1253
2695
590
671
54
5
81
21
44
605
77
333
93
660
25
20
35
305
97
879
295
324
298
65
1540
1236
341
648
637
934
73
387
47
45
66
82
48
94
14
318
371
51
1545
45
82
1539
1465
75
91
347
613
80
320
59
933
6
355
353
33
66
902
36
16
876
646
18
69
63
671
29
38
6
1485
21
1205
80
38
53
586
933
53
11
359
294
360
52
325
3
616
329
41
616
4
2099
673
9356
1178
902
87
11
340
2096
4
339
374
340
294
598
332
26
35
386
342
651
26
4
1
47
93
9
888
379
9
61
629
320
23
334
486
7
625
590
14
60
1173
946
28
75
640
5
600
8
76
312
338
4
914
902
71
58
8
902
646
3
324
600
906
603
15
11
49
55
53
53
34
73
344
342
24
18
372
340
329
78
70
623
586
19
13
589
11
64
312
320
895
345
387
339
905
26812
959
1465
311
629
950
21
948
9
298
661
881
1228
330
1534
60
21
12
1224
77
1539
1193
2126
321
308
343
31
2343
608
78
1
44
67
12
354
36
2
1818
321
1
89
42
337
963
677
29
46
13
64
33
21
672
33
1478
377
84
590
646
56
5
1166
96
349
1259
41
9
20
388
379
40
381
378
658
87
36
922
303
1177
25
679
1206
79
6
933
32
336
315
1194
97
6
673
7
69
45
32
327
34
95
937
16
633
79
957
360
40
651
943
60
59
602
2049
85
589
1244
76
627
352
381
383
27
81
33
668
64
320
317
57
11
32
28
897
195
357
30
16
82
347
345
26
603
321
359
325
624
635
68
52
316
316
39
878
56
297
5
1182
94
353
32
71
375
78
86
22
937
15
18
325
309
80
884
83
371
1941
333
61
618
85
656
53
72
97
326
83
32
666
354
384
67
371
3
62
637
70
44
44
56
84
64
39
1495
585
11
381
613
9
8
300
89
625
358
8
8
21
41
38
93
322
50
50
77
54
362
610
356
51
74
347
364
48
80
78
636
46
624
97
299
38
22
25
313
13
332
55
87
1523
627
37
66
77
26
317
1249
612
585
1522
11
60
42
61
335
353
33
40
48
597
630
91
60
316
65
1195
906
1173
2
610
323
19
90
59
356
947
56
22
296
7
325
97
295
88
625
1186
29
23
2352
346
22
60
85
343
49
360
325
7
95
887
629
920
97
10
900
1508
56
322
376
596
369
1539
35
311
91
294
883
300
351
897
44
326
678
315
604
86
326
322
293
349
347
4
40
331
89
11
48
622
60
326
374
4
1788
310
1501
623
945
77
347
1191
965
607
53
640
62
17
54
28
383
20162
1236
1228
87
47
69
601
1781
5142
937
941
5
45
338
359
646
37
24
345
85
357
51
71
631
12
74
386
39
10
880
1226
318
22
319
85
84
24
883
384
6
8
6
320
1177
17
96
302
81
53
25
41
59
1208
58
2371
925
77
879
81
12
13
30
666
63
888
662
64
94
59
1531
77
36
653
90
604
600
13
353
606
44
10
10
70
15
94
1248
670
348
49
47
386
630
919
927
884
614
51
317
1461
896
67
676
44
666
893
593
1223
3
331
358
17364
373
45
28
66
302
78
52
649
36
9
88
876
46
16
362
1490
79
1223
953
2075
12
93
915
31
39
50
359
665
10
348
51
876
67
309
953
18
1171
49
14
52
312
902
369
87
1484
67
20
60
955
601
327
82
7
44
19
77
380
326
21
22
5
22
28
304
26
45
60
53
5
55
351
3
70
9
7
598
1181
70
304
22
649
1538
1227
71
32
14
33
25
34
341
1477
87
297
326
344
936
618
1493
374
311
3
72
21
1473
1231
69
1223
61
338
78
88
2696
347
7470
336
6
24
2096
664
72
674
371
333
87
601
1
1776
305
72
623
928
59
86
12
25
645
366
1211
597
18
67
63
8
7
73
382
634
946
34
6
95
4269
349
75
305
340
634
643
356
349
25
964
604
302
4
893
15
41
55
48
1175
899
302
613
5326
23
329
2
1172
305
650
19
596
603
959
60
337
300
61
661
13
605
21
604
30
334
3272
584
1228
917
34
2232
336
6
1214
968
70
36
94
622
58
322
42
361
34
89
52
297
89
296
307
13
360
6
365
650
53
19
60
609
606
654
11
47
12
47
295
606
900
340
20
38
48
1186
88
68
83
51
24
1782
588
97
60
881
601
374
353
34
53
48
335
63
324
93
1459
345
603
641
364
616
1546
296
313
892
363
886
62
348
4398
71
628
7
8634
343
619
75
13
331
777
25
879
590
32
34
37
45
897
25
75
2
79
304
70
34
346
80
45
52
935
1204
2122
363
73
623
23
1187
313
48
25
913
676
324
90
329
375
96
1545
627
35
968
927
629
356
591
14
45
87
18
953
17
19
1213
33
620
1541
899
78
44
49
73
24470
374
68
611
95
630
41
1
61
955
51
359
321
39
354
38
925
320
297
65
1751
2
385
1196
2346
24
38
303
4
42
322
318
584
54
304
593
84
333
58
363
920
65
2359
657
342
916
353
676
950
639
365
7
354
72
36
936
323
42
314
32
332
330
300
80
877
40
663
361
53
11
71
351
883
376
54
340
74
328
7
598
32
1799
644
44
37
62
2069
63
295
1
96
606
70
352
76
59
48
2
7
303
15
323
77
335
66
662
339
53
343
953
376
44
28
1503
354
610
54
11
599
950
636
34
299
653
673
883
58
617
893
3
83
325
353
67
355
24
349
590
95
1220
87
370
325
93
43
299
1234
347
777
59
339
56
364
51
20
37
47
1257
587
322
51
910
909
11
1247
81
30
1068
327
320
589
24
68
301
44
195
601
8
616
630
3687
87
362
640
642
1169
586
592
26
368
95
25
42
46
23
613
62
317
46
352
949
326
655
604
304
1532
1539
386
8
933
349
609
43
51
925
1225
1545
342
7
341
33
365
41
11
10
67
920
354
81
586
297
32
70
76
31
623
1514
8
893
1
97
382
620
651
898
11
35
9
87
625
362
337
637
62
326
1486
371
659
605
342
306
911
620
82
1231
59
358
385
93
34
365
52
332
956
320
2112
10
1251
11
588
300
354
620
55
599
886
14
912
95
380
318
40
385
608
635
1166
1838
1258
50
609
81
61
323
2700
665
14
297
18
78
70
889
56
78
94
2103
64
91
51
641
376
326
893
83
333
9
31
304
676
649
588
36
89
629
1816
85
38
349
606
1834
39
486
337
334
383
1174
52
336
84
635
630
34
1219
886
311
60
299
365
50
1
307
54
920
51
318
81
351
74
23
879
96
322
42
92
365
380
323
8
20
73
59
9
94
88
907
934
14
1219
627
310
1203
33
1533
60
673
70
61
894
82
914
621
97
321
311
96
296
51
650
1237
71
611
3804
75
1
71
659
77
11
624
1762
5
48
40
39
47
6
44
54
41
88
28
83
1497
904
63
1175
48
299
48
299
7
335
335
80
40
902
12
38
89
6
925
21
8
630
606
363
342
91
26
661
43
21
53
889
2118
67
2
624
1750
648
66
20
57
295
888
65
92
638
588
11835
29
331
4
32
1203
93
386
2
13
346
316
67
1465
341
376
351
297
616
3
69
918
1226
310
2
46
659
335
324
328
29
312
1226
608
937
627
309
81
675
299
332
75
63
603
909
307
29
59
21
903
39
16
51
603
76
313
650
360
5
325
629
29
21
359
14
337
320
30
339
332
365
1198
628
303
299
367
656
351
15
51
1544
371
314
39
59
323
63
914
620
5
4
317
673
7
50
296
678
47
327
646
15
2968
38
25
1
70
56
84
896
62
66
8
674
6
587
37
882
24
1235
662
664
16
16
26
598
14
354
5142
5
68
8
896
912
1196
356
357
666
1181
643
626
618
80
386
306
96
41
25
320
359
1228
300
1528
384
24
35
1198
59
27
878
32
13
306
1190
327
87
935
665
296
356
42
650
1529
80
43
354
70
9
1196
633
1236
55
12
952
1191
82
48
1210
966
21
64
675
911
52
22
48
32
87
347
14
44
76
914
21
51
621
34
636
371
311
54
59
384
34
644
356
672
323
67
361
350
8
7
935
34
372
357
9
354
10
1176
587
354
18
1201
672
885
16
346
62
14
87
885
36
378
37
90
293
1211
308
21
597
1516
42
332
22
672
1234
889
71
37
956
614
373
299
915
20
57
80
23
662
600
76
339
326
48
370
39
890
919
630
337
76
587
377
381
655
54
367
1466
35
639
619
1179
77
76
40
619
17
67
641
1495
590
936
313
37
643
29
75
962
7470
27
1240
46
16
46
656
78
11
648
960
627
376
32
617
1836
30
322
330
44
62
619
331
664
18
384
607
1471
1495
60
906
76
67
909
359
879
940
46
946
195
963
75
1170
47
325
8
381
963
607
652
37
945
60
20
83
1068
57
374
93
344
1502
12
1202
652
33
592
315
1550
87
309
877
316
900
46
58
76
46
55
584
320
18
76
11
968
377
76
1200
94
47
326
355
918
13
2
366
33
50
668
46
15
82
15
46
329
307
628
2390
61
314
367
17364
342
59
54
339
54
899
663
300
88
195
9117
35
654
75
84
638
87
62
14
10671
1200
303
37
354
1181
83
354
959
75
934
93
303
6
67
637
388
350
317
939
13
358
30
19813
3
671
83
295
610
74
26385
17
636
60
15
632
34
70
46
14
331
902
365
14
19
315
16
383
13
87
35
48
50
656
910
609
10
631
1534
306
51
13
360
1182
5724
305
87
344
25
33
342
335
629
3
6
12
316
328
62
77
932
644
24
67
7
10
665
21
614
74
371
660
629
959
6
306
33
38
637
4
78
635
40
27
649
71
1
1211
3
306
1823
663
1479
322
37
299
593
11
68
351
10
1248
327
50
41
376
18
1530
2
599
88
376
633
18
59
18
308
65
662
7
21
334
2
31
318
920
931
30
41
350
45
378
52
60
15
603
90
673
80
600
333
21
307
375
35
678
304
25
1468
2622
59
916
19
52
327
31
1526
8
15
3
76
76
75
893
81
38
1534
24
893
34
12
586
10
374
970
294
320
2633
2059
72
312
45
942
49
58
346
364
361
953
630
29
5
27
62
963
599
386
26
69
314
58
912
644
611
33
68
64
1497
3
323
84
900
19
358
320
634
28
309
323
295
1233
37
1172
51
349
50
60
1535
83
337
602
25
655
315
309
616
43
97
341
636
304
3
300
32
619
333
27
380
18
29
619
66
2108
952
44
1239
20
597
388
369
24
671
315
8
54
18
921
325
33
61
26
33
44
377
334
5
344
919
1
29
876
48
1253
667
651
586
42
21
40
677
25
589
605
878
344
61
32
338
586
64
587
5
322
76
12
86
605
654
47
365
613
1229
52
609
340
312
75
607
362
963
36
33
10
330
607
1
1463
1534
1205
318
22
302
385
45
61
7
940
1185
955
31
2054
611
97
28
354
1
32
27
1170
909
337
34
1213
1170
899
2342
65
23
1236
1209
46
10
24
348
51
343
15
317
299
93
899
301
57
1
32
94
610
328
361
5
654
2
901
316
628
55
2048
69
342
4
635
302
59
338
69
616
298
72
319
585
338
295
9
299
65
300
931
73
679
46
67
1
587
61
376
651
51
319
486
602
374
10
1256
62
637
3
314
615
381
28
46
42
915
334
87
605
30
60
1519
674
314
18
374
82
335
365
71
13
376
54
54
586
668
31
374
69
9
95
50
2
303
376
64
927
52
30
352
79
297
615
30
337
934
309
366
65
331
350
49
48
70
1504
606
1790
35
65
66
73
373
333
23
604
68
25
670
602
311
11
1249
1249
77
968
333
613
76
17
50
634
945
308
12
72
23
920
54
599
1204
362
82
299
76
55
62
341
42
369
36
307
374
600
372
294
2
349
920
60
39
644
337
14
1
368
94
955
674
383
45
1501
47
59
16
917
609
18
44
608
1752
338
314
73
3
296
349
19
593
899
885
1507
10
306
370
31
46
320
60
23
1460
313
955
4
35
32
347
625
24
1228
12
951
295
52
25
314
29
314
66
69
302
649
93
66
44
319
1497
30
20
646
1176
330
351
55
318
1183
329
1650
632
17
86
1805
897
23
33
636
77
1176
27
42
663
952
30
357
50
1516
646
3
81
632
366
371
676
19
44
322
603
1248
623
1486
1481
71
651
23
334
619
68
327
11
17
2064
953
34
882
654
23
1211
1784
58
934
310
4
584
33
4
602
34
295
52
382
661
195
936
66
82
78
37
43
11
21
1254
71
316
10
43
368
295
663
1472
1822
2627
42
87
648
323
58
880
325
84
22
65
26
373
27
335
44
387
371
37
593
45
594
41
324
372
961
68
18
25
614
1
64
61
624
338
918
87
670
323
375
1217
594
19
4269
296
595
888
72
584
1827
85
2042
40
1176
52
326
318
5
54
342
46
38
90
341
350
21
27
618
648
35
1209
24
16
888
95
65
15
919
93
1548
2048
321
10
584
321
9
53
34
92
599
88
61
97
15
1215
56
310
374
379
49
91
388
878
59
30
350
74
68
52
928
351
27
955
922
12
63
14
49
59
1202
1797
942
611
347
659
630
55
24
6
84
37
585
1482
95
24
27
669
1492
307
84
46
17
72
608
25
608
886
322
16
1170
902
73
636
86
72
50
928
61
622
322
19
82
10
71
14
295
358
328
634
10
350
614
8
344
385
52
344
83
361
882
343
302
604
1545
910
364
18
297
341
635
307
671
636
1246
12126
891
15
298
633
322
43
339
24
70
74
12
608
897
666
28
326
79
79
63
49
1240
5
911
59
959
92
10
1237
352
89
46
4
31
83
7
94
316
1222
89
13
326
616
1180
57
5433
629
901
324
23
334
378
2081
384
310
96
37
67
945
297
352
319
602
1220
662
330
89
2981
33
79
304
27
58
8
195
293
612
47
12
49
305
39
345
309
596
13
308
96
54
47
8
16
341
373
587
69
3
81
39
38
372
327
62
636
877
650
2357
36
959
27
899
84
1241
67
376
339
44
1519
610
877
612
82
6
46
15
2420
44
371
28
1198
385
315
85
46
297
325
588
930
1221
10
913
662
609
669
637
592
358
1549
327
70
627
307
338
15
332
364
667
613
625
13
299
16
33
620
368
603
60
49
37
373
20
7
29
17
879
84
74
913
300
1
93
18
64
339
97
318
1243
38
64
75
357
24
24
617
42
890
301
309
44
926
603
36
49
638
71
59
305
945
21
673
344
366
299
359
343
80
907
93
298
90
1227
29
47
882
21
361
319
933
311
23
347
924
2
83
593
338
293
5
28
940
2042
7021
11
656
352
9
320
29
336
20
364
3
17
18
49
6
5
72
902
897
368
39
587
19
895
95
321
24
657
351
1194
377
299
296
36
338
18
10
46
306
299
67
301
16
5
619
74
607
381
928
903
318
10
61
9507
83
308
328
96
586
39
38
5
58
59
376
58
630
51
7
2132
612
348
592
77
91
40
948
777
344
368
29
21
636
14
372
651
335
32
350
333
43
319
30
2048
80
6
93
313
927
318
42
383
51
348
1169
6
318
80
1540
1218
325
83
374
40
72
1526
329
342
363
87
91
91
630
952
50
596
617
358
309
381
85
79
327
1825
307
352
595
384
635
4
61
51
24
56
318
1179
614
81
34
314
299
87
55
1238
378
38
22
322
301
663
50
1551
597
898
657
603
93
299
79
21
9
59
22
70
8
15
1475
314
1469
54
24
368
93
350
78
11
360
1480
3
53
360
315
65
28
70
1486
83
910
59
66
62
294
96
642
300
58
366
905
314
18
90
3
44
11
85
306
48
372
45
1472
2935
6
195
327
10
1170
907
55
37
963
618
593
73
13
638
329
8343
922
364
1219
96
34
14
914
677
71
32
14
884
17
37
48
666
312
590
340
902
901
333
40
311
24
85
22
85
376
616
3
8
364
328
65
24
3269
586
296
79
3
7
937
348
623
27
13
48
18
2
2645
323
927
301
353
387
1793
923
3
91
345
595
377
313
1253
341
1839
622
12
335
53
49
82
2715
641
18
68
608
9
386
27
18
69
1254
42
43
319
64
677
1166
614
67
957
618
344
19
42
32
17
357
631
59
377
21
28
65
50
310
609
57
931
79
331
88
332
880
601
350
664
96
5
1842
46
915
634
80
53
298
651
38
2132
2
93
293
21
945
4
330
2232
17
61
880
304
592
76
71
636
90
343
30
74
5
3
90
331
586
84
913
308
661
588
8
1488
61
16
881
300
1359
628
875
296
959
1068
87
602
21
8
43
1830
79
84
67
937
603
73
346
655
657
379
84
619
53
367
353
353
74
77
920
9
879
41
602
30
597
372
664
298
940
357
76
69
12
304
65
354
27
53
330
51
72
50
70
612
940
97
45
43
75
2109
78
17
54
1748
1471
337
22
318
95
57
912
313
80
34
50
1198
650
55
339
63
2050
486
314
300
360
669
322
636
338
7
32
25
56
311
952
300
80
316
29
306
52
320
11
320
623
1191
15
617
30
35
617
354
38
359
46
50
70
596
76
75
630
42
11
321
84
651
301
319
31
364
70
357
311
354
82
385
905
313
62
331
317
949
912
315
55
307
325
26
1
97
656
359
74
1254
57
1180
1201
612
24
1189
641
97
658
82
349
950
1512
83
13
52
325
1168
74
324
368
334
16
38
80
309
1480
21
24
32
11
892
363
62
613
1212
27
366
1197
3
36
85
1176
875
1757
645
637
65
599
1460
368
350
13
2
91
379
46
28
53
358
6
47
333
330
595
322
79
369
304
6
41
66
24
357
609
91
59
884
32
376
319
952
74
5
6
364
97
4
607
67
20
43
1258
1477
29
1253
1470
17
33
33
2
81
666
78
86
48
89
73
349
93
65
31
22602
304
350
86
49
364
325
57
616
321
597
380
1478
54
924
356
35
8161
606
1
90
78
336
376
56
339
369
341
49
605
7
486
894
648
1499
914
301
44
305
58
23
308
377
345
318
54
36
296
18
1542
40
52
16
2067
7
1222
86
94
297
55
350
948
649
11
1834
1180
319
305
93
665
343
356
586
339
1205
889
73
1828
68
27
77
56
666
612
23
26
323
309
23
315
97
24
9
603
298
356
48
328
318
299
9
4
24
18
906
597
372
388
46
297
371
374
948
63
29
7
368
49
91
46
369
25
1
665
327
316
302
54
59
11
22
877
1479
659
316
643
586
7
1459
55
29
81
40
297
312
27
296
651
1182
381
356
47
15
45
28
332
1488
362
4
73
30
94
597
81
14
615
11
298
899
2
939
895
20
17
346
62
366
334
60
49
68
338
357
910
56
1234
315
5
49
6597
85
52
362
368
599
27
598
93
17
45
957
61
359
602
5
326
54
94
679
24
307
637
13
77
195
49
339
591
18
879
385
10
13
24
2063
298
22
1498
58
318
913
35
32
15
327
20
304
1196
584
86
320
337
948
50
82
80
1191
86
613
60
348
590
360
46
91
23
1168
66
37
23
349
66
30
2104
316
366
601
354
382
959
90
25
360
322
26
10
82
61
309
9
892
10
13
606
588
93
10
43
1
56
624
299
81
17
82
601
644
87
37
317
16
317
668
940
76
30
929
1
954
40
339
660
634
629
69
597
4
3687
