661
785
431
317
874
385
867
568
217
385
655
923
675
141
324
16
371
340
695
399
733
576
672
89
755
166
253
217
868
57
186
279
926
628
770
718
287
736
657
856
412
820
749
782
845
94
138
659
699
784
886
100
94
174
417
426
756
776
255
645
843
118
364
399
714
820
164
301
936
164
186
365
124
98
911
425
336
790
911
741
804
403
720
170
438
824
548
418
743
272
428
94
824
743
638
366
746
664
165
204
760
143
214
669
745
142
290
717
694
758
220
149
677
342
763
779
696
809
259
913
229
880
825
749
76
677
144
751
217
913
289
373
905
645
713
182
190
374
313
709
77
168
865
851
440
375
826
264
748
955
840
1
423
730
662
198
279
290
680
789
241
364
399
211
220
681
255
302
805
789
251
144
201
839
792
649
51
797
632
795
738
649
731
303
783
731
751
634
207
228
594
243
54
784
566
823
685
789
143
278
179
154
99
636
702
219
727
597
105
193
185
785
629
151
34
721
716
235
621
737
361
653
737
726
163
341
667
700
694
778
729
54
146
205
995
890
173
667
873
651
294
691
299
316
756
716
206
767
732
994
787
138
830
138
248
165
174
728
723
644
257
718
146
413
697
698
697
654
234
358
534
706
632
748
953
390
264
268
769
222
332
360
301
681
555
306
365
376
129
315
175
791
649
606
162
75
149
775
153
334
638
350
154
673
209
205
883
762
816
404
135
737
306
217
804
700
755
925
542
552
859
665
403
834
746
709
791
849
185
211
760
550
775
226
443
415
873
862
238
219
676
851
670
91
148
848
196
435
304
715
856
738
197
142
195
698
597
695
234
846
111
409
274
917
719
648
174
198
125
237
824
232
597
569
66
184
277
163
888
212
89
83
244
696
584
353
780
286
807
216
751
809
87
664
755
209
162
220
167
774
181
69
440
199
256
643
672
302
701
223
906
679
784
1
146
199
225
607
829
782
155
215
13
147
243
827
631
172
768
961
345
151
585
762
935
739
389
801
343
255
616
615
608
386
848
796
296
768
265
441
653
694
807
838
291
740
636
246
96
108
491
278
233
180
326
775
298
764
527
259
254
296
769
986
188
188
285
189
392
82
514
110
335
215
893
622
183
844
259
637
150
737
859
732
760
316
781
763
440
748
252
583
808
713
720
598
594
780
178
1
975
354
775
407
377
221
477
306
615
754
834
90
325
133
267
848
723
757
403
755
724
958
840
329
817
765
813
731
719
899
959
646
170
840
754
699
663
348
229
810
873
294
919
352
179
142
814
873
213
254
100
776
119
871
133
649
177
745
287
779
256
650
766
734
299
728
31
780
744
163
190
712
782
829
302
324
749
778
184
643
954
187
696
691
969
163
212
106
615
608
201
687
250
702
557
973
233
706
283
722
168
72
135
829
416
196
281
189
267
221
773
181
452
306
85
329
133
611
364
409
371
677
822
224
745
369
795
713
707
720
649
820
365
152
313
846
269
175
216
93
300
680
134
824
252
462
940
477
265
857
521
160
1
798
369
675
349
246
239
227
751
597
329
426
753
800
316
607
173
264
763
208
911
269
722
674
846
633
614
321
655
868
767
744
664
872
820
205
161
690
416
306
219
779
359
869
888
328
640
914
380
680
350
185
531
943
75
914
756
372
222
244
754
826
243
881
677
173
645
312
362
210
135
664
751
138
659
942
148
330
249
682
80
669
813
941
946
627
978
866
375
663
871
735
143
433
763
209
764
721
709
292
886
742
706
150
236
291
96
766
975
393
733
664
276
268
937
166
165
175
358
331
708
609
632
780
615
169
230
611
494
754
336
59
139
829
103
363
465
112
850
300
671
265
753
679
252
829
70
152
199
937
612
738
236
830
592
705
218
329
265
967
739
726
687
872
55
211
819
160
865
794
275
292
412
175
269
143
773
74
819
770
578
266
219
238
804
559
880
112
264
842
141
810
771
662
399
301
709
426
309
677
659
707
896
178
292
868
558
891
892
702
783
274
225
366
665
313
185
442
899
796
690
602
857
802
905
355
768
447
825
881
805
932
319
764
677
675
864
732
333
664
156
250
230
644
918
747
193
263
187
167
185
305
577
749
676
614
393
205
648
668
570
531
314
591
158
181
357
845
94
355
395
734
93
233
220
268
308
808
261
873
743
681
297
553
204
743
202
655
730
774
521
291
402
86
811
230
678
398
553
962
888
250
224
858
707
315
902
384
701
343
337
437
780
831
848
880
374
289
302
791
230
127
294
556
156
662
934
730
429
740
840
739
630
76
220
104
320
386
423
274
242
99
824
359
681
320
565
760
631
204
762
808
273
742
823
326
755
664
943
460
630
859
863
184
674
127
436
727
927
399
632
118
791
659
113
811
304
366
254
632
676
763
221
553
728
743
878
356
883
880
741
681
876
46
782
201
721
721
189
145
609
155
91
357
801
944
356
391
580
781
358
247
773
249
801
250
895
586
151
251
672
775
404
311
737
865
709
246
524
197
687
825
417
750
342
787
186
895
275
261
561
203
423
659
428
570
754
304
192
416
710
126
953
630
368
476
789
730
562
326
416
102
754
217
659
250
741
668
706
1
705
908
876
362
688
710
839
359
600
229
768
572
529
662
400
137
739
587
801
880
168
698
203
785
39
818
745
72
259
757
288
268
320
41
165
354
327
334
233
710
662
749
305
248
654
376
395
960
182
849
220
819
183
229
700
618
344
202
88
337
215
293
368
285
835
524
694
627
829
100
104
605
791
219
797
808
783
406
174
264
787
732
282
27
817
177
43
861
775
665
326
118
664
779
833
298
243
234
768
656
906
53
847
220
810
701
43
234
121
825
796
126
788
816
204
918
292
725
595
176
789
195
763
698
876
241
709
786
716
878
711
243
613
237
564
636
222
87
690
190
119
875
211
176
606
141
241
914
465
201
478
778
780
419
272
121
353
425
402
921
249
165
770
331
303
898
176
644
200
235
330
711
787
290
272
819
569
247
871
280
115
377
747
809
368
863
360
548
963
882
819
306
184
333
221
229
800
367
572
723
160
236
826
328
776
854
782
370
198
128
209
102
285
652
180
254
235
822
788
645
455
124
164
243
155
801
52
709
230
282
299
79
319
926
162
662
846
661
837
817
692
341
133
751
743
737
464
682
763
118
298
753
760
359
278
250
696
745
245
665
474
777
312
210
218
554
226
376
755
708
295
269
587
249
746
728
173
776
397
234
753
824
197
253
243
880
810
786
749
792
209
690
130
754
239
710
722
634
746
250
366
777
431
126
268
826
195
134
283
947
698
159
79
271
786
249
460
347
814
348
408
759
799
128
764
355
940
697
787
312
849
811
96
121
686
723
197
203
178
851
259
374
350
692
249
1
889
386
952
781
288
827
291
436
20
664
213
53
417
52
434
19
404
638
396
795
353
846
280
739
1
126
941
688
800
376
672
307
701
692
290
629
729
324
532
868
738
214
795
249
606
349
150
288
306
420
249
286
876
141
396
297
56
625
758
847
383
268
781
188
271
669
526
200
215
291
793
731
817
337
343
739
592
656
305
60
885
241
702
396
126
150
575
235
865
156
90
726
973
711
768
751
927
368
256
285
628
777
750
436
881
579
625
374
848
788
212
692
164
636
674
797
306
600
753
706
128
146
850
731
332
72
978
367
700
308
593
841
632
441
926
211
734
268
338
790
958
361
738
283
611
289
311
329
558
706
97
752
755
840
378
742
321
872
777
647
803
279
243
611
266
625
231
675
600
131
882
154
935
730
218
250
631
164
286
270
893
911
856
43
728
225
359
716
132
250
755
153
146
163
733
689
266
310
466
608
568
664
371
178
603
333
141
792
670
762
133
774
813
465
900
334
280
790
206
82
836
456
793
272
135
555
865
769
654
861
766
356
756
410
722
351
208
850
421
449
916
391
791
169
773
811
812
144
395
237
343
139
780
321
841
276
277
762
459
698
250
293
422
824
612
958
567
290
888
311
137
405
1
29
842
230
266
434
130
299
359
637
146
766
703
199
752
809
170
302
749
820
845
839
728
391
696
236
81
144
428
944
275
229
633
841
286
656
50
710
870
958
839
743
631
725
162
244
783
89
784
269
107
800
151
256
680
341
558
430
650
887
212
699
903
558
46
571
586
640
690
194
781
772
160
167
797
222
303
352
743
836
774
627
235
277
262
308
678
563
846
282
190
395
937
399
151
689
568
812
877
694
317
879
317
246
977
242
602
137
70
321
912
170
975
618
154
246
788
172
937
52
139
883
87
247
333
774
278
447
573
732
378
754
82
169
610
796
140
255
168
298
566
811
331
95
906
163
113
405
389
389
195
869
796
794
819
866
739
756
825
651
838
255
762
784
814
649
283
878
846
239
667
621
842
707
186
83
281
290
729
260
70
635
186
741
294
311
292
221
774
843
780
295
321
59
706
725
233
681
96
784
720
266
164
255
670
661
93
134
342
895
768
704
554
939
252
255
529
858
41
693
737
277
895
790
775
159
283
934
379
152
32
704
730
166
335
727
850
32
418
700
397
331
717
640
656
282
774
163
898
769
817
764
161
267
273
715
153
656
142
165
769
824
758
629
345
418
252
818
219
640
747
322
87
352
927
570
671
665
778
701
631
362
181
267
640
74
359
931
871
849
734
820
169
653
685
835
870
734
700
403
212
715
831
739
180
80
391
400
122
454
770
179
156
690
876
804
262
619
767
82
593
194
683
610
102
659
795
730
150
141
102
748
708
990
686
408
546
135
833
859
389
585
733
589
265
754
304
772
684
866
796
624
308
98
803
53
276
276
688
622
270
720
561
168
704
780
167
252
677
604
869
380
282
131
118
301
191
128
334
889
254
211
627
111
664
136
192
115
370
754
573
641
308
339
142
952
147
762
248
352
186
774
765
247
316
391
395
782
138
733
448
664
205
295
336
97
761
786
207
929
60
581
206
375
198
422
762
139
1
207
325
288
590
167
231
52
126
358
257
223
696
548
221
390
809
790
718
222
315
736
737
203
792
112
850
237
685
470
868
303
845
754
590
456
234
395
764
199
327
312
901
92
688
701
305
709
163
266
739
809
290
305
614
690
601
828
227
640
363
699
715
588
716
793
604
281
645
319
4
399
817
832
740
307
736
166
243
71
783
352
868
815
179
256
909
115
686
566
289
805
316
625
573
785
738
164
730
365
27
717
696
285
157
217
16
287
709
428
135
809
850
393
237
321
740
684
133
270
837
650
768
378
564
658
91
753
171
396
417
227
336
241
210
543
336
725
318
233
609
425
355
297
750
203
768
546
710
421
266
340
436
763
809
321
830
896
722
663
454
227
360
806
703
93
396
252
635
192
877
293
244
754
820
412
791
231
333
768
119
644
962
767
87
752
334
916
891
330
690
469
581
322
254
881
608
679
145
654
137
554
145
750
765
341
817
257
384
590
674
674
296
383
599
815
391
263
646
893
699
264
627
766
782
794
685
697
65
210
865
278
363
398
806
763
785
145
758
619
293
732
296
264
761
761
400
87
256
764
414
775
465
219
282
58
644
730
769
290
942
261
116
259
247
64
748
346
718
220
860
798
604
895
401
667
191
389
834
54
328
795
167
294
973
149
715
804
685
863
185
874
696
339
631
753
677
284
139
128
681
798
145
524
136
745
213
844
979
119
267
213
855
678
273
169
375
88
787
360
408
170
260
768
410
759
352
70
884
402
319
71
97
401
344
552
163
616
877
225
300
769
127
955
647
861
236
697
673
363
276
933
637
213
567
233
716
141
754
244
850
790
733
693
645
202
974
940
584
334
796
412
371
841
352
347
305
119
384
237
228
176
124
337
950
190
725
204
198
258
774
739
224
691
151
336
336
667
791
25
858
727
836
782
349
605
468
186
62
127
821
56
840
184
742
980
810
732
118
235
706
125
279
723
247
722
603
848
688
637
345
245
115
799
295
199
774
313
837
255
477
193
101
311
195
305
797
904
607
62
645
572
445
793
848
219
290
227
221
94
894
322
845
306
682
793
804
736
176
238
90
726
753
721
769
394
585
720
572
723
167
645
790
316
419
592
250
703
700
763
671
532
919
669
915
820
281
922
646
742
253
728
234
847
451
879
735
263
830
170
749
780
360
753
336
402
207
167
245
865
748
112
71
362
245
221
944
822
642
693
266
360
74
814
238
176
629
400
579
76
299
363
897
877
812
774
509
286
787
415
803
260
882
306
319
894
567
778
168
597
345
247
787
184
865
254
746
633
787
782
761
818
784
836
608
168
730
241
644
75
756
630
644
800
791
691
676
128
627
603
133
598
262
718
916
826
710
238
295
671
265
729
733
753
212
859
113
661
775
897
626
358
416
707
126
423
373
302
829
560
913
202
831
353
236
377
85
110
402
912
632
877
843
310
152
406
808
854
75
236
120
787
29
300
628
564
680
260
45
904
287
162
174
286
183
398
283
231
129
744
712
732
838
783
894
319
265
851
715
125
254
739
896
115
749
158
624
368
599
640
226
256
280
551
660
311
308
183
739
301
229
658
172
345
150
883
426
888
167
699
246
805
894
294
227
637
842
148
748
148
630
147
575
780
265
684
117
709
790
899
859
682
937
413
585
280
777
773
261
805
123
221
960
843
302
176
878
745
485
732
229
949
929
219
363
598
798
125
627
174
311
718
761
856
205
406
243
267
394
963
893
173
291
714
671
931
773
36
835
950
598
187
698
819
227
119
440
400
667
639
848
121
159
647
140
12
222
294
779
549
837
564
854
217
78
759
803
771
626
792
316
671
255
187
310
233
738
335
193
910
193
210
774
228
89
874
434
328
831
853
439
372
834
265
247
635
48
213
634
142
361
310
880
54
294
161
160
735
891
765
644
439
229
97
672
367
634
763
418
759
604
202
334
685
805
641
772
400
272
704
304
51
304
791
824
679
732
52
107
215
277
701
84
581
147
717
207
669
853
119
417
840
773
242
305
959
723
641
182
218
130
314
934
278
51
201
214
943
161
828
543
834
639
796
692
348
776
325
605
822
82
442
238
192
743
236
336
200
366
672
287
789
712
120
713
248
596
783
364
617
711
816
913
101
190
300
438
885
187
359
782
788
704
708
336
735
248
321
664
791
763
697
180
234
720
876
587
692
257
201
271
827
122
801
280
342
147
847
117
252
263
552
670
903
700
800
163
280
301
79
619
391
666
629
282
807
247
654
683
237
355
752
184
789
179
178
211
255
215
35
329
287
694
631
818
703
252
267
728
372
364
179
786
861
598
730
76
790
888
764
688
564
254
298
109
276
344
966
696
155
819
302
298
243
244
822
275
851
945
184
330
262
760
218
765
138
28
237
882
335
110
203
918
344
282
882
645
718
790
143
409
687
885
644
411
958
214
237
691
848
220
695
276
238
680
403
746
71
830
798
753
696
348
171
280
193
225
126
911
967
643
426
657
764
626
153
311
589
398
832
362
594
107
908
118
726
787
349
248
242
263
295
699
257
288
173
294
796
733
278
418
945
262
835
804
769
137
187
274
131
740
342
910
117
824
465
43
756
313
960
666
188
313
344
359
793
959
721
60
814
343
909
232
637
772
158
815
793
575
179
194
685
287
767
970
225
834
220
772
872
807
110
95
753
820
47
715
204
267
223
195
875
920
741
959
328
291
355
821
351
741
382
265
574
476
593
151
252
200
558
396
181
325
959
390
188
714
848
802
676
685
228
132
855
310
666
794
217
382
193
672
468
787
195
643
634
119
386
336
60
639
614
619
226
823
910
632
289
617
631
582
199
183
855
809
726
395
374
769
902
807
750
691
256
543
813
316
208
859
286
709
185
550
928
390
732
353
537
839
339
798
777
109
850
243
665
271
310
220
730
253
562
979
744
830
154
664
857
231
848
147
404
445
347
519
865
731
562
236
248
270
792
768
274
872
685
157
777
288
809
800
692
208
312
810
170
143
370
247
776
879
766
759
616
175
671
108
831
351
592
173
795
267
642
108
256
596
655
749
649
402
309
260
477
77
165
354
283
230
195
721
201
188
745
872
416
119
157
716
167
594
781
755
45
768
818
340
712
619
627
249
234
305
706
758
778
760
768
695
852
276
90
769
414
278
380
787
399
413
690
724
446
822
188
818
174
158
146
672
268
401
771
300
877
142
546
666
311
752
830
68
793
844
225
700
760
180
250
639
461
125
915
783
808
359
794
353
263
880
842
209
702
881
703
914
253
145
765
856
262
718
418
382
182
178
781
837
890
263
602
455
785
216
709
732
644
657
305
98
671
226
300
908
137
214
372
347
388
267
827
199
426
391
850
236
770
734
735
125
376
305
712
105
874
729
228
304
270
310
806
623
583
390
845
590
198
380
699
831
577
951
618
309
647
269
133
749
219
922
100
786
932
706
688
819
251
791
670
121
264
191
961
247
307
754
184
789
851
97
875
794
829
917
382
892
869
630
821
666
849
936
272
414
189
320
295
966
246
671
247
241
713
723
789
196
262
732
883
557
786
736
151
692
780
680
379
641
817
728
398
611
395
414
201
242
165
217
682
247
868
289
143
390
220
580
779
758
790
233
629
266
686
883
863
839
261
733
370
317
150
314
374
209
163
582
838
165
710
672
220
682
204
241
313
84
936
960
35
757
125
687
384
278
443
305
285
390
454
739
293
172
426
807
250
691
618
741
955
287
789
683
210
723
160
901
302
405
712
675
556
424
583
475
757
249
407
268
216
208
560
343
134
244
802
884
858
768
752
345
43
629
232
577
230
704
290
385
649
610
282
763
258
269
198
377
791
276
727
188
277
131
733
723
418
119
630
542
837
808
216
923
317
380
155
811
120
843
205
629
765
724
332
397
820
775
104
182
645
693
209
23
767
366
789
637
674
729
141
703
359
146
766
767
684
328
228
977
792
589
295
191
174
923
323
790
374
624
744
436
101
747
414
692
848
815
827
355
568
267
765
599
250
199
285
879
300
879
341
413
266
907
278
742
612
750
282
765
184
43
233
213
672
791
282
860
63
705
798
752
268
862
235
134
185
441
289
362
268
247
958
861
255
78
923
678
256
291
300
314
908
765
240
906
327
112
787
572
200
689
818
860
342
142
189
257
275
194
256
271
315
179
397
626
749
120
792
382
811
204
425
740
289
863
852
665
347
201
730
835
161
767
852
637
243
763
130
240
851
133
548
298
290
247
334
182
407
873
238
895
89
789
108
858
743
239
751
759
886
834
361
705
305
217
850
708
362
785
870
720
636
280
690
607
350
93
851
739
142
218
854
673
274
938
150
656
599
856
717
125
649
856
758
701
892
268
114
192
148
360
839
700
617
914
297
312
196
700
627
818
227
246
689
339
737
732
963
740
265
392
580
356
166
363
689
207
299
876
736
832
792
765
733
733
732
742
818
311
218
932
336
883
284
840
721
839
264
349
344
104
176
270
722
92
670
96
579
626
711
83
892
434
314
780
707
698
737
398
50
399
418
620
849
343
359
784
249
204
421
762
882
738
438
634
481
250
990
145
58
712
780
374
212
618
91
290
688
656
863
876
744
697
154
204
277
908
845
272
236
282
93
749
787
813
624
195
139
360
241
50
801
99
35
789
948
312
594
865
161
320
783
184
595
106
597
682
637
209
665
130
197
739
668
693
297
682
297
593
701
233
536
399
762
785
640
83
159
158
802
274
901
196
282
426
443
826
331
411
454
905
843
375
720
238
222
505
823
456
136
552
709
671
206
257
720
795
378
713
567
199
553
703
251
322
647
724
716
226
236
266
847
785
821
366
310
807
637
123
135
727
299
745
929
410
814
312
849
169
783
354
362
244
136
395
569
825
194
949
290
743
320
615
346
346
617
793
799
284
899
926
174
172
287
17
381
857
655
249
943
677
630
136
315
323
653
653
763
237
909
724
793
870
88
367
753
257
376
240
397
182
683
702
300
697
786
701
898
687
563
419
946
255
193
258
711
776
228
91
773
885
137
186
180
98
623
717
270
820
731
905
751
918
259
629
666
894
395
825
800
320
323
895
707
396
769
301
274
317
361
708
819
683
751
938
397
700
350
405
791
774
252
804
881
259
735
771
361
937
298
289
219
963
247
230
546
152
809
300
614
636
147
136
962
805
880
328
565
923
726
731
92
761
62
147
266
48
291
531
617
284
774
680
576
764
868
205
337
963
435
387
871
860
263
79
598
778
341
656
605
531
572
180
829
277
898
352
696
141
302
148
556
125
91
773
320
531
756
710
787
229
816
873
424
148
864
362
228
214
813
1
955
938
647
787
368
223
450
197
914
201
678
101
361
879
667
230
668
207
737
154
721
762
621
285
861
625
345
126
984
916
259
783
805
193
408
728
218
151
672
334
788
233
539
721
250
744
306
241
857
816
753
644
747
355
597
355
320
339
78
306
373
255
738
244
276
272
847
379
788
674
762
165
208
852
219
71
628
82
840
639
560
821
167
734
51
176
599
229
698
201
267
108
213
75
269
467
167
243
143
710
803
106
708
789
588
669
678
834
103
688
660
336
335
292
695
846
106
902
771
367
84
103
924
294
147
832
739
154
863
908
631
112
685
659
400
202
209
193
632
180
177
691
180
317
609
342
569
896
135
420
691
237
321
114
84
872
598
213
886
319
428
270
849
346
750
826
569
241
263
696
859
823
632
809
404
745
305
247
365
242
245
222
436
589
815
863
737
791
847
136
717
903
855
181
917
271
794
578
156
254
362
843
339
93
853
244
689
908
230
628
344
253
839
219
264
668
781
884
293
373
837
239
222
422
622
413
175
846
794
787
177
615
814
753
282
211
730
176
233
873
594
782
716
90
625
792
810
182
846
299
756
226
600
664
315
303
106
633
322
158
410
720
258
60
264
604
952
195
852
852
54
417
221
87
891
890
134
634
284
836
118
289
736
674
962
795
165
859
693
866
113
206
663
239
793
295
877
233
248
708
332
851
245
758
581
759
175
266
149
305
79
577
231
454
343
348
747
214
742
692
658
209
629
281
757
310
351
805
74
366
256
967
691
799
196
188
950
397
655
417
241
410
102
102
592
209
761
277
277
683
204
854
404
675
284
154
99
261
926
881
893
110
323
252
776
245
829
711
723
91
689
270
247
712
606
168
644
343
818
842
802
269
718
217
925
654
730
296
325
594
593
738
819
257
402
59
906
820
603
758
731
117
153
819
245
707
312
835
226
261
631
598
248
108
275
787
265
287
299
392
357
850
364
747
828
439
274
111
656
636
741
647
907
613
64
260
903
483
324
225
837
546
231
271
901
766
691
420
606
394
109
188
925
762
272
397
669
300
688
746
66
82
96
334
243
326
106
622
203
300
329
293
904
218
689
195
697
140
666
474
145
811
852
92
884
264
754
747
291
627
238
215
742
180
768
309
291
326
350
146
231
357
898
871
880
204
316
316
24
860
875
758
783
11
900
1
192
631
446
816
882
625
858
118
329
703
578
849
168
123
761
638
810
237
809
936
362
78
228
272
839
46
818
808
679
626
675
192
206
831
580
286
129
248
832
174
359
637
307
272
973
95
770
111
734
839
903
206
746
473
313
345
289
752
52
865
581
279
928
288
234
332
36
586
213
946
686
617
737
206
228
418
701
791
869
42
662
790
941
271
368
945
205
215
338
781
853
150
268
186
274
336
911
729
857
458
329
584
740
295
245
297
369
752
356
245
264
173
164
688
104
321
67
617
683
676
626
816
893
758
833
689
565
804
125
163
858
798
785
787
753
733
743
951
325
344
916
219
243
315
409
699
242
298
806
646
316
379
289
702
286
794
859
750
351
220
382
637
700
937
748
830
44
274
167
728
241
797
887
774
787
190
204
148
747
567
770
781
177
762
655
720
926
763
673
926
782
166
219
694
174
756
160
415
297
646
768
286
247
719
230
201
600
622
946
849
583
220
835
126
258
983
276
768
303
784
353
355
741
752
798
206
559
550
766
619
709
136
80
314
128
111
738
650
278
881
553
134
844
207
163
218
366
183
151
301
159
170
761
754
326
342
760
225
804
240
676
671
852
201
391
635
338
649
647
754
796
257
252
905
167
696
427
231
752
743
144
92
254
5
917
667
431
365
622
780
936
1
737
263
163
618
239
151
875
213
725
726
762
828
448
974
221
266
186
775
210
339
929
399
240
743
83
212
363
78
294
607
50
207
237
41
231
858
907
825
176
113
343
867
290
131
690
678
898
761
198
437
23
295
73
225
94
886
668
811
368
726
775
237
795
861
746
931
301
743
23
236
238
270
593
474
214
728
320
837
267
103
182
880
655
244
790
71
832
895
248
826
570
298
54
678
665
165
784
665
914
759
392
686
752
769
310
377
120
609
795
768
629
736
170
151
756
314
617
298
793
716
823
692
617
223
180
680
244
589
249
231
763
813
805
769
746
1
21
289
799
370
189
792
145
610
677
768
732
223
155
251
688
192
735
365
781
671
308
872
839
335
207
866
946
684
307
686
37
705
327
93
709
272
264
551
361
827
416
806
814
132
290
799
665
817
39
788
740
734
689
199
746
663
482
883
277
748
743
295
727
333
736
647
205
205
272
136
863
727
832
186
614
856
615
683
309
231
697
290
300
127
152
422
367
621
168
188
572
748
796
896
645
303
122
270
797
668
300
851
325
206
865
179
387
164
655
631
748
749
796
745
649
170
278
197
907
172
815
845
212
223
816
51
777
108
769
259
204
150
987
866
719
631
834
621
720
291
165
135
525
186
892
687
236
202
274
828
692
406
213
405
546
301
212
822
754
786
717
881
361
427
570
298
322
60
707
289
139
664
930
312
179
140
740
800
533
673
682
386
210
928
246
754
920
890
801
869
389
914
148
288
810
952
794
747
970
654
306
799
630
906
839
82
220
659
918
325
668
331
232
351
765
378
963
307
236
857
720
232
795
602
134
163
704
185
393
291
795
944
169
908
304
57
902
824
244
333
806
844
759
280
419
628
635
340
731
334
269
437
903
161
260
244
598
333
59
559
744
271
466
793
416
638
158
810
664
355
169
410
724
641
250
594
706
298
312
173
812
689
650
812
682
731
284
792
658
749
239
181
154
352
810
657
589
291
257
281
216
744
206
716
847
682
917
761
422
363
338
248
791
207
834
596
46
271
60
814
314
557
76
213
111
909
856
226
39
842
406
361
110
55
424
867
58
465
680
898
754
249
273
153
604
948
898
737
691
682
108
114
275
638
263
173
663
228
200
148
836
794
953
329
219
687
972
338
481
689
596
40
828
233
255
339
864
705
219
933
237
851
584
299
447
520
232
632
831
678
145
196
692
233
392
935
236
816
272
656
191
438
737
395
283
367
197
248
749
49
272
290
362
821
206
91
306
920
266
212
810
193
297
217
247
560
268
400
776
888
663
77
624
855
637
205
854
58
832
576
345
278
653
634
723
783
438
446
823
168
548
721
738
750
853
549
169
365
234
278
597
326
917
253
320
399
669
619
622
877
893
322
777
794
229
708
284
721
860
672
138
734
416
975
167
969
905
269
274
668
830
794
746
140
284
302
697
228
407
782
844
328
699
231
399
254
785
840
780
210
237
378
37
937
842
803
703
739
284
546
136
938
607
163
798
317
310
153
319
127
183
180
672
853
448
620
856
799
605
771
990
603
253
352
738
636
183
774
343
352
441
561
774
319
694
778
725
333
287
672
284
714
698
699
699
387
912
729
621
920
814
250
839
782
224
439
308
848
845
214
767
157
720
755
726
856
132
343
160
200
787
647
857
784
235
554
724
690
253
962
788
244
900
820
815
850
821
650
691
257
272
803
292
780
193
244
774
687
140
746
256
230
625
893
47
269
357
604
868
850
147
671
385
630
292
193
314
318
322
825
241
571
80
781
107
338
865
214
715
300
669
336
794
186
759
752
146
634
540
756
754
853
196
763
293
135
293
381
775
586
571
100
639
218
101
814
830
195
434
680
856
623
654
854
283
419
143
275
244
650
739
304
759
676
836
882
816
224
899
392
614
872
391
269
868
208
244
137
545
30
208
250
167
634
353
265
624
838
432
788
630
553
913
917
600
890
278
782
920
745
681
218
715
779
815
303
204
119
697
801
188
389
17
86
931
847
408
346
886
318
137
282
198
820
851
175
194
112
806
304
740
357
839
254
354
234
69
341
827
845
93
199
7
335
566
680
74
605
798
650
322
621
342
325
899
178
908
490
931
224
370
743
750
811
748
167
325
815
196
542
350
352
720
55
779
881
800
845
318
551
727
720
458
652
867
829
376
392
799
462
271
659
214
758
314
279
258
828
735
195
305
362
279
685
741
197
550
255
299
231
225
138
653
351
703
666
333
288
267
267
197
290
844
601
945
368
361
269
736
396
108
699
847
933
828
737
720
565
709
851
816
430
831
645
682
660
768
739
719
406
156
698
750
274
306
869
239
297
813
716
652
330
327
177
245
309
292
679
160
189
86
428
829
631
175
342
749
318
278
693
830
554
855
211
394
638
735
691
762
748
745
756
360
203
68
258
868
104
643
778
281
61
283
806
152
778
855
763
793
676
357
243
686
241
318
567
306
869
710
62
821
300
275
250
728
356
888
799
903
858
265
219
908
728
213
211
759
415
169
333
275
299
675
157
859
163
965
257
553
406
143
409
597
681
300
806
110
718
352
780
886
604
216
895
950
194
775
695
174
67
738
823
847
782
676
284
346
837
357
799
801
876
314
62
611
726
165
273
705
661
285
269
838
804
681
398
320
741
427
315
157
627
710
409
797
546
234
268
592
752
826
333
330
164
93
680
100
763
797
634
748
694
827
350
375
246
757
442
300
806
677
600
1
594
659
234
950
258
738
187
278
204
534
316
765
823
864
770
640
764
53
230
613
475
621
762
992
773
256
167
103
251
265
591
855
728
870
88
770
183
679
643
129
607
304
291
617
679
740
812
454
136
735
835
708
937
851
51
621
848
589
240
761
627
159
667
734
449
101
111
588
809
729
404
228
212
820
956
756
853
50
84
575
596
349
289
29
322
655
696
902
771
297
691
807
646
321
925
459
729
134
68
743
815
870
251
710
182
245
866
127
363
264
231
147
715
980
304
129
906
659
206
794
289
67
628
922
622
731
748
856
213
274
654
285
77
113
346
359
279
930
828
208
679
322
513
273
524
848
554
165
866
774
773
204
365
206
382
202
837
26
435
154
840
825
936
403
201
627
685
270
665
322
894
331
907
305
298
201
827
379
396
799
283
788
431
831
389
294
208
728
864
417
425
62
88
265
643
743
243
769
68
401
874
839
387
858
260
416
906
315
758
924
219
356
824
613
272
242
697
825
848
730
336
352
210
878
884
322
661
238
847
1
321
262
741
781
665
907
912
49
702
351
759
259
730
217
771
220
252
208
824
189
412
597
126
919
664
697
99
66
225
200
814
372
949
626
333
264
134
236
784
173
175
256
775
322
131
484
766
849
136
755
225
218
796
147
518
195
737
622
427
215
460
666
443
880
611
763
404
935
554
792
766
690
418
843
329
161
306
714
223
713
57
287
682
392
77
663
927
277
47
839
814
312
595
700
195
855
182
91
762
841
770
112
539
755
773
956
330
655
197
173
118
523
837
549
917
729
693
854
38
784
544
653
394
594
275
648
837
476
366
744
820
752
221
602
687
840
418
781
603
144
776
360
351
913
322
200
689
785
847
722
220
203
82
333
202
289
224
626
704
716
148
353
235
691
698
631
838
163
454
927
248
90
651
435
922
115
137
334
336
42
725
763
320
264
720
824
826
680
214
667
762
80
262
749
262
233
833
842
245
916
257
744
181
679
672
212
783
770
249
741
326
681
415
854
98
846
822
796
722
616
632
906
867
921
267
897
275
893
640
208
759
238
273
200
740
81
356
594
919
931
725
590
274
431
861
592
853
295
277
239
761
107
187
882
850
987
168
356
630
805
329
327
645
842
300
660
358
689
466
227
824
48
709
776
405
177
713
249
895
835
743
215
839
207
87
282
634
660
790
215
771
785
246
680
876
183
315
226
696
821
690
212
638
133
171
821
757
866
172
78
253
838
150
259
415
686
867
429
747
591
747
467
195
329
288
95
202
626
252
157
947
352
899
71
328
841
821
221
167
696
61
310
381
135
251
711
955
278
320
756
252
842
676
311
218
304
187
745
413
426
789
697
322
29
637
296
966
820
340
721
103
306
664
268
817
434
162
831
786
369
769
182
310
194
173
166
726
807
246
240
807
353
843
689
841
639
674
707
760
845
53
315
626
444
93
67
869
456
808
55
66
808
638
657
696
759
200
871
698
237
377
274
839
719
677
752
741
9
340
843
880
883
803
698
789
353
240
194
880
293
565
117
97
659
562
336
649
689
813
110
598
163
228
733
826
203
718
778
255
875
332
643
822
168
865
361
200
777
834
266
126
478
852
443
873
668
441
194
35
778
443
870
737
309
136
349
415
254
871
685
635
295
681
800
364
915
352
366
907
880
105
281
905
59
607
588
272
394
564
716
703
337
616
274
240
89
785
774
688
753
765
435
737
818
123
142
589
840
98
262
778
622
402
99
325
934
152
341
828
361
807
704
905
261
268
636
710
214
243
290
149
340
59
235
165
703
142
858
803
457
685
249
273
942
524
690
810
771
94
251
66
717
706
302
407
884
636
310
9
334
871
629
750
176
361
530
173
81
587
663
448
413
613
387
293
277
278
795
848
720
290
930
202
247
522
77
642
241
690
345
848
258
81
693
274
271
274
793
887
531
92
769
247
838
315
780
719
355
887
321
861
103
887
780
530
911
154
322
736
158
529
235
194
112
811
559
218
718
282
279
741
190
295
628
704
756
712
652
781
338
35
266
190
726
926
218
806
869
830
412
626
933
633
173
296
372
754
217
269
205
292
783
129
257
749
281
842
528
67
416
873
307
581
717
578
936
695
795
266
839
56
256
891
901
163
117
222
926
680
763
628
966
129
179
355
735
693
913
892
916
916
180
191
206
955
907
887
357
198
186
748
209
741
80
76
226
253
919
373
643
687
777
707
744
834
349
355
607
590
314
401
872
980
263
285
918
772
663
701
774
297
140
796
799
892
888
930
455
314
227
890
741
78
852
670
157
160
352
831
790
138
309
147
846
419
908
778
711
378
406
300
920
328
21
289
292
262
633
662
373
190
174
763
264
312
142
188
52
298
111
691
675
646
621
146
745
209
196
542
785
304
829
842
635
224
191
179
886
164
727
928
891
796
223
231
896
790
51
163
722
967
630
370
357
869
238
228
719
909
653
785
817
870
586
267
741
678
149
201
771
731
232
354
784
186
876
301
652
813
98
614
80
574
285
660
176
101
606
200
940
892
836
820
859
200
859
357
227
179
828
688
192
759
756
229
243
860
247
773
158
314
790
771
343
814
132
276
222
164
246
205
40
632
841
384
818
720
383
144
754
653
288
815
708
887
751
423
750
355
786
578
820
203
284
682
693
603
846
842
760
517
299
402
964
74
768
278
792
679
885
803
172
711
873
812
129
860
150
62
76
776
290
664
356
659
590
53
821
321
826
621
193
708
181
819
789
397
258
414
471
885
207
742
883
772
853
250
838
799
674
982
337
446
272
780
656
572
785
686
853
226
212
684
730
708
753
721
674
852
372
833
805
752
769
194
585
291
778
157
824
847
374
184
730
599
648
153
180
839
50
326
700
86
642
869
872
211
208
895
720
568
805
705
35
753
102
807
93
782
189
645
212
711
235
374
739
181
254
821
758
296
315
885
257
612
680
389
684
39
776
739
182
185
670
263
781
910
530
728
176
147
885
353
941
113
107
670
154
751
673
741
279
684
246
835
298
826
273
246
260
228
310
681
387
777
222
176
613
665
641
134
259
779
758
240
331
858
542
289
256
256
755
245
738
732
385
228
797
665
821
843
266
851
237
892
315
35
644
139
724
883
313
248
276
456
261
670
302
522
268
810
590
218
721
886
744
815
386
199
660
270
847
286
772
405
182
614
531
958
660
815
292
308
791
731
635
231
550
878
262
250
254
66
289
154
173
814
788
230
757
190
35
644
188
76
896
967
263
859
840
211
685
260
123
361
71
758
129
430
248
179
763
743
717
685
782
252
784
730
259
844
283
897
668
789
199
773
597
586
94
193
483
882
625
945
672
208
759
267
610
810
735
273
277
804
340
850
685
813
339
966
389
350
774
875
301
863
938
896
799
718
750
315
170
630
695
738
805
610
431
669
116
786
249
62
232
784
686
56
759
284
792
891
655
104
428
225
141
199
322
221
323
311
862
668
829
162
840
914
844
208
685
300
724
179
229
880
284
763
905
144
283
321
381
721
298
801
213
656
420
169
512
230
38
176
216
272
743
760
791
723
272
166
671
270
145
153
838
353
611
284
90
257
613
230
394
212
817
573
173
632
890
727
70
277
808
792
281
606
688
398
143
951
653
256
704
846
300
786
421
727
689
214
55
375
199
709
580
883
377
668
388
766
216
269
199
104
170
825
343
891
99
364
706
640
888
237
157
365
645
262
148
186
178
60
922
173
36
321
223
338
734
761
169
751
417
815
388
838
819
877
831
949
708
228
728
691
677
451
754
420
731
110
307
612
447
180
668
639
753
146
910
767
187
217
395
436
603
209
625
822
812
648
284
102
779
401
331
782
412
161
368
854
736
211
299
769
117
648
263
421
350
367
310
168
765
403
81
384
792
806
873
851
330
774
907
816
775
461
786
720
722
225
867
216
257
816
310
955
609
259
160
211
294
841
220
136
760
359
39
292
858
835
764
838
39
637
390
714
311
263
56
836
838
623
183
836
552
88
621
174
272
698
910
262
267
629
172
752
911
812
565
600
869
781
417
192
745
301
760
113
762
898
675
591
784
678
154
746
172
245
174
123
172
794
822
348
160
826
49
762
957
811
763
588
283
235
600
268
101
598
641
860
752
38
406
233
245
899
465
92
638
355
880
577
656
183
963
798
554
390
161
662
312
788
243
896
145
698
798
169
74
618
282
209
654
103
597
378
100
384
725
222
713
771
817
737
209
300
747
719
356
276
357
217
630
316
291
370
373
897
388
355
336
946
97
746
708
671
382
649
273
651
746
341
899
37
194
735
728
311
781
858
354
696
278
245
684
285
746
642
745
246
437
167
348
697
137
106
844
700
740
219
558
81
923
705
441
895
726
636
731
474
270
763
798
922
396
742
145
797
335
416
227
784
201
140
650
566
820
160
429
722
875
378
200
794
727
29
880
809
852
193
751
563
775
908
807
773
287
199
196
786
96
279
92
769
181
50
256
627
769
737
608
417
69
124
316
588
843
291
845
757
194
90
735
768
363
8
591
63
619
146
301
935
175
676
4
709
663
383
108
743
777
31
583
706
238
847
768
249
1
843
678
233
51
182
364
792
439
882
751
196
269
409
258
600
427
365
216
735
168
974
317
172
274
765
682
812
687
671
591
892
214
746
807
114
241
752
270
628
667
207
251
664
899
349
370
348
305
718
276
329
280
181
646
926
60
809
135
247
700
296
918
182
85
869
719
649
221
357
102
205
700
142
830
648
809
340
763
302
843
151
741
746
303
652
446
757
680
765
139
81
552
690
189
753
374
298
730
198
888
201
952
288
276
707
97
524
825
921
393
873
678
191
326
152
97
758
336
574
723
696
184
117
822
222
579
623
709
126
576
247
690
104
767
405
781
678
780
743
90
189
74
322
828
909
214
864
89
743
640
192
739
817
235
470
843
55
866
655
174
367
146
205
787
813
911
857
651
870
283
662
406
847
259
329
829
723
197
573
769
712
355
234
478
253
778
242
682
91
590
350
595
237
140
747
684
795
797
654
688
394
262
545
750
569
336
838
251
270
740
394
322
581
740
727
205
268
576
149
175
251
784
607
605
327
340
594
236
638
856
776
196
785
817
977
599
198
683
213
193
670
895
657
237
139
744
383
908
235
809
185
691
771
407
572
276
771
668
683
835
861
713
772
354
747
740
646
672
412
221
269
366
627
217
223
444
302
701
653
256
72
339
394
913
300
747
799
148
845
834
781
271
319
294
344
771
251
831
359
607
79
61
847
415
754
349
412
254
126
833
36
645
847
421
940
387
860
242
9
961
334
780
798
712
568
841
133
715
787
792
703
777
378
324
768
744
731
784
801
158
91
309
785
16
733
189
624
700
257
710
875
759
287
334
763
680
618
616
260
121
61
244
714
340
96
628
730
359
976
544
823
844
573
787
690
311
750
782
390
778
554
836
780
406
731
193
137
543
247
962
235
145
201
698
706
262
226
684
446
327
227
809
70
187
384
191
164
256
315
800
281
275
670
775
185
718
723
216
919
677
917
220
132
796
328
321
31
356
784
353
321
783
298
910
361
809
746
284
754
749
258
693
277
727
766
696
663
269
138
40
177
837
357
182
335
742
183
294
866
838
679
737
869
284
942
852
254
272
766
727
679
1
369
332
267
803
691
627
686
409
196
964
162
655
338
69
891
175
671
156
251
434
299
811
611
274
774
420
845
699
796
200
302
592
564
781
646
307
121
648
682
366
705
408
414
886
547
729
191
919
251
242
281
815
698
871
82
457
328
898
663
254
159
253
412
346
634
842
289
106
272
225
643
764
296
263
175
838
421
802
650
727
125
29
175
91
194
559
795
279
290
369
292
698
824
588
321
670
176
218
261
912
754
357
278
747
595
718
180
819
629
645
297
879
938
261
704
270
757
625
36
958
815
284
297
102
794
245
691
334
262
849
842
307
99
795
378
847
226
57
239
698
680
271
837
250
710
809
289
814
956
222
822
638
609
699
888
883
262
124
351
355
206
98
879
652
713
862
804
222
613
612
669
51
117
725
232
235
316
255
664
337
194
201
254
168
577
126
252
901
967
898
472
362
379
825
101
816
761
291
678
652
431
128
155
670
259
413
272
772
690
351
556
849
424
382
168
260
558
948
364
904
240
124
395
584
920
184
707
600
855
695
91
562
742
764
836
771
253
200
690
670
292
224
922
221
251
213
355
319
195
120
769
623
225
616
744
147
988
833
673
674
556
940
819
612
273
419
607
613
295
753
637
64
718
406
724
126
207
344
722
819
605
664
710
180
188
369
282
794
691
307
259
682
228
355
138
759
699
313
777
64
157
188
323
660
624
671
812
700
237
608
756
767
606
718
377
449
257
716
797
776
795
766
788
160
832
267
338
859
726
101
378
279
331
767
725
684
798
804
106
761
304
352
755
727
852
713
845
738
208
855
351
246
597
681
219
698
711
181
771
718
339
776
833
836
595
281
209
169
53
590
767
768
754
396
809
287
238
210
371
723
88
723
399
133
789
228
376
327
282
873
818
610
748
682
210
107
265
195
353
290
292
896
770
792
713
218
727
596
426
220
846
116
716
382
327
272
946
348
62
822
777
749
149
150
932
928
203
285
743
627
952
776
691
631
171
900
367
769
712
649
804
1
234
316
178
230
807
184
771
617
906
708
173
211
711
663
684
346
672
223
190
317
800
676
780
801
658
200
940
823
790
248
442
228
232
748
573
284
316
246
648
763
288
286
767
913
642
456
687
192
210
751
487
600
812
338
703
745
796
213
741
826
617
1
922
293
282
468
929
562
278
821
736
375
763
785
564
307
792
843
828
345
951
927
770
661
431
127
310
396
216
272
764
791
646
881
922
343
164
632
288
671
417
282
841
233
382
311
238
640
110
800
682
263
769
380
617
780
714
362
695
861
53
779
820
294
346
229
251
216
776
153
300
690
249
635
329
869
184
840
591
536
207
656
736
386
756
326
689
287
137
425
814
612
789
238
358
741
693
814
647
649
954
723
544
279
908
860
806
877
306
120
262
153
317
89
634
189
291
869
298
636
750
159
233
835
719
227
462
899
762
262
722
753
839
251
412
146
297
610
387
231
839
255
125
371
751
920
349
189
211
405
140
569
68
197
856
624
360
873
290
602
67
373
830
397
216
691
788
328
774
261
135
266
331
641
253
794
525
203
341
343
852
238
317
57
692
118
398
286
808
899
901
761
979
592
679
247
125
883
732
815
777
523
220
782
926
849
291
813
382
250
728
753
911
191
692
802
704
627
832
315
598
799
805
265
287
343
226
270
963
712
398
853
363
595
903
677
653
772
733
385
568
836
174
55
280
224
801
527
177
529
115
816
613
247
113
129
705
234
724
44
756
967
743
401
254
878
332
934
757
970
801
834
824
601
802
614
793
130
654
124
315
79
165
623
239
743
580
911
295
682
642
386
920
815
686
182
595
739
263
275
363
333
636
137
593
195
835
824
185
85
579
841
900
730
831
745
170
796
300
268
788
703
593
197
214
104
412
192
210
291
83
438
855
812
307
153
788
117
385
303
953
354
232
286
605
742
155
701
930
696
768
750
928
135
421
344
810
835
286
831
565
89
239
808
324
616
216
565
884
170
332
746
676
251
154
801
353
890
217
597
155
273
749
258
418
231
833
164
715
216
389
333
679
99
640
355
731
219
161
861
699
312
211
347
218
793
305
272
198
826
234
279
245
798
394
102
327
309
765
933
465
211
94
300
342
319
102
709
855
328
735
458
855
360
762
154
710
609
709
706
295
434
805
157
708
691
742
193
730
669
325
160
823
656
702
937
982
927
91
263
778
719
156
91
153
325
341
743
665
212
73
742
691
125
641
794
861
285
264
840
557
161
663
582
160
843
786
258
880
728
