752
1152
724
138
1510
1102
1142
1764
624
420
1522
1122
484
1130
556
974
402
958
162
1208
1726
1338
1162
266
1822
428
1172
1688
1212
1558
448
1320
1518
1138
830
760
1012
1714
1210
1412
1266
1564
1156
1166
2012
598
1654
1444
504
1298
924
1896
1526
1710
1132
772
352
1228
894
1782
1332
716
1110
1566
818
1182
578
954
738
1138
1020
1286
678
1484
810
860
1178
312
1626
1434
1058
620
1502
1426
1818
1088
928
532
1076
422
1076
430
912
1310
866
332
1042
1078
920
1570
1480
932
990
410
508
874
870
874
1476
1096
1244
992
1034
1154
1280
1018
1248
1432
502
690
708
1384
1486
1356
1454
838
1078
436
166
1296
1584
1068
390
542
984
1638
1054
706
1578
1496
680
1756
660
654
606
802
1670
116
982
470
368
890
518
736
862
852
1082
1288
1800
434
936
1082
1308
958
1262
1078
1676
1230
954
588
1980
770
1430
1536
998
1392
1346
696
1094
1090
696
1184
500
1350
850
1262
862
608
1138
852
1070
2054
1352
1314
676
1462
870
1280
1292
974
958
1096
1188
730
1022
1496
1144
756
1510
1508
1900
458
952
574
738
692
1026
270
1358
870
820
944
1266
1066
1332
1704
1236
722
1304
462
372
606
1018
1082
1594
1740
1032
1270
1200
228
1300
688
1130
1082
1826
924
1646
1626
1370
490
600
1184
214
650
1532
1016
1212
1880
1022
332
1184
796
530
1024
942
642
856
1304
972
908
1408
1308
192
1604
1682
720
1262
458
1298
1114
1756
1444
966
1146
1046
966
802
1674
1204
1550
1334
1632
1246
578
986
1758
660
920
614
990
376
1276
832
1002
1636
1728
422
358
1952
504
1302
1222
1096
1702
884
812
930
1398
922
1306
1466
1112
308
1290
1248
1028
1214
248
1846
1302
1120
1134
1036
1684
312
1086
1482
900
710
1200
1150
1182
624
1244
1022
1434
1036
800
1628
1238
496
856
1232
408
928
1222
1062
1320
1542
378
1734
848
1578
1226
1462
1082
1062
844
1578
1738
780
1170
1174
1020
1336
902
2010
1238
1026
1338
1240
804
1174
1192
1686
1100
1192
508
520
964
956
656
1086
1610
1096
994
792
526
1638
546
100
590
1480
720
1476
1726
428
300
884
1206
938
858
386
960
1702
1288
1388
1148
1814
1502
656
1276
484
872
1380
1158
480
644
1794
1368
744
934
544
810
2028
1310
1492
1290
1276
666
722
1980
1524
566
218
744
724
1522
764
878
1010
1290
1278
612
216
1058
1856
420
1030
570
976
892
1076
1210
752
886
1584
694
1550
196
798
298
1250
1290
1392
1360
592
1276
1574
970
680
1026
458
112
1164
784
1162
702
1544
1812
510
1254
766
968
950
1264
1024
1092
456
788
922
754
538
1568
1116
522
1564
1000
1746
1352
366
972
1412
1612
542
1068
598
1178
1776
1132
534
808
1172
266
324
1728
1532
1078
1408
1004
1156
742
1320
1212
1080
1338
1148
490
1562
146
968
846
728
606
1106
1178
320
1078
718
1516
1272
1378
1302
556
1096
804
1010
1446
726
904
962
1802
978
1324
954
946
578
394
360
1062
1446
1086
414
1692
1486
708
1200
1488
518
766
212
1116
1188
1216
1196
682
948
1998
744
1478
1778
1052
704
1004
1442
1166
356
420
644
608
1604
270
866
1406
1408
1380
1024
506
1100
1032
1618
444
1122
1340
800
822
1158
1078
904
1008
636
842
1286
1210
1182
1378
1698
914
1194
978
688
1794
790
988
988
1042
1466
1188
1318
512
624
744
742
1144
540
2008
416
1430
1452
310
1372
1014
980
1724
698
1016
1174
346
884
2046
1126
1228
666
674
834
794
1588
1132
1954
630
1618
1914
1668
1558
1720
858
874
808
902
1164
1056
886
1250
1720
840
1044
850
894
1834
1120
1706
1472
1166
960
482
2032
1342
1114
1614
1014
564
590
1208
362
330
1016
1452
586
720
1240
898
440
436
1062
1044
802
1748
1954
1612
822
902
1616
464
594
1016
844
1804
1580
546
1306
1706
414
1214
288
312
1492
710
1588
1282
776
1506
1614
768
874
1090
1758
1164
1490
478
928
614
1110
736
1548
1218
776
1742
154
976
1106
1100
1764
914
670
500
522
1088
824
532
1124
1148
1032
1786
1056
802
808
1668
1146
1444
978
1236
1092
522
398
742
1424
1242
852
1432
782
892
1290
404
548
902
1362
1458
86
822
696
1198
818
640
1032
848
834
1692
1882
910
998
1394
1722
1388
992
1010
1008
760
1208
514
988
176
1216
578
190
1620
1118
672
1086
748
796
890
1298
788
1644
728
1018
2032
1796
468
1044
410
1212
850
1202
124
1754
540
1750
1184
1286
1308
864
696
818
1042
1384
1694
446
1726
956
472
1924
1248
900
800
294
1256
1000
734
866
818
1346
856
1000
1442
1218
1522
1608
918
562
1624
648
1784
808
1342
506
274
828
1538
374
1460
1206
1134
310
1220
1192
1506
1156
958
1340
688
868
694
1084
1784
1346
836
1098
166
1388
998
872
1606
758
1200
1686
996
348
1006
1482
1166
1136
1172
766
110
1266
1664
610
812
482
1152
912
306
1692
1602
772
392
690
902
1644
1080
2000
666
822
1474
1254
624
1372
264
1200
1142
1192
1230
942
500
1954
1470
1490
784
1466
916
534
1164
1516
1202
1062
1270
1350
1442
676
1110
1468
944
1422
1262
1028
1156
474
1230
780
1486
482
828
134
1794
1506
1424
778
1160
840
398
1154
968
1508
2012
738
784
1866
894
856
