79
36
158
286
38
231
68
205
114
67
250
258
105
142
59
73
82
251
14
52
27
160
135
308
34
397
579
119
71
6
65
27
293
1011
281
103
269
241
78
84
18
159
85
467
28
209
261
101
385
10
101
15
887
444
590
257
333
10
2
97
36
102
14
392
230
291
24
395
300
56
58
301
112
70
154
220
35
497
25
893
6
361
54
109
33
57
627
126
467
31
190
288
751
437
156
137
122
4
185
224
3
30
111
140
143
157
495
247
131
178
8
192
102
39
52
100
181
390
345
302
10
402
323
502
122
349
37
169
542
13
10
49
587
245
1474
97
109
355
274
175
122
147
59
320
10
392
118
148
38
686
136
296
23
139
228
114
47
459
71
11
85
61
42
6
393
113
1907
133
207
4
41
28
328
18
96
8
4
113
139
262
18
132
256
258
223
515
310
227
88
12
662
55
323
1248
166
419
319
37
170
345
269
584
208
240
46
160
67
631
355
158
46
192
130
129
17
158
289
55
258
204
156
151
24
42
56
58
262
22
160
50
15
39
175
94
116
260
22
84
483
62
388
237
483
583
145
44
83
127
178
62
452
103
317
67
211
261
144
9
560
33
24
342
346
131
98
3
69
316
178
127
186
104
22
125
134
69
159
161
283
394
645
39
80
149
35
85
146
45
186
33
149
274
164
111
155
124
189
165
24
50
116
66
287
33
144
240
65
42
192
132
103
262
56
109
207
675
689
9
338
270
98
47
59
146
30
341
3
1
94
58
1092
43
925
98
22
42
269
67
37
99
291
30
81
27
531
10
341
88
14
219
26
21
13
4
51
181
154
556
94
271
422
179
1
43
153
60
3
31
140
19
35
107
88
1
19
232
49
467
50
96
133
27
167
135
63
172
13
164
68
258
134
379
133
166
177
149
108
47
138
62
332
120
254
77
48
105
237
23
218
31
140
279
163
240
277
216
118
3
131
749
658
215
38
56
20
40
269
118
310
594
149
28
24
31
67
661
258
43
62
538
100
9
304
81
69
107
53
152
110
91
11
174
190
272
241
69
114
151
16
239
10
91
13
79
157
1
275
569
248
133
12
426
176
297
76
89
225
151
160
34
367
100
140
166
142
13
337
248
159
56
81
40
5
15
6
216
70
22
69
297
5
202
138
139
216
221
28
31
11
238
36
14
77
60
5
874
117
44
29
224
9
44
46
217
43
302
289
49
360
602
550
118
202
80
194
48
173
491
315
1
258
248
23
304
6
121
143
122
246
92
131
92
12
103
85
123
97
25
30
401
56
204
367
186
43
160
107
109
226
32
103
243
571
32
555
283
8
79
658
61
35
64
227
189
226
184
207
17
143
138
125
82
392
101
209
56
55
275
46
330
122
6
216
64
102
198
261
3
141
496
12
34
61
168
477
89
419
1
430
209
282
132
293
280
369
58
469
27
338
336
5
2
268
134
354
189
196
329
192
19
13
334
20
44
10
12
119
248
10
294
785
85
145
3
29
66
334
231
88
234
107
39
41
284
661
123
76
184
312
142
76
308
183
54
186
126
195
81
27
24
14
29
1
373
70
153
37
67
160
382
180
192
88
182
1230
7
169
104
244
79
32
230
692
172
100
30
177
271
182
232
34
163
196
206
60
31
273
3
321
4
12
26
93
150
75
27
326
49
275
42
135
144
130
171
5
342
142
56
14
69
92
206
873
124
45
594
262
78
202
236
77
199
172
1616
176
436
166
1
32
101
56
98
26
242
124
120
136
53
356
291
334
33
217
432
55
93
106
9
171
18
303
214
444
453
213
186
33
62
183
837
6
32
591
164
168
137
2
75
209
66
20
71
322
227
233
578
10
76
63
5
320
410
43
15
172
366
58
67
439
126
330
63
90
111
54
25
515
52
180
55
7
456
243
511
383
572
156
225
27
880
524
44
233
366
47
164
53
45
279
283
99
3
296
61
31
465
344
417
278
197
533
118
173
42
10
203
99
525
216
94
152
621
1
29
536
135
320
7
8
43
24
44
34
97
382
9
130
149
27
565
190
74
413
134
144
183
74
7
180
15
220
177
166
352
385
85
118
290
276
547
58
51
113
151
50
37
36
78
3
257
286
219
539
188
62
221
327
173
375
348
199
4
155
129
205
696
365
20
43
20
125
511
440
360
278
645
504
136
56
192
171
97
463
12
62
175
76
405
10
429
52
40
84
47
386
221
13
56
59
292
287
175
135
32
24
78
80
172
143
508
151
217
22
114
173
4
40
262
99
273
110
328
82
198
71
149
72
217
50
1
66
35
100
136
43
19
11
2
186
105
443
37
299
188
194
291
233
8
151
78
81
286
505
72
18
136
254
54
26
62
165
229
51
431
29
143
16
25
3
70
163
175
95
218
63
326
93
405
476
53
22
1847
59
291
3
617
139
275
244
40
225
445
125
128
243
608
391
24
166
36
159
48
672
161
30
153
9
126
149
575
98
105
89
262
89
421
69
246
17
1
27
138
200
479
189
45
21
12
48
684
48
149
377
210
70
444
57
511
126
433
24
460
81
26
82
68
302
257
28
148
170
363
139
454
140
117
326
115
145
128
159
202
358
196
42
186
337
323
268
657
635
530
109
203
283
142
54
11
5
958
121
57
323
25
197
361
130
77
546
37
45
118
76
31
55
92
64
48
26
121
18
156
162
35
18
284
31
18
450
2216
193
190
96
469
38
97
116
525
269
47
683
43
34
415
359
151
218
276
532
122
1023
221
250
140
134
54
153
18
26
349
83
285
159
44
42
188
28
2
234
363
72
93
27
133
193
233
258
423
39
72
100
47
20
33
206
105
20
1840
6
64
112
180
131
200
221
108
91
26
87
283
162
191
74
45
177
459
15
296
14
56
268
179
22
298
280
516
226
27
29
336
31
284
290
105
297
375
203
210
71
324
304
3
16
430
277
53
252
28
29
117
355
166
402
89
26
34
85
3
304
420
288
77
242
59
32
408
14
61
42
33
53
564
100
231
116
46
14
82
62
841
78
26
87
432
92
453
27
338
110
293
29
30
368
342
340
209
318
219
574
154
158
112
265
95
808
93
121
74
100
36
305
81
165
20
171
360
426
92
166
450
369
94
42
460
80
47
279
91
33
529
865
66
302
36
291
96
76
749
92
904
20
50
141
420
165
45
439
203
112
11
34
242
99
142
72
254
653
242
280
223
55
51
369
99
389
111
15
87
54
149
505
18
105
45
5
222
107
212
230
640
538
12
176
390
207
53
152
58
181
84
336
256
597
60
29
45
76
238
52
318
531
195
107
426
27
91
18
98
356
122
26
129
175
710
102
9
29
395
20
43
77
276
115
146
416
450
274
197
15
435
498
94
98
312
90
108
404
14
104
68
266
168
195
432
35
232
153
127
336
27
185
114
148
7
59
77
51
125
269
191
405
149
18
74
172
675
143
58
240
30
211
18
157
557
288
16
39
147
524
327
164
64
56
146
95
94
128
77
17
53
122
206
86
23
275
109
180
152
36
235
18
73
103
187
384
94
24
54
421
92
137
769
45
121
87
104
89
97
392
2
150
371
896
361
214
10
250
17
180
111
135
58
266
132
454
54
288
889
36
383
78
18
50
89
25
257
71
246
114
190
230
278
445
386
208
140
130
179
281
240
87
204
173
140
142
162
239
118
73
42
35
39
86
341
78
1621
16
374
29
221
156
3
53
415
220
1
13
104
331
99
249
32
26
62
226
48
194
143
185
157
121
299
70
264
52
24
309
216
106
26
174
281
269
1106
123
256
180
189
91
164
635
99
386
11
73
327
207
122
847
108
441
117
202
350
78
60
592
116
69
23
62
186
8
21
286
152
31
270
70
69
48
73
38
8
144
133
87
77
709
20
514
169
295
258
22
283
87
165
162
95
118
411
36
216
107
320
107
119
76
142
82
4
29
1288
348
242
184
83
245
51
118
300
72
98
120
59
175
262
90
34
61
171
170
97
8
223
226
154
101
262
54
331
189
39
88
178
140
305
16
216
1
94
10
17
140
103
96
28
227
1
45
3
64
288
10
663
111
188
150
114
243
73
95
112
66
204
46
56
217
20
491
61
91
334
33
10
37
224
143
139
181
51
181
65
86
235
27
45
34
211
53
338
217
63
44
511
16
51
152
91
2
199
194
78
450
159
66
387
149
55
167
58
308
137
249
356
137
106
42
73
243
165
25
238
99
392
90
131
224
18
247
156
345
454
32
157
265
50
10
15
139
4
29
2747
512
98
12
154
86
332
44
297
268
731
253
1
135
209
20
264
74
59
19
116
290
2
96
12
26
275
5
75
6
66
1
12
15
65
29
189
26
92
405
138
267
11
129
38
489
385
81
222
637
22
62
193
84
167
380
7
142
57
101
106
44
35
439
309
365
43
83
307
55
359
223
379
76
169
233
23
280
107
147
295
70
867
96
185
571
124
59
91
267
33
131
254
5
252
103
109
319
154
25
166
264
33
70
345
7
165
11
334
56
133
316
53
124
34
198
12
66
269
13
124
24
24
79
81
39
44
15
95
113
345
104
223
44
286
137
188
191
158
389
50
21
361
294
342
128
101
42
52
454
339
162
222
9
101
310
90
133
332
18
145
364
23
825
133
200
262
100
76
187
106
571
42
29
705
69
125
80
546
16
518
216
642
114
4620
209
298
53
491
96
136
50
146
73
97
340
26
738
37
123
97
178
7
421
70
16
499
57
24
189
73
220
12
256
15
119
210
39
77
39
106
536
27
508
3
172
209
44
206
38
15
752
120
9
93
2
53
93
47
102
879
139
123
115
170
682
3
156
130
58
63
25
150
87
261
136
169
128
121
161
265
43
371
110
116
128
321
63
4
103
82
147
26
28
144
313
46
523
40
29
340
84
12
140
157
197
228
430
23
34
441
102
129
195
205
312
31
126
186
43
36
308
79
5
92
92
425
185
21
36
36
52
166
45
183
272
58
144
81
19
67
28
48
258
52
29
214
142
20
208
105
70
223
168
409
73
309
58
888
127
42
10
90
430
60
205
164
174
443
102
487
239
158
304
77
170
52
629
459
360
80
18
143
31
65
1
191
172
86
3399
27
193
196
49
134
791
99
188
255
225
130
143
88
32
621
237
14
333
115
272
8
725
176
108
99
754
63
401
21
271
170
51
88
148
19
73
20
33
2
26
47
488
76
11
138
224
101
119
84
100
40
322
359
294
19
756
330
59
48
155
80
40
134
60
120
265
19
73
242
109
470
31
179
159
27
94
60
461
19
53
583
89
895
23
222
606
128
61
327
97
26
153
183
199
72
274
17
443
267
7
70
12
451
17
622
96
53
122
76
15
178
151
315
68
706
89
116
83
533
129
114
16
291
42
12
9
52
64
386
57
497
26
149
41
313
20
85
22
140
15
13
234
27
213
391
75
607
705
95
263
23
69
58
450
178
9
63
341
68
203
303
590
219
211
69
627
712
388
122
127
547
61
245
228
309
648
5
245
400
499
109
314
186
828
69
284
146
409
118
142
631
66
377
34
13
90
250
548
879
149
106
304
35
197
144
8
205
19
711
207
176
229
60
525
181
565
42
55
52
466
169
276
152
296
10
2
428
606
193
93
75
8
321
412
44
189
37
251
498
218
24
244
164
9
202
502
268
7
161
162
325
13
270
366
52
33
21
86
397
17
97
29
241
121
85
617
144
196
17
24
34
74
95
95
104
339
1368
3
65
127
245
281
67
67
80
83
201
67
58
304
82
74
147
7
158
163
280
289
81
668
270
163
84
63
227
492
135
760
142
321
351
223
20
223
461
39
193
102
59
443
80
308
35
105
37
90
184
17
63
219
36
46
82
518
214
71
73
121
554
116
571
426
84
22
10
328
69
79
76
33
122
72
339
28
129
84
21
2
687
214
527
87
185
281
534
72
75
14
14
129
2
17
522
96
294
87
355
61
12
163
468
349
3
168
122
280
69
128
6
130
109
617
320
194
74
218
119
242
97
214
19
318
425
17
95
387
100
5
128
180
81
155
36
509
69
144
380
248
158
497
63
335
4
179
210
160
189
80
43
3
13
17
81
82
110
69
167
407
136
195
39
50
210
7
410
300
372
55
279
384
6
315
67
136
510
16
52
21
121
91
169
370
238
176
44
367
83
991
364
50
2
30
15
8
97
70
54
85
163
75
315
99
19
480
68
11
45
25
151
29
435
467
120
529
47
816
85
290
48
339
139
17
42
339
72
120
92
20
361
343
282
196
372
186
44
775
58
251
338
82
125
417
12
7
10
12
277
244
81
256
113
54
140
84
340
41
21
29
5
269
681
208
83
51
381
58
32
213
123
399
175
276
143
165
197
143
137
20
58
274
39
9
234
195
10
401
117
611
70
26
288
106
51
11
88
160
212
15
261
177
137
73
308
384
569
12
247
26
26
7
297
313
57
23
141
129
486
157
26
26
125
514
245
33
99
264
290
425
106
25
135
110
310
62
989
282
81
69
48
54
760
280
221
17
144
34
162
26
105
307
504
3
70
33
442
92
540
1
54
70
168
2
63
19
467
62
128
138
21
211
262
341
306
8
245
244
270
77
399
20
182
58
34
36
24
53
240
456
90
397
243
40
442
27
208
203
141
238
25
680
313
82
93
283
411
291
214
90
260
32
27
30
144
50
50
34
261
531
165
155
69
114
19
17
817
106
63
205
85
1239
122
277
114
519
571
120
866
8
64
237
150
26
7
85
134
456
107
18
81
4
248
108
46
6
32
2
200
238
83
12
31
182
267
173
605
143
101
349
200
57
1
191
18
137
48
92
5
57
213
353
34
420
292
419
321
365
26
379
15
339
353
1116
19
48
34
342
20
189
485
4
92
1198
142
79
176
186
51
152
37
186
123
182
94
383
172
46
167
11
16
1
18
253
125
172
20
23
476
9
2557
47
69
113
27
14
189
95
2
38
407
88
206
201
523
104
231
316
45
52
41
384
19
358
264
44
30
567
747
68
173
239
39
14
324
140
22
395
65
63
46
54
80
68
259
369
351
351
43
58
212
9
653
121
481
361
66
82
64
55
49
194
307
160
46
8
133
181
207
266
175
236
431
156
333
25
217
235
78
12
244
9
20
72
346
15
204
74
803
43
149
111
215
117
411
242
118
323
63
31
7
11
285
329
369
14
12
264
14
284
90
187
715
256
331
405
42
15
700
166
484
513
69
15
146
271
91
94
44
340
454
85
20
714
160
96
278
220
1045
48
42
210
91
378
47
171
149
62
262
105
228
403
25
1100
672
264
60
424
274
66
252
39
197
170
39
544
104
37
228
663
446
120
19
25
27
145
104
101
53
54
183
10
255
102
113
24
376
194
217
212
118
236
10
100
564
89
115
56
7
253
280
135
42
479
126
132
37
40
29
11
595
200
109
43
190
359
150
59
75
91
122
124
163
49
62
92
16
414
209
139
127
87
368
2
60
380
225
57
287
72
91
307
1201
125
564
342
98
70
135
24
114
38
397
59
391
123
325
89
59
240
237
11
137
23
111
84
221
47
198
66
23
411
373
79
278
80
464
108
298
87
379
305
44
244
405
72
569
272
354
22
278
156
217
138
149
52
170
99
56
172
43
431
269
339
81
219
65
229
89
41
127
73
396
19
77
58
71
178
110
81
805
168
227
130
8
188
10
50
17
168
132
18
395
164
460
330
467
181
156
329
136
187
103
277
60
185
295
67
82
222
207
236
10
44
117
23
44
9
279
1406
369
6
118
178
180
168
537
304
82
301
2
2
98
28
61
3
134
24
232
58
8
206
29
5
542
62
98
23
278
49
359
58
94
28
26
171
5
333
498
28
65
46
546
141
140
82
53
75
24
46
167
246
53
198
9
271
113
295
72
109
294
256
142
707
210
228
263
379
346
410
43
103
590
207
375
83
132
98
124
364
384
325
83
269
920
295
63
108
197
419
53
26
87
598
87
38
164
99
46
204
368
546
319
373
21
402
18
6
470
9
318
402
219
3
517
168
535
11
48
240
17
120
142
111
208
43
134
77
317
295
66
387
336
26
171
279
81
3
94
215
39
209
351
20
9
91
31
181
499
173
254
8
122
90
323
2
231
219
47
196
81
141
686
90
488
116
272
375
156
387
31
373
41
49
5
107
86
92
165
87
311
357
82
345
224
82
16
41
18
82
517
69
271
39
392
77
65
333
4
279
28
64
160
88
569
29
174
600
172
220
132
22
262
202
112
62
311
1000
83
6
3
926
607
69
50
13
37
128
4
155
376
41
43
10
703
97
764
72
105
399
8
26
241
121
27
361
323
310
37
108
165
214
114
25
27
72
158
422
22
32
477
106
194
84
662
291
258
670
246
290
38
261
303
12
10
331
508
228
396
436
171
90
79
240
291
90
20
141
22
28
486
61
63
100
373
177
239
253
360
63
270
86
80
63
238
7
243
647
72
507
104
355
74
78
125
2
107
11
265
174
20
57
77
2
73
3
102
212
80
17
7
234
285
3
15
114
83
330
498
119
139
234
791
27
94
11
164
19
265
1129
1000
68
35
151
197
43
14
189
299
244
257
10
196
366
242
40
24
173
50
203
47
958
43
31
96
22
59
139
176
343
454
91
289
196
517
23
167
56
241
469
213
251
3
67
375
13
139
1
127
103
98
59
51
628
47
799
25
59
57
615
355
94
550
57
77
115
48
116
21
226
809
198
234
57
60
929
232
194
70
26
443
271
492
42
131
24
31
6
9
30
101
432
34
58
120
213
178
256
165
227
260
39
115
188
80
83
258
356
116
662
37
77
32
19
136
317
162
328
21
4
6
140
63
125
871
151
3
381
96
308
99
132
282
366
68
209
232
170
105
118
404
213
97
199
235
63
100
30
16
122
113
137
101
59
25
240
436
92
967
27
28
84
338
144
386
777
10
83
13
162
417
148
12
234
19
226
298
537
95
361
22
103
32
37
122
432
19
58
39
508
22
467
342
288
650
126
36
232
315
15
35
557
1322
373
123
42
244
83
120
490
43
79
60
130
14
6
445
544
484
143
140
135
213
36
8
49
417
181
97
416
313
31
111
55
106
42
120
387
102
263
96
86
103
35
4
168
105
537
13
81
82
74
234
49
167
146
83
116
123
610
638
137
61
4
368
46
101
47
254
94
161
144
1450
70
234
184
232
83
121
423
34
146
377
113
98
347
89
150
287
494
64
108
162
19
278
436
34
30
96
272
362
76
59
291
354
55
511
118
153
47
10
95
243
320
270
103
96
41
259
106
291
312
1
197
93
67
270
48
332
214
144
93
37
84
285
80
137
165
2685
13
12
57
112
192
128
213
210
116
277
48
330
160
340
38
116
262
462
17
159
160
92
26
140
43
450
189
173
22
41
20
20
23
171
49
650
16
31
14
116
163
72
66
286
71
58
143
90
11
59
36
704
46
71
165
60
79
237
620
271
10
269
219
80
28
300
49
170
198
28
74
171
296
459
155
201
370
362
89
134
160
229
18
24
69
4
503
58
17
102
80
456
82
40
592
18
39
95
334
11
2
102
290
157
240
17
197
261
145
17
167
570
59
335
45
333
8
263
67
80
178
589
19
224
50
302
371
345
47
205
398
436
87
37
29
29
153
201
45
108
85
307
18
278
34
39
301
316
1
104
47
78
72
170
54
480
69
240
739
405
11
73
128
537
220
76
51
33
453
18
89
325
13
433
57
3
267
606
110
415
254
46
69
100
283
46
91
131
109
7
169
146
164
164
36
132
308
301
118
667
213
558
33
87
270
169
274
26
65
341
641
5
132
336
34
7
105
23
297
169
215
118
82
335
48
76
205
100
185
284
183
141
328
8
398
152
98
518
41
569
184
32
68
86
308
92
37
153
60
285
652
195
372
25
68
371
32
28
20
716
14
5
83
40
72
112
285
49
92
249
78
60
115
90
91
24
182
564
21
688
57
96
180
18
196
77
92
344
80
80
217
8
89
251
335
235
18
126
80
220
24
104
74
17
126
40
51
41
14
5
102
218
142
43
123
29
189
396
149
510
328
27
3
314
78
152
216
88
52
137
164
135
17
73
101
48
17
88
15
5
72
100
153
183
1
46
6
269
272
259
335
170
73
49
1
113
262
302
26
73
34
401
94
94
457
197
103
44
157
82
25
539
40
17
467
135
4
230
16
80
140
74
12
78
191
319
102
206
218
381
105
27
26
64
213
1059
246
64
295
152
102
169
52
17
72
76
451
11
18
204
1107
219
94
367
318
182
65
155
10
16
503
76
3
81
369
150
78
612
93
17
602
29
107
953
498
90
182
5
191
198
598
66
135
57
29
243
31
41
47
155
13
75
47
9
115
339
312
127
403
105
240
219
167
169
627
421
35
155
41
76
61
272
55
7
96
306
19
6
171
64
1003
86
76
367
20
21
172
621
462
396
227
128
127
61
54
8
25
146
296
28
167
93
48
119
14
1896
505
28
159
317
579
407
38
78
115
147
360
100
96
54
54
289
7
304
86
96
429
87
55
217
119
276
7
6
8
472
143
771
217
68
49
262
277
427
185
66
4
190
97
299
319
286
84
152
122
55
433
247
371
31
398
209
68
86
404
113
474
514
181
37
69
167
26
60
212
168
26
35
48
4
128
45
323
344
20
130
41
252
58
122
19
30
80
261
83
10
124
74
62
142
101
937
731
45
337
210
84
138
7
179
200
99
272
19
45
139
395
39
159
73
43
363
220
147
66
157
75
23
32
117
71
468
177
22
430
552
60
77
74
411
198
552
110
137
491
2
71
349
32
73
305
77
71
21
171
245
306
111
194
29
13
241
98
4
839
109
2
12
55
68
99
121
91
103
139
264
188
71
139
3
150
298
74
296
365
110
96
129
110
18
7
228
149
13
710
475
698
4
8
65
11
351
482
587
98
57
36
144
4
510
51
23
47
561
446
364
97
25
81
41
144
94
99
69
166
148
68
364
26
9
249
89
83
148
301
73
44
475
250
59
290
42
77
155
351
116
184
83
125
116
241
123
19
130
231
189
385
276
50
245
50
13
14
191
167
159
234
77
622
89
583
63
154
9
58
97
58
51
129
226
21
10
164
368
138
28
89
416
177
63
217
110
213
36
601
112
119
148
42
749
1640
32
39
67
99
14
429
178
41
114
252
154
7
250
11
4
482
51
832
390
72
157
5
123
59
4
303
32
173
15
161
143
125
46
25
29
75
211
179
56
280
216
182
3362
8
198
46
18
92
185
60
287
153
218
136
9
24
330
204
8
88
21
230
234
189
10
77
273
105
199
146
110
41
130
292
8
139
104
136
71
49
27
75
84
219
153
118
114
359
103
11
63
110
95
44
283
67
7
11
319
277
540
51
227
18
251
46
2
252
153
8
10
96
86
192
329
204
460
53
58
167
863
38
442
58
221
62
240
78
183
160
14
441
142
64
89
89
558
19
138
3
114
240
468
129
6
84
612
242
19
259
86
104
59
236
90
4
109
218
133
44
26
290
31
9
217
192
109
239
171
238
57
214
172
226
76
89
1
2
63
132
159
138
60
860
113
57
82
96
56
17
167
23
439
169
442
73
26
305
233
103
132
207
82
388
125
289
26
369
77
20
552
293
121
10
57
190
22
243
96
95
144
366
113
383
49
96
62
512
179
345
526
250
106
30
40
20
455
270
230
796
388
255
190
194
337
16
42
59
235
126
123
43
246
163
41
9
270
155
139
38
485
30
6
1014
97
152
479
186
269
67
288
89
192
25
24
301
76
36
269
68
181
45
115
8
463
330
106
35
109
828
385
87
2
267
252
305
522
43
170
120
15
222
576
12
369
566
36
821
58
4
221
13
103
230
129
68
176
134
55
438
31
123
113
228
97
206
108
23
472
283
216
72
27
99
27
20
193
280
296
33
16
124
190
70
244
109
665
482
37
151
8
106
353
69
203
440
15
979
80
293
49
59
20
106
960
221
53
287
22
25
52
298
54
243
115
27
327
153
313
491
207
90
295
292
33
66
45
452
31
526
227
133
26
265
242
193
169
122
124
133
136
124
509
273
985
158
62
27
124
13
160
295
64
95
51
37
52
102
145
52
553
65
105
109
208
12
235
136
35
69
68
12
179
103
87
201
213
554
63
58
1
347
70
72
998
17
56
175
102
93
600
5
16
14
121
280
112
57
158
13
46
200
288
8
172
98
320
19
49
100
97
20
61
3
54
23
459
26
59
128
71
300
67
99
18
132
74
19
82
64
14
95
105
30
43
809
108
114
215
197
108
114
193
217
55
362
86
1
193
20
214
106
95
146
179
246
634
42
557
253
689
132
169
424
98
184
193
379
109
171
40
55
243
19
295
5
170
49
461
132
100
158
204
5
4
161
155
428
525
328
89
237
164
237
57
119
113
59
113
52
27
22
9
277
189
12
146
197
93
236
183
234
49
35
107
106
90
190
68
481
1
45
39
217
72
169
97
291
157
193
159
41
141
338
270
34
23
165
110
136
318
491
58
17
222
69
84
240
2
76
31
13
86
143
29
41
63
84
280
65
31
101
69
14
130
28
75
44
2
332
60
107
304
143
302
186
167
358
38
24
359
89
460
83
40
455
48
110
106
166
74
128
16
108
465
181
1
450
111
99
416
46
44
2
256
114
165
157
460
88
600
730
231
12
323
114
398
80
377
168
70
91
19
331
46
388
56
349
13
803
31
22
76
220
227
35
160
12
451
80
327
20
503
185
1277
34
1834
268
258
39
21
147
27
133
432
50
128
69
22
80
174
30
234
41
144
113
10
35
54
88
136
13
518
65
153
217
149
108
51
46
28
41
470
21
260
30
419
94
177
85
78
187
45
33
398
466
27
422
10
410
182
928
16
43
182
244
271
241
201
246
116
115
90
17
106
306
3
211
37
150
194
99
49
374
36
102
517
358
103
13
35
114
177
233
660
358
104
161
2920
83
77
121
449
40
346
248
50
777
78
27
121
374
38
32
295
80
163
11
341
172
391
200
83
34
301
308
553
32
294
5
254
326
31
180
548
140
548
11
108
87
140
111
155
343
106
5
471
197
332
4
200
104
7
43
155
270
64
13
12
101
573
23
618
665
76
72
148
589
309
139
491
13
170
137
191
218
203
223
19
33
24
14
76
114
50
203
487
76
1
153
61
53
16
110
98
131
448
569
189
17
966
6
208
79
337
174
316
232
520
134
36
119
198
85
170
6
1
2
50
116
215
82
44
126
279
382
520
13
86
28
54
460
168
22
47
274
69
210
21
6
11
265
41
19
72
252
793
263
364
130
17
128
452
112
30
279
75
15
73
161
50
387
12
200
58
56
428
71
44
143
406
60
116
93
9
21
121
12
295
306
12
308
144
82
55
479
96
72
17
966
142
13
376
135
455
400
73
329
264
32
16
53
316
33
73
57
95
16
150
49
265
68
64
101
7
19
205
97
39
40
367
278
292
231
493
169
28
102
73
63
210
3
437
57
32
111
405
150
236
179
417
107
50
4
202
282
265
160
57
90
8
248
632
145
241
282
364
21
122
335
596
115
607
196
72
21
894
23
3
168
419
499
100
352
323
45
59
54
133
98
35
187
180
127
138
598
27
506
76
66
14
120
54
6
574
108
100
175
84
119
113
336
15
332
13
324
376
43
397
20
143
26
182
87
144
323
3
238
282
347
25
24
364
189
249
172
159
218
14
135
90
340
9
76
5
218
40
26
317
221
283
39
153
231
43
75
101
103
2
236
5
57
257
227
12
98
31
389
230
218
85
156
154
223
399
167
111
14
175
372
318
232
81
337
29
173
41
21
334
188
35
162
165
271
59
253
437
97
141
320
204
252
825
121
16
191
28
58
170
251
42
193
147
376
2
37
18
163
66
99
52
215
115
218
245
153
203
162
95
130
5
115
89
405
330
154
314
87
271
311
14
107
288
204
286
109
495
181
86
597
37
230
162
720
9
489
63
647
117
207
546
62
239
95
14
206
61
33
177
91
6
2
48
515
345
44
149
7
404
74
125
116
33
1
214
456
23
40
78
80
139
321
230
42
22
172
168
685
30
155
35
115
42
542
181
296
436
142
103
51
54
364
165
252
185
173
98
44
45
932
30
826
122
1
68
83
37
128
270
125
45
24
97
103
78
186
15
71
35
583
137
109
154
88
16
36
197
107
13
558
28
466
239
48
252
102
461
124
189
421
222
176
576
41
6
48
127
46
112
273
63
5
279
89
109
47
80
143
17
364
203
57
151
8
182
15
46
120
2
340
8
92
353
14
501
134
238
76
283
231
77
12
215
88
64
153
100
613
192
496
13
190
309
188
42
324
63
72
80
114
8
204
5
424
219
49
486
351
372
51
178
54
276
277
359
85
132
152
443
264
55
59
351
179
78
758
72
43
100
143
219
75
432
441
70
376
68
51
394
445
94
263
24
284
26
19
333
210
73
31
100
264
162
20
15
339
33
50
170
157
106
190
217
51
143
93
81
191
122
101
76
540
336
138
385
1012
70
154
2
63
55
159
180
1931
59
163
225
105
140
232
41
114
141
172
310
348
258
143
456
76
10
1
25
54
233
59
92
189
2
138
281
418
108
11
422
99
161
17
205
192
139
53
1
13
590
145
336
128
125
141
903
144
220
19
7
285
39
140
35
52
8
93
173
20
813
274
99
64
120
294
309
212
50
247
73
248
26
146
51
230
46
16
487
44
113
265
107
14
318
302
21
241
177
82
220
6
138
384
15
134
316
450
91
56
297
53
163
290
167
436
125
105
150
22
25
198
167
257
93
200
183
54
209
110
56
112
237
207
182
393
101
18
74
328
383
51
31
17
1
289
36
408
12
8
240
210
46
418
5
24
333
171
6
90
159
154
60
112
102
198
104
49
163
53
10
68
88
46
309
129
431
148
320
55
144
350
677
40
392
132
50
36
277
41
199
155
136
78
617
4
209
163
152
229
5
256
373
219
6
29
289
136
114
200
137
82
10
79
220
101
199
20
76
293
277
2
829
60
228
26
177
9
11
820
315
127
175
272
60
302
52
103
8
222
4
52
128
302
303
188
72
90
213
85
294
148
79
44
9
359
211
625
455
14
171
30
141
219
194
305
954
486
1
277
58
166
372
33
463
124
202
160
49
79
513
73
242
15
386
250
25
1
561
345
79
182
19
269
133
59
107
42
57
52
588
477
2
839
7
4
366
167
90
182
301
157
67
524
59
170
299
129
311
27
113
297
122
129
195
70
406
51
175
121
95
209
288
223
156
219
245
134
38
220
9
274
8
38
5
315
87
7
95
138
56
25
210
37
182
122
34
64
86
10
25
296
215
21
145
442
151
44
334
338
54
15
348
389
81
249
118
97
190
76
31
54
136
52
125
80
144
6
402
61
46
728
121
59
161
63
566
99
406
2097
159
29
4
96
120
60
120
34
87
76
132
182
384
136
22
24
27
98
444
44
144
124
306
54
249
60
257
20
56
332
7
268
59
501
304
130
15
288
116
572
139
696
619
3
103
177
37
21
263
2
199
165
93
277
26
668
23
268
123
229
135
161
447
215
333
65
110
722
205
31
161
173
72
8
204
3
86
44
124
286
59
188
85
195
219
118
113
9
33
44
89
91
210
380
32
327
29
8
129
106
596
128
16
343
187
92
3
679
886
150
78
385
181
34
52
284
522
332
177
71
74
58
49
299
169
55
143
257
35
69
232
8
28
250
90
137
28
196
68
24
514
306
430
134
80
183
483
43
279
18
94
21
483
15
41
49
54
70
77
67
119
64
339
188
274
64
314
431
4
124
70
150
364
140
240
357
280
809
147
386
35
133
415
27
53
40
148
3
287
391
40
509
199
92
6
112
179
333
406
4
201
331
91
161
176
313
44
44
130
133
7
25
14
122
318
172
339
172
179
156
5
177
38
512
80
308
108
9
17
398
354
223
32
86
515
47
186
157
56
474
203
436
339
180
77
30
118
383
181
6
2
64
219
12
154
43
139
96
309
48
302
22
388
224
138
386
18
116
85
1
91
19
7
26
80
469
52
346
255
180
110
84
63
171
200
252
38
126
132
186
197
30
144
133
41
259
145
145
183
17
98
153
394
103
8
269
374
133
22
131
196
530
184
576
60
472
90
51
59
674
21
6
193
107
12
87
42
103
507
69
214
42
335
57
311
85
201
274
8
319
91
289
140
375
244
115
75
65
101
175
80
16
105
123
156
152
112
532
36
59
188
19
648
133
403
7
57
111
200
62
294
155
15
39
74
213
439
249
370
179
422
183
41
4
186
85
252
162
90
243
443
47
158
15
273
71
356
272
71
66
66
90
94
436
176
321
188
95
498
257
500
181
899
328
27
8
420
55
2
69
215
60
37
21
223
137
5
228
91
27
141
192
265
8
58
238
253
95
127
121
342
101
205
336
8
143
131
289
79
524
578
205
1
355
332
136
79
38
175
402
178
128
28
444
326
312
71
18
44
207
193
204
19
196
21
43
30
271
154
138
81
113
1
45
166
58
15
39
345
74
15
282
80
32
4
88
168
367
32
92
120
107
542
44
101
70
1170
129
445
36
218
1
101
11
385
550
23
246
552
471
129
65
227
28
65
9
140
85
65
107
125
76
12
8
29
493
281
69
85
156
59
78
381
598
118
146
13
13
92
64
227
96
45
181
35
161
484
304
56
65
323
20
185
96
2
51
529
18
71
19
269
379
102
32
36
315
327
59
8
16
37
16
43
106
215
119
17
158
249
144
6
7
198
78
172
33
172
124
21
282
75
70
73
94
18
340
19
88
134
17
92
15
519
193
320
226
44
858
371
75
135
129
132
30
73
82
99
44
626
195
100
137
324
308
108
21
86
176
118
8
357
19
51
161
60
76
533
299
15
724
138
187
155
255
24
116
36
262
174
27
829
411
22
21
190
405
772
78
139
206
84
15
53
143
76
254
232
555
78
86
108
145
96
375
321
227
57
10
235
340
58
162
9
91
32
102
75
33
165
30
35
9
61
366
163
134
367
99
61
25
92
311
27
358
67
3
191
27
14
565
4
55
356
199
33
318
23
82
236
117
131
164
76
122
297
35
76
30
140
251
277
65
43
39
34
67
178
282
127
244
110
163
237
123
265
588
15
112
74
110
344
94
160
29
60
11
106
170
88
39
185
256
33
254
510
338
106
167
372
267
336
68
669
200
20
48
17
131
164
94
48
415
173
181
51
15
211
77
99
272
108
127
982
627
525
281
150
64
13
43
81
128
36
327
231
442
58
102
27
641
173
63
334
241
214
77
77
70
66
48
934
148
104
202
516
126
264
792
109
18
190
116
18
261
42
102
188
28
108
62
203
360
722
270
135
12
297
96
77
320
9
52
230
679
137
100
212
352
34
65
283
78
1067
91
378
104
91
88
255
12
237
101
40
91
80
33
214
103
453
110
53
67
36
10
43
63
36
101
24
172
397
266
133
88
130
12
465
117
70
11
125
361
177
82
425
426
5
331
110
12
117
280
907
135
62
8
24
93
43
174
846
108
62
20
405
65
92
45
325
44
69
97
123
197
31
521
188
8
4
31
261
17
141
186
503
225
25
219
141
146
24
373
58
129
21
30
723
29
316
111
152
133
631
193
11
50
61
37
323
50
3
218
290
403
171
48
26
406
40
86
77
24
1
124
185
307
12
243
13
317
351
244
113
129
102
300
191
157
18
184
170
37
318
580
99
82
115
210
282
55
358
165
13
67
153
806
40
76
280
233
167
13
35
5
19
95
22
31
154
77
440
23
163
20
54
233
231
95
19
297
72
121
113
64
251
5
517
49
2
87
19
567
12
189
81
106
39
173
150
46
190
156
591
340
61
77
52
497
49
239
170
498
66
101
194
434
24
17
224
60
81
249
1759
44
239
190
166
424
88
370
143
1047
29
208
20
166
137
37
18
151
220
162
71
695
51
75
509
47
67
175
45
214
250
41
14
92
384
10
93
226
147
1592
70
157
199
27
610
52
30
344
45
155
28
1
168
56
19
34
335
98
15
501
31
79
54
19
284
60
312
140
280
54
143
583
7
272
427
234
6
1137
150
312
145
67
3
91
242
254
12
680
93
120
48
166
10
393
166
29
115
414
4
72
626
135
209
53
117
166
242
66
39
104
63
27
73
133
247
3
20
58
163
8
295
525
89
23
44
98
131
103
48
86
31
55
10
81
261
160
2
127
308
44
13
144
48
65
76
26
432
611
139
53
77
856
417
158
91
269
15
89
122
351
138
346
421
354
321
213
45
256
20
11
50
73
190
13
45
61
91
266
284
78
16
49
56
28
29
257
14
103
866
20
211
348
152
217
15
28
349
50
151
226
106
5
188
127
18
625
234
184
89
401
80
18
139
751
499
126
5
170
171
322
356
24
66
251
102
42
460
175
130
31
30
58
132
385
171
189
37
98
139
693
256
367
107
155
31
36
1
31
147
86
590
12
165
153
198
272
206
143
122
21
24
25
208
147
259
427
352
142
25
86
11
329
545
596
38
190
82
23
263
201
24
55
202
57
185
437
119
129
458
104
19
490
305
144
129
227
117
140
115
72
176
2165
92
49
361
148
433
128
57
12
59
258
32
10
111
111
92
34
158
139
6
87
69
220
49
214
123
371
417
543
189
353
142
84
571
31
40
56
386
75
137
24
214
26
344
957
514
3
189
368
314
130
73
168
22
353
1
240
283
145
37
140
95
378
426
87
79
22
133
48
275
130
184
88
138
406
485
53
87
87
62
185
296
16
119
591
27
43
83
152
336
313
278
212
75
433
670
458
80
23
58
36
30
338
22
11
388
201
112
90
168
365
66
175
243
21
149
189
114
218
372
30
96
7
112
51
436
390
72
238
239
407
39
211
673
21
270
49
216
49
21
144
61
221
83
54
62
9
63
279
25
763
8
265
117
125
56
98
163
144
182
143
259
279
247
289
12
374
11
36
146
423
29
102
32
35
87
408
35
148
22
29
305
48
84
699
38
96
147
20
21
142
322
49
444
88
152
110
265
37
9
262
169
143
235
191
6
297
10
428
337
424
41
74
19
179
103
77
13
174
148
120
16
548
27
25
327
26
53
195
90
20
242
35
395
88
124
44
330
6
38
70
95
198
634
647
53
372
132
437
13
37
18
117
14
22
75
469
167
497
43
63
106
296
317
2
15
188
384
232
27
258
7
38
174
221
54
50
94
27
48
1378
708
583
30
129
210
66
65
166
37
89
49
213
664
172
96
36
23
104
38
167
45
17
133
63
397
3
265
235
132
43
121
18
100
75
224
153
41
235
119
22
133
9
124
9
14
68
273
100
331
75
410
37
61
42
176
2
14
53
112
231
53
19
1590
87
42
53
477
5
408
103
384
14
356
1
193
17
324
42
156
240
57
133
38
122
32
23
338
176
145
121
93
88
147
408
78
99
161
114
197
37
133
107
84
75
210
75
91
127
83
427
80
294
427
76
461
354
142
394
85
196
87
34
435
167
62
71
232
104
625
10
69
143
32
361
163
24
41
499
13
4
133
24
120
91
21
157
183
232
19
138
381
5
296
241
115
96
347
16
223
429
71
385
22
221
228
113
4
182
568
87
205
311
247
131
1895
119
304
88
95
136
104
562
89
54
391
43
57
39
1
177
316
248
190
550
23
224
100
199
337
17
131
278
174
11
348
390
277
19
60
182
68
294
377
29
827
165
75
34
95
2
497
316
252
5
173
70
136
43
57
6
166
51
186
63
125
18
226
69
50
147
159
25
382
511
27
245
2
326
129
82
264
9
236
135
38
242
30
58
38
22
57
7
254
221
155
136
33
79
358
118
306
360
115
401
241
138
208
631
6
8
422
133
282
155
157
123
152
251
45
34
132
112
31
56
382
117
403
242
152
10
207
13
23
12
16
205
23
115
39
186
61
49
266
5
5
248
73
207
7
37
54
399
24
11
695
87
29
147
64
264
9
286
177
126
381
24
205
27
72
106
80
83
270
46
150
69
4
30
13
126
345
90
591
603
93
74
373
543
85
75
16
458
445
73
134
135
641
444
98
196
228
399
72
145
677
256
100
25
286
221
431
13
120
220
183
37
115
229
146
54
7
87
123
173
53
112
311
104
11
146
138
136
158
12
4
4
312
11
290
518
86
786
61
110
31
183
287
522
39
2
24
117
543
123
1
119
39
7
1138
84
26
30
272
220
409
149
228
315
348
334
106
54
194
261
80
244
47
484
92
195
160
231
6
291
8
23
18
84
2
431
22
330
872
90
221
16
195
163
33
4
15
101
235
50
126
14
19
208
289
372
494
39
155
162
30
290
83
72
28
298
169
222
318
353
12
228
185
49
83
166
178
34
95
129
174
104
67
34
73
178
172
16
347
118
79
184
96
113
189
231
77
638
237
48
101
237
58
13
114
221
472
46
700
412
143
443
22
139
177
98
127
73
141
361
240
491
693
257
333
209
152
79
233
180
206
715
49
265
42
148
70
129
207
82
21
34
52
33
238
25
336
249
19
721
440
3
76
74
170
66
312
160
269
291
73
256
29
252
318
172
161
63
87
341
271
283
106
199
192
31
93
174
13
3
142
16
245
78
18
1
119
49
353
814
12
337
48
9
391
8
41
306
65
514
126
164
110
376
25
97
149
21
58
30
245
17
223
140
104
12
104
314
181
240
11
236
188
236
232
190
471
705
17
139
74
59
8
97
24
41
345
1222
69
1
121
89
84
826
169
20
133
204
32
174
121
575
326
13
264
241
563
92
115
591
454
321
73
204
380
403
80
208
882
30
262
160
110
90
243
51
301
67
16
303
48
56
294
105
325
250
61
145
848
125
78
91
138
621
4
384
320
93
48
64
10
542
52
178
34
7
15
261
188
156
88
42
18
100
493
257
30
322
60
215
294
541
14
41
4
47
248
116
192
86
402
35
456
33
165
166
68
216
307
201
47
228
200
57
244
21
3
280
440
14
15
386
76
313
236
83
373
99
81
3
151
130
131
42
316
118
205
126
22
172
108
272
438
72
132
133
51
268
83
157
20
173
213
40
124
62
92
29
39
720
119
173
275
130
383
238
140
7
373
199
142
365
456
135
125
547
185
46
214
148
88
104
86
396
143
139
77
354
14
43
96
101
117
35
22
16
76
91
317
119
221
58
114
459
126
169
253
214
415
519
35
68
251
59
579
480
48
53
154
277
314
566
17
882
225
560
310
475
375
162
19
236
47
1
221
40
32
222
504
33
173
27
13
398
83
15
12
160
17
706
404
239
39
636
148
86
410
103
106
150
41
59
153
309
140
307
93
107
68
78
50
18
162
220
44
1061
1693
30
59
551
176
16
338
135
115
46
11
380
381
38
180
81
60
209
111
265
29
106
603
93
257
101
557
101
206
133
4
191
30
39
167
630
44
456
111
322
41
286
590
227
184
583
426
82
64
645
202
861
96
150
150
1402
217
14
75
55
13
214
419
95
335
481
342
191
241
763
111
45
413
172
44
477
7
69
103
558
16
122
74
35
141
194
671
283
59
75
33
197
414
70
164
19
325
80
57
118
270
130
107
114
246
155
195
365
38
214
8
85
39
197
44
245
25
207
73
169
103
71
160
176
57
30
8
41
45
216
314
64
117
8
44
227
515
1
126
49
142
152
545
200
206
149
96
211
14
161
55
53
7
323
215
65
9
4
215
12
69
25
119
192
46
7
419
371
236
76
238
346
33
38
372
153
3
66
325
242
29
316
369
90
30
136
135
471
540
119
749
171
275
313
198
47
22
1
309
8
65
19
218
189
450
222
156
150
14
174
207
35
107
52
173
59
216
106
144
367
32
30
19
333
55
197
670
167
64
350
206
191
209
220
19
285
78
200
79
144
166
719
738
675
380
43
32
111
483
301
16
152
26
108
46
329
586
522
32
320
40
33
2
4
37
9
116
74
408
29
269
14
265
422
189
115
111
111
120
119
47
293
45
218
212
171
128
355
181
90
65
77
250
246
56
705
330
516
125
117
293
40
23
480
69
349
151
25
154
146
93
93
114
42
223
22
18
836
84
308
173
259
31
121
395
86
74
23
354
187
70
143
437
359
331
132
252
22
226
109
311
56
88
209
283
66
82
332
405
38
429
41
159
21
156
73
243
965
1
275
44
155
168
169
246
50
60
46
380
164
162
196
20
66
56
120
252
156
93
4138
164
624
20
111
55
433
362
56
73
507
290
220
165
210
582
33
492
241
171
179
685
203
581
216
193
144
256
16
122
71
664
172
552
288
35
69
405
86
300
102
4
319
154
152
17
22
786
3
250
126
371
34
89
212
63
248
5
119
82
1037
358
417
57
76
14
7
412
129
1142
47
115
290
74
33
17
60
322
454
13
371
34
18
147
15
26
146
452
188
175
256
37
152
111
119
598
116
150
352
72
1881
175
443
89
208
170
168
277
332
157
244
331
124
124
260
73
13
813
224
167
70
140
57
187
60
3
59
232
67
357
371
6
640
258
17
227
46
342
216
115
27
149
14
9
354
31
131
11
181
260
202
110
367
246
62
155
139
430
37
63
526
247
164
17
367
126
220
38
49
294
158
113
6
171
19
73
16
62
135
39
330
419
234
148
158
789
76
2
336
6
76
326
33
112
135
87
4
40
312
12
348
1544
77
204
60
31
13
149
3
232
155
10
127
15
450
201
726
70
5
125
81
116
36
61
22
730
20
131
268
44
550
276
58
9
485
27
254
39
120
447
495
760
