167
14
17
117
75
80
12
137
9
21
243
144
11
5
201
11
4
1
70
114
46
47
54
259
46
76
126
136
40
19
11
5
111
4
87
440
56
82
46
12
75
13
9
71
384
43
99
71
81
49
44
267
47
45
14
22
10
234
5
19
19
43
3
239
54
2
22
47
213
109
200
17
8
27
79
37
100
65
11
175
77
42
18
11
43
127
76
86
1
453
23
23
45
77
19
144
110
19
141
6
137
75
40
36
161
9
16
143
88
9
42
2
17
114
18
49
25
303
1
45
19
18
72
101
134
48
108
81
179
16
79
2
42
41
264
230
49
14
51
202
291
15
11
8
166
73
15
18
48
108
170
68
82
10
27
23
73
385
19
15
61
141
168
144
200
43
30
16
81
15
7
41
59
41
19
321
132
81
38
27
42
49
37
25
601
74
136
49
87
46
4
149
40
17
23
115
59
69
16
5
132
62
13
140
124
145
83
23
15
22
212
127
237
106
23
108
77
201
71
17
27
28
41
51
3
48
5
199
176
507
18
5
80
42
108
104
16
53
79
5
8
38
84
17
100
47
205
51
18
9
111
74
27
266
302
10
77
74
39
78
13
75
691
53
12
80
74
8
5
18
23
39
150
225
56
105
143
84
381
47
20
43
42
135
260
17
100
16
20
142
252
48
6
110
7
111
15
78
134
22
43
28
117
113
127
206
23
17
131
262
38
146
82
87
64
23
13
13
209
9
133
75
146
25
55
69
113
9
5
91
83
12
19
172
2
50
200
9
348
76
16
4
19
1
44
20
7
91
17
1
49
57
23
84
18
20
10
10
14
11
39
20
109
43
32
53
174
15
299
201
67
150
6
263
16
228
46
232
52
174
19
15
16
10
9
103
387
67
1
22
2
106
100
169
78
18
15
148
53
12
231
8
57
7
10
17
19
6
49
10
109
44
264
14
24
22
46
206
17
43
38
25
18
17
40
46
51
19
42
110
17
50
59
27
17
29
23
42
19
44
26
75
131
152
12
135
152
314
168
48
227
28
202
300
47
44
45
45
54
9
71
273
7
18
85
18
47
5
336
25
19
59
3
16
21
45
22
1
165
6
140
20
130
27
117
45
19
50
8
17
7
20
45
48
26
16
111
53
200
79
65
128
9
144
79
46
7
5
6
145
40
134
10
105
52
74
41
73
11
2
69
28
16
1
10
48
12
5
198
44
52
65
81
16
167
37
263
7
16
41
71
3
12
50
76
72
8
15
89
85
43
3
167
44
164
24
12
359
12
230
18
99
2
70
17
13
132
199
24
59
49
39
170
54
111
9
39
23
5
11
70
51
160
1
1
299
2
72
5
105
8
232
137
425
10
6
15
45
22
67
20
26
3
175
7
50
117
17
328
111
47
583
84
199
22
48
14
46
174
51
8
14
174
18
40
14
200
11
14
268
13
80
110
23
17
134
10
203
22
87
272
49
81
51
168
331
15
37
35
13
102
51
21
3
77
139
11
236
87
9
9
160
117
12
94
43
14
15
10
71
57
49
47
52
1
28
18
63
11
12
102
45
25
47
3
90
18
11
15
108
40
2
179
47
105
6
85
52
56
20
38
8
68
12
25
75
13
297
137
10
47
72
15
1
429
4
73
9
77
1
123
15
13
207
14
109
13
7
82
86
15
49
9
70
140
44
55
10
106
211
213
199
142
58
19
8
107
10
13
85
22
17
14
86
1
350
72
39
78
173
13
12
296
290
12
26
17
18
1
67
105
43
76
4
77
80
369
131
8
45
31
35
14
16
77
83
54
13
53
147
32
19
47
15
28
15
73
113
23
34
197
128
39
31
30
206
18
47
13
227
201
14
67
13
206
106
219
42
107
9
180
79
472
544
69
2
14
16
17
16
44
20
210
72
11
55
163
7
256
130
57
13
30
40
4
23
17
97
50
49
80
78
16
133
101
258
17
8
9
68
55
175
107
9
99
238
4
15
15
41
36
79
14
32
9
15
12
107
13
2
36
24
77
202
37
20
210
1
145
143
51
77
76
6
119
393
45
24
9
70
42
18
24
158
139
140
14
44
14
21
206
18
35
36
8
19
114
10
103
18
392
146
41
78
9
103
74
299
175
49
110
71
113
17
17
19
40
536
24
5
22
16
9
141
1
236
15
14
240
12
45
23
20
16
72
87
95
10
45
22
323
628
265
9
325
27
8
75
133
2
5
50
119
226
81
137
31
74
458
42
19
203
44
86
25
152
5
87
49
143
195
111
102
139
78
204
45
69
14
8
43
116
9
122
25
14
77
9
15
17
37
110
12
141
3
15
18
18
17
17
11
173
188
43
46
81
12
170
18
208
425
48
20
356
18
19
10
19
9
29
16
51
12
62
165
176
316
77
101
17
166
69
22
129
38
40
11
205
77
47
17
100
118
108
174
319
16
17
11
7
4
78
76
103
27
82
47
19
224
71
8
67
84
229
51
25
38
7
1
20
4
146
20
11
9
105
51
40
20
10
72
16
20
293
5
105
292
173
79
61
79
103
229
161
9
15
68
53
223
73
56
143
103
104
360
4
9
76
20
5
79
65
22
10
47
15
73
37
5
6
10
15
123
4
81
43
239
76
8
67
20
5
142
26
134
27
13
158
18
16
37
106
15
101
59
22
27
174
161
2
19
21
80
47
42
20
78
9
1
112
167
26
65
58
72
57
40
113
6
12
47
58
177
27
105
41
4
283
39
18
20
5
8
37
19
12
34
14
42
34
17
45
10
138
119
10
20
22
363
9
10
90
6
73
74
29
20
237
142
15
4
17
17
22
76
17
204
13
37
241
69
16
76
47
11
103
134
294
41
135
227
13
3
149
10
7
63
43
44
98
42
166
84
14
13
31
3
7
172
24
145
50
233
8
71
20
113
17
105
29
146
43
33
121
192
41
76
17
141
16
43
22
19
14
141
115
41
82
138
89
1
18
45
22
100
188
20
58
404
831
19
165
273
19
42
14
52
20
12
73
136
2
201
20
16
3
477
13
12
20
18
16
145
43
57
79
30
50
11
266
205
21
73
46
149
37
5
53
54
16
16
46
134
145
39
48
18
77
67
15
47
3
41
80
24
27
4
196
73
43
18
114
41
2
163
518
11
13
52
165
265
2
49
14
22
174
65
9
17
174
28
17
42
14
199
231
118
20
135
43
46
4
84
12
19
43
16
46
142
15
201
50
26
265
21
573
18
166
45
229
51
17
103
21
454
24
85
47
24
3
19
145
83
59
2
319
53
52
59
10
56
22
29
1
109
147
103
38
146
41
8
19
226
303
54
212
124
6
28
6
84
2
65
24
7
43
358
146
43
204
53
23
3
7
327
8
38
327
23
13
6
19
21
140
50
15
48
51
115
11
17
28
55
108
355
568
51
103
71
71
40
1
103
45
43
46
15
109
21
83
162
82
24
112
49
266
106
11
7
24
84
19
115
2
79
81
442
298
6
50
270
13
44
1
71
113
106
45
87
18
2
13
77
17
70
15
45
387
45
51
19
26
37
45
76
51
6
415
12
112
20
27
194
72
69
166
137
22
107
22
44
199
5
237
165
40
47
114
87
19
262
142
21
142
156
10
30
13
15
9
39
203
138
254
17
99
4
18
27
50
21
72
21
74
19
161
13
30
12
14
49
5
25
107
171
5
48
24
175
1
13
171
26
22
32
23
1
4
44
84
164
46
296
10
323
45
197
51
12
22
90
252
9
80
17
44
199
2
16
54
20
15
8
14
7
186
310
53
108
43
47
140
54
55
176
79
138
12
51
253
3
241
2
1
141
52
204
28
57
81
44
53
238
244
104
185
3
255
41
18
19
202
89
9
50
13
67
21
13
83
23
77
16
24
8
30
69
19
3
41
23
39
355
363
45
113
3
84
176
139
16
84
219
23
105
75
99
160
27
64
18
36
41
132
11
11
20
171
104
80
29
82
113
200
2
136
521
18
55
43
48
7
9
56
10
19
4
37
38
5
15
20
25
29
20
2
293
76
53
19
16
9
16
10
74
14
139
8
3
103
80
44
299
73
43
89
8
49
49
24
117
15
13
44
192
15
358
137
81
46
183
2
174
20
69
14
12
169
145
24
15
233
383
43
26
19
37
330
17
109
236
47
78
54
1
57
18
48
80
133
168
332
1
151
103
5
13
300
174
46
167
17
148
17
18
107
147
10
346
51
40
9
14
139
16
35
10
17
16
3
8
13
17
15
136
9
2
35
24
47
75
63
278
46
137
16
54
53
73
13
9
41
118
15
16
52
21
20
20
51
110
87
48
17
206
2
19
15
104
55
269
10
13
15
81
116
46
17
77
86
44
28
11
206
24
1
51
13
67
13
20
1
50
43
101
20
15
19
25
17
53
66
1
333
13
4
14
238
45
14
83
274
195
16
72
12
71
11
258
168
41
415
118
46
58
13
8
49
1
76
205
16
34
14
14
44
9
65
45
19
20
6
116
45
99
235
131
229
106
82
74
17
42
51
5
471
106
30
25
133
134
11
134
10
46
47
76
47
24
142
356
81
111
31
92
49
42
333
25
56
142
444
22
47
50
18
76
23
39
113
63
7
14
24
43
13
145
17
186
85
1
46
60
15
73
46
26
37
39
18
50
14
21
1
52
95
26
23
134
48
52
10
48
6
20
83
106
55
4
138
3
74
6
10
27
27
111
5
303
41
11
7
17
26
139
298
2
7
230
13
6
18
320
133
3
204
166
75
7
114
74
16
72
47
18
324
20
16
33
71
143
87
18
73
47
54
46
235
108
37
76
105
1
43
83
27
85
54
254
1
53
203
9
10
16
102
76
41
33
9
51
14
23
50
132
1
6
14
12
239
39
14
227
20
13
81
8
11
194
59
54
26
109
33
55
83
12
32
2
23
9
133
237
27
41
77
48
55
15
235
11
124
43
6
44
114
137
34
44
102
27
72
22
7
11
3
3
22
26
16
43
43
2
35
8
355
19
1
73
107
41
16
113
50
6
55
42
18
102
6
259
141
80
348
12
109
15
44
77
18
14
51
73
139
49
40
142
10
105
1
4
9
231
15
171
84
22
45
354
108
293
46
2
51
74
145
18
111
138
11
26
48
103
133
45
26
50
13
13
77
11
231
8
46
15
45
78
70
107
334
140
47
96
32
14
136
51
104
1
21
18
86
18
208
10
10
9
77
108
27
53
18
55
6
1
4
109
7
54
110
190
27
102
12
19
71
179
1
37
61
22
117
13
79
42
197
170
50
25
47
201
38
18
64
26
74
12
6
141
12
4
84
333
96
108
5
81
37
17
40
325
110
39
44
68
69
7
50
35
54
35
16
11
65
12
145
87
20
14
149
12
44
102
178
121
136
113
413
201
47
13
3
53
5
93
75
154
76
5
21
253
72
21
14
22
14
203
141
5
9
170
124
114
11
17
12
20
385
21
126
9
67
13
109
44
44
20
24
172
24
59
1
201
36
37
1
72
4
73
80
8
14
20
87
218
212
26
197
16
67
1
119
22
113
22
24
1
19
73
165
10
138
11
18
78
40
137
78
48
197
68
8
16
20
200
79
40
78
22
15
275
26
12
77
27
15
10
74
39
7
20
314
23
75
110
46
4
167
19
49
26
19
43
138
16
98
76
19
45
12
21
48
20
44
6
37
292
22
202
19
99
42
130
169
11
28
298
100
35
47
205
13
36
4
111
288
135
25
22
51
19
354
140
84
82
18
11
17
168
104
39
3
16
163
199
6
17
23
322
212
16
12
13
48
45
148
42
2
19
53
111
35
141
362
61
206
26
8
107
51
6
54
13
28
3
2
8
9
89
8
143
11
13
15
144
81
18
51
28
108
20
97
53
229
9
10
26
320
226
19
364
5
18
44
24
2
16
75
159
38
9
130
12
452
107
54
54
22
44
529
180
16
122
106
261
76
212
84
45
33
239
22
38
138
3
8
11
387
23
23
19
15
8
9
57
11
168
208
299
12
9
15
17
145
26
45
34
198
106
35
4
114
84
24
12
138
21
47
41
136
49
3
30
31
82
11
48
101
83
32
365
43
9
234
145
87
193
33
257
145
7
114
9
40
239
48
72
13
45
17
56
104
2
70
13
39
116
137
8
46
2
39
9
15
52
42
30
101
5
20
26
16
73
235
382
29
212
30
85
11
133
36
56
173
18
74
50
12
69
5
44
215
13
1
304
112
52
9
9
4
13
54
295
43
27
422
40
40
11
44
17
263
9
37
177
11
114
71
47
49
40
108
12
224
75
40
23
17
285
176
333
45
69
41
41
47
6
1
78
23
120
20
68
1
75
23
302
42
14
28
381
47
27
55
44
47
41
10
110
46
43
91
1
82
361
118
47
173
26
10
70
364
446
23
103
3
20
38
85
48
18
47
143
244
26
80
112
139
16
16
68
179
9
40
37
18
24
223
21
47
8
47
75
9
50
124
2
259
34
36
201
47
87
43
79
25
41
205
63
42
56
6
8
354
46
9
13
25
4
199
48
7
25
52
54
34
235
226
109
17
45
49
241
36
115
25
8
17
8
49
47
155
6
108
19
53
21
18
140
9
43
81
169
27
7
10
7
35
17
22
10
138
106
72
140
42
50
109
385
41
43
359
71
115
5
10
22
188
22
103
166
194
57
10
31
87
32
17
63
5
16
19
46
20
37
112
7
1
112
179
170
200
10
56
17
404
152
104
27
40
21
32
112
18
82
47
140
233
415
119
49
138
71
3
197
58
109
19
265
8
71
112
269
87
54
10
125
76
13
125
76
9
46
18
362
165
48
84
261
82
73
79
32
1
112
12
16
71
70
6
13
9
74
14
46
52
47
16
78
23
45
80
15
12
51
15
78
351
4
40
196
87
46
12
118
13
297
486
17
2
50
86
82
54
20
237
253
1
18
68
45
19
172
87
15
65
48
104
109
41
267
56
261
24
70
14
114
14
4
379
78
49
14
25
203
2
8
271
49
146
50
28
71
7
74
111
10
52
75
146
18
10
16
40
5
138
50
23
11
79
22
51
101
12
443
77
85
113
73
387
12
27
15
5
4
80
354
2
13
27
10
9
18
83
53
132
49
42
48
53
7
80
23
68
37
137
82
127
75
31
10
364
102
16
10
35
108
241
18
17
174
44
76
292
86
14
33
40
18
167
119
50
101
8
18
49
76
48
11
481
6
26
13
137
46
2
67
128
256
100
26
30
74
21
44
106
4
228
16
45
210
48
14
210
42
3
290
113
111
34
29
6
15
404
79
314
103
3
73
13
54
166
108
107
360
167
1
16
59
52
107
50
11
76
46
76
8
102
20
19
11
17
261
286
170
24
18
26
19
39
20
50
70
172
17
37
43
23
19
59
72
20
8
78
89
70
108
41
46
15
73
17
22
102
37
15
140
71
14
110
77
7
13
381
45
39
101
25
17
57
18
36
28
26
206
60
28
48
17
212
54
25
51
38
139
104
300
2
17
63
30
25
264
22
101
57
44
4
16
47
228
79
17
10
174
269
15
23
174
10
42
1
1
23
88
86
60
9
173
109
103
19
217
47
195
136
78
5
56
16
49
81
21
175
76
183
87
83
1
124
24
168
74
11
18
10
70
152
19
170
119
14
191
55
13
196
5
164
22
204
32
42
18
72
45
20
5
22
174
31
212
54
23
131
14
15
320
290
43
39
4
51
51
114
33
16
136
22
18
112
294
24
14
11
197
13
7
263
51
23
44
4
139
37
19
114
41
205
49
48
21
208
71
11
49
191
131
171
172
21
22
47
34
20
224
226
19
19
479
135
103
40
165
143
50
81
142
38
36
87
19
145
13
5
203
20
3
13
77
46
104
10
6
9
110
20
110
115
3
53
110
24
14
2
111
100
2
19
117
14
108
45
42
16
20
4
113
17
8
17
15
18
13
4
79
206
235
142
83
41
36
116
166
43
45
67
15
4
14
63
21
417
39
47
23
9
11
15
145
114
16
140
25
136
17
58
166
21
7
260
81
52
177
15
74
19
17
4
9
45
78
226
5
77
52
45
179
66
45
81
209
74
10
10
108
14
14
10
3
26
86
18
48
94
3
4
38
10
7
142
82
149
74
46
47
111
346
291
134
387
55
84
23
66
17
242
6
47
142
97
43
166
9
169
148
58
159
46
127
174
11
165
9
6
71
144
118
199
133
47
73
210
21
9
137
111
14
47
63
15
3
17
224
23
43
7
10
33
22
14
183
84
4
142
43
74
131
29
46
110
108
8
69
40
232
53
69
28
49
141
116
18
159
43
75
75
16
27
10
110
13
26
62
36
33
47
21
43
85
84
3
47
344
50
10
146
78
64
40
118
23
52
20
4
42
9
166
21
33
69
10
5
12
63
18
13
6
108
48
69
6
149
21
18
309
199
19
3
18
42
142
245
35
37
16
22
139
43
15
107
232
9
7
122
306
54
74
76
175
103
7
22
73
42
34
16
77
44
56
271
2
303
26
132
18
7
14
10
18
17
2
15
136
46
76
52
259
109
235
105
47
12
162
25
101
48
10
128
80
198
11
136
119
113
26
7
81
14
45
164
9
46
383
57
134
75
11
319
106
235
47
148
20
75
26
78
200
11
262
8
18
151
44
142
12
44
103
202
14
79
17
23
2
295
226
49
1
22
212
8
103
11
50
10
44
15
179
1
128
28
50
170
22
13
45
142
50
49
19
13
11
21
319
44
63
140
16
25
11
69
4
42
1
43
128
53
12
10
107
205
7
13
114
148
20
9
39
269
27
68
119
281
136
264
185
18
7
140
21
9
50
11
6
6
167
52
80
104
74
9
106
8
52
6
5
23
9
2
211
10
125
91
14
69
64
112
231
152
12
6
139
43
175
16
26
116
143
136
7
43
111
7
178
288
9
329
35
347
44
37
28
320
40
43
202
45
228
46
104
17
128
70
52
386
38
112
1
17
19
14
8
320
32
37
88
108
46
195
40
196
16
17
19
73
40
17
10
46
47
15
26
108
1
14
19
8
88
52
20
54
8
10
32
36
72
103
21
72
333
29
13
14
110
24
17
54
21
8
37
18
76
28
113
27
317
131
72
135
227
49
11
106
16
19
64
23
142
17
4
22
10
482
203
46
1
3
23
22
48
5
20
19
25
78
77
52
75
175
12
24
335
4
17
101
16
77
383
167
2
17
45
48
162
47
134
20
147
15
142
9
39
71
20
157
11
86
31
17
35
54
80
55
9
24
143
77
49
88
31
13
22
68
15
51
53
14
103
138
23
19
51
19
16
21
82
101
26
12
9
8
15
34
148
10
8
69
4
10
14
65
18
232
18
2
17
17
6
43
75
14
1
113
43
1
13
43
23
47
144
22
48
14
149
14
49
288
27
16
181
141
166
107
175
56
203
40
57
47
11
58
23
107
72
227
3
141
417
13
43
7
7
52
17
78
15
39
6
109
146
284
346
50
169
1
27
20
30
22
5
64
29
108
348
70
40
45
77
6
322
259
181
14
8
74
124
138
13
71
62
10
27
193
78
83
211
18
272
138
105
146
66
40
23
148
70
10
1
118
3
361
41
106
8
49
205
130
101
13
81
6
42
4
13
7
245
259
14
53
81
7
53
13
232
12
306
107
48
135
56
21
51
114
15
53
80
4
48
8
15
168
10
11
7
53
18
106
1
57
1
204
24
38
12
48
46
11
5
4
4
53
22
14
48
63
229
25
78
40
115
46
135
33
13
10
30
3
14
7
21
113
43
45
7
13
55
51
29
44
11
196
31
50
41
46
19
81
163
162
21
66
148
82
6
202
46
103
55
15
19
42
15
109
105
171
81
68
3
142
38
20
107
30
39
144
198
108
12
37
48
143
164
234
109
14
9
93
26
22
5
42
32
36
45
68
12
5
291
110
19
10
18
79
8
4
20
107
482
27
75
237
171
27
45
10
41
16
167
237
47
81
28
2
210
238
7
12
239
20
46
17
180
113
124
70
34
40
60
209
75
228
102
45
40
7
19
8
2
142
38
82
147
1
10
14
111
16
1
293
28
77
120
6
50
8
46
14
39
89
52
17
23
27
19
235
108
354
171
14
5
324
56
23
5
75
74
332
50
5
312
81
53
113
50
140
15
331
49
272
326
50
8
83
141
10
110
67
43
261
288
108
140
5
112
35
134
16
8
25
129
18
29
14
70
15
201
21
16
13
43
19
8
46
12
361
12
16
32
10
52
34
20
17
44
326
13
146
46
45
1
110
84
58
11
24
20
17
1
49
8
291
10
36
18
12
45
6
83
139
76
97
49
148
241
238
171
20
22
55
15
78
19
81
63
37
49
296
54
42
16
24
76
116
5
84
136
46
177
51
8
48
21
41
149
66
4
79
27
75
54
12
37
53
131
39
14
168
16
17
134
24
360
255
30
34
136
79
27
43
28
9
79
8
11
137
136
132
143
76
11
76
21
59
51
12
238
14
198
8
17
42
20
58
43
37
176
40
67
8
11
123
44
9
80
24
84
18
8
20
169
68
5
302
17
72
54
41
130
29
21
17
25
115
107
141
13
13
18
110
5
114
48
33
19
171
200
17
23
52
168
84
47
30
294
9
4
34
107
175
102
75
16
50
51
20
58
24
21
165
44
5
82
16
13
25
53
3
19
213
20
136
262
1
9
39
27
53
79
418
144
102
16
82
8
198
368
45
21
170
24
46
234
12
177
139
170
17
71
242
105
82
41
9
39
385
14
23
22
74
134
26
76
125
40
22
49
80
3
7
87
21
419
146
54
9
56
20
51
7
14
304
8
79
24
77
16
36
163
2
41
27
79
20
14
172
113
57
105
147
21
27
28
65
52
25
99
161
143
11
30
110
42
291
200
19
24
62
255
27
47
140
48
23
236
50
1
40
210
11
53
19
199
55
248
109
2
232
21
9
14
440
29
28
104
132
6
81
148
130
68
81
2
131
50
25
16
13
18
12
2
72
38
5
9
263
41
109
205
3
12
20
20
151
135
8
143
106
32
67
139
194
10
139
80
16
5
12
174
46
103
26
121
101
96
239
8
109
23
138
300
13
171
42
18
16
42
10
15
3
16
4
49
171
118
12
167
99
148
80
244
358
85
4
21
9
42
13
7
109
8
47
217
41
15
48
167
7
41
15
47
232
52
174
174
17
42
173
17
176
140
22
16
74
184
21
99
18
78
44
28
83
202
90
99
36
84
5
111
14
80
23
106
296
264
11
46
40
173
165
114
273
8
45
115
19
100
18
115
4
105
331
47
48
26
70
357
3
10
12
19
17
42
172
193
124
11
299
204
1
108
121
54
99
44
333
54
20
40
22
79
7
12
69
23
84
17
36
82
58
135
75
25
10
12
11
107
31
13
49
20
43
42
194
47
77
202
138
43
11
44
49
21
118
75
48
16
41
77
108
137
10
211
253
7
174
106
22
111
112
13
141
45
6
10
44
45
54
380
205
17
42
20
14
231
52
42
50
4
8
134
87
63
6
11
16
46
16
115
48
19
46
21
8
54
14
5
41
35
11
28
8
13
237
19
47
42
48
48
29
10
39
1
254
15
17
16
51
105
102
29
11
48
452
23
262
139
8
77
21
14
44
139
22
20
13
28
20
24
52
18
139
139
40
162
5
43
50
11
11
173
28
1
19
41
110
383
2
75
13
43
133
13
140
4
168
82
7
19
177
11
69
5
8
49
73
79
37
24
255
1
109
8
27
46
17
16
26
112
108
130
19
23
56
76
41
75
6
20
15
263
45
153
12
51
201
8
1
138
46
13
51
17
42
271
20
17
107
82
86
50
19
70
87
164
75
77
95
23
13
21
15
115
80
75
40
204
66
87
39
14
129
102
45
9
119
53
15
45
99
23
79
8
154
196
2
2
81
127
52
96
10
46
68
44
14
56
121
147
9
26
37
84
147
20
81
49
144
12
201
19
47
49
23
43
4
79
44
5
22
29
128
44
170
10
47
141
174
37
43
54
23
26
109
106
14
267
200
22
49
76
90
19
5
177
50
139
9
43
14
5
33
36
103
17
21
173
1
319
17
26
106
206
79
24
53
668
38
185
88
14
143
16
77
108
6
51
2
72
21
144
138
26
20
69
21
3
29
392
74
53
36
47
109
36
151
36
264
191
15
74
72
22
11
205
9
45
53
16
103
168
18
72
12
9
38
134
9
129
42
25
171
46
35
7
48
24
138
232
39
362
19
170
17
119
43
21
84
359
36
23
19
231
7
48
14
59
50
112
59
18
159
282
56
2
242
15
75
72
38
18
57
52
26
10
112
1
21
8
164
4
41
8
226
18
45
71
43
12
139
567
23
23
21
44
17
16
16
3
36
259
64
41
233
42
217
104
14
39
238
9
139
1
13
12
19
44
11
11
35
75
112
73
9
12
145
21
112
5
42
19
21
10
13
27
204
17
26
167
25
33
1
46
74
205
9
6
171
36
49
63
202
29
36
180
22
78
76
13
200
49
21
52
21
12
23
69
17
7
42
110
144
53
15
112
386
11
51
137
18
23
14
11
14
46
263
52
15
105
76
4
51
46
25
385
12
46
12
230
108
174
38
3
17
141
133
18
1
18
19
78
3
14
108
86
71
66
391
41
8
43
45
151
233
8
15
45
427
106
13
52
78
46
220
103
18
12
9
49
53
238
110
18
66
8
3
7
18
12
133
23
15
386
6
103
14
136
45
14
178
10
12
19
171
26
15
83
70
33
76
51
20
110
17
22
11
3
85
33
349
175
56
2
175
27
71
15
152
10
19
23
79
14
207
23
8
6
76
18
213
16
24
140
231
114
18
3
46
15
17
40
13
27
54
177
9
45
6
28
42
7
7
35
21
76
141
70
88
53
174
15
137
41
16
32
82
13
45
103
56
107
1
76
19
11
8
1
228
196
8
14
93
171
16
269
114
73
9
88
13
148
17
23
201
18
6
16
8
328
20
63
15
115
7
26
26
75
140
15
15
14
83
26
133
64
16
147
148
268
45
26
109
106
239
47
39
484
166
304
19
28
26
196
58
102
14
108
4
13
11
7
6
45
21
5
45
5
20
15
7
109
369
23
291
7
1
78
195
48
50
50
17
82
17
262
11
105
12
134
47
20
255
51
42
205
76
39
235
145
419
171
107
74
6
5
76
82
19
437
109
6
9
205
6
43
29
67
5
9
44
33
21
21
50
50
6
27
54
4
10
196
137
14
16
17
38
45
107
78
8
72
47
56
212
7
46
85
182
86
111
16
6
5
54
1
4
24
265
197
227
1
57
111
79
175
272
168
14
21
17
101
41
387
40
92
11
76
103
79
14
11
24
39
59
570
197
20
14
202
125
293
12
167
112
15
2
85
25
139
18
43
13
15
173
260
18
15
8
602
3
82
48
41
45
1
304
326
51
120
2
17
48
142
80
47
25
71
16
5
1
172
259
249
181
230
14
574
112
31
92
1
110
26
3
22
6
293
14
24
164
55
1
358
15
264
22
77
29
25
26
2
23
68
1
10
79
55
232
7
144
16
8
26
3
3
18
206
135
32
12
18
11
135
13
26
12
137
10
151
40
39
8
21
25
44
6
144
15
2
144
148
255
40
19
5
2
141
20
108
40
51
146
170
13
229
79
237
19
43
53
25
19
89
11
357
13
22
45
136
41
74
178
78
26
76
38
114
12
13
40
83
141
54
54
44
17
322
42
48
2
17
19
8
132
5
17
5
188
83
113
44
198
8
12
16
59
1
53
1
29
3
113
6
239
51
57
149
100
52
46
2
77
43
141
4
77
76
169
17
23
120
135
224
23
51
88
16
8
12
123
42
16
23
140
202
359
107
2
163
112
18
11
46
73
50
236
17
15
6
2
35
17
5
26
11
82
30
264
17
45
131
70
48
271
21
51
13
8
25
118
37
19
6
3
26
17
73
487
267
19
45
108
37
47
41
102
227
12
207
78
13
48
105
99
47
160
14
113
117
15
12
82
10
34
16
13
19
57
141
10
76
6
81
34
15
72
25
77
21
20
111
151
147
176
149
41
16
85
46
9
19
14
43
108
195
12
42
21
46
11
116
284
9
48
106
12
9
158
91
84
32
21
85
11
76
46
16
331
75
52
102
102
6
14
136
70
20
51
181
33
145
15
231
13
537
54
233
47
235
3
210
114
45
139
19
46
27
358
14
20
47
22
42
24
14
72
61
3
20
35
17
3
12
13
49
86
211
53
136
298
17
77
46
44
109
6
25
252
228
42
33
20
199
83
3
52
227
10
15
112
48
226
230
81
200
101
233
110
223
143
41
14
543
174
268
40
24
1
208
69
46
16
20
16
57
15
42
77
77
113
289
392
271
11
15
47
332
21
50
15
24
40
142
24
70
1
7
142
247
20
74
303
13
19
9
48
3
26
104
38
50
103
4
19
109
26
150
288
22
14
108
294
72
43
18
20
45
76
7
8
12
2
48
12
274
38
266
298
52
116
50
54
28
117
9
51
16
138
75
15
19
3
15
25
39
43
261
167
85
15
5
113
53
150
39
15
15
102
49
41
52
22
68
74
173
6
1
238
11
28
1
49
193
442
80
137
2
4
41
8
43
80
543
17
19
131
72
20
172
13
84
9
43
108
107
42
102
129
101
57
137
38
6
107
16
10
261
9
14
90
9
15
97
19
74
25
8
29
18
70
80
14
138
49
5
1
2
10
58
41
4
16
122
17
6
14
13
8
90
68
261
8
23
81
4
104
29
10
45
104
110
58
18
14
145
77
72
201
120
43
208
73
47
8
49
115
46
39
106
104
53
17
27
110
11
148
18
115
42
13
5
56
23
79
39
15
5
45
1
81
173
256
151
117
140
21
16
51
110
176
38
9
91
20
263
9
16
55
19
20
24
61
40
111
168
23
102
41
53
47
91
201
327
233
145
26
200
26
2
9
28
17
51
5
131
18
318
171
7
12
12
12
78
76
19
56
25
46
224
255
302
16
86
106
78
1
612
191
27
118
77
59
168
45
139
46
54
74
13
57
139
21
78
16
105
102
44
31
44
80
110
210
46
206
16
8
99
3
89
13
104
50
3
82
17
204
89
49
2
78
80
71
17
174
51
86
45
213
27
138
236
107
51
230
43
23
22
138
17
75
51
20
105
45
50
5
11
40
379
78
3
7
44
73
86
62
168
40
71
229
2
16
3
207
19
12
9
10
19
36
48
18
116
118
6
1
1
39
8
263
141
56
77
81
102
52
130
29
92
44
6
25
78
54
11
141
30
23
18
443
292
54
137
89
1
2
49
14
6
51
269
53
54
6
355
18
195
9
55
17
53
88
49
16
15
26
19
20
24
10
46
53
2
78
237
37
125
300
143
1
86
2
140
16
49
43
29
26
6
11
49
59
47
20
55
171
237
87
297
74
507
99
14
143
48
51
27
24
150
2
10
137
22
11
114
153
17
23
116
12
207
42
1
22
25
15
86
48
41
20
20
43
169
73
69
40
8
73
7
191
135
13
110
18
208
37
15
105
17
19
4
70
43
45
144
107
3
8
39
55
23
27
50
190
70
13
78
23
38
88
13
174
86
88
20
147
44
61
109
81
38
12
58
7
81
11
13
17
146
6
127
51
10
7
19
333
166
28
40
5
199
171
15
51
22
53
19
15
46
49
16
48
71
24
35
29
12
6
3
130
207
48
73
18
14
45
240
111
165
252
171
106
76
43
15
33
2
40
27
50
78
10
9
7
1
82
138
255
25
42
9
14
48
32
238
11
146
361
302
51
70
332
54
46
16
104
53
23
16
203
15
24
6
18
10
14
449
107
206
237
171
9
141
209
77
51
325
49
83
9
14
22
10
44
171
141
46
4
50
141
106
6
10
50
17
37
140
194
22
17
50
114
24
2
6
12
7
36
45
10
83
122
103
55
196
45
178
10
2
219
137
422
117
12
266
18
38
326
13
9
13
22
533
7
16
41
79
267
17
102
20
14
170
48
10
76
21
69
16
31
15
72
420
23
5
46
107
102
72
12
38
97
7
52
169
124
67
15
16
204
15
106
2
4
53
16
161
16
43
109
201
99
99
10
173
38
75
168
19
110
417
51
141
71
87
47
19
5
51
146
33
194
120
184
15
42
16
13
292
17
302
1
88
45
115
25
16
56
201
46
9
43
52
4
47
174
146
20
137
229
109
139
47
1
58
19
78
2
17
3
109
197
15
178
10
113
44
176
54
41
23
13
99
43
14
174
105
47
94
45
121
86
55
53
110
13
46
416
202
239
136
78
15
108
1
6
29
15
43
134
2
75
100
19
108
171
42
18
21
21
116
44
59
44
7
27
16
43
76
82
8
173
174
264
238
75
104
57
7
19
20
47
26
87
50
6
49
21
235
47
16
221
14
296
172
54
171
24
330
15
38
160
122
143
24
45
5
71
16
8
54
1
79
137
13
22
9
11
194
85
142
26
144
16
19
15
79
48
25
271
31
13
20
22
2
25
474
9
9
110
143
135
25
9
224
325
112
37
148
37
21
45
79
83
1
1
19
77
9
265
10
28
97
13
45
8
57
2
56
8
54
14
11
28
84
49
13
160
15
15
414
45
141
2
27
18
74
14
99
26
16
103
8
10
44
13
17
13
34
47
20
51
59
39
23
6
25
193
108
82
48
68
15
18
4
51
17
99
3
29
14
172
9
53
209
6
23
46
8
2
15
129
27
4
146
76
322
193
75
23
70
77
45
1
110
14
114
20
5
14
15
278
80
9
45
8
50
96
47
63
23
10
50
41
41
13
16
14
12
86
60
5
133
7
15
147
5
17
47
108
335
11
39
11
98
46
174
23
41
141
140
39
77
125
13
81
72
10
7
19
2
8
165
3
6
98
53
17
36
45
138
25
40
23
41
219
2
12
1
20
12
112
288
20
82
270
132
34
102
15
13
203
145
3
104
134
12
186
21
45
232
14
106
78
23
480
155
37
13
31
26
50
290
178
41
116
35
135
5
86
20
9
8
5
4
55
274
19
458
107
56
50
164
119
15
21
8
153
99
47
2
80
15
263
1
103
11
76
46
23
47
73
10
54
11
15
113
16
79
107
139
48
2
40
4
52
1
295
201
16
119
10
74
341
46
77
49
40
2
78
13
48
10
203
44
46
53
49
27
9
239
6
9
108
24
44
74
115
17
38
26
39
251
38
155
13
9
52
55
12
16
12
13
104
131
6
203
12
33
208
3
287
27
9
2
210
4
38
46
206
49
46
21
114
86
15
9
117
324
14
48
43
16
139
325
21
218
161
12
337
6
19
37
32
26
31
32
51
48
18
182
158
19
5
11
7
111
8
14
99
44
35
13
5
149
237
198
360
236
135
29
119
38
100
3
8
108
49
81
70
17
16
152
64
16
40
7
48
21
18
262
23
12
106
1
177
36
166
168
151
25
40
14
44
17
19
31
289
4
20
139
53
18
97
62
85
83
48
19
97
352
63
55
71
242
49
14
55
1
82
146
79
168
109
48
79
46
14
53
106
17
137
14
101
83
35
27
204
73
131
57
166
43
39
20
57
15
142
1
4
17
219
68
1
61
69
15
110
42
144
58
29
2
72
4
83
3
6
30
86
55
7
42
53
197
23
77
31
16
176
30
10
10
49
20
236
15
84
60
11
64
18
47
174
21
49
10
20
302
99
48
18
23
40
44
50
74
106
112
47
99
9
13
72
10
58
333
37
17
52
115
11
53
8
18
26
78
49
24
1
8
102
328
13
63
41
386
85
40
1
66
44
51
1
22
214
5
82
2
53
143
1
29
166
13
44
239
10
178
15
49
9
40
77
43
140
47
936
204
273
177
21
76
299
23
77
22
6
51
10
67
5
136
25
19
6
137
79
1
67
20
201
34
5
52
176
47
23
47
14
107
193
145
38
22
10
120
198
295
50
70
70
358
19
22
43
55
113
203
197
17
109
42
15
32
7
21
55
301
108
112
76
75
232
3
21
151
73
2
77
1
52
102
47
76
105
106
20
51
45
44
21
10
303
260
25
46
72
7
440
21
53
135
104
52
19
1
77
18
11
1
136
73
8
77
15
10
9
1
170
4
163
44
44
143
144
81
40
5
41
229
4
99
14
14
307
136
237
19
53
79
41
2
5
51
1
75
9
11
355
76
27
56
17
350
67
66
68
19
9
3
73
195
55
28
7
104
85
173
327
5
15
114
204
22
365
50
48
264
62
27
24
39
77
4
196
62
45
175
14
12
48
140
118
103
278
130
38
15
16
31
14
16
67
20
244
14
69
229
73
46
11
16
391
38
39
109
16
23
22
8
11
3
90
112
77
9
39
103
231
256
204
9
205
19
136
3
14
62
207
1
45
80
89
184
11
272
22
21
30
140
29
112
6
136
10
112
237
39
7
140
104
285
234
208
29
258
206
44
28
18
9
118
11
11
12
204
25
44
7
106
359
70
109
18
145
168
8
83
37
12
22
18
82
52
271
55
136
139
14
45
1
42
145
96
28
110
260
1
10
3
9
46
71
21
357
13
12
101
41
75
21
1
78
48
56
80
109
134
143
140
1
71
47
38
38
141
45
86
134
4
1
10
48
33
48
43
52
453
47
45
167
52
101
8
133
25
5
74
43
27
16
55
15
76
257
71
16
3
3
12
7
78
70
45
103
21
52
140
173
15
236
27
110
174
139
303
46
164
106
211
38
12
47
268
4
18
4
85
375
24
238
24
8
10
1
74
257
15
5
20
257
12
24
38
73
29
148
67
26
4
12
102
12
90
111
6
111
162
93
85
84
40
21
24
21
50
30
78
137
25
11
8
207
130
78
11
21
330
1
179
47
6
112
43
135
12
113
11
28
353
14
25
25
46
1
136
48
11
33
107
105
86
37
145
12
142
88
42
50
83
24
4
36
21
15
157
204
97
124
87
41
225
13
168
9
18
49
49
75
10
12
14
14
73
175
52
21
103
197
114
14
73
354
208
43
81
6
17
73
244
10
11
119
76
171
8
262
177
178
830
6
53
30
46
384
13
52
265
76
171
4
8
42
18
19
29
112
26
108
4
58
326
44
25
21
15
44
153
71
151
3
81
27
20
46
42
12
14
209
179
206
46
49
8
40
88
21
18
78
71
13
13
17
77
23
174
77
113
15
13
359
50
105
52
19
30
15
6
108
195
43
208
24
22
51
71
23
24
144
233
142
44
23
108
100
140
54
274
77
232
39
16
53
233
45
47
332
112
48
70
28
193
21
5
9
5
71
28
26
76
141
26
51
13
20
67
290
235
12
73
57
414
12
236
15
67
12
15
1
10
52
101
119
75
13
16
29
63
35
3
293
25
11
176
18
38
102
41
79
109
112
9
145
28
5
115
165
172
43
47
20
138
12
149
141
34
12
357
304
14
148
45
26
7
154
8
21
148
21
18
19
34
172
7
18
52
19
118
52
158
142
129
10
131
102
110
173
23
17
390
77
48
37
69
14
365
4
81
59
10
14
17
16
48
2
149
132
74
212
2
196
85
24
27
86
47
356
103
114
41
15
4
12
18
9
132
107
48
79
110
20
120
63
75
104
28
70
78
118
137
177
42
238
235
357
16
22
15
1
82
18
28
136
10
221
22
231
39
19
1
81
51
19
10
207
26
46
8
15
11
12
78
1
43
72
37
1
21
543
20
1
43
16
25
141
262
79
49
76
18
20
4
20
79
9
44
268
42
52
29
31
17
20
22
3
205
134
68
181
11
14
87
82
79
18
45
18
112
19
67
19
50
48
18
24
108
31
74
352
9
16
166
31
10
80
234
13
51
21
61
23
18
216
28
15
115
14
167
75
48
84
22
177
5
17
53
24
111
8
24
12
169
46
21
18
39
49
165
139
209
17
2
68
34
13
176
101
8
72
76
44
45
75
83
35
1
52
14
21
50
45
17
5
14
12
120
30
76
18
30
77
179
87
168
9
1
18
212
256
10
49
27
233
133
331
49
12
219
112
5
109
227
110
51
82
15
86
7
54
293
226
46
277
26
7
15
147
27
13
173
22
43
78
50
25
176
38
139
21
2
40
49
206
20
135
20
44
42
8
27
18
15
174
22
112
12
264
85
12
110
4
20
16
76
56
126
5
239
39
12
21
14
47
15
335
140
26
13
45
8
103
13
2
16
24
15
133
22
3
82
55
7
223
86
34
4
17
19
10
44
3
75
134
17
48
88
8
26
76
29
39
1
73
110
18
65
64
15
11
44
138
20
304
52
11
86
16
20
6
448
111
6
5
29
42
42
4
12
57
43
81
141
268
385
79
17
13
45
47
38
190
47
131
11
472
24
258
141
39
14
14
52
60
19
6
46
72
81
47
47
21
21
395
70
42
22
36
136
80
204
74
6
81
139
12
112
95
82
42
3
24
291
76
118
12
39
53
145
44
145
265
22
112
10
83
11
24
23
50
23
3
50
24
2
11
140
15
14
22
50
10
43
35
41
49
23
46
15
64
16
446
7
5
51
45
38
25
10
72
16
1
16
70
20
196
51
9
3
242
12
27
83
11
12
103
104
26
263
142
1
23
134
135
1
160
81
50
169
68
9
5
10
53
49
46
43
15
17
161
65
23
7
9
47
13
38
22
51
177
108
5
73
109
22
52
190
46
13
9
72
23
150
22
398
161
72
111
25
66
22
20
25
87
219
7
85
180
74
121
14
175
1
8
235
355
48
46
143
153
19
80
295
55
4
86
16
40
50
2
7
127
119
14
46
21
121
22
52
287
26
20
2
47
232
4
50
103
219
53
144
174
204
79
19
16
134
40
17
18
15
170
53
23
58
103
41
69
197
38
115
23
146
17
10
50
7
14
178
19
145
144
48
224
57
21
4
8
66
186
11
147
80
294
48
143
29
7
20
34
8
113
11
49
77
16
14
1
16
206
77
168
53
29
577
77
205
108
169
140
1
49
196
51
220
38
77
176
8
13
8
17
1
134
26
80
153
17
21
108
145
25
83
16
12
3
13
73
46
122
139
54
160
26
11
201
148
29
7
141
15
58
32
44
72
44
49
115
203
17
141
52
31
17
79
111
87
17
22
79
10
49
45
101
137
11
42
2
85
408
53
38
113
76
189
157
78
20
69
107
5
46
15
13
137
162
89
2
49
5
399
324
9
38
35
228
25
110
5
57
265
5
50
22
49
130
50
1
46
175
115
143
256
99
8
10
45
8
128
357
23
79
39
6
21
78
17
69
77
200
12
385
44
146
11
12
9
24
15
105
74
257
20
21
7
7
3
14
80
24
15
24
389
132
7
236
1
52
76
113
54
480
46
47
90
9
144
48
139
295
129
10
145
13
175
171
109
146
143
12
48
44
64
202
16
164
176
18
176
110
170
288
80
4
52
13
28
55
6
16
91
256
269
108
138
56
52
17
1
100
8
114
88
38
146
85
115
2
238
127
39
20
83
203
170
18
140
28
225
77
34
14
46
113
259
143
42
180
4
103
14
162
40
84
2
20
6
1
17
79
18
17
170
139
54
78
21
19
28
3
28
47
58
27
26
18
73
163
22
16
75
1
57
100
52
22
12
127
43
139
1
172
165
38
38
41
239
106
12
114
196
29
76
135
219
45
50
17
5
263
152
89
14
148
265
75
115
134
16
38
18
19
2
199
13
44
2
117
29
54
13
164
22
28
50
44
10
103
171
72
291
15
72
52
135
46
113
21
11
199
12
3
82
145
13
237
28
2
25
14
48
171
35
15
105
25
49
10
17
4
12
73
426
11
14
10
301
90
3
110
104
2
7
91
177
1
41
15
168
6
141
18
167
23
224
14
79
14
141
9
103
21
49
46
170
3
19
199
73
12
145
78
38
204
264
150
2
14
195
39
21
18
13
26
144
108
61
101
18
48
100
54
2
48
38
231
44
15
38
103
109
21
22
169
2
258
148
2
8
154
409
3
2
259
49
87
47
105
40
12
11
53
14
136
63
86
4
107
20
76
46
86
48
67
139
9
476
231
107
262
42
44
24
46
64
273
138
22
172
11
144
176
43
10
9
243
121
23
13
76
36
65
28
19
15
25
40
101
36
511
75
74
23
130
1
1
1
25
37
22
109
5
38
49
113
4
172
82
38
29
20
173
20
80
34
16
3
23
21
21
95
37
21
108
211
237
66
18
26
3
7
88
103
70
48
36
4
30
50
5
177
205
138
5
234
113
209
58
15
146
64
173
20
87
8
53
39
16
19
79
274
46
17
43
143
326
46
1
28
49
141
33
542
17
20
266
29
253
21
83
47
271
164
202
16
142
17
226
15
71
3
37
2
134
45
16
11
80
41
24
9
7
8
10
186
9
242
204
170
61
35
29
21
207
25
16
118
11
130
1
10
82
1
78
23
10
78
4
15
94
6
17
3
7
42
114
36
10
52
22
45
137
65
40
62
15
22
76
18
36
16
238
13
26
21
320
172
14
23
23
176
165
20
79
16
17
69
15
10
45
263
55
81
38
106
11
64
48
25
78
80
32
15
8
18
20
158
13
13
143
105
106
81
50
14
20
135
333
27
117
139
10
179
67
14
7
201
13
11
3
47
18
180
23
23
6
63
18
3
296
13
353
46
38
358
322
51
41
122
44
14
18
15
414
5
173
6
12
173
136
12
205
18
5
20
11
299
149
96
73
107
84
