87
41
75
83
172
100001
74
100001
141
10
100001
205
100001
100001
109
100001
100001
100001
126
100001
100001
100001
100001
100001
100001
100001
95
100001
100001
100001
146
100001
112
169
100001
183
100001
100001
149
57
119
100001
94
100001
100001
100001
112
88
100001
62
100001
132
184
119
119
143
100001
189
103
28
56
100001
20
128
118
142
100001
100001
136
100001
124
100001
105
158
225
100001
100001
100001
100001
211
100001
147
100001
180
105
100001
88
211
189
92
100001
133
100001
100001
100001
100001
208
100001
100001
110
100001
146
100001
100001
100001
109
100001
57
100001
121
100001
24
100001
150
100001
100001
100001
120
71
100001
100001
100001
108
130
124
100001
46
100001
100001
112
100001
100001
100001
100001
100001
100001
100001
190
173
100001
100001
137
100001
100001
100001
100001
121
100001
67
100001
112
100001
103
13
100001
100001
197
100001
70
200
100001
100001
100001
45
52
100001
100001
165
238
56
100001
100001
169
105
100001
175
100001
100001
100001
126
100001
100001
100001
100001
106
100001
158
100001
117
100001
124
100001
100001
100001
129
100001
172
100001
100001
76
119
85
100001
195
100001
121
100001
124
100001
132
100001
100001
100001
100001
100001
61
100001
100001
100001
192
47
175
100001
61
100001
100001
100001
100001
100001
100001
100001
100001
100001
183
110
151
85
100001
100001
88
226
100001
79
149
100001
144
29
132
100001
100001
100001
167
100001
100001
27
102
131
131
100001
118
100001
100001
100
100001
100001
139
100001
100001
181
107
100001
195
100001
100001
100001
190
100001
18
209
201
126
182
100001
81
100001
100001
51
215
100001
79
100001
130
103
100001
196
100001
100001
84
66
109
96
100001
100001
100001
121
100001
100001
230
55
100001
121
92
100001
100001
100001
152
101
144
89
129
113
100001
135
100001
100001
100001
100001
87
143
102
100001
100001
196
100001
143
100001
100001
100001
124
210
58
100001
98
100001
107
176
121
100001
122
103
109
100001
173
100001
182
100001
185
100001
100001
100001
186
100001
100001
59
100001
79
100001
96
100001
100001
100001
100001
100001
100001
159
239
100001
100001
100001
145
95
90
114
100001
100001
183
100001
122
136
100001
164
100001
148
176
118
100001
100001
100001
100001
144
100001
100001
100001
202
71
100001
100001
100001
78
100001
100001
95
185
57
127
100001
97
143
100001
100001
100001
100001
134
18
100001
91
100001
91
100001
109
108
100001
100001
45
100001
80
100001
75
137
100001
100001
183
100001
100001
100001
100001
124
100001
100
100001
185
30
100001
68
194
219
97
100001
100001
100001
137
100001
100001
69
100001
131
35
100001
29
47
140
100001
100001
124
100001
77
167
100001
100001
100001
100001
106
100001
100001
162
106
100001
161
100001
100001
100001
100001
100001
100001
150
172
241
68
233
68
100001
86
100001
100001
100001
191
100001
104
100001
100001
100001
100001
152
56
100001
174
100001
100001
100001
100001
147
100001
100001
100001
78
96
100001
201
100001
100001
100001
134
100001
180
100001
96
156
100001
100001
100001
207
226
100001
100001
100001
100001
216
100001
100001
100001
100001
118
100001
167
100001
100001
100001
100001
60
100001
58
100001
100001
100001
100001
76
100001
79
100001
43
100001
188
94
156
103
173
160
69
136
102
188
100001
132
119
38
62
31
178
100001
100001
163
100001
100001
100001
93
107
106
128
100001
156
103
100001
100001
194
31
100001
100001
100001
188
93
100001
100001
29
100001
136
84
100001
133
100001
24
100001
188
23
100001
213
100001
100001
100001
100001
95
100001
100001
100001
100001
82
100001
100001
174
53
100001
84
100001
100001
133
100001
225
100001
100
48
100001
100001
152
100001
184
100001
100001
100001
100001
131
100001
100001
100001
100001
100001
129
100001
100001
100001
98
150
100001
100001
100001
100001
100001
100001
100001
100001
207
68
128
198
100001
110
100001
37
100001
100001
100001
191
235
100001
100001
174
100001
158
115
63
100001
98
100001
9
100001
100001
134
100001
140
100001
100001
100001
100001
100001
100001
100
100001
141
100001
100001
100001
188
211
35
100001
100001
100001
133
106
100001
136
211
98
100001
100001
100001
145
164
194
100001
101
171
167
159
100001
100001
150
56
144
62
154
100001
100001
100001
100001
147
1
126
212
99
184
100001
142
87
128
100001
100001
100001
140
100001
137
138
146
100001
100001
158
70
100001
100001
100001
204
100001
100001
72
136
100001
139
85
100001
216
100001
100001
100001
100001
100001
63
100001
117
60
64
100001
202
121
100001
100001
100001
34
100001
75
87
100001
103
100001
202
130
20
113
100001
100001
100001
58
100001
222
100001
100001
119
26
111
100001
100001
131
100001
100001
111
50
100001
97
163
105
97
157
100001
198
207
147
100001
100001
100001
191
113
90
107
37
100001
236
41
121
88
100001
106
100001
68
100001
77
91
100001
145
100001
44
68
144
123
77
164
144
100001
100001
211
58
100001
100001
109
171
136
156
100001
100001
100001
100001
67
128
150
151
101
109
110
100001
100001
100001
144
102
100001
100001
177
100001
21
228
100001
100001
142
100001
100001
150
100001
102
62
1
100001
169
168
93
180
100001
100001
117
93
100001
115
100001
121
100001
100001
17
100001
64
100001
100001
78
112
141
162
100001
100001
100001
186
194
144
100001
100001
77
100001
100001
101
198
100001
35
100001
86
100001
100001
44
100001
100001
38
173
181
92
186
95
100001
121
161
100001
100001
100001
85
95
100001
100001
87
203
100001
100001
91
100001
100001
150
131
42
46
100001
161
100001
100001
100001
100
169
146
100001
100001
150
100001
100001
100001
53
181
100001
100001
100001
100001
100001
92
100001
112
126
161
100001
100001
100001
130
100001
100001
35
100001
41
100001
100001
100001
90
90
63
100001
98
100001
125
100001
100001
100001
100001
100001
100001
100001
145
100001
127
125
100001
100001
100001
178
148
76
163
100001
100001
198
92
100001
1
129
100001
161
100001
169
178
85
100001
100001
109
100001
70
223
119
100001
100001
100001
99
100001
100001
111
89
100001
227
100001
182
143
47
131
27
56
94
49
100001
215
100001
195
225
82
100001
100001
176
100001
100001
114
157
173
82
100001
100001
84
100001
100001
141
109
113
100001
100001
224
100001
100001
100001
86
100001
69
100001
217
100001
91
108
100001
147
92
178
112
181
100001
108
220
72
100001
20
128
67
110
193
100001
100001
100001
100001
100001
44
174
100001
212
100001
46
100001
91
108
100001
123
114
211
100001
170
147
100001
100001
164
100001
198
136
150
153
100001
96
100001
100001
100001
100001
100001
100001
135
117
221
100001
41
100001
100001
33
154
100001
100001
128
100001
127
153
124
100001
100001
128
100001
211
100001
241
120
100001
100001
136
100001
74
100001
48
100001
166
232
42
178
146
230
184
100001
100001
99
173
141
101
100001
220
100001
157
100001
129
65
100001
100001
178
115
100001
100001
69
100001
64
148
100001
100001
212
197
100001
33
130
115
100001
174
100001
100001
71
137
100001
100001
100001
176
114
102
18
100001
100001
100001
125
170
155
48
108
90
174
100001
67
100001
100001
53
100001
98
100001
100001
100001
58
187
100001
225
119
67
100001
76
200
63
100001
100001
118
100001
100001
186
128
115
187
100001
233
160
101
62
80
176
100001
100001
100001
100001
100001
100001
47
147
164
100001
100001
90
100001
100001
186
131
150
100001
112
100001
100001
100001
139
152
119
1
137
100001
100001
189
100001
154
100001
180
137
70
155
180
66
156
100001
81
32
100001
100001
174
172
115
193
100001
153
169
100001
100001
100001
105
100001
111
97
100001
222
137
140
33
100001
100001
175
171
107
100001
116
100001
100001
165
100001
124
197
100001
100001
175
100001
69
142
61
100001
204
146
44
54
124
83
100001
100001
145
100001
195
152
100001
100001
98
100001
100001
100001
93
174
100001
127
87
124
164
124
192
145
100001
84
159
100001
115
100001
61
100001
100001
100001
122
100001
100001
177
119
100001
100001
100001
129
100001
100
99
100001
100001
100001
100001
100001
100001
100001
100001
179
100001
100001
129
100001
100001
140
146
100001
100001
100001
1
165
92
94
100001
230
100001
100001
100001
100001
58
190
100001
100001
71
134
196
151
71
100001
166
100001
100001
100001
100001
141
100001
100001
100001
100001
167
100001
27
95
181
97
100001
100001
100001
195
100001
100001
152
111
188
100001
100001
100001
100001
195
33
76
152
100001
105
100001
100001
86
100001
100001
100001
90
100001
100001
100001
100001
111
100001
100001
100001
38
100001
120
41
100001
100001
193
100001
192
102
201
100001
100001
63
100001
100001
100001
100001
106
100001
126
212
53
100001
99
45
100001
100001
100001
100001
100001
97
100001
100001
100001
155
100001
116
128
70
118
83
100001
100001
113
100001
64
156
224
100001
116
100001
86
210
100001
213
125
100001
93
100001
169
152
73
100001
203
153
100001
46
100001
109
141
232
100001
100001
76
100001
70
100001
100001
100001
100001
97
141
100001
139
13
132
122
100001
100001
162
154
102
100001
100001
100001
100001
100001
96
100001
191
131
132
74
100001
105
120
100001
100001
146
118
100001
100001
106
100001
127
26
212
134
100001
100001
112
66
98
94
64
209
100001
100001
91
95
223
95
100001
111
117
100001
100001
100001
166
100001
100001
96
100001
100001
64
130
100001
13
194
100001
107
172
100001
100001
100001
215
100001
69
116
121
100001
100001
41
100001
65
100001
100001
100001
205
78
100001
75
178
100001
100001
112
100001
175
159
100001
137
1
168
176
159
100001
100001
150
100001
200
100001
100001
100001
107
167
123
176
100001
100001
166
71
100001
100001
204
100001
100001
100001
100001
100001
83
111
139
40
100001
37
145
105
100001
100001
166
100001
100001
100001
111
96
141
100001
133
139
100001
100001
100001
100001
87
100001
100001
100001
100001
192
100001
132
100001
100001
100001
194
76
100001
100001
98
95
108
100001
178
100001
100001
155
100001
68
194
97
100001
63
100001
190
220
100001
141
46
16
100001
115
100001
100001
100001
100001
100001
100001
100001
79
131
120
116
100001
100001
100001
100001
95
61
49
100001
235
100001
124
100001
64
195
81
55
100001
108
100001
132
125
182
168
100001
100001
100001
98
144
100001
220
153
183
176
100001
100001
100001
100001
145
131
100001
100001
100001
100001
100001
100001
100001
126
45
100001
100001
38
122
189
100001
42
100001
155
114
90
52
91
204
100001
100001
132
100001
100001
51
100001
100001
100001
100001
100001
100001
100001
100001
213
100001
99
170
44
127
103
100001
100001
100
163
100001
100001
136
78
149
118
121
100001
176
100001
132
100001
100001
201
100001
100001
100001
107
131
118
153
96
100001
71
212
129
100001
177
140
114
100001
27
141
100001
168
161
100001
160
164
82
100001
100001
61
100001
121
113
100001
100001
100001
100001
50
54
102
106
107
85
115
100001
100001
100001
100001
115
121
100001
100001
100001
100001
27
100001
147
100001
26
138
130
100001
100001
129
164
208
29
117
86
105
100001
120
100001
189
54
200
176
154
93
143
49
100001
227
100001
100001
100001
141
118
113
164
155
100001
197
100001
100001
180
125
34
128
100001
100001
100001
113
30
215
120
229
100001
100001
100001
171
156
157
100001
100001
100001
100001
100001
100001
114
100001
129
159
100001
145
92
100001
100001
121
100001
10
200
100001
194
100001
100001
81
121
170
127
138
173
100001
135
100001
103
100001
100001
100001
222
100001
100001
100001
100001
100001
183
97
18
49
100001
100001
170
170
100001
100001
83
100001
77
100001
100001
118
100001
190
164
142
77
119
100001
199
54
157
100001
114
100001
100001
100001
165
100001
100001
153
99
219
104
100001
100001
161
100001
123
100001
46
100001
79
100001
100001
142
87
100001
98
100001
100001
100001
100001
56
93
100001
100001
118
100001
103
100001
133
36
124
100001
58
100001
169
100001
141
100001
100001
100001
212
94
100001
100001
100001
100001
100001
80
93
100001
65
100001
111
102
100001
100001
75
100001
99
100001
114
71
40
141
97
100001
100001
100001
100001
177
143
100001
100001
227
212
100001
100001
100001
160
140
100001
100001
104
104
100001
100001
73
100001
71
100001
49
100001
109
124
100001
26
166
100001
100001
127
100001
100001
100001
77
89
65
100001
100001
156
89
98
35
100001
100001
155
133
100001
192
78
100001
86
100001
174
100001
223
109
1
100001
100001
81
100001
100001
185
113
175
99
100001
100001
116
100001
100001
100001
193
100001
93
100001
135
125
200
100001
100001
100001
95
100001
100001
170
70
100001
235
100001
100001
82
141
59
98
100001
100001
118
138
166
100001
100001
100001
157
163
1
100001
142
91
100001
100001
100001
100001
168
102
100001
100001
75
100001
89
92
157
115
220
100001
100001
100001
77
100001
100001
100001
86
163
140
124
100001
100001
100001
100001
100001
100001
100001
100001
100001
100001
67
100001
139
100001
228
216
100001
100001
180
220
59
48
24
100001
100001
158
100001
91
100001
226
100001
120
124
100001
100001
100001
100001
160
100001
27
154
134
108
86
100001
86
58
192
100001
108
88
111
166
32
70
100001
100001
176
112
100001
105
100001
100001
100001
100001
100001
100001
100001
165
100001
100001
109
100001
100001
146
198
118
100001
168
100001
100001
143
140
100001
100001
100001
87
100001
26
160
61
73
15
100001
100001
100001
90
201
216
38
100001
100001
100001
100001
100001
100001
199
32
133
100001
166
197
142
100001
125
100001
87
179
78
100001
100001
129
100001
141
119
100001
80
122
106
100001
182
137
100001
153
100001
1
100001
100001
100
100001
100001
100001
177
100001
168
100001
63
49
100001
246
209
100001
100001
100001
171
184
100001
83
97
140
61
153
172
100001
100001
100001
151
224
100001
100001
100001
194
161
128
100001
100001
144
100001
100001
61
100001
198
100001
176
132
100001
74
100001
100001
135
100001
100001
100001
87
70
100001
100001
100001
100001
100001
191
87
156
171
100001
100001
100001
147
100001
100001
201
140
100001
100001
85
40
226
100001
100001
100001
106
198
100001
100001
103
100001
100001
183
100001
101
100001
100001
187
135
113
201
100001
100001
111
100001
121
115
100001
100001
179
100001
92
55
60
123
221
122
100001
119
100001
167
127
62
112
238
160
137
100001
100001
83
147
56
137
100001
181
114
46
127
100001
100001
100001
121
49
100001
100001
100001
207
40
100001
100001
100001
100001
100001
100001
100001
167
100001
100001
100001
100001
110
175
65
100001
42
218
100001
100001
100001
100001
129
100001
100001
152
130
93
163
152
90
100001
100001
100001
100001
100001
100001
100001
100001
88
164
100001
100001
100001
100001
170
115
100001
167
186
103
100001
51
100001
163
184
132
73
156
100001
100001
47
110
100001
100001
100001
100001
100001
100001
219
100001
75
135
172
44
100001
100001
100001
98
100001
100001
100001
130
134
205
100001
67
87
100001
188
62
100001
141
100001
100001
67
50
100001
155
100001
100001
100001
100001
90
100001
100001
156
100001
100001
100001
171
56
100001
100001
100001
124
74
129
100001
100001
100001
100001
100001
100001
36
92
48
177
143
100001
100001
122
131
100001
158
100001
100001
88
94
100001
100001
149
1
126
122
127
100001
100001
100001
100001
131
103
162
100001
175
138
100001
100001
212
136
100001
94
100001
150
100001
54
100001
86
99
100001
100001
34
100001
117
100001
132
72
119
100001
100001
100001
160
58
100001
40
100001
100001
109
100001
100001
100001
118
218
79
211
100001
100001
117
25
100001
100001
100001
100001
56
158
100001
100001
86
160
122
100001
106
177
132
100001
202
100001
100001
100001
78
66
100001
141
106
121
173
88
100001
100001
134
120
227
69
100001
30
80
145
100001
85
118
146
100001
49
100001
81
100001
61
100001
100001
61
45
100001
142
209
181
144
213
188
117
170
171
100001
100001
100001
133
116
73
94
147
131
81
146
181
100001
96
100001
100001
100001
136
132
100001
100001
100001
100001
100001
100001
57
164
195
158
100001
100001
125
100001
100001
100001
100001
130
100001
180
100001
108
233
100001
100001
115
151
120
100001
100001
100001
100001
100001
100001
175
100001
143
100001
142
181
159
95
100001
118
100001
100001
138
87
124
100001
176
186
170
31
100001
100001
100001
75
121
172
240
100001
100001
105
100001
152
173
100001
165
100001
76
24
100001
100001
100001
46
100001
15
100001
46
100001
100001
29
100001
154
197
93
164
102
100001
100001
154
100001
86
100001
113
100001
100001
60
197
100001
100001
100001
100001
100001
150
1
100001
100001
172
100001
32
100001
57
100001
153
100001
156
88
100001
100001
75
110
100001
99
110
84
139
112
100001
100001
116
100001
100001
100001
159
176
1
100001
100001
152
85
118
171
100001
143
100001
100001
100001
152
102
82
100001
100001
100001
100001
206
164
166
100001
130
168
151
114
84
100001
100001
124
100001
100001
208
155
169
49
146
100001
100001
195
100001
100001
181
92
80
89
100001
100001
100001
92
100001
89
198
168
128
146
178
100001
217
100001
100001
162
100001
100001
100001
100001
119
155
150
100001
100001
100001
89
141
133
100001
1
100001
100001
198
119
192
100001
100001
121
100001
100001
222
147
100001
100001
100001
53
100001
199
189
100001
127
100001
161
124
17
65
123
236
100001
142
100001
100001
100001
129
100001
74
172
110
124
100001
195
100001
100001
100001
158
124
100001
56
55
100001
141
65
123
100001
100001
132
100001
100001
100001
116
177
100001
100001
100001
112
159
100001
1
172
100001
100001
157
122
155
99
100001
134
100001
110
188
100001
134
100001
100001
104
100001
100001
100001
93
172
123
111
100001
100001
100001
142
100001
100001
100001
138
118
100001
100001
100001
100001
19
116
210
142
100001
93
150
100001
84
100001
100001
60
100001
152
100001
100001
186
100001
100001
38
100001
105
169
100001
162
66
100001
100001
100001
59
96
100001
100001
206
100001
99
100001
100001
100001
60
102
128
93
100001
100001
100001
100001
200
129
216
91
100001
178
100001
188
100001
100001
209
100001
100001
100001
87
100001
100001
189
200
40
179
100001
141
13
168
100001
121
49
89
100001
100001
95
61
100001
100001
199
14
139
100001
55
100001
175
100001
100001
100001
118
215
165
114
100001
100001
100001
100001
100001
99
179
100001
100001
100001
100001
44
100001
100001
57
100001
100001
100001
115
100001
41
100001
150
213
100001
100001
100001
100001
100001
100001
100001
100001
82
103
7
100001
100001
100001
100001
100001
212
216
55
102
100001
100001
100001
159
100001
145
100001
100001
100001
100001
76
100001
100001
113
64
100001
119
100001
174
100001
100001
244
100001
214
202
89
100001
88
188
100001
100001
170
100001
119
100001
100001
100001
100001
100001
100001
171
100001
100001
100001
100001
141
100001
100001
100001
100001
100001
104
100001
100001
138
146
100001
153
100001
44
100001
101
148
85
183
100001
106
141
145
100001
136
100001
164
100001
144
104
100001
100001
78
126
100001
142
159
91
100001
195
71
153
100001
74
123
143
198
118
100001
82
100001
100001
204
100001
100001
100001
107
100001
100001
192
145
190
105
100001
100001
100001
100001
133
116
100001
100001
100001
115
127
100001
100001
100001
148
100001
100001
102
100001
171
100001
100001
100001
100001
163
79
100001
212
146
103
37
100001
100001
91
100001
80
124
100001
100001
92
100001
100001
100001
92
100001
146
111
30
100001
155
127
110
98
181
100001
100001
157
100001
100001
149
100001
185
100001
100
131
76
111
190
123
32
133
100001
100001
106
100001
100001
100001
182
100001
100001
100001
162
100001
100001
138
66
229
100001
109
100001
100001
100001
100001
99
100001
108
100001
100001
66
100001
1
100001
100001
217
36
152
100001
100001
160
134
100001
100001
100001
152
76
100001
87
61
60
97
100001
150
120
100001
45
100001
37
119
138
100001
100001
100001
73
62
171
229
55
100001
100001
100001
134
110
100001
96
100001
100001
100001
100001
154
55
123
169
168
100001
154
21
100001
146
128
38
100001
100001
101
100001
100001
100001
100001
100001
100001
100001
100001
100001
100001
50
58
146
153
129
163
104
100001
72
99
143
100001
141
112
156
154
180
67
100001
129
139
100001
131
100001
100001
89
127
164
224
171
100001
100001
100001
100001
100001
119
100001
201
56
100001
58
100001
167
100001
135
112
100001
100001
100001
100001
100001
100001
100001
100001
157
43
100001
81
113
147
134
100001
228
100001
110
100001
100001
79
100001
100001
208
202
100001
100001
122
128
100001
100001
135
100001
100001
100001
100001
228
100001
105
100001
56
100001
147
156
100001
100001
17
32
100001
100001
100001
100001
180
118
135
100001
52
100001
113
100001
100001
100001
100001
181
100001
100001
150
192
100001
100001
179
206
100001
100001
100001
100001
100001
118
100001
156
221
1
120
86
126
173
150
37
100001
164
169
100001
100001
102
136
65
121
64
153
164
79
196
79
100001
167
100001
100001
100001
85
120
100001
169
100001
176
100001
186
100001
100001
100001
150
100001
119
100001
100001
100001
73
83
100001
101
100001
100001
57
101
135
100001
100001
74
100001
111
133
119
100001
100001
100001
100001
127
105
117
121
100001
100001
73
100001
135
100001
114
56
229
32
100001
120
100001
125
92
100001
100001
100001
1
105
100001
95
111
155
193
96
133
37
100001
106
82
100001
30
100001
153
74
100001
100001
100001
132
69
100001
100001
63
157
100001
100001
100001
100001
100001
100001
210
58
100001
69
100001
100001
158
187
39
100001
100001
100001
229
162
100001
156
100001
91
76
7
114
76
139
159
100001
100001
113
100001
112
100001
175
105
186
89
121
23
127
96
134
100001
127
100001
100001
100001
100001
100001
119
100001
100001
173
100001
106
166
40
173
137
100001
28
100001
167
98
100001
108
114
100001
143
121
100001
78
124
150
78
100001
25
96
100001
100001
100001
100001
100001
49
100001
100001
100001
36
191
172
100001
149
100001
182
90
100001
100001
67
100001
100001
185
164
116
152
100001
100001
98
100001
119
173
103
175
138
79
100001
80
101
228
23
193
100001
187
100001
41
100001
100001
100001
100001
157
165
199
100001
100001
100001
92
100001
100001
100001
100001
100001
186
136
100001
100001
100001
62
44
100001
100001
207
197
122
100001
152
188
160
130
100001
100001
100001
100001
29
100001
193
61
100001
205
100001
125
100001
166
100001
100001
102
134
1
100001
149
100001
108
100001
187
100001
212
100001
100001
107
100001
226
132
100001
100001
219
127
100001
100001
143
100001
133
35
227
71
100001
100001
100001
100001
133
117
100001
100001
100001
179
100001
100001
116
124
137
176
154
131
100001
100001
143
47
100001
163
97
123
100001
100001
100001
65
123
100001
118
100001
100001
145
93
158
100001
100001
217
100001
127
100001
100001
100001
100001
125
151
93
135
142
104
152
204
133
100001
136
100001
100001
100001
100001
100001
111
179
203
77
225
215
100001
100001
100001
238
100001
34
100001
141
100001
89
134
89
100001
100001
100001
100001
145
147
100001
100001
100001
219
157
100001
7
100001
100001
134
191
133
175
100001
100001
100001
117
100001
100001
182
163
144
158
100001
30
100001
177
225
100001
100001
100001
100001
100001
206
176
143
120
100001
182
100001
203
173
71
123
100001
100001
173
100001
150
100001
100001
87
100001
100001
100001
71
190
33
133
197
234
100001
100001
28
163
100001
100001
168
98
100001
100001
191
100001
100001
147
100001
100001
100001
83
100
100001
125
100001
100001
181
212
100001
217
100001
95
100001
100001
157
20
87
100001
119
100001
100001
100001
100001
100001
100001
100001
221
70
100001
100001
100001
100001
86
68
100001
86
100001
100001
100001
136
21
92
100001
100001
100001
133
161
100001
73
100001
204
121
100001
77
220
100001
125
160
100001
100001
113
183
193
175
203
81
100001
100001
54
145
100001
101
100001
100001
100001
149
100001
100001
100001
100001
100001
100001
59
100001
100001
100001
136
97
100001
100001
100001
100001
141
123
188
100001
125
100001
170
157
150
100001
126
113
100001
100001
100001
100001
100001
73
100001
100001
191
100001
100001
60
86
53
214
100001
69
66
86
156
189
100001
100001
100
100001
100001
96
100001
100001
100001
126
63
100001
74
100001
100001
100001
100001
158
114
9
68
100001
100001
169
147
200
96
100001
100001
146
219
140
82
100001
224
174
100001
100001
100001
100001
1
102
78
100001
172
100001
56
23
132
142
100001
100001
100001
67
100001
96
92
100001
100001
157
131
100001
100001
104
151
153
43
55
88
95
91
100001
100001
100001
100001
119
161
100001
224
100001
100001
206
160
143
100001
120
100001
183
100001
128
100001
100001
170
100001
177
100001
125
103
114
118
202
100001
119
128
100001
100001
102
100001
100001
100001
100001
100001
100001
92
100001
152
100001
100001
100001
164
100001
100001
100001
100001
189
100001
100001
27
100001
68
133
100001
100001
100001
193
104
176
100001
100001
1
100001
100001
28
69
93
123
103
100001
140
100001
49
101
19
100001
135
33
100001
186
100001
49
80
100001
181
100001
100001
100001
84
100001
100001
177
68
124
87
149
118
133
100001
100001
100001
169
100001
100001
129
128
60
100001
100001
100001
154
129
100001
61
100001
245
124
100001
114
105
155
100001
85
100001
203
23
112
75
100001
100001
110
152
181
100001
100001
247
197
100001
100001
48
141
76
100001
173
100001
48
100001
69
100001
139
100001
100001
172
100001
53
100001
161
151
94
121
221
100001
66
100001
100001
144
69
27
233
100001
100001
44
205
68
85
100001
167
100001
183
188
48
193
100001
100001
100001
224
100001
189
52
16
157
178
100001
100001
135
161
166
110
179
100001
129
123
100001
100001
7
130
94
100001
100001
155
53
100001
205
100001
130
52
100001
100001
45
83
131
107
161
100001
100001
124
150
100001
100001
100001
133
100001
228
197
15
100001
58
161
99
100001
69
100001
154
100001
100001
48
100001
125
100001
118
184
100001
100001
100001
56
100001
100001
148
123
100001
100001
140
100001
100001
100001
95
214
69
158
100001
102
193
139
65
107
46
100001
100001
100001
100001
126
100001
100001
78
130
136
100001
100001
83
100001
100001
100001
100001
100001
114
140
101
42
100001
14
84
104
100001
132
100001
149
100001
100001
228
107
105
117
44
100001
100001
186
79
214
58
117
180
100001
170
100001
100001
100001
148
164
101
100001
223
82
100001
100001
100001
138
98
72
100001
115
100001
100001
202
109
100001
103
107
129
100001
159
100001
100001
100001
100001
100001
105
100001
100001
100001
100001
100001
158
100001
150
100001
69
100001
100001
100001
194
106
92
100001
100001
100001
100001
51
1
100001
100001
100001
149
146
100001
110
103
30
143
100001
100001
100001
47
83
100001
114
100001
100001
86
100001
100001
72
100001
100001
58
153
27
105
105
100001
100001
118
48
83
100001
100001
100001
87
129
171
100001
221
100001
100001
228
162
113
144
100001
201
100001
100001
77
100001
80
100001
100001
100001
100001
38
176
100001
146
100001
100001
100001
100001
100001
167
100001
136
112
167
100001
100001
100001
142
100001
110
100001
100001
41
100001
91
100001
76
100001
100001
153
100001
87
122
100001
175
100001
159
162
100001
43
100001
131
100001
18
100001
83
100001
135
105
146
183
139
156
100001
100001
100001
79
100001
162
100001
100001
107
100001
100001
106
100001
141
100001
209
86
100001
143
90
100001
100001
160
84
100001
100001
100001
96
100001
114
100001
125
78
179
100001
220
105
100001
125
194
34
100001
72
36
113
63
100001
1
100001
100001
1
73
100001
100001
88
123
133
100001
58
100001
22
123
162
248
90
100001
75
116
36
100001
100001
100001
100001
173
188
162
68
100001
67
100001
100001
100001
138
100001
100001
100001
100001
100001
203
100001
222
100001
151
100001
117
118
75
103
100001
126
97
143
100001
139
100001
110
100001
100001
100001
171
130
135
56
74
100001
100001
100001
100001
100001
159
101
79
71
73
100001
100001
148
41
38
202
100001
115
100001
128
136
100001
107
113
100001
100001
100001
138
149
100001
100001
100001
100001
121
110
100001
100001
100001
123
79
100001
71
100001
100001
51
89
100001
100001
23
171
100001
199
100001
107
100001
100001
146
100001
31
64
100001
100001
100001
100001
100001
100001
70
235
100001
66
100001
13
100001
90
59
100001
100001
100001
121
100001
100001
100001
165
39
100001
100001
186
167
100001
100001
100001
238
100001
155
100001
100001
106
100001
100001
100001
100001
100001
110
174
100001
100001
79
47
91
100001
100001
127
80
157
100001
100001
39
216
100001
100001
1
100001
139
117
134
137
100
111
100001
100001
113
134
100001
85
137
103
100001
100001
198
100001
66
111
100001
100001
95
77
175
100001
117
100001
117
164
100001
100001
119
116
93
122
100001
100001
100001
132
100001
110
124
113
211
224
153
151
110
59
121
107
100001
82
100001
100001
120
100001
100001
134
173
55
211
222
74
152
60
108
100001
100001
100001
136
117
100001
235
100001
100001
100001
100001
100001
139
74
100001
87
164
100001
100001
34
100001
94
119
100001
69
100001
118
100001
172
120
100001
88
100001
127
100001
100001
187
110
106
100001
190
100001
149
100001
100001
152
247
100001
140
127
29
140
100001
56
226
100001
130
100001
167
163
105
118
43
131
124
100001
100001
183
100001
182
100001
100001
100001
122
100
100001
100001
61
100001
100001
151
196
135
92
100001
100001
100001
143
100001
100001
100001
114
169
112
100001
100001
100001
100001
71
100001
100001
117
98
100001
159
139
146
100001
100001
129
100001
100001
25
60
100001
100001
147
219
100001
100001
100001
102
100001
100001
100001
95
100001
100001
209
100001
100001
100001
91
100001
100001
94
100001
168
91
100001
100001
100001
147
129
100001
121
100001
100001
187
100001
115
162
117
100001
100001
127
223
100001
43
238
100001
100001
146
69
100001
130
100001
118
58
100001
107
132
100001
126
100001
91
191
126
100001
100001
210
77
100001
100001
100001
123
103
105
82
100001
100001
124
100001
100001
82
67
100001
100001
210
100001
216
100001
100001
59
100001
100001
100001
100001
185
100001
187
1
82
197
100001
167
67
131
100001
110
136
100001
100001
100001
120
100001
100001
168
100001
100001
199
181
155
100001
103
100001
100001
209
100001
154
100001
100001
94
100001
202
100001
100001
79
160
129
100001
100001
170
100001
100001
100001
100001
100001
67
100001
56
100001
100001
100001
110
100001
203
100001
100001
100001
100001
112
86
100001
133
100001
100001
100001
109
100001
100001
105
60
129
100001
100001
179
100001
100001
100001
100001
100001
100001
117
138
100001
122
158
68
100001
195
100001
100001
151
100001
100001
191
100001
134
128
100001
100001
100001
100001
100001
126
100001
118
100001
54
180
100001
65
100001
100001
100001
165
199
100001
100001
100001
100001
100001
122
100001
196
136
100001
119
100001
100001
100001
243
136
111
100001
214
100001
100001
100001
111
68
100001
117
157
100001
100001
187
40
100001
100001
100001
72
166
100001
100001
100001
209
100001
119
99
100001
100001
100001
100001
100001
100001
159
100001
211
109
100001
105
100001
100001
100001
130
46
93
204
203
145
95
116
100001
202
81
100001
128
113
166
100001
112
100001
100001
100001
195
100001
100001
100001
207
117
100001
100001
130
53
100001
116
142
100001
156
100001
173
171
106
100001
181
95
100001
100001
100001
100001
100001
100001
100001
164
104
100001
100001
100001
100001
100001
60
79
158
100001
137
198
100001
134
100001
128
100001
100001
100001
100001
207
24
100001
100001
100001
100001
148
100001
123
168
140
167
100001
100001
177
156
100001
130
89
100001
100001
241
147
129
41
19
210
100001
62
100001
142
100001
100001
100001
100001
129
179
100001
100001
100001
112
82
100001
100001
100001
93
27
109
100001
100001
100001
100001
120
100001
40
141
202
100001
100001
109
37
142
100001
100001
100001
231
73
166
204
100001
153
196
121
100001
100001
164
100001
100001
100001
135
100001
73
100001
119
125
124
166
104
100001
100001
66
134
96
15
125
100001
100001
182
172
100001
100001
169
205
60
96
100001
85
110
100001
100001
100001
100001
91
66
133
100001
33
100001
130
100001
175
100001
100001
87
100001
42
100001
100001
159
100001
100001
100001
100001
100001
120
100001
100001
79
212
100001
60
100001
100001
100001
45
100001
100001
70
100001
100001
210
137
124
141
100001
100001
63
135
100001
100001
100001
103
31
137
78
100001
100001
120
100001
54
129
100001
100001
168
246
100001
100001
152
100001
100001
100001
92
197
91
197
100001
91
114
56
100001
100001
100001
142
71
100001
100001
100001
100001
206
194
100001
182
70
100001
100001
100001
100001
30
197
120
100001
111
137
100001
96
100001
100001
100001
100001
100001
100001
159
100001
25
158
109
51
100001
100001
219
163
120
47
107
110
100001
218
100001
100001
100001
197
100001
117
108
1
84
100001
100001
108
33
100001
100001
97
137
100001
162
96
120
100001
100001
100001
78
155
82
100001
66
191
182
124
100001
100001
162
81
111
128
146
174
145
100001
111
136
100001
100001
100001
171
112
100001
187
100001
117
95
195
128
100001
100001
100001
100001
83
111
100001
79
215
100001
100001
100001
100001
100001
83
100001
100001
194
115
100001
100001
126
102
100001
100001
60
109
155
100001
178
100001
240
80
100001
100001
102
100001
93
100001
193
100001
206
100001
219
100001
100001
150
71
178
90
162
100001
191
100001
100001
95
100001
96
128
100001
74
192
116
123
110
87
153
117
100001
100001
45
100001
100001
226
128
100001
155
130
100001
59
184
145
100001
100001
100001
131
214
100001
112
89
100001
100001
100001
100001
76
209
100001
100001
100001
134
71
117
180
109
100001
100001
52
96
96
182
218
131
185
100001
48
184
56
139
180
204
74
100001
103
100001
100001
100001
100001
100001
100001
150
190
157
212
156
100001
100001
100001
103
181
55
37
117
100001
179
100001
141
146
100001
170
170
100001
32
132
100001
100001
190
100001
215
100001
88
229
128
23
100001
100001
100001
100001
100001
100001
100001
100001
100001
73
100001
68
86
125
100001
145
100001
98
107
100001
100001
100001
100001
131
100001
148
240
196
100001
173
91
202
138
100001
100001
176
100001
100001
100001
100001
73
100001
100001
134
122
100001
100001
100001
139
178
1
100001
100001
100001
100001
190
125
100001
100001
100001
147
164
127
100001
145
100001
193
100001
100001
100001
214
137
100001
100001
121
100001
106
76
100001
89
135
100001
49
100001
100001
162
200
100001
158
100001
171
100001
119
122
76
145
103
100001
100001
100001
100001
130
81
100001
92
100001
159
100001
201
120
99
214
40
101
85
52
100001
100001
100001
75
100001
100001
192
106
135
100001
110
100001
118
100001
100001
88
100001
100001
109
40
100001
77
105
103
157
100001
100001
82
100001
100001
211
100001
88
175
100001
100001
100001
100001
80
100001
100001
65
100001
100001
150
119
93
141
43
100001
100001
66
79
100001
191
210
194
132
136
100001
100001
100001
240
69
159
100001
100001
47
100001
100001
100001
100001
125
100001
100001
100001
100001
159
171
34
100001
77
100001
101
100001
51
100001
131
100001
100001
180
139
100001
87
100001
100001
112
100001
188
125
100001
102
100001
42
100001
100001
100001
100001
60
199
100001
182
167
100001
65
196
112
189
100001
44
91
185
126
100001
182
57
160
100001
100001
86
70
100001
100001
179
100001
100001
100001
114
147
100001
57
100001
100001
190
1
100001
100001
110
100001
100001
100001
100001
27
100001
165
100001
100001
100001
100001
100001
100001
100001
95
126
100001
100001
100001
57
100001
100001
138
185
105
166
147
218
100001
170
124
100001
103
100001
100001
237
100001
90
128
78
100001
100001
100001
100001
100001
56
100001
100001
111
100001
100001
119
100001
100001
100001
100001
100001
102
126
100001
198
169
166
195
100001
100001
185
158
139
100001
100001
144
100001
86
100001
72
50
77
61
100001
100001
100001
178
100001
100001
100001
100001
100001
80
170
122
100001
100001
112
100001
181
218
100001
193
100001
116
100001
100001
96
100001
100001
100001
75
100001
100001
92
149
110
100001
121
100001
100001
57
100001
100001
100001
80
63
100001
100001
100001
100
134
100001
82
100001
124
100001
108
74
100001
42
91
98
100001
100001
71
100001
137
170
100001
100001
71
180
55
100001
100001
100001
100001
148
100001
100001
203
122
104
146
72
100001
74
74
100001
43
100001
224
100001
100001
100001
132
107
152
100001
100001
136
100001
100001
100001
100001
100001
100001
59
132
100001
158
189
41
164
100001
210
99
100001
140
158
100001
57
100001
100001
100001
205
68
100001
100001
165
174
100001
100001
147
53
79
175
100001
200
66
100001
100001
100001
161
46
100001
100001
34
90
228
103
100001
237
100001
100001
100001
153
103
100001
100001
100001
173
190
103
100001
100001
203
152
171
100001
171
126
100001
132
100001
100001
86
100001
135
139
187
100001
100001
201
100001
105
78
100001
1
135
100001
100001
103
100001
51
120
100001
68
100001
158
100001
100001
169
100001
107
100001
100001
100001
100001
110
144
117
100001
100001
100001
100001
73
100001
191
100001
100001
100001
100001
87
100001
120
100001
102
56
100001
43
100001
243
100001
111
114
100001
82
39
148
100001
100001
100001
100001
102
88
100001
100001
149
100001
100001
100001
122
150
100001
100001
87
100001
111
100001
100001
100001
100001
102
159
100001
100001
100001
96
127
100001
100001
100001
118
117
100001
127
100001
204
195
11
106
104
100001
100001
100001
100001
100001
100001
100001
108
26
100001
100001
100001
190
100001
112
100001
61
165
152
100001
213
100001
113
100001
100001
51
128
100001
100001
139
145
100001
152
100001
89
100001
100001
100001
98
130
157
100001
100001
34
104
11
59
124
101
44
132
100001
100001
100001
67
100001
100001
162
42
100001
100001
100001
100001
100001
100001
105
100001
217
150
128
108
139
84
210
100001
100001
149
76
100001
100001
100001
100001
100001
58
127
225
100001
122
181
175
100001
215
61
100001
100001
100001
100001
188
58
153
131
156
199
70
140
100001
134
158
100001
100001
100001
125
145
100001
100001
100001
71
100001
100001
168
100001
100001
204
174
100001
100001
100001
113
209
105
100001
100001
66
172
100001
100001
127
100001
86
46
19
100001
100001
166
87
55
114
100001
93
100001
100001
100001
143
100001
100001
100001
100001
48
100001
100001
37
100001
145
159
100001
100001
154
100001
100001
59
100001
159
159
100001
100001
100001
100001
100001
123
174
181
190
113
168
100001
100001
100001
100001
100001
100001
105
100001
100001
100001
84
113
100001
100001
100001
100001
100001
100001
100001
100001
48
182
138
100001
100001
100001
156
136
237
117
171
131
141
65
153
100001
100001
100001
210
157
100001
97
100001
112
100001
100
54
100001
100001
100001
100001
100001
107
106
100001
100001
230
100001
100001
100001
100001
104
126
1
100001
100001
100001
100001
100001
100001
90
42
143
192
100001
157
100001
75
121
100001
100001
100001
100001
100001
99
38
126
100001
100001
100001
179
177
100001
113
144
205
69
203
171
215
100001
166
134
85
100001
100001
100001
100001
135
107
100001
50
100001
137
100001
100001
100001
100001
103
93
100001
100001
188
122
100001
100001
100001
100001
100001
123
100001
77
100001
100001
152
172
79
99
100001
115
100001
190
127
100001
100001
142
100001
100001
100001
121
100001
100001
150
100001
100001
100001
100001
130
100001
212
100001
60
100001
100001
41
100001
100001
141
105
100001
14
100001
100001
126
100001
100001
115
153
100001
100001
110
145
100001
100001
100001
109
147
117
187
100001
100001
27
176
100001
100001
34
100001
142
99
122
115
153
184
106
100001
100001
100001
80
85
100001
173
100001
185
100001
100001
230
100001
100001
100001
191
100001
100001
171
100001
100001
142
179
100001
100001
100001
100001
100001
82
95
172
59
72
100001
100001
79
134
101
43
100001
84
45
100001
100001
109
100001
100001
100001
117
194
180
103
207
100001
65
198
124
110
100001
90
100001
121
156
66
100001
100001
100001
100001
113
100001
100001
27
61
142
93
100001
162
100001
130
56
100001
100001
186
100001
53
100001
56
141
130
100001
87
100001
111
80
100001
100001
184
169
138
191
189
170
116
100001
100001
143
100001
100001
100001
237
100001
100001
122
228
100001
113
83
100001
100001
100001
76
100001
85
59
83
154
100001
163
100001
125
148
100001
100001
119
100001
95
100001
107
114
116
100001
117
100001
117
135
158
168
163
88
74
94
100001
174
100001
100001
100001
164
100001
100001
161
178
177
95
100001
100001
122
39
108
100001
100001
100001
85
130
36
100001
100001
100001
100001
91
100001
100001
100001
38
50
145
116
201
104
166
100001
100001
83
182
100001
100001
100001
100001
100001
100001
201
100001
100001
129
100001
120
121
100001
100001
106
105
100001
81
100001
100001
100001
100001
181
121
84
98
96
172
126
100001
100001
169
100001
100001
100001
100001
112
100001
126
210
88
130
99
147
100001
125
100001
157
100001
100001
176
100001
117
155
100001
100001
100001
146
114
71
100001
100001
157
100001
159
178
100001
100001
145
95
45
209
108
100001
100001
95
100001
117
83
141
153
100001
13
100001
100001
100
100001
128
100001
100001
100001
100001
83
160
112
152
73
236
217
100001
103
23
167
100001
88
193
116
135
100001
100001
127
100001
100001
100001
100001
100001
100001
94
100001
100001
80
88
130
100001
133
100001
128
116
133
100001
123
100001
182
87
100001
100001
166
76
70
100001
97
100001
100001
100001
138
206
100001
100001
152
151
57
100001
100001
48
21
100001
99
117
36
100001
37
91
100001
147
157
201
100001
90
100001
80
100001
96
100001
100001
162
76
100001
149
100001
140
100001
194
100001
100001
100001
100001
154
83
100001
138
25
100001
100001
46
100001
100001
100001
100001
92
125
58
100001
100001
44
109
61
100001
100001
74
131
100001
100001
105
100001
100001
100001
100001
100001
100001
100001
100001
100001
100001
95
125
159
109
29
100001
85
141
133
162
100001
123
100001
100001
129
100001
129
100001
100001
114
100001
89
225
97
100001
136
97
121
217
147
142
39
86
152
47
100001
45
117
17
140
156
171
100001
100001
79
198
100001
112
161
100001
100001
125
161
114
100001
100001
100001
100001
100001
147
122
100001
100001
100001
100001
100001
100001
100001
100001
151
72
105
89
21
100001
100001
100001
117
100001
100001
138
72
100001
100001
79
128
100001
100001
101
1
100001
131
145
62
100001
100001
100001
19
169
142
100001
185
100001
149
100001
100001
121
156
100001
147
100001
100001
37
140
100001
210
100001
161
100001
100001
168
100001
118
203
100001
142
133
124
100001
100001
100001
186
28
114
100
100001
210
100001
66
100001
100001
198
118
100001
100001
100001
100001
100001
100001
100001
102
184
24
100001
100001
100001
100001
100001
100001
132
100001
100001
52
100001
100001
100001
100001
100001
100001
100001
180
100001
194
100001
103
100001
100001
87
100001
129
100001
153
86
100001
160
100001
100001
80
118
112
100001
100001
197
100001
89
100001
112
100001
100001
100001
143
100001
51
8
172
100001
1
100001
187
234
100001
167
100001
100001
100001
100001
100001
36
100001
100001
73
100001
100001
100001
161
100001
100001
100001
100001
135
152
100001
100001
100001
172
100001
100001
102
100001
131
129
146
140
100001
190
218
186
113
100001
100001
101
100001
100001
101
100001
158
100001
96
144
100001
55
100001
100001
100001
100001
100001
124
100001
197
100001
146
129
145
100001
61
67
100001
39
100001
100001
100001
100001
100001
100001
61
201
100001
136
32
100001
100001
100001
166
100001
100001
113
16
100001
163
100001
106
100001
99
190
178
100001
100001
100001
100001
31
209
100001
52
100001
119
100001
160
100001
100001
100001
119
105
87
100001
100001
165
50
212
100001
100001
157
141
100001
100001
123
100001
100001
100001
100001
100001
100001
54
68
86
130
134
100001
139
80
76
100001
100001
100001
150
100001
104
100001
70
100001
100001
100001
100001
100001
69
100001
100001
100001
57
100001
100001
78
100001
100001
137
100001
137
100001
143
170
100001
100001
147
100001
140
83
110
100001
209
172
100001
108
100001
78
100001
100001
219
239
100001
154
127
92
100001
79
132
100001
71
75
184
125
100001
69
100001
161
100001
106
100001
100001
114
125
195
100001
100001
211
78
100001
100001
87
100001
100001
100001
100001
100001
89
113
100001
100001
100001
144
100001
100001
100001
197
100001
100001
178
154
116
71
137
100001
100001
30
92
108
100001
100001
139
100001
82
100001
100001
100001
100001
100001
100001
193
21
137
134
100001
100001
100001
160
75
220
146
100001
181
210
100001
157
100001
64
100001
157
100001
49
105
100001
100
100001
100001
100001
100001
100001
100001
100001
100001
181
100001
182
100001
78
100001
53
17
100001
112
100001
77
100001
190
100001
100001
100001
172
77
100001
172
100001
76
100001
100001
165
208
105
100001
100001
110
11
135
100001
100001
100001
200
100001
100001
100001
100001
100001
100001
100001
100001
100001
100001
77
103
100001
221
100001
100001
100001
161
100001
100001
100001
100001
100001
130
100001
100001
1
143
236
154
100001
100001
100001
129
79
128
71
100001
143
100001
100001
157
52
100001
118
133
100001
100001
72
90
164
100001
100001
63
100001
100001
100001
100001
100001
100001
100001
168
123
100001
157
100001
100001
100001
100001
194
187
150
100001
100001
100001
100001
100001
100001
125
173
70
113
56
125
100001
100001
196
100001
100001
85
100001
164
188
100001
100001
183
100001
101
203
141
85
100001
100001
147
100001
100001
100001
100001
103
100001
100001
172
100001
100001
88
100001
100001
25
100001
189
100001
172
100001
100001
100001
100001
100001
100001
100001
100001
100001
170
154
60
100001
100001
100001
100001
100001
146
100001
1
83
55
100001
210
100001
180
100001
100001
100001
100001
142
100001
100
100001
212
100001
74
100001
100001
171
100001
167
173
100001
100001
155
115
100001
191
194
100001
151
212
100001
185
100001
100001
100001
100001
100001
160
138
100001
83
188
1
114
100001
100001
131
100001
100001
100001
136
227
130
100001
100001
145
131
26
100001
114
192
110
97
67
167
100001
100001
203
100001
98
96
116
100001
100001
100001
100001
100001
100001
100001
100001
100001
112
162
100001
100001
100001
100001
201
100001
109
119
100001
179
100001
93
45
100001
206
100001
100001
100001
168
184
100001
100001
100001
42
100001
100001
118
100001
100001
100001
167
100001
100001
100001
88
100001
100001
20
194
189
100001
146
198
209
56
59
159
180
28
100001
152
100001
100001
100001
100001
100001
100001
100001
100001
100001
63
1
100001
100001
104
27
100001
100001
100001
100001
79
100001
72
176
81
97
100001
209
100001
100001
100001
100001
100001
96
100001
100001
100001
81
70
100001
124
159
100001
100001
205
100001
100001
125
100001
91
100001
100001
100001
174
100001
100001
81
100001
100001
100001
173
208
100001
42
141
100001
114
100001
100001
100001
128
100001
100001
100001
93
100001
121
100001
100001
170
91
100001
143
81
143
100001
116
105
146
169
169
100001
100001
100001
108
100001
100001
94
234
100001
100001
134
20
127
47
100001
100001
100001
216
83
36
164
140
100001
100001
100001
139
100001
100001
179
100001
100001
73
31
95
63
142
100001
57
104
174
221
100001
206
100001
100001
100001
100001
86
34
101
100001
232
100001
100001
100001
121
149
100001
143
100001
100001
100001
182
134
149
97
130
100001
51
84
100001
100001
36
100001
93
199
92
100001
130
100001
48
100001
75
100001
100001
136
181
95
175
100001
100001
42
164
150
100001
100001
245
33
100001
100001
120
191
176
100001
100001
203
216
123
100001
36
100001
90
50
135
191
122
100001
95
149
100001
145
82
174
100001
100001
100001
149
100001
100001
229
100001
68
100001
59
20
62
100001
100001
100001
100001
141
100001
136
190
102
100001
95
100001
72
92
164
176
84
100001
35
131
122
94
100001
93
100001
147
126
62
100001
122
4
100001
100001
100001
100001
178
100001
100001
100001
173
100001
100001
100001
100001
100001
100001
100001
140
100001
174
100001
100001
100001
100001
140
122
73
212
100001
100001
100001
100001
100001
100001
93
50
100001
99
100001
100001
155
100001
100001
100001
107
199
76
100001
140
174
100001
100001
118
147
120
100001
100001
107
100001
100001
64
167
100001
100001
76
118
66
100001
120
112
172
138
100001
105
100001
210
50
132
123
100001
117
100001
100001
100001
100001
119
100001
100001
100001
167
100001
100001
109
71
66
193
100001
43
100001
100001
199
120
143
190
100001
100001
137
119
106
151
100001
100001
100001
171
220
100001
100001
1
100001
102
170
100001
100001
100001
100001
100001
100001
92
131
154
137
100001
108
213
100001
100001
100001
150
100001
100001
197
114
100001
151
94
100001
95
100001
63
100001
100001
67
100001
59
100001
175
100001
100001
180
56
86
100001
100001
25
167
137
134
144
126
100
104
114
100001
122
129
100001
109
63
135
183
120
36
29
100001
100001
161
100001
100001
69
100001
113
63
100001
100001
87
100001
85
130
100001
133
100001
114
100001
152
100001
100001
100001
100001
100001
100001
100001
230
100001
100001
100001
100001
100001
100001
152
45
126
100001
102
100
100001
109
100001
151
127
203
101
139
100001
100001
100001
168
100001
159
100001
57
100001
32
198
105
145
196
144
100001
100001
221
100001
100001
100001
209
185
100001
100001
100001
100001
100001
113
100001
63
157
100001
158
59
100001
217
100001
100001
100001
100001
102
115
111
122
100001
108
130
100001
123
130
139
106
127
119
80
100001
116
148
100001
234
234
100001
147
143
100001
61
96
100001
111
47
162
100001
157
100001
76
52
97
11
209
94
100001
216
138
100001
100001
100001
47
54
118
181
39
100001
119
100001
123
146
100001
100001
100001
100001
152
100001
188
150
138
123
100001
119
157
100001
176
144
100001
63
64
54
100001
100001
68
100001
1
100001
100001
127
100001
184
100001
100001
100001
100001
110
100001
161
186
100001
146
97
116
112
73
162
100001
121
73
100001
147
100001
100001
136
100001
184
79
100001
120
46
100001
81
100001
149
100001
146
100001
100001
100001
100001
100001
100001
154
105
102
106
200
100001
100001
100001
122
100001
216
138
100001
100001
100001
95
154
181
100001
118
117
128
100001
100001
156
168
159
69
80
100
85
36
100001
100001
217
29
142
100001
165
159
100001
179
100001
100001
100001
126
184
100001
195
73
100001
84
167
100001
200
100001
97
100001
100001
134
100001
100001
138
100001
100001
152
122
127
100001
47
100001
77
1
100001
111
100001
100001
180
89
144
100001
86
100001
100001
100001
183
100001
140
100001
100001
35
167
156
139
100001
100001
100001
107
100001
77
100001
147
100001
107
191
100001
174
176
124
100001
100001
100001
153
100001
100001
99
34
100001
119
100001
27
140
100001
100001
119
126
100001
118
100001
100001
207
100001
100001
223
100001
100001
100001
100001
36
175
96
152
100001
168
28
100001
68
70
100001
100001
105
99
100001
100001
100001
100001
100001
100001
154
100001
102
70
100001
190
100001
199
100001
100001
169
100001
100001
155
100001
149
167
100001
111
178
100001
100001
100001
112
100001
34
207
100001
45
162
105
100001
100001
169
105
80
83
220
197
69
100001
68
169
100001
100001
135
88
106
100001
100001
100001
100001
100001
156
179
100001
100001
228
160
100001
57
142
180
204
194
100001
101
100001
100001
100001
100001
181
100001
121
100001
100001
100001
90
187
106
100001
64
96
141
172
66
100001
156
184
100001
212
39
158
100001
47
177
100001
100001
100001
100001
234
78
100001
118
114
100001
100001
100001
89
110
100001
100001
100001
100001
100001
108
100001
123
98
182
126
100001
100001
100001
100001
59
82
96
151
237
175
162
100001
227
100001
96
14
144
130
52
155
100001
49
100001
149
194
179
100001
100001
32
100001
94
43
100001
100001
100001
147
227
100001
100001
100001
100001
100001
24
100001
191
100001
100001
100001
100001
100001
100001
100001
106
100001
100001
100001
100001
154
69
85
92
143
134
131
153
105
100001
100001
157
73
90
109
100001
100001
147
1
132
55
100001
100001
104
120
100001
100001
100001
100001
100001
100001
1
100001
126
100001
72
94
160
100001
169
118
100001
200
120
100001
114
173
100001
100001
100001
100001
137
100001
100001
167
100001
167
110
100001
100001
100001
50
100001
169
82
100001
100001
163
4
88
164
100001
38
100001
115
84
199
100001
76
100001
100001
212
136
133
100001
61
122
103
100001
100001
100001
100001
100001
64
45
1
100001
100001
100001
70
121
122
85
100001
100001
100001
95
100001
100001
87
100001
129
13
100001
64
100001
129
101
138
100001
100001
100001
108
234
100001
94
240
128
100001
100001
77
148
100001
100001
100001
100001
100001
100001
100001
100001
100001
107
100001
152
100001
100001
100001
153
100001
100001
100001
100001
94
100001
150
149
128
125
100001
227
173
86
100001
100001
21
181
173
108
100001
139
100001
100001
100001
100001
100001
92
100001
122
132
100001
100001
154
37
127
91
100001
100001
100001
100001
203
118
70
100001
144
93
73
161
100001
128
100001
1
100001
100001
100001
100001
100001
100001
163
185
163
90
100001
138
100001
39
100001
100001
100001
50
95
100001
99
100001
100
100001
194
88
100001
183
100001
100001
100001
100001
100001
100001
55
100001
139
100001
11
80
67
100001
100001
79
68
32
112
137
100001
100001
100001
147
100001
100001
54
105
59
62
100001
33
104
100001
100001
113
100001
100001
100001
155
133
100001
97
117
143
100001
100001
81
100001
106
100001
168
26
188
130
72
94
75
100001
100001
180
36
100001
100001
116
102
172
81
100001
100001
100001
100001
161
100001
106
176
208
110
100001
100001
100001
100001
100001
100001
100001
100001
100001
197
100001
100001
166
100001
100001
199
100001
100001
100001
100001
234
100001
225
112
100001
126
174
100001
100001
184
100001
100001
100001
100001
100001
100001
100001
100001
1
143
218
100001
100001
90
38
104
100001
121
159
170
100001
131
100001
100001
134
48
100001
152
129
100001
212
100001
174
100001
135
100001
100001
100001
100001
30
52
100001
100001
100001
67
114
100001
100001
98
100001
71
71
177
60
100001
100001
88
94
158
83
100001
114
124
204
48
100001
90
100001
100001
176
100001
100001
100001
100001
100001
100001
100001
157
126
100001
100001
137
100001
149
100001
100001
68
53
100001
167
183
77
141
38
100001
1
100001
62
100001
119
28
100001
100001
55
33
190
108
93
100001
28
58
72
100001
100001
100001
34
235
93
170
246
100001
14
109
100001
100001
146
155
150
133
170
113
100001
9
97
100001
100001
100001
100001
226
95
42
100001
100001
146
100001
100001
141
100001
140
100001
100001
100001
100001
100001
100001
100001
169
168
100001
78
100001
100001
100001
100001
160
100001
158
100001
174
74
54
100001
100001
100001
100001
141
100001
130
94
100001
100001
100001
100001
100001
30
62
100001
100001
172
100001
100001
100001
100001
114
100001
111
100001
100001
100001
221
100001
195
114
109
66
169
100001
100001
68
100001
100001
98
100001
100001
100001
100001
119
100001
107
144
127
197
146
100001
100001
100
132
100001
121
111
200
100001
19
140
100001
100001
100001
86
91
100001
100001
100001
133
161
107
179
100001
49
178
219
167
100001
100001
100001
199
100001
46
111
100001
100001
100001
187
136
149
155
40
100001
74
151
100001
47
100001
100001
100001
100001
66
122
100001
99
141
100001
119
100001
129
88
100001
100001
100001
152
