65
4225
1259
2890
4221
1341
847
355
2185
5354
3955
929
388
2039
1331
188
575
122
195
245
878
2308
2613
67
4450
363
9845
443
134
244
1866
3096
64
1529
1451
445
1257
1609
96
2869
195
1601
157
3820
1745
406
1
3700
3768
1933
1458
411
560
1192
1812
619
468
139
2507
367
1049
75
3965
624
3786
823
2710
987
1927
226
5524
1323
397
44
768
2288
2730
1718
2653
1518
998
2165
3518
2926
593
422
383
1619
1876
2259
584
1589
1355
4802
752
29
1773
1272
367
297
2516
1342
211
1210
430
1551
703
1280
820
515
833
542
835
3418
668
416
1341
204
333
45
1284
2770
2686
170
2711
1221
5571
1973
5890
739
666
1017
2529
75
2245
130
1139
4462
757
767
1406
1523
1221
3170
344
48
2047
331
635
174
728
1218
424
3061
1682
4331
6132
1122
499
1805
2058
853
1224
966
910
3653
1853
644
2169
292
3828
146
346
1200
683
4036
1292
956
4168
171
322
517
952
70
4319
263
1470
145
2498
1508
2225
3206
203
4033
17
1128
1431
1996
242
365
2200
95
2434
2451
1853
2022
486
858
3365
92
1046
887
178
2965
211
3704
3594
4236
598
229
443
332
1488
104
4711
566
4993
824
2283
448
688
790
832
1418
1350
926
174
49
353
2421
196
888
3746
184
1667
926
1039
110
123
244
859
4910
581
674
2574
1915
80
1300
957
235
2910
1100
310
191
295
610
529
121
1123
1036
524
128
2381
214
4010
535
1105
236
1752
330
802
532
800
656
543
3018
86
371
4755
1457
379
1492
1068
1052
2413
4348
1611
546
4002
2887
1133
1272
2108
1030
5419
240
159
1616
841
2196
220
3462
1645
4525
1283
71
4179
393
2607
295
1640
277
895
766
581
1570
1212
5645
477
2198
866
4831
1518
1140
505
1978
3581
406
85
125
1304
457
1361
280
769
1973
2480
627
2657
428
572
121
269
3181
724
119
823
2507
3822
382
1214
430
5660
1380
1127
613
1910
798
818
232
374
1475
4007
3957
262
60
889
742
312
1120
428
3362
637
620
1510
718
3823
3687
443
78
3412
1616
5908
13
3902
2461
5143
24
17
1634
2391
1295
4977
1058
261
328
984
1322
981
1809
3407
997
1704
908
989
1726
244
537
2471
1315
1282
1244
1241
1793
782
138
864
1551
801
1880
412
67
1495
416
104
2039
1119
793
739
4634
945
830
538
1380
4009
698
1897
1442
3817
1695
5448
3621
1559
258
342
607
1038
1586
527
354
26
118
2352
2003
1993
278
1578
1402
1983
3434
5141
1388
8
2134
692
2080
1371
1141
408
1078
637
2187
1804
3847
1236
1909
616
110
282
4190
2652
1696
612
816
252
646
907
1458
131
535
76
2927
1649
190
980
2036
3855
3269
4221
2182
1903
328
2071
103
834
173
528
2804
912
1860
924
1571
99
1266
2021
2398
900
2272
4301
174
117
133
554
3076
138
407
1609
632
909
1891
299
278
4881
811
1187
4401
1211
2981
3724
1522
2828
1175
3013
1054
75
17
2529
1639
78
4767
1390
413
408
1460
1646
839
206
20
1283
5273
3755
495
2905
3268
1981
1170
87
1200
2334
328
4365
1066
2393
766
1629
500
399
3371
1530
2356
2899
359
412
1491
437
614
446
152
198
2027
281
1507
2610
3131
1241
2173
1269
2070
1751
1754
870
1915
937
6782
1049
155
2423
326
937
437
118
1269
546
767
403
3551
448
179
4
6014
255
85
4172
375
3324
2767
1399
36
828
560
411
176
2096
1068
129
213
391
9031
3108
379
1013
1633
6201
868
1123
1215
545
877
76
1423
4504
453
2023
1668
2234
966
917
120
6445
561
1034
5155
576
2521
1038
3470
1624
4524
1029
1442
508
835
1699
5338
238
37
1812
46
1150
2519
50
3438
927
2440
107
1099
231
943
631
412
1220
4681
1487
3039
5947
10428
1590
2856
839
162
421
3552
2699
2515
826
1312
2065
200
288
1107
4747
25
519
1272
38
2827
2426
1047
1485
25
165
319
1549
606
733
748
984
2026
1131
178
5274
295
1401
1083
1949
897
1238
2230
4747
291
3251
269
1785
81
987
734
2228
809
2402
1094
402
143
242
116
2505
3021
192
1221
971
1254
1010
262
349
1218
456
275
81
225
171
1182
5171
769
1474
2961
1547
1302
285
3345
613
641
179
3264
100
2169
1197
1705
862
1379
442
537
339
412
5101
1033
2677
2850
2280
2923
2349
2424
998
3174
2144
1379
343
1686
4704
317
268
334
2140
1431
743
292
946
951
1970
3938
151
1391
391
5373
328
1012
1063
1081
181
68
2792
3420
306
254
412
169
1918
1861
421
587
210
835
24
661
18
2385
1760
1316
30
4172
883
9
190
425
331
4544
3373
810
1366
2511
2316
2628
2873
8141
2952
4571
425
1069
2027
105
3529
8424
598
3484
768
1468
1105
545
741
639
2290
630
34
406
4012
1324
664
1306
3547
1354
2331
183
1276
927
3145
4613
126
2417
218
1497
559
177
2564
87
2888
1038
3710
396
123
2122
196
398
2047
2728
1608
3417
543
5039
123
1806
541
220
2743
289
1667
1942
540
288
1288
78
4043
85
1896
1393
301
438
187
5510
561
2162
776
1609
1
1236
1020
2024
2672
802
1568
111
340
382
587
1127
1385
3080
676
3526
692
1528
2641
3503
6420
3557
3763
1323
1529
1914
3408
2547
1737
2168
2505
1136
28
47
733
685
189
1983
24
5286
2874
2601
911
1006
3584
1
2306
1011
4913
2809
2280
203
230
42
1166
271
105
582
47
614
2407
323
5609
1041
107
1318
387
429
647
401
567
1237
1549
590
1570
679
5997
864
4305
1102
854
4787
1174
1927
289
675
2668
4146
3353
2863
142
1251
346
1405
2166
1054
125
1204
559
3209
119
2977
1026
382
2
67
1203
884
2197
1706
1703
1015
4659
527
201
68
1086
2329
104
792
906
659
111
242
1243
1231
2707
986
1347
4907
1576
1369
2701
1395
1477
108
1204
2154
1353
1796
4
3604
1363
4782
2372
1987
1653
1466
2578
176
443
164
2575
52
191
422
474
1343
3154
194
1487
1594
1320
227
110
3666
1170
1396
107
1980
3689
417
877
355
2710
723
2738
462
2550
448
1629
5210
1685
518
370
421
2602
3554
2387
4736
164
733
1347
369
375
1457
286
1031
1075
208
3790
1232
2830
20
247
2744
1078
1162
1199
155
93
938
4124
3380
2000
563
682
1494
287
1671
1298
68
1636
1312
1223
333
852
1028
5382
2415
2369
1114
604
1938
4060
2003
340
711
3075
51
2182
433
779
2013
191
2310
452
9959
903
808
2773
850
4181
822
1816
844
168
684
787
2510
2648
1368
3777
1272
2405
341
598
2303
1016
751
4630
3543
637
1019
741
636
3805
184
4653
5489
1398
2002
462
143
371
135
728
821
1408
1121
569
788
327
2566
906
912
4217
672
2910
535
1319
149
44
856
452
1034
511
498
1397
1545
1296
1541
1834
655
244
214
918
1475
1006
423
84
1607
299
1303
645
1025
3075
670
204
449
1934
1566
3394
2797
566
815
1323
870
2356
665
901
1826
1620
348
362
1563
765
2934
3135
1433
169
1379
191
562
28
772
4306
2461
318
1088
1851
392
969
107
2573
1475
270
1337
1860
1336
852
1834
454
87
232
2367
1702
135
1525
3168
2145
1964
391
2620
328
5107
1795
4418
731
81
2313
2101
958
970
928
1525
618
777
751
2174
1589
1041
4346
2015
1093
2945
95
4317
3982
3902
136
300
565
1297
998
5040
6931
2702
41
2794
406
2025
277
116
2431
400
1171
2229
688
1887
1105
1417
402
1864
863
1475
3657
682
6546
855
2643
5856
7336
1141
4308
910
1040
3177
4465
2035
1301
1763
25
3180
2037
1144
266
1501
197
1393
776
1810
2205
1728
1529
3961
544
399
381
311
1761
3318
1503
558
860
1729
4562
1219
339
3381
50
347
131
247
389
1866
2138
671
133
318
191
1150
153
2551
105
1579
2011
5442
1872
295
1175
148
2051
1983
179
2073
2433
773
457
1337
806
1777
914
91
129
536
2471
637
7292
740
1521
880
5897
243
1896
2359
1041
764
2007
1282
1721
2380
492
826
183
1080
822
836
2573
357
356
2377
3862
2635
1798
3568
895
359
1655
346
1476
31
2586
1228
3592
4398
1273
28
350
745
691
358
3024
167
582
933
5174
3650
739
187
543
308
1335
3633
1052
4680
627
908
2582
1187
1851
254
822
3276
625
119
1499
78
1328
974
121
1567
1151
536
297
928
191
2803
654
1383
1458
1454
859
806
674
650
2393
1245
146
6685
1099
2962
163
1137
843
1796
85
5995
139
2098
1478
1008
385
1239
228
3401
5195
3430
79
134
688
926
3737
535
1881
1125
1199
1597
6871
1477
809
441
584
651
1738
252
974
6511
441
80
689
1587
1131
1940
4072
2467
4787
2341
576
656
92
1304
1765
300
1524
1802
3824
887
508
1737
438
3167
264
2378
373
1962
441
628
3148
1871
583
246
2524
1785
833
1618
231
2368
4240
428
312
684
1632
180
403
2343
690
1311
31
166
1756
881
298
1630
9726
723
194
386
1137
668
3015
546
302
2789
2384
523
1416
765
957
883
49
1401
453
152
62
2522
275
342
1629
674
3
692
1867
2202
983
2604
2048
148
1615
457
2
2826
205
4728
4897
1499
1852
208
1156
4487
3266
2352
3286
2318
590
4484
3498
486
676
265
517
59
434
1022
1988
985
1109
2120
4091
1430
4297
151
434
548
284
1162
267
164
79
611
802
418
66
3205
556
150
763
563
1581
1213
84
826
2262
1435
1124
2641
1798
981
12
113
149
616
237
180
987
2963
2146
452
377
1433
1851
1141
2802
427
530
211
1031
2849
610
503
6487
1415
1334
1030
768
3970
3156
9741
370
6279
386
268
466
1985
1329
839
359
89
945
368
2195
217
732
1793
688
400
163
7392
2386
891
1930
102
60
1109
918
767
2412
67
2625
1284
174
4130
2068
322
1140
78
1744
2030
25
1664
104
2040
553
372
145
855
109
938
774
137
95
2652
128
408
2243
3294
218
490
1433
3987
1335
4563
1642
1747
3141
929
1670
1682
1391
124
407
130
895
301
309
2010
1780
1360
1883
2099
709
743
1701
1351
2883
862
2861
1743
99
399
349
2043
1744
2145
1338
281
60
928
2077
2858
659
410
2836
209
1496
2670
53
6312
1875
122
83
1471
2084
141
137
2767
268
4489
408
1299
83
372
1514
227
1624
1621
4005
245
3642
625
344
259
1335
2
1139
937
2747
1762
2483
376
1947
751
911
1432
432
2650
164
1194
217
2377
1583
2646
1962
3063
1010
867
6178
5471
2212
2150
2823
93
231
264
3281
1512
426
2932
1274
2227
1353
454
258
924
532
344
3826
172
1987
1547
1293
1456
1008
1283
849
3071
108
2169
447
155
592
269
723
2915
222
1460
453
1220
1523
272
1010
2701
193
232
811
120
1926
4267
2505
776
1594
433
1110
465
2778
41
2829
127
1977
362
3272
1595
5406
5045
1403
56
413
1100
292
838
22
339
277
1737
1124
1396
1699
154
4402
1296
428
1776
566
1013
3094
5275
647
50
416
484
650
2407
3513
2908
155
3459
2282
1111
697
1812
976
1583
1239
415
1603
2088
4657
2913
858
722
332
5998
453
36
768
5206
818
876
532
1001
447
889
449
1053
2868
87
218
261
183
135
2665
549
802
350
247
2100
949
778
7357
1002
1450
346
1307
2837
745
1093
2032
918
566
50
2142
737
3515
246
712
1207
1221
1335
2287
508
1313
267
2349
145
2688
541
2016
106
253
990
231
2911
920
2753
4900
505
830
913
3322
183
2492
3131
374
2159
442
1260
230
1117
1499
281
699
167
263
476
350
3056
2607
1598
511
3477
2070
961
1155
896
131
493
206
569
550
1615
2497
450
143
928
3518
983
263
595
282
364
4263
1387
3
2305
228
2236
2216
5048
2036
1239
4766
4188
1193
507
538
3093
507
737
1425
1806
2892
1889
4315
1836
92
1565
93
30
1346
6418
1614
753
196
3324
156
972
1533
256
1933
739
1115
1477
778
1385
57
2891
2192
181
316
1471
479
233
3797
303
215
3182
3146
1238
1345
109
1069
17
286
1552
320
2994
4203
1110
443
2438
1329
2790
737
2749
283
407
1026
411
165
1514
426
2187
6280
382
2625
60
958
663
562
677
910
969
665
2379
467
52
1039
214
1832
1522
2336
126
1098
1370
1802
1300
101
1010
448
610
101
3384
2999
992
629
4080
1225
1340
248
940
2864
113
6252
625
592
196
78
206
230
1476
1209
341
1173
1297
419
1090
504
4083
6520
3078
2635
67
4615
99
272
1245
438
174
3005
2831
11
2415
489
97
8624
2894
7635
618
494
46
1639
121
2665
1321
1648
1217
1625
818
240
2836
655
2178
158
2085
932
1361
415
32
1596
1208
260
959
1719
1576
655
157
1383
1015
3065
1184
90
367
2422
8166
1947
608
2008
84
707
217
2671
1740
1961
1041
584
1962
1314
810
172
1964
1807
394
976
207
1128
3829
969
105
1008
495
3169
90
1905
560
2712
359
787
984
2738
438
617
681
2486
335
1033
472
202
1415
1652
2928
1418
915
341
25
391
5949
471
175
356
3261
1416
2562
1469
2625
1953
2146
624
854
1847
1355
751
133
682
4751
1062
222
856
491
1026
2782
844
892
208
1237
436
228
931
686
2267
2407
183
3042
2842
1538
979
251
10
185
1000
366
771
4114
4930
736
1616
4023
809
624
15
1095
1638
1998
2617
3908
6275
16
2255
601
1352
1343
1666
6869
617
2113
746
225
1825
31
984
1568
2214
2175
418
3169
226
1471
3242
996
1574
1430
1708
358
141
2424
2834
1832
836
996
2813
1221
1392
2322
195
883
1189
4410
1725
247
2391
1025
683
36
900
762
473
744
2381
1763
435
1368
280
509
2127
188
597
955
643
1076
3508
385
672
171
1702
1380
398
103
3025
403
3
86
3865
3258
3684
348
1406
1583
1596
4707
4021
921
1835
946
2251
812
5313
663
78
65
1089
6339
733
3790
1476
2141
2175
221
1946
698
716
1457
132
4283
3200
1035
1654
3777
256
35
126
368
1014
1211
675
473
3180
670
2802
426
233
2449
2539
423
1154
597
9
994
564
2095
1585
4274
5087
880
857
8326
765
896
2923
3397
958
195
1746
692
1241
447
465
1
2782
2516
2335
518
253
891
4463
1696
821
1457
1944
3978
765
2679
4893
87
2694
1074
521
223
796
3050
2930
154
332
862
476
192
724
3395
21
3603
1090
1479
295
161
1525
1670
709
20
2702
3627
940
7683
1169
798
4175
665
3114
981
1249
1220
1250
123
1784
567
670
1900
2897
1811
1204
1146
2270
138
283
795
741
901
1454
1641
2068
233
586
146
92
2426
300
3219
6328
3394
1384
534
32
1402
1661
1367
5150
1382
1834
1195
2456
117
1360
896
547
3398
785
1498
218
1530
1313
421
2327
466
439
956
8254
1844
1949
252
5508
4091
426
1919
2870
1571
458
941
1397
1572
1420
88
3901
2695
2498
1037
6469
4214
201
1157
153
896
1207
773
968
1986
251
1621
5098
755
473
372
3303
240
2672
211
3946
65
579
4145
3643
1020
1425
867
113
555
377
273
1743
1813
3
903
39
188
518
2121
2786
338
1176
3920
6522
2953
113
886
5437
496
613
4011
131
643
747
1341
601
597
827
336
936
215
999
4552
1097
2018
1614
762
3443
164
1149
1224
966
507
404
697
2361
159
4343
733
793
6968
367
500
1943
1612
389
305
4490
1604
864
1785
729
3766
1357
207
323
1210
2545
2439
5067
362
189
498
5554
213
197
4254
324
308
2272
1448
2176
4257
1068
1094
2449
2140
1751
109
926
429
303
3563
77
2487
830
350
214
364
1533
1159
1910
607
17
1212
861
2031
327
633
1314
98
5395
632
3
553
4403
118
2136
1901
890
657
37
1093
2602
73
535
2232
496
872
2501
1414
1837
474
1458
1694
1428
3011
509
2556
242
889
495
1946
2357
1280
131
2659
1575
222
855
1826
1713
587
956
3837
644
2534
1435
2182
3543
639
1353
3170
318
225
3663
392
68
732
1919
7206
3485
3586
2364
362
693
2433
1392
23
1398
715
93
1127
720
22
1675
2565
2005
2215
1632
313
3514
3847
1484
5434
2238
1238
485
3744
109
273
173
1725
2323
2202
281
1748
432
746
1025
3756
3717
2802
3189
2244
1604
771
54
132
1850
376
1704
1771
313
2732
1148
389
50
34
2957
1299
1599
1933
1821
184
457
402
177
184
113
5801
607
3207
100
1225
2295
479
343
990
501
1374
745
2195
1304
1437
2182
267
2493
1507
1409
6471
1382
5383
14
6116
32
1994
835
3501
803
1409
167
843
1495
3064
1042
1181
648
186
923
871
1412
71
4670
113
1078
603
143
32
1318
886
1659
186
3713
2301
7
745
1339
2394
257
1419
100
390
1940
861
1138
5489
3252
2591
464
1060
1095
257
328
1304
458
3270
1672
2683
3847
522
978
837
3291
212
1262
172
71
667
2
1329
2637
563
4520
394
1853
3107
1317
3229
423
1207
2014
3232
5123
1396
72
354
165
877
4359
3453
1070
1156
475
3152
462
388
395
263
267
1112
3549
1228
11652
1069
2116
955
5220
274
530
130
1725
2200
66
109
648
1240
16
597
1392
1711
155
810
1945
214
479
2620
1367
76
2588
2751
2254
1032
1166
1336
369
3341
73
30
32
4910
570
383
1633
1600
2991
724
2742
614
4386
3462
1693
5525
1014
834
1874
3372
1738
1442
98
43
686
734
719
916
928
936
2237
1558
154
179
95
951
70
987
5997
52
3792
1474
712
1522
1689
931
1221
2178
1427
1433
655
3200
596
704
256
1680
4522
2046
4127
1191
1047
1389
766
3755
127
2457
5
1715
834
3193
2040
2755
1012
805
636
750
2029
73
325
4382
2186
3277
1609
1337
4353
5170
1483
745
545
2776
262
8022
3677
1333
1280
1454
2647
99
1658
1258
347
235
1315
405
64
1797
2877
1600
337
2990
922
112
455
4445
2734
5
246
1201
1432
3384
4181
1928
15
2823
3329
179
1994
3156
141
26
4147
120
2380
2528
1022
2926
189
223
3334
24
2088
5214
123
43
160
4836
2442
776
1072
2511
943
1080
1503
485
229
1669
5367
820
1696
340
122
137
4630
320
827
3125
2941
3747
1363
303
4435
1865
1015
5515
2404
2150
4210
810
633
3356
348
2090
1087
268
1776
725
198
437
570
1625
4864
1381
385
1215
430
993
180
3225
1677
942
50
686
1309
627
147
1288
273
507
126
1614
1657
2218
1114
3254
669
596
108
673
2185
637
329
1319
2757
4512
243
532
923
3151
335
63
3689
416
927
7597
2158
152
2502
312
2724
346
497
1371
475
279
80
135
791
896
80
172
346
1042
1668
6876
2407
2565
3781
747
1628
536
1165
1422
2218
745
138
849
10823
729
3768
329
1132
65
1683
1104
266
1961
1894
1127
1227
3493
3684
139
685
313
3806
596
878
1539
1617
4095
149
2858
1170
2303
2372
3879
2239
443
3244
229
1810
128
568
1036
1007
1588
1453
5848
1280
2680
4950
1473
2278
2866
1689
3359
27
287
134
3076
367
1605
2249
736
1160
896
1256
1098
247
636
416
1498
88
643
190
1293
344
5877
425
47
958
824
332
1219
1760
1359
1818
25
1824
3060
11
2792
5482
778
407
807
41
3822
1364
2503
2225
3999
340
898
179
2197
787
623
340
3182
1067
47
1703
1033
1253
110
593
103
35
565
3759
912
4667
2386
426
6937
876
821
300
552
11
116
560
2169
1167
3672
894
1003
859
41
1353
379
931
2299
1579
435
2967
1156
209
926
1565
1218
995
1932
324
502
1570
832
589
2149
3573
2283
5027
699
62
372
3845
4313
2907
390
1269
1811
8164
9877
3083
2642
1775
3825
2083
2360
518
2397
1316
2730
878
536
1641
1114
461
3400
2925
4041
677
300
895
50
142
4900
1496
3466
4521
767
417
1277
1471
1192
2594
606
640
1988
414
707
766
1058
2167
734
3040
848
279
2797
75
1583
1426
1609
801
449
1254
3591
892
2066
200
137
656
3817
260
208
1702
261
1771
124
258
377
636
467
2400
711
105
509
1021
2138
2535
3129
2372
3284
196
414
721
1998
2469
2722
466
1706
4056
1166
1603
365
368
541
784
91
1348
1628
1244
453
168
1657
393
3215
2920
374
1719
238
4814
994
1323
223
688
1032
698
282
1216
304
813
522
1462
657
650
975
793
590
1515
3394
264
757
449
423
702
3356
2910
529
1900
2319
17
1808
731
535
1374
1003
2400
2745
102
116
1909
6106
269
462
2925
669
350
4138
1774
4187
981
2685
781
634
1823
84
1521
685
1571
349
850
991
165
1593
1103
567
3216
1825
914
671
3960
2994
1717
1471
5437
1103
1078
120
2659
113
4680
195
529
1767
3926
601
30
517
1384
3017
2939
174
557
468
789
3496
310
2650
60
1095
892
311
1257
782
504
303
2931
1768
1237
1850
100
1178
1155
546
559
827
5583
818
501
212
406
919
3015
248
39
1298
1421
2429
3061
2269
1597
189
166
1030
4304
303
5237
2073
274
2206
814
1095
1085
245
1001
444
129
362
2029
10
2468
823
241
221
1192
2267
246
19
3042
99
932
1034
1456
8463
50
641
1069
1356
183
2902
201
718
392
232
1123
2896
535
1227
2478
2952
2040
984
553
2589
2112
110
1773
1676
1372
1103
781
481
1046
979
15
93
2704
1039
731
1454
1527
1252
3423
7076
3006
2579
117
766
356
1793
1075
559
7384
167
2543
1081
45
362
3749
452
665
2139
6427
3091
120
1025
2839
749
1515
373
3764
231
3223
50
843
3599
2723
139
1302
2667
3410
673
1029
100
1367
2265
479
1557
870
1583
251
270
1889
1493
2503
5333
510
321
657
82
3506
2927
4183
495
1414
886
224
1510
1795
1173
179
1493
122
1503
317
54
6142
908
3489
689
642
5
1246
961
126
136
1063
1427
540
63
593
1297
156
4557
1513
1558
2332
1575
573
305
317
779
1178
615
962
1653
772
72
1475
4850
23
1328
2395
717
2132
1193
192
109
375
334
348
683
2802
513
855
267
324
3259
673
121
51
1926
247
1402
3428
75
2787
2939
833
164
1893
2620
970
228
1296
1507
457
2126
836
71
71
765
59
1545
1677
2041
32
1006
2657
2036
2194
709
2070
433
380
4247
621
1441
799
784
351
6253
2149
2599
96
55
1219
1070
2204
2380
2141
1515
1124
758
294
1134
4907
758
794
4988
771
38
1466
4149
3311
2059
1406
142
13
414
1615
6611
1974
339
488
4004
2753
4887
17
979
16
992
1405
1794
3494
4410
698
160
1888
408
489
6229
418
2965
103
1427
3384
552
118
564
1618
405
1235
1437
1667
234
2517
3754
1607
38
152
2188
355
1657
2351
349
910
2032
1166
119
3971
1197
1791
2377
2492
570
881
2031
1333
690
3079
538
1140
2314
1653
354
3644
141
2587
1868
295
1332
900
3207
1010
389
133
285
337
263
1075
1613
66
425
108
1462
14
2054
3999
1092
1923
42
6036
1560
2737
142
972
223
2519
1439
313
791
506
4462
878
371
545
2351
1659
438
3812
539
554
580
2130
1024
3080
173
589
3126
122
54
815
283
1060
339
4400
2132
4377
835
678
909
402
1287
801
2226
4384
957
295
1207
1093
915
1642
103
354
1225
1148
1692
1193
281
984
459
1267
786
3251
496
720
2219
754
4776
1079
1824
1897
294
4237
193
559
4639
912
1317
1354
275
238
1713
180
2471
3169
281
4131
86
1150
231
3501
992
1852
2614
3114
716
55
1302
1130
349
239
2199
1268
93
245
484
794
1260
3859
3559
908
6173
1517
2359
110
67
1967
1535
672
1694
2046
2668
1426
693
2925
2
666
275
312
435
261
564
202
988
61
273
186
707
7245
708
2725
411
1689
1293
2363
102
462
1320
166
907
210
815
872
361
209
2161
1549
551
900
551
4074
2626
6422
1170
297
604
707
996
1615
67
1618
2505
3860
1729
1207
2739
2139
493
1903
944
817
99
302
151
449
536
1982
2505
568
2083
301
1671
4420
589
1138
641
682
122
213
1827
1191
3207
274
594
1904
3809
3675
202
217
3662
1815
881
1841
1191
808
536
7089
961
852
845
161
3723
1211
564
2800
542
4771
1127
914
202
293
1404
2066
1253
3310
2206
2310
1028
592
720
2674
8021
2281
1555
911
640
235
46
151
1555
469
3922
1972
2419
5015
2506
1396
3304
484
608
563
1089
268
1459
1253
3641
2202
162
341
245
2858
3587
1378
1893
373
57
918
733
1187
1087
3800
230
828
564
736
493
3613
1437
1645
954
32
3294
1201
107
3254
3244
676
638
3120
2348
980
305
1879
2935
2442
537
2834
108
433
730
155
355
492
1450
765
2783
311
1026
1615
2080
3304
1383
3404
501
2284
948
375
3024
6614
448
265
4811
1054
405
92
2379
98
1919
6048
392
1564
2291
582
719
958
1953
49
250
418
196
712
3384
1027
1057
3673
940
3402
2386
1331
1554
926
350
848
1548
169
897
1613
2203
1729
935
1016
1827
1346
639
2684
2895
1683
752
362
4547
3212
1377
2225
910
4919
1541
514
2
1964
3105
257
1135
1107
2261
3442
603
2704
87
3761
3197
642
372
512
22
419
2301
1742
928
2159
4304
1533
970
725
1402
759
89
1177
1426
206
410
20
1674
798
1065
1601
15
3465
2851
425
961
23
3091
2272
278
2424
6188
130
828
44
1585
4342
740
2072
739
5935
913
4547
849
976
3104
1563
2571
471
3687
412
901
1106
154
533
136
3013
3294
289
1297
2253
1839
1747
4451
888
1876
521
500
49
1303
383
1395
970
2986
1457
102
3904
2228
1069
2365
5316
1887
2136
996
283
768
100
668
1055
3080
1366
6390
20
1503
541
154
6606
2280
1863
542
2922
835
674
959
763
233
224
2048
524
49
2482
21
5541
805
55
3784
634
1078
1415
2080
938
2334
1829
3518
222
2041
462
461
242
313
5055
515
215
3040
666
43
360
237
692
2612
787
140
792
411
5360
3238
1231
580
975
511
899
1498
677
518
897
798
191
4641
5575
453
872
1438
1215
253
993
3261
1050
1707
1298
363
1916
348
772
62
281
1297
3377
1590
811
2110
262
181
851
270
1011
676
251
85
250
2177
183
974
24
1459
893
189
912
3952
99
633
3798
157
429
2529
1548
444
615
405
584
1578
1717
1391
91
271
119
483
7322
3355
138
825
544
1338
77
1475
2846
280
1302
2716
468
1250
1093
3001
325
705
853
970
386
23
826
2101
4715
675
1591
771
703
2538
1608
1560
1062
659
475
2027
746
1288
1277
202
365
751
2132
54
89
3627
1075
2096
609
237
1247
885
800
302
360
461
264
149
2672
3170
87
3334
2171
3196
5431
634
335
78
2972
1728
147
80
1604
1833
3353
252
283
1500
3185
177
70
669
450
328
125
4294
755
957
3737
696
47
2782
999
1740
2787
314
1131
2188
1038
34
215
199
128
1257
336
372
4255
649
480
705
31
891
395
906
161
1998
776
2883
134
1715
5318
754
4111
28
689
1016
543
1062
1686
9
879
1308
5084
3553
2193
489
2756
285
1367
3634
536
419
7255
132
1787
396
17
180
686
278
446
2417
886
1893
372
199
171
7883
1484
213
3512
674
60
1260
1264
31
4152
888
96
131
224
3839
203
7120
2424
2710
1612
1691
4885
605
1418
2120
1682
142
2155
843
1035
389
824
2452
462
437
156
136
3057
2298
2133
466
1248
3563
2489
275
1543
1110
109
862
817
1189
670
768
662
1399
2911
397
463
280
316
263
573
490
2723
773
654
1122
887
868
324
2085
461
1473
169
3332
2274
4516
576
281
6190
8509
3820
2522
489
4076
230
2916
102
2108
73
148
644
76
1515
3099
1491
718
1013
701
1262
2733
1618
1314
1133
394
2320
1459
956
111
228
2294
2239
638
3251
1791
5937
315
773
1918
119
5395
432
121
959
517
2061
741
1019
655
2212
654
510
590
2850
576
275
2282
11
3460
333
107
1719
1380
1645
53
468
905
291
3306
1945
995
719
1661
293
107
436
1150
4702
1554
10337
1524
3072
4210
4107
2760
1829
2023
85
2412
1048
333
1462
122
1488
281
2022
2256
1469
627
1578
1930
3790
2396
924
4351
2046
46
147
1517
1050
370
281
2228
1969
1132
56
2916
348
1618
1411
2962
337
87
55
554
899
6843
1884
677
28
3860
2053
2733
1016
1388
1251
1229
335
339
1314
158
4304
736
610
4072
1170
707
405
269
181
316
1367
407
1344
595
73
2907
194
2375
1700
1998
9
1783
569
1979
876
4114
411
1738
2521
6816
1234
236
686
603
1954
991
1248
4581
16
483
79
413
4858
252
3760
761
272
1444
1411
335
3099
1078
1635
341
429
2834
1349
488
1334
560
1155
67
1912
3400
1808
3632
322
290
542
7970
1304
1875
1868
1043
656
173
6428
2763
2869
2480
3715
2064
1316
19
408
940
3597
1899
608
14
592
1008
845
2277
440
3640
313
1886
161
2607
16
890
660
105
225
81
701
88
570
157
468
2032
1895
129
1086
455
192
293
2563
3936
1728
152
440
371
901
1137
3295
716
2197
2250
686
1868
1132
1371
31
2047
3278
1419
1120
3904
669
979
1
2730
158
1714
2636
2498
873
2215
1053
4
1288
629
2441
1794
2182
218
1034
3067
1974
1610
308
698
2718
945
1022
743
1546
2766
1294
1086
2954
878
1156
1207
761
754
2366
351
1360
520
2466
468
1224
5981
1795
946
2666
754
4122
1523
821
2058
450
8011
345
3081
676
2833
1112
2470
3179
113
82
1709
627
3615
185
1356
1841
116
5
3516
119
507
1160
101
2692
844
102
3255
698
390
40
344
4618
3558
634
1994
2076
1631
6530
812
1566
465
461
1288
1486
2110
581
344
4557
1078
1002
728
1789
138
22
804
957
312
736
799
1589
2075
180
7164
5654
1594
539
1573
1142
1987
1
1167
334
696
1764
29
523
739
512
1762
1210
4539
1144
2537
474
3567
9
3667
16
3618
836
101
54
249
216
1437
968
542
1348
1490
451
332
1330
343
763
4184
307
976
848
375
3240
819
2313
86
404
137
205
177
330
3339
438
514
4764
212
1866
4254
351
840
2346
1561
1368
3079
644
860
1040
9899
1798
633
1509
2499
928
254
183
2262
2611
665
387
68
17
705
156
2617
1823
54
1004
1198
3160
2815
449
3115
150
2923
2032
1925
1924
117
788
4290
1107
4942
3737
348
1172
3144
98
869
675
1822
3458
1074
1485
317
1902
4439
2479
853
400
2752
4721
1955
45
1315
202
895
1320
3342
359
238
1793
5629
1905
288
343
6352
1141
1435
280
1516
239
750
2972
4680
1492
1260
4105
339
870
920
2750
531
1335
1028
2024
111
747
4371
888
610
577
299
407
3012
3486
4491
1802
1799
1394
1177
192
2149
1100
200
2239
422
72
1873
306
2539
1815
2363
1271
8
21
52
1526
707
2706
33
1689
1456
1150
939
3244
964
1099
368
868
39
448
1950
2926
1040
133
12
29
3495
150
167
3376
1774
372
1907
984
172
2432
378
279
4541
1302
1365
225
995
113
1614
612
2402
3170
854
3014
1440
297
2231
83
779
1790
810
368
497
3933
536
5243
1664
38
1093
132
134
1561
1322
439
278
453
1635
1338
3779
2158
1167
1985
5070
534
1766
1360
296
73
2164
19
3133
1254
186
1329
1944
1149
1915
1024
1409
2161
1574
2147
85
175
1465
1329
830
906
1199
3212
2772
1366
1190
4138
96
2541
3096
1828
1411
151
563
874
559
2635
2355
2330
1152
1
4129
3369
1249
2304
177
6571
106
173
276
1779
234
335
867
944
1604
6099
1212
2304
1358
98
105
140
495
115
3128
582
1288
443
759
735
712
118
116
2243
1989
181
269
3314
1324
3106
493
434
665
941
4820
2433
3623
75
467
1015
5012
11218
329
337
770
2076
478
500
2066
7648
2633
699
182
72
1864
1414
519
934
4473
324
1068
360
888
339
318
1479
4633
212
1431
438
347
5173
407
411
282
700
1705
1448
55
560
5139
845
25
656
62
456
295
23
3023
4651
4029
698
82
465
289
888
2440
1220
4517
679
1252
6323
335
1082
3473
275
85
3617
297
1165
2261
662
2427
263
2005
2490
597
1006
2500
823
1696
1260
420
410
1651
1334
1044
222
428
1002
187
864
3116
1215
649
216
868
500
742
493
881
2589
2228
1135
33
3062
5549
708
2370
8354
190
726
2376
327
1545
4063
1291
162
138
71
1274
268
3426
768
267
2669
139
3965
5874
2568
3484
564
259
3319
145
2510
66
523
470
1066
1789
1766
3204
5456
2
1752
35
211
1541
3454
486
239
1514
499
2613
1385
905
463
565
437
2867
1811
362
1276
1725
2011
646
2894
1512
1615
4715
946
470
568
379
280
267
1108
457
544
578
2219
1225
3428
4632
4659
1274
1024
1642
2268
139
247
2109
2187
87
3
2574
300
1126
2184
373
47
628
5029
442
404
101
706
687
1670
313
572
2905
2232
1810
416
801
1737
224
749
1290
2327
335
1917
1933
678
3120
1423
147
2717
624
2727
220
4273
2711
4207
1087
5
8228
5127
349
1756
1420
805
65
739
1620
2216
592
2388
46
489
1515
6679
484
731
767
162
2474
4924
2059
1926
1163
58
4396
1887
1377
2179
73
3260
1842
1990
189
1220
2263
1609
168
491
8866
2058
448
671
809
645
1149
1243
695
186
552
604
2651
1308
2140
2456
4259
2297
1043
2225
204
2536
1299
744
185
731
170
1799
1736
385
1324
2159
6352
625
2488
9054
363
1332
63
1556
1488
6516
1208
970
1774
153
270
4453
975
30
1175
421
689
2315
2721
365
2359
342
3354
428
49
4537
272
1275
60
1016
1934
334
151
2175
250
2348
134
368
1251
1646
899
15
340
644
69
941
1732
454
1643
698
403
5546
1957
292
853
106
191
1423
1050
3310
238
902
8510
385
1082
974
168
1813
48
1729
4584
3489
335
485
150
2296
3665
1297
808
75
7495
3382
76
347
397
4222
740
6692
1846
3470
1635
2685
102
929
1892
719
384
1170
370
337
66
2351
315
611
726
228
6383
59
442
541
1405
675
465
16
963
771
3785
4269
346
17
1246
2259
2162
3386
1451
2464
203
2168
21
198
290
4178
639
3102
624
1093
464
1148
353
1550
2717
4506
1424
2342
639
703
182
1362
955
1163
1135
2887
1342
171
721
1739
984
4
4625
725
2105
882
763
830
2138
2096
2607
5439
901
1316
670
1225
2226
488
4697
1061
2492
2641
4055
8
3000
6105
1095
861
2124
573
1372
1206
9175
991
294
4694
377
222
765
2106
6096
261
1960
671
801
228
858
813
1357
627
632
3058
1267
436
1942
426
1113
168
856
2292
418
2579
3030
1650
3366
2012
2851
1949
1124
2313
2005
627
347
889
5661
1653
746
711
2
1949
555
2109
5354
291
9022
525
438
1063
64
2791
583
1516
5753
178
4161
1341
53
2749
22
403
3083
2805
88
19
382
1510
1658
605
721
1463
481
3303
891
318
767
1280
8
476
1653
8476
1136
1570
678
1071
245
579
1140
129
201
1089
260
1001
12
2634
410
1099
2939
2762
859
2663
1057
245
368
639
2097
981
439
343
193
561
2358
332
19
4456
730
1455
928
229
265
2452
643
1331
858
33
1278
4946
552
397
513
1096
1409
1139
3686
119
422
718
865
1266
4163
128
235
3249
2876
2757
420
7460
138
855
447
585
5730
4652
650
1716
2717
12
1316
1698
3192
2076
52
1359
827
1366
2792
1311
1839
1861
240
5960
566
2899
4793
444
865
858
1125
1031
4565
711
719
4853
3010
299
1205
3634
76
3195
1728
1928
1560
410
1202
889
2794
664
119
3376
2260
580
2327
90
435
1616
150
471
2252
2005
281
953
766
880
1517
248
2084
2648
1155
5302
3130
998
3380
2659
319
3084
53
102
246
478
3325
174
144
1463
346
1265
1682
1389
834
205
190
2133
2247
505
169
482
3530
1201
586
396
245
457
456
237
1218
1771
6227
1115
823
2562
3302
1329
1784
449
54
126
2504
1305
174
645
3236
945
4618
3644
4787
2369
1606
458
1111
2880
3166
578
1570
856
145
450
255
2640
834
161
1339
89
686
200
1139
2896
240
950
4817
541
1447
384
1664
1604
989
46
1640
2764
629
1249
1706
165
323
1986
886
2755
2706
27
803
375
28
2762
217
4391
1481
1709
3498
4339
1468
1288
2674
597
1203
555
34
55
448
228
1900
5925
1373
458
2843
533
1090
1096
1574
334
1157
1288
1626
120
2626
934
2529
704
394
3772
1353
2772
628
1346
651
3975
1509
180
2559
592
1002
152
645
579
410
334
73
693
1262
1847
2136
1384
3544
164
199
3810
382
1578
1701
3915
2107
1575
2177
574
3100
506
3872
393
3578
548
2923
1225
257
752
1893
2390
1526
1463
817
4191
627
677
2316
7
320
1221
2046
2740
59
1862
617
3174
2833
4907
3
1017
102
1793
816
316
535
118
4555
2103
3350
1211
1911
7
36
2315
136
1027
770
944
1724
199
974
3714
74
1703
4514
1311
431
912
581
2175
369
1871
102
1065
3017
787
12
167
5536
2397
1305
1279
714
2449
324
956
106
1183
1867
230
615
367
1612
201
6420
1071
5619
1217
764
786
1896
1016
1462
101
1434
1723
1167
1414
68
1592
708
153
935
1769
151
1333
80
1999
22
278
1933
1460
753
3039
2560
3603
499
1451
139
794
372
1106
38
1113
223
1213
1428
8581
2088
1873
1661
270
1201
1902
2824
77
668
145
265
4654
3213
811
558
3762
4203
343
412
2662
236
456
4427
396
1315
1496
764
855
3349
213
1978
1814
615
4571
344
237
3228
1668
871
277
2223
257
17256
8
840
621
615
417
649
1306
617
1391
784
854
1721
2171
389
649
334
2267
129
1231
2094
3442
3709
4232
1148
1944
455
2410
2829
7222
1002
476
2868
374
3054
5
2178
73
395
32
1364
1956
310
357
660
597
262
2409
169
634
104
198
1823
2458
128
906
307
7670
649
905
426
1987
462
495
3000
641
2669
211
828
5012
1383
2090
125
219
3387
2419
2010
334
3099
2524
1549
3696
280
149
1362
427
2112
2399
2337
38
153
454
1367
2050
1084
936
27
111
5695
446
577
2863
161
2273
580
896
54
783
3051
2890
773
154
715
2269
424
1606
892
1909
1018
895
1127
19
591
217
706
1242
3086
1658
1291
442
1340
3901
725
1668
1933
739
981
872
3561
743
2051
4801
140
2008
176
1437
441
26
416
1505
342
1845
72
2121
775
248
504
2481
906
709
3316
66
1460
3015
268
1939
377
240
1525
751
3752
6096
479
3108
811
2146
669
1451
611
1385
2314
194
496
1197
8070
296
1133
950
712
1568
1685
2851
1363
3962
2213
1021
518
2061
24
1979
108
53
480
191
1480
1041
1946
4592
586
172
1818
2035
1378
332
230
371
797
2059
7583
299
1938
1054
911
1804
365
350
573
2604
5388
4823
230
2014
870
6447
287
794
436
1418
565
3539
1055
88
2554
362
559
660
1106
7101
1544
1863
179
2923
5547
3521
2762
742
314
507
2723
476
1106
1060
1765
2917
2263
567
64
1344
1199
1988
1973
2512
480
3753
835
384
870
1047
644
3407
487
596
24
101
1054
322
349
709
603
744
1633
3729
667
3573
351
259
3151
1423
4687
3970
509
1691
740
916
846
442
29
697
1614
1020
3319
290
4672
679
1298
751
372
1219
1669
2093
239
2880
200
2460
242
439
1511
5464
532
1963
1964
515
1191
1516
525
370
1859
1371
295
1812
20
4
1499
2208
1280
2363
107
739
495
640
277
1487
937
327
209
1504
522
2176
2601
266
25
954
1407
541
427
776
716
356
81
1485
2491
1152
5761
1095
1136
1741
19
885
3671
3984
1964
141
1021
365
574
1333
3584
132
168
6633
338
9388
511
1692
267
3323
324
4080
1729
1671
1774
328
347
3119
1862
391
78
164
1796
1005
455
703
146
4484
2465
819
2926
1309
630
1931
197
1131
2187
129
73
6604
674
1084
687
5260
159
2403
2815
712
2244
3602
4011
403
1785
3305
5417
1678
5
196
159
94
660
1661
1005
312
2302
3428
69
2200
5127
946
316
310
1485
1393
650
2746
240
476
3862
1823
358
279
1012
1077
60
689
8
2212
3849
514
1882
696
67
456
802
710
1743
752
241
3514
2742
1420
379
388
2168
3344
631
3890
981
1288
1143
3928
637
1036
938
2394
722
4918
2266
7591
1916
2112
3064
511
1692
1852
776
430
1347
1315
207
184
1608
361
1049
1825
3937
763
3395
528
2548
3755
485
1742
3107
1300
1475
128
2142
411
1384
2914
1005
1485
461
3250
1071
209
1604
1684
1016
3281
6658
5039
1345
10890
1438
1514
1212
322
605
2608
921
1254
2730
7068
986
610
2854
450
2196
419
1105
5863
921
594
4471
364
1030
4351
858
242
1917
2470
4351
360
1322
405
646
2177
30
2198
448
1052
718
3376
394
1437
59
556
3022
487
1318
2107
7843
1679
1230
5508
181
489
133
1591
62
830
2914
1447
3484
2637
3470
5803
1182
2646
671
1478
6577
1053
961
535
1470
3330
668
2431
56
1092
237
100
1814
394
1479
660
2324
2761
1528
864
12601
1751
928
1467
1074
1859
6641
1451
47
3931
2619
5741
3865
3011
1528
418
3952
906
782
1250
4316
2464
8631
947
386
735
6195
899
1635
855
79
2285
2247
443
1880
418
735
1270
4375
2444
884
3258
5222
175
1468
1876
273
784
40
1889
871
2706
5049
2839
2453
1599
1077
2475
6955
2035
558
3037
1580
138
434
1504
2437
95
3823
1227
583
4441
454
1585
3951
411
218
771
886
35
1915
6481
392
349
395
250
3074
675
960
415
2136
2307
3855
249
588
194
398
1532
999
1098
191
858
659
355
834
1895
1293
436
650
2538
1132
234
707
1992
953
4237
1495
414
935
448
2117
2349
1016
2093
1365
2396
1248
395
1585
3009
4333
416
1037
1073
663
4428
215
1083
267
1154
1278
30
3578
557
1992
432
212
812
691
1464
3322
6331
619
595
34
137
1248
486
1258
1448
2770
160
275
2561
1469
1317
761
650
573
743
1898
892
1256
3842
589
2707
873
3297
9
144
215
198
1563
772
64
130
2189
2159
1116
1717
1194
3233
914
2563
220
3025
979
1001
438
5659
1776
9
559
1234
528
727
287
1329
136
514
3165
673
1188
675
1250
1565
428
180
3970
677
178
485
1193
1942
1102
792
82
242
86
309
944
77
1260
331
871
1459
854
1086
1727
2109
150
616
1705
2001
8
374
1085
706
370
2134
2533
218
1403
389
4815
1419
2955
965
749
257
1744
2482
549
4398
1588
3339
159
1031
1821
212
2557
212
765
1826
186
298
2392
1452
446
623
40
395
1289
981
33
249
371
2836
161
1637
4872
2003
386
361
1254
234
540
2640
2262
4324
323
2228
1489
1369
808
187
1264
9811
869
403
8398
3510
685
578
822
1276
51
909
2323
1854
118
1110
86
2039
864
3227
4662
5886
369
1062
2078
79
3632
2843
825
167
1655
1008
1056
320
2066
638
1788
1347
2077
2843
331
6314
1335
266
1904
707
1264
507
150
1970
134
694
320
2421
80
1182
652
2525
1790
1039
7274
2054
37
2014
8
1226
1788
210
291
4638
1409
246
3341
1550
1477
816
344
1742
430
1572
1337
1820
268
685
502
3908
114
1836
5
874
4201
7276
809
349
2392
1136
659
2422
946
1078
357
1392
709
386
2698
3461
451
2419
1
500
132
31
996
1351
371
3645
200
2121
812
2655
2842
1608
1054
3295
1114
2279
6752
1270
1861
799
3263
5246
1354
2798
2315
1631
1705
25
356
1147
15
1834
5458
1458
558
72
251
955
1433
2626
809
1645
486
1364
2584
535
1809
1553
167
728
169
550
785
679
2206
366
27
322
945
453
2608
1084
3103
528
781
1034
335
284
1230
3332
3408
2729
5579
1642
698
960
3827
4697
1211
4450
474
2054
5053
1298
705
3224
726
334
574
1304
876
1408
2040
1489
113
993
742
61
176
1970
275
1407
2240
1009
808
519
939
338
671
1833
1764
516
5715
1803
472
1816
556
64
1339
1721
277
166
3952
1345
11
2959
1070
198
4978
1315
1751
1378
771
571
3072
206
774
48
3303
3717
347
5081
645
479
379
1725
1343
1841
200
6
124
1200
856
186
971
2063
486
6101
123
87
1558
1528
2096
4322
2138
213
1007
124
771
70
5040
642
1402
211
153
2547
4356
64
3049
78
106
464
1095
2272
922
2964
1415
390
1000
846
3145
253
342
269
623
1431
1194
9188
302
800
934
2356
115
425
2169
1798
813
601
324
175
824
1994
2876
120
676
3877
1588
1312
484
1022
3072
866
263
599
221
638
458
4788
793
1316
853
1809
606
668
2109
87
2475
1288
3728
581
30
2672
649
904
947
390
2218
1801
1752
456
2044
2258
216
643
927
471
1070
3441
4660
718
1451
350
343
1675
485
2564
81
788
1322
2984
1439
469
400
872
2313
1547
1197
3837
274
266
3173
1183
648
571
461
2114
399
1858
1675
279
1296
203
1696
2333
3722
92
2091
2207
730
1232
2361
1582
795
1608
429
715
451
3219
815
872
419
738
1683
596
191
2199
786
4099
4348
3351
1560
702
642
868
6638
2079
108
916
2146
12
512
914
1094
1407
1018
2331
170
846
414
1787
919
3549
333
2792
415
1537
1725
4506
728
3279
413
530
928
1432
463
1413
61
338
2137
3324
594
315
4551
69
5976
3615
1728
496
94
3340
347
591
450
1993
503
2273
478
2858
36
3275
998
245
4432
4309
9682
9919
520
2281
6853
1241
3109
1093
989
584
570
264
1835
977
555
515
363
2071
2148
2056
2147
466
1262
749
1825
626
76
752
79
164
668
241
4795
1633
1554
1167
311
3658
128
4858
5100
2481
2190
248
678
2652
2594
14
962
274
456
4296
2109
3500
247
152
1030
3096
1240
653
880
3311
20
115
6499
135
921
1277
4764
138
686
847
279
1252
1686
2421
1369
1385
2319
3108
769
5784
1668
805
1779
3503
2117
206
155
1030
1357
594
1059
719
1154
169
5
944
308
665
1127
38
150
1382
452
587
1083
2162
1652
2932
1044
403
1728
962
163
325
298
203
332
470
764
1637
1895
1581
927
715
6048
867
162
292
960
743
148
3187
900
269
2059
775
244
91
286
1920
2192
569
1667
114
4277
1288
5
1035
974
1613
12
237
1443
2917
3104
2258
1153
4233
190
959
471
1116
4720
590
1868
734
2524
1627
4383
1301
1735
45
1579
2215
142
2981
284
577
390
3539
3803
2034
1480
508
3288
858
298
1454
882
1880
499
1898
1246
4159
620
535
105
1232
3359
4676
536
465
401
493
724
239
772
726
5495
873
611
626
4067
172
12
1524
672
2497
709
1552
1205
1853
836
1269
2760
2375
610
494
974
78
260
1351
1289
265
2664
506
1614
438
909
748
797
177
302
1106
52
1205
257
2212
364
547
368
3013
2269
606
656
1374
1701
2373
774
1258
2523
4057
4312
1239
101
2828
1634
2770
727
510
1176
428
613
591
221
270
329
2333
728
1039
312
2155
122
963
4737
1441
5232
210
276
671
2143
1091
508
553
2093
1488
27
2469
865
884
2310
725
841
1901
158
230
188
691
1403
747
861
720
1560
3299
107
1326
871
152
1493
826
2442
1194
726
1177
2426
1065
8073
1153
1081
613
1124
5906
1421
2381
1013
1146
380
6667
1213
495
537
3245
1640
266
2143
684
2870
273
252
103
1908
562
2005
2418
2267
2412
1803
317
1956
2574
248
470
1258
1289
1893
594
2789
1781
2804
727
90
1034
452
648
732
374
624
376
2376
3583
2304
302
989
724
16
637
2840
2226
583
291
170
1496
1835
33
795
1206
154
1054
1315
200
1626
1514
193
213
1379
18
361
61
967
634
3273
672
311
929
1274
870
1783
118
2393
25
211
3409
1540
174
608
186
1523
758
660
633
57
721
3147
449
206
1060
117
2573
7485
4172
3539
1625
591
456
1588
3967
389
1667
481
536
2743
298
583
1102
220
95
826
3233
185
1072
3309
3024
3952
2638
2011
718
2508
2585
198
1708
4505
565
1145
582
553
1070
1656
882
397
1394
204
1734
483
1114
574
1896
3651
110
152
1206
606
1515
1436
39
5251
90
1260
52
18
1205
2780
1055
3765
4275
2066
883
223
167
2313
6121
2928
5064
545
1364
375
3481
338
784
1754
897
1179
214
845
1232
5816
514
648
4279
455
1211
1745
926
707
3119
1735
1677
3357
1510
1846
2150
2426
124
136
9101
2109
36
324
1432
109
497
188
4966
719
2533
924
838
971
1457
1322
1878
81
423
2166
834
127
1486
50
4434
2926
2248
299
1397
85
1140
426
237
2129
1119
275
2520
120
1774
3532
298
1492
416
1267
20
569
1187
26
760
566
225
958
12
2047
527
323
1969
6824
631
715
1263
1216
1212
2119
2513
665
432
587
529
881
462
3264
1360
2877
661
800
1024
158
98
445
7138
3147
581
408
833
861
3753
3470
938
2254
207
521
353
658
255
1090
878
3501
1858
2725
2151
363
247
731
578
2397
200
114
425
2768
1123
297
2663
997
447
1059
506
2046
65
1668
3006
484
5553
351
270
2398
2884
439
1134
1216
242
4645
317
577
2039
4808
399
7656
1949
2338
389
1543
903
2853
1511
3656
115
460
1212
52
2634
233
687
463
2643
61
521
5424
180
1841
115
200
6459
131
977
1599
495
764
312
441
741
2108
197
1801
262
46
4305
5357
1075
555
4006
4664
278
1956
315
121
247
1291
689
927
1048
2875
413
1638
2553
848
317
1860
2745
257
1918
2649
3
5089
1318
113
4099
1916
3395
2151
693
548
2947
3165
14
1105
473
490
1803
748
839
1220
155
1580
781
4482
491
1748
1941
7
563
834
1733
32
428
1301
3076
3051
213
592
214
1641
1974
181
3130
1103
1860
825
1086
1143
752
1311
428
1944
1017
891
614
780
603
781
931
157
1230
1158
1826
173
1630
209
1093
42
3150
282
1791
1403
3
1899
658
1572
242
161
60
3262
1024
2308
1029
309
2904
865
1192
1273
1778
459
2188
1503
440
49
358
1921
783
4048
1549
146
3800
3188
226
804
1133
278
1734
666
2164
1037
1549
1309
186
27
590
3360
471
2582
988
3868
5425
3307
842
2543
6064
275
936
7233
1547
1738
998
106
4646
271
2241
143
401
311
1643
2641
1889
1137
1929
714
1107
3170
475
2064
1094
989
781
1161
1685
1324
2755
2818
294
131
2450
125
1080
1274
2164
63
3264
174
1415
179
2021
213
3818
552
327
211
1003
1375
1337
179
3190
486
1198
5024
191
469
767
138
3399
4114
936
2264
2172
2298
351
431
486
100
1250
4787
154
911
2993
952
7325
514
230
1387
663
2350
1615
1116
302
850
1132
212
38
830
1264
472
876
287
1384
3324
414
1608
588
1607
930
481
1088
2643
1913
237
1277
945
3626
3076
1201
4768
719
3342
460
2033
1117
1068
2982
541
4396
263
4544
208
244
547
560
1111
455
100
124
694
3969
581
1171
1892
763
2715
134
655
1328
258
94
2786
4833
387
271
1327
740
609
2528
2208
311
3804
2003
39
491
1923
3124
2625
223
866
2456
1090
434
1153
4796
4544
2157
320
1456
2064
621
730
562
3353
2035
915
377
1176
1483
1776
3130
342
448
7193
1213
2065
1670
472
1728
2311
885
80
1130
704
176
2079
814
1038
1515
640
710
5295
238
1300
539
2858
907
1809
2934
448
1229
446
1412
1790
667
2621
1189
623
1668
129
2821
1004
216
514
1044
434
1533
2547
2625
1496
559
354
1805
1898
112
2145
6878
158
278
695
1234
4404
3601
573
1810
371
277
775
2224
2284
1570
623
1311
2215
2987
204
1435
2155
3009
684
684
68
551
156
836
406
857
118
2936
429
778
22
887
1516
5371
3683
758
19
29
336
58
256
202
451
1119
126
2010
1400
984
1391
1114
1425
1548
2396
699
319
467
41
30
1834
3472
1342
451
3269
50
2322
1435
600
467
450
4289
1370
1406
2303
5420
164
119
1699
391
2587
1341
1947
5446
190
3384
4030
295
1135
128
351
1740
110
2138
629
1598
859
78
1277
1003
1292
983
4697
9098
650
1009
54
1390
270
1941
1001
471
483
172
1604
5340
1071
1329
175
1990
623
506
141
10
617
3308
428
67
1327
1133
815
1367
359
1489
751
13
1206
1156
410
1975
459
2550
1042
25
444
333
960
1013
1468
156
1522
312
800
1530
3774
165
2617
1429
382
106
689
386
291
3545
3256
168
265
5808
44
610
2639
241
1981
49
2036
1904
961
35
2926
1520
447
2206
978
1470
1285
244
224
3985
784
3388
420
2528
1357
910
977
696
1807
426
822
56
2799
353
253
4926
1481
389
458
160
463
1739
1180
1110
1193
137
1383
802
703
1250
896
1358
103
626
2600
496
3692
1001
142
626
2442
1426
791
1361
2843
1451
4191
4393
2567
719
1071
445
2778
647
1011
2760
4526
2546
403
3651
796
506
422
3366
3365
1313
1799
492
3183
1286
79
536
480
2663
544
752
2166
867
1790
202
6364
182
1807
1098
2704
224
79
17
1579
2959
3685
444
2183
825
1625
2165
197
2669
241
1230
511
3996
3048
248
1446
407
2947
585
1888
782
2506
1453
850
3432
101
3054
2200
2524
1344
718
773
2395
1186
55
107
2020
2305
1410
2469
350
1857
4283
2239
1606
1212
1633
2233
3485
1948
2219
1407
711
749
1618
1230
421
1403
31
926
12
304
1910
1786
326
333
2434
1300
1844
239
1806
1034
724
4758
1607
1613
1372
4341
768
125
249
773
420
693
3713
209
1495
876
195
183
1475
46
1287
1698
223
1162
862
1113
2708
192
301
1566
2641
1392
3317
553
166
1437
5043
2612
36
3654
1017
456
2961
2184
68
1717
81
906
178
1195
176
3891
2144
431
491
777
2672
2156
1626
279
993
607
118
1605
3056
933
549
316
74
3189
558
237
479
310
221
3330
1296
3939
1435
2778
2915
3714
74
208
29
1041
180
1751
934
988
2757
1961
320
161
1298
231
1611
153
150
5195
1178
5840
437
2865
651
562
87
941
941
90
375
720
3442
524
1791
4293
1417
1417
2783
1936
419
131
269
1216
1754
718
310
884
2842
713
2145
1392
3507
178
258
324
77
63
778
3302
1074
958
1279
290
733
149
3162
6515
1320
145
4900
137
923
2288
1605
1751
2836
188
4859
8530
574
2100
2695
1660
781
2667
43
1473
29
317
1426
97
537
349
67
819
4091
695
379
1151
4914
1964
1642
713
400
1574
1009
680
613
2170
2767
28
1849
9
940
69
79
1227
1639
1976
1061
2400
113
1069
1929
3447
