660
400
673
244
424
365
390
229
155
33
684
208
222
480
449
107
507
385
653
505
689
491
182
583
22
338
105
427
389
36
340
575
296
126
673
56
52
361
309
7
553
67
243
705
500
494
751
408
254
379
173
192
155
280
466
161
576
328
467
243
672
168
16
646
317
244
160
574
192
161
320
704
562
258
679
19
501
347
573
250
479
504
419
302
179
386
63
135
391
385
641
67
596
659
334
337
725
332
114
545
202
40
649
695
510
348
403
666
593
499
652
323
423
608
699
442
418
315
305
51
147
717
703
237
107
484
662
530
590
332
602
592
326
653
132
1503
213
266
481
315
146
532
487
280
176
527
241
704
77
597
636
681
673
315
632
32
320
747
675
488
469
362
172
75
291
246
503
95
266
491
118
678
501
149
451
198
536
395
641
561
638
62
627
626
659
51
130
174
155
91
243
580
119
248
69
562
743
745
317
532
95
263
698
520
465
310
389
179
555
414
614
638
130
430
573
98
310
438
199
354
322
360
16
678
483
602
137
14
400
479
169
215
419
280
630
602
332
729
715
386
459
271
612
10
358
300
548
83
566
170
129
536
232
413
55
146
320
166
625
477
231
279
660
707
523
62
207
234
410
306
261
557
579
320
6
715
248
361
3
194
68
491
170
578
736
424
121
432
365
354
198
324
151
78
128
639
312
413
646
355
727
539
30
353
325
42
508
1503
497
279
5
699
676
686
418
553
98
593
203
95
450
430
305
59
486
320
683
602
452
226
660
331
210
730
136
41
357
683
192
278
121
96
137
250
560
728
560
634
337
581
412
296
435
218
411
293
607
644
359
741
107
600
59
158
363
636
293
37
76
645
43
470
209
290
551
62
66
94
94
110
109
195
256
53
369
614
581
587
632
32
211
37
722
468
494
132
461
750
732
74
395
324
517
209
5
687
187
392
535
530
524
312
276
82
340
504
198
248
55
34
713
176
643
249
659
253
603
599
526
420
319
323
245
498
341
497
600
467
738
594
717
1503
327
480
727
76
57
635
10
258
478
659
744
222
569
474
66
64
43
724
139
84
63
244
639
89
604
656
128
401
7
376
683
573
412
624
137
266
548
531
312
28
389
442
142
30
479
689
37
316
491
723
339
401
573
289
572
119
256
322
617
29
524
403
186
17
709
656
417
426
139
629
609
636
29
363
279
705
497
529
739
301
166
692
706
137
73
616
488
715
222
664
279
639
120
312
637
84
605
463
210
233
93
156
114
574
555
319
259
694
721
370
41
629
582
23
196
261
712
139
361
616
174
65
521
527
79
286
404
557
658
367
257
440
586
581
224
398
291
390
687
422
86
561
298
307
128
602
320
731
416
367
649
274
380
247
749
740
740
673
53
168
48
705
30
573
56
653
607
281
741
560
510
476
1503
445
371
620
158
147
112
354
643
8
186
317
20
428
595
402
166
678
126
203
135
27
702
622
17
556
470
699
181
165
466
77
643
330
697
161
249
245
116
236
405
478
640
132
637
157
3
291
103
147
105
425
592
138
719
230
280
739
561
176
673
340
280
328
468
365
451
360
720
670
682
28
597
354
258
74
16
405
498
512
563
143
119
171
42
324
199
510
504
77
86
204
329
572
85
404
711
109
733
232
421
337
493
607
712
601
229
490
468
80
36
19
5
436
190
677
232
229
509
354
498
230
385
515
120
705
51
398
352
528
276
145
472
632
12
724
699
452
361
215
151
274
330
264
314
518
364
318
379
299
674
637
700
80
589
121
647
616
574
49
578
24
696
488
639
274
748
739
507
71
693
526
80
460
555
2
608
193
632
96
244
437
444
189
516
704
460
441
70
353
142
697
392
57
117
246
613
740
420
483
325
155
395
583
505
713
742
5
95
526
275
83
676
444
278
383
251
355
452
304
224
213
709
568
133
33
185
127
5
151
392
264
436
402
296
339
499
235
608
480
630
397
26
203
153
743
544
313
744
240
226
36
235
67
196
333
387
715
297
531
487
130
270
551
166
733
733
349
465
161
544
397
193
131
562
335
661
605
642
81
337
164
59
68
324
283
351
355
673
546
159
226
161
499
15
364
126
511
506
410
521
240
84
308
396
21
203
388
394
112
728
42
654
129
339
598
172
51
73
634
38
141
458
318
360
384
618
300
373
739
506
239
710
347
652
209
314
137
86
553
307
63
694
243
73
598
741
193
611
615
314
118
232
602
452
300
111
489
228
611
698
665
19
634
512
441
619
251
581
60
103
167
608
83
226
544
363
628
325
191
191
298
224
443
732
320
391
36
644
431
124
343
551
739
248
105
180
10
167
534
246
73
749
57
101
367
348
243
340
436
415
390
79
333
729
380
598
640
301
589
56
14
142
591
372
713
312
12
365
215
300
265
666
745
246
289
634
345
448
459
369
750
395
684
605
319
115
583
498
45
617
174
357
363
29
68
265
129
276
589
88
13
443
585
679
118
237
192
638
749
695
681
152
602
602
13
721
404
4
580
707
241
206
99
167
339
671
405
494
208
530
417
13
574
134
329
663
723
418
724
606
246
12
4
31
98
595
475
53
617
378
205
252
217
25
322
450
740
182
514
387
653
117
518
213
377
330
635
568
512
12
339
743
339
393
361
722
152
542
313
365
644
544
502
36
608
513
720
398
60
615
491
131
621
294
595
303
56
161
244
391
145
541
354
116
124
400
655
27
630
164
415
395
451
711
712
342
379
436
58
113
446
333
383
42
359
250
695
420
512
384
116
676
468
360
21
355
430
311
271
137
202
278
115
673
501
487
199
111
511
344
437
504
40
307
261
246
93
291
375
443
43
281
151
418
738
53
676
175
601
271
722
572
385
103
277
366
301
720
680
392
684
555
342
690
583
336
260
686
430
223
329
449
33
150
184
24
427
117
303
13
661
37
565
173
380
215
576
704
506
70
224
188
396
250
391
455
547
341
401
534
471
13
370
284
150
309
641
212
660
19
524
732
71
151
135
347
184
424
475
596
384
419
449
601
358
133
224
162
473
55
440
260
140
541
325
456
388
194
48
94
350
664
454
173
494
462
381
732
337
204
161
116
338
49
163
76
706
57
546
161
306
705
635
334
82
492
160
515
691
205
105
17
120
650
388
38
298
269
299
565
81
603
154
711
141
415
627
268
29
349
33
389
689
37
742
117
208
511
337
153
13
640
545
21
136
666
375
678
385
44
106
122
728
597
478
722
632
403
21
217
443
131
637
583
29
744
406
617
483
618
19
350
68
231
213
475
215
50
301
503
564
399
561
31
78
693
25
395
59
134
384
136
304
575
742
71
90
564
676
505
407
383
652
610
183
422
400
722
44
50
323
208
615
740
236
559
563
742
336
605
200
329
640
57
651
163
473
171
716
267
367
1503
153
359
507
235
206
680
11
426
303
128
231
660
708
10
311
357
613
390
247
368
479
154
338
506
396
640
373
180
240
705
54
426
216
481
546
519
415
77
81
568
206
181
194
626
580
717
490
589
309
738
39
573
608
10
573
411
147
649
472
669
48
546
216
520
456
317
27
748
19
448
138
134
615
588
413
272
624
623
133
706
388
578
437
531
732
61
431
450
244
578
539
491
403
208
501
304
612
156
676
359
654
385
94
359
278
266
600
702
99
126
164
279
579
739
130
384
365
536
749
747
37
443
111
273
451
453
693
623
322
77
297
88
248
150
705
323
340
657
503
170
201
380
580
442
549
419
714
667
572
149
544
68
206
86
375
263
612
321
40
307
596
702
710
511
281
713
193
464
224
466
105
258
718
618
412
153
711
516
691
172
673
202
324
667
5
500
218
641
324
291
741
561
409
606
256
375
158
541
259
154
273
165
160
315
223
531
81
610
479
293
168
67
123
46
734
253
467
61
668
365
390
319
304
742
24
477
318
579
329
184
137
606
94
61
145
606
493
224
63
120
450
417
386
417
635
332
628
452
200
472
314
194
95
515
240
432
587
669
392
97
453
526
173
604
541
672
751
465
508
174
701
617
497
63
192
635
340
371
310
355
183
150
193
209
463
291
443
714
338
173
582
657
631
305
677
624
334
51
641
176
474
562
411
233
300
82
734
40
689
544
730
181
674
456
361
167
319
20
215
47
560
605
367
373
117
169
33
475
42
176
447
123
428
587
147
54
502
99
32
520
285
615
318
47
488
682
601
635
497
418
427
424
424
71
166
297
640
60
456
154
649
599
195
517
174
260
77
415
228
372
639
454
684
160
561
20
376
337
416
150
90
573
419
569
82
570
598
95
89
574
553
355
708
499
242
330
170
327
497
222
607
365
60
56
527
93
354
407
328
608
435
585
105
278
686
205
473
438
556
304
634
746
207
87
553
389
322
696
268
73
26
52
121
404
577
506
679
662
206
505
434
269
507
414
387
339
701
13
415
253
620
203
229
1503
624
255
121
421
320
98
40
694
297
17
605
482
250
113
507
142
327
723
317
224
203
68
549
282
607
206
252
561
417
638
265
318
480
605
1
566
108
207
53
669
538
673
243
679
367
183
411
349
39
253
20
556
116
436
646
702
517
426
85
662
296
184
410
710
725
659
56
149
748
16
16
457
75
652
161
596
518
261
305
358
570
441
333
314
187
163
249
4
353
242
341
624
25
149
709
690
685
626
547
390
561
428
529
209
558
293
159
461
226
343
212
587
326
456
468
578
504
331
315
600
226
717
682
499
725
43
460
704
115
548
552
110
484
376
656
176
534
209
708
158
171
359
695
505
173
232
279
192
419
386
104
706
716
162
130
425
653
411
587
89
727
609
281
564
58
544
560
568
5
315
432
666
516
167
563
515
743
338
366
484
624
99
639
342
449
32
529
514
350
413
165
12
289
357
330
283
112
401
630
291
33
102
343
589
284
107
290
332
141
460
352
706
319
279
691
310
545
291
212
526
663
122
597
97
651
534
218
460
63
116
483
168
619
56
430
457
571
120
696
31
699
47
346
457
259
124
540
60
623
310
595
328
260
614
442
547
313
366
263
216
171
367
103
107
296
663
374
316
739
723
244
712
122
551
636
123
476
371
693
243
648
311
566
640
171
656
142
486
132
92
750
297
310
131
85
498
28
117
159
105
326
637
739
627
367
550
326
495
531
6
27
471
551
554
484
161
450
296
367
367
171
4
145
456
515
585
107
233
420
226
325
55
327
92
570
145
478
411
521
410
159
430
384
61
639
404
645
730
605
10
646
443
566
445
128
481
231
28
728
244
613
408
661
243
321
390
324
381
698
282
34
13
577
416
578
603
747
672
93
259
484
557
535
416
31
479
52
38
471
549
203
128
301
73
20
526
104
418
506
475
317
1503
21
498
362
611
487
319
123
181
73
331
737
75
600
654
235
651
134
352
269
378
58
521
601
87
176
91
465
35
66
215
732
83
517
259
484
468
322
540
157
227
101
35
621
378
691
97
369
535
146
444
695
295
110
295
715
475
452
553
287
644
288
327
592
590
578
157
499
596
556
561
217
477
500
592
713
134
311
216
381
606
57
226
466
13
334
534
474
450
299
50
327
110
487
79
665
732
519
23
277
600
153
445
603
129
593
540
484
122
731
504
216
326
531
370
254
390
574
274
469
504
205
645
517
674
663
543
362
32
3
164
492
99
461
502
144
460
358
703
320
355
467
722
453
54
725
119
374
50
4
433
462
411
333
52
708
209
568
97
347
170
121
714
460
262
392
514
375
6
657
382
729
726
32
636
341
673
152
653
525
116
125
449
575
257
271
173
38
549
534
34
157
425
734
42
429
642
215
385
558
302
583
500
143
186
329
570
672
484
541
547
644
325
222
52
442
513
35
516
504
735
200
702
601
700
32
344
417
238
293
624
364
66
412
422
221
375
482
5
484
242
78
407
301
247
196
221
630
260
57
402
5
631
723
497
383
91
679
626
191
250
237
222
209
35
357
568
520
574
540
374
749
314
151
483
440
318
574
304
117
185
100
339
110
724
324
720
184
260
609
517
725
595
575
279
485
530
24
516
495
636
111
625
431
575
132
657
129
399
376
326
542
655
289
161
187
52
697
358
741
655
564
127
688
339
716
164
640
343
376
71
382
231
118
270
25
500
503
300
4
30
330
310
679
626
39
95
73
575
614
28
370
8
214
487
510
302
719
708
505
222
188
147
654
45
513
649
207
193
525
546
352
73
465
333
469
185
552
217
573
588
504
260
716
545
422
411
476
411
687
699
208
231
731
231
693
64
403
321
203
331
253
644
658
421
713
289
740
51
484
665
209
264
277
101
241
102
702
377
186
690
545
573
1
539
452
365
636
643
478
718
691
428
447
716
13
323
26
636
370
212
160
741
553
94
702
511
176
348
620
76
531
289
227
248
319
547
626
744
385
746
666
356
518
639
419
584
402
496
248
279
665
61
178
197
536
119
242
474
249
730
381
511
12
29
535
377
676
571
247
634
630
506
337
672
537
649
15
459
244
646
289
225
170
532
438
572
33
609
467
50
423
160
261
455
356
112
321
304
569
591
168
312
543
462
194
499
539
190
166
509
344
152
370
378
566
716
74
542
638
71
293
637
661
696
112
743
596
225
729
300
212
287
749
665
98
400
731
539
341
66
325
612
685
409
454
138
564
474
553
751
574
415
574
37
277
179
224
386
688
73
314
461
452
135
451
142
159
575
448
526
396
128
340
329
532
256
84
153
457
715
473
440
350
92
675
301
14
560
658
644
30
220
544
27
588
423
527
665
601
299
494
594
666
725
683
551
175
18
667
502
605
96
674
407
313
386
469
89
169
654
395
158
562
117
157
100
445
457
550
678
481
464
722
475
86
664
327
107
564
676
38
187
695
555
171
296
505
481
302
529
734
312
219
58
694
399
310
141
744
411
169
326
100
721
539
2
67
671
624
221
37
746
473
55
473
116
31
333
333
334
524
50
727
726
501
93
553
547
520
600
192
648
742
670
213
673
498
203
1503
107
243
160
634
622
328
380
419
315
421
428
62
476
279
266
90
313
743
704
454
49
403
268
283
464
322
87
423
239
210
9
611
185
644
614
674
652
227
270
111
165
37
386
377
503
278
316
58
437
281
28
516
664
42
304
417
1503
289
55
669
29
611
189
567
348
503
369
267
126
194
607
400
701
621
639
283
252
387
530
513
321
646
495
228
331
298
227
388
691
220
90
524
216
89
652
286
207
307
113
714
5
99
571
80
143
591
712
720
332
587
139
621
94
687
314
573
573
628
76
692
13
732
340
262
133
637
282
20
490
625
509
426
698
187
343
572
603
11
596
593
255
179
348
526
310
276
692
288
366
378
225
195
411
728
335
431
689
701
620
227
357
396
620
587
436
325
249
91
647
54
516
138
598
344
484
742
361
739
616
703
129
595
570
540
456
751
675
125
196
41
133
387
207
508
62
35
227
92
70
724
60
559
522
187
251
674
128
22
238
142
291
113
714
597
681
172
102
548
411
600
658
651
96
244
370
538
385
459
332
310
716
648
148
494
375
334
542
84
352
81
713
320
501
7
431
344
587
166
476
561
350
738
701
333
260
723
494
440
196
215
30
120
122
563
587
175
533
349
726
655
619
507
660
5
616
646
406
76
175
331
62
318
617
258
712
173
189
537
399
511
297
225
745
423
132
99
670
488
183
700
605
487
169
666
539
171
139
720
228
70
189
1503
328
736
606
174
371
310
674
102
634
458
538
461
510
190
266
438
608
22
661
470
690
54
559
101
729
481
463
545
41
255
496
9
723
683
209
238
564
355
454
140
604
120
162
555
195
377
15
50
700
616
127
591
538
261
246
32
348
275
337
170
123
656
733
140
720
425
385
471
584
506
420
429
140
523
40
336
211
329
665
486
662
388
320
530
107
318
59
176
130
554
539
441
81
599
587
284
612
632
349
554
188
607
100
549
663
159
159
556
426
516
416
383
734
684
679
21
219
28
470
165
446
672
612
596
148
16
650
525
34
272
593
692
88
723
433
24
666
408
267
252
266
236
128
458
546
48
119
142
156
56
257
155
59
641
603
485
730
574
531
309
478
482
206
458
151
1
183
192
647
353
287
359
389
472
662
710
400
691
559
473
191
17
593
351
353
208
682
485
450
86
709
534
25
726
53
168
118
541
530
423
642
234
223
1
712
347
564
661
539
136
642
660
216
588
650
108
149
310
63
415
587
529
482
666
225
288
524
362
726
595
567
474
247
551
128
567
139
208
107
293
622
250
163
258
448
506
52
104
74
475
260
249
179
31
95
325
563
558
408
667
126
128
600
286
391
750
556
119
247
151
464
572
322
650
48
463
565
687
147
148
91
567
326
236
81
670
523
690
653
429
485
746
154
80
54
572
705
592
316
205
438
58
138
21
146
317
243
551
280
214
595
312
486
705
301
305
341
493
500
747
301
25
104
451
676
708
332
641
1503
121
175
552
549
225
273
345
200
119
175
160
691
258
658
285
393
287
258
294
83
377
151
95
122
441
553
720
504
597
111
619
581
422
448
513
131
385
210
44
401
253
578
407
324
423
142
250
70
125
79
186
290
87
146
608
591
643
669
48
63
56
563
635
223
501
743
725
291
78
342
254
572
157
386
51
95
286
556
557
579
446
274
711
649
201
696
689
6
43
494
110
369
290
599
235
328
489
569
748
438
117
193
512
14
487
91
748
128
715
577
464
669
488
700
418
472
468
67
630
346
493
688
227
425
491
123
22
270
338
92
285
655
40
114
243
345
125
223
126
398
662
248
235
280
602
750
168
662
630
140
727
126
58
164
240
93
183
492
734
452
649
394
80
231
128
56
329
55
494
253
269
351
159
249
184
100
555
365
713
228
354
315
14
616
278
629
339
47
312
690
579
703
584
140
609
3
498
232
51
726
150
518
638
84
670
29
315
121
110
76
305
132
57
297
599
3
170
563
200
274
140
312
354
396
238
310
36
436
571
336
327
674
94
450
531
170
537
472
451
677
180
654
723
726
169
298
217
655
217
421
354
80
381
283
598
97
297
116
514
741
365
679
342
607
735
685
261
590
721
219
171
29
110
169
456
546
497
623
82
310
137
584
367
176
586
146
591
201
522
673
369
578
651
443
63
289
432
107
64
324
239
700
340
93
252
56
259
315
277
138
152
59
357
40
447
570
230
310
560
96
657
212
567
100
543
263
323
446
726
286
117
194
273
674
382
555
453
553
655
177
695
450
492
220
277
575
79
534
651
525
601
128
62
463
491
100
148
695
387
98
101
598
647
373
652
613
315
294
484
618
524
138
418
536
536
489
580
193
242
155
132
26
369
534
132
200
231
396
585
328
264
187
637
20
357
210
362
124
529
624
248
425
268
26
134
184
653
362
127
721
323
438
480
342
682
432
28
143
669
612
551
377
736
475
684
603
435
11
67
63
555
264
244
536
253
140
129
649
204
630
526
70
173
179
60
583
690
107
503
257
213
114
42
147
157
137
412
710
701
16
352
91
556
299
398
289
507
188
159
699
209
546
476
52
87
44
192
669
611
223
351
395
190
6
565
610
221
686
433
117
378
493
588
253
596
403
437
443
162
318
288
6
407
668
659
611
206
256
74
448
128
523
330
552
164
399
61
58
636
477
319
342
514
653
631
179
196
375
162
332
456
512
449
350
440
731
300
410
154
335
133
284
245
143
639
602
82
386
150
647
545
319
454
7
725
425
572
317
332
383
399
293
148
380
395
748
251
90
614
34
539
134
18
380
328
119
370
427
370
444
422
265
387
253
747
221
66
61
275
327
495
670
674
296
297
419
292
153
740
687
67
290
714
83
588
547
751
696
342
132
101
53
259
476
484
414
639
264
226
303
317
21
12
200
178
185
295
101
38
319
522
119
383
299
373
247
731
312
82
165
332
710
384
62
484
383
305
555
366
280
696
648
723
208
692
430
186
229
353
383
66
200
393
749
383
252
167
559
244
244
406
1503
717
123
409
612
660
586
677
300
676
132
89
112
300
422
424
547
20
528
149
735
632
39
523
273
16
257
200
245
408
233
689
37
700
249
498
91
682
484
571
8
552
629
553
611
55
454
683
45
3
367
193
445
655
725
710
285
425
730
386
438
77
436
387
106
195
587
282
475
584
573
423
581
741
229
280
729
726
395
236
524
198
553
344
500
340
369
106
398
679
68
508
710
218
52
81
41
429
252
239
669
221
232
82
281
713
470
594
559
400
122
686
312
288
311
322
438
112
10
357
195
16
710
466
200
87
86
544
647
729
279
3
419
663
165
346
473
418
243
707
643
269
217
208
717
37
77
729
436
486
615
181
484
597
59
593
110
655
562
737
90
591
743
122
554
598
338
116
553
124
198
33
644
533
577
170
692
460
238
620
596
79
405
109
445
677
612
353
615
84
408
147
353
417
171
454
18
624
554
653
16
406
414
540
13
647
209
407
608
184
89
287
94
451
430
217
724
234
700
98
372
289
360
32
647
323
622
317
633
400
459
359
405
668
384
7
284
586
20
546
404
141
95
711
609
328
632
351
79
499
181
619
640
246
44
591
18
249
12
431
517
412
672
261
562
748
400
659
459
367
435
602
734
587
624
485
716
431
632
697
543
639
184
157
251
162
38
137
618
2
386
426
428
209
411
243
286
253
700
351
229
573
599
396
393
352
3
516
735
31
505
43
370
580
209
462
187
144
267
224
699
59
193
265
634
298
227
670
655
112
381
321
633
283
74
438
238
295
524
504
288
499
512
255
398
597
402
49
155
213
306
381
301
36
724
86
226
623
596
575
222
200
157
6
325
38
461
380
125
151
525
648
164
454
53
527
135
559
674
364
506
578
430
319
58
363
152
713
267
666
246
424
413
474
455
373
741
616
406
186
718
1503
304
347
455
257
140
364
322
58
342
454
437
8
687
265
30
574
453
445
611
225
657
661
587
124
255
438
358
422
55
272
230
704
111
725
558
335
421
42
321
334
289
443
672
679
315
475
39
389
191
523
370
252
422
251
502
266
108
674
163
148
393
32
566
153
284
521
100
333
421
730
702
601
35
691
224
26
75
624
406
188
326
150
609
110
525
525
280
111
431
714
146
143
340
157
605
602
71
572
193
652
522
674
233
368
165
504
388
352
61
742
371
182
4
59
651
240
404
726
673
19
267
239
290
36
357
662
324
405
651
223
277
256
438
411
262
370
270
610
462
346
26
107
252
676
742
235
295
37
466
304
89
399
214
64
223
211
519
112
346
425
531
749
460
164
446
443
673
598
399
412
676
696
537
263
299
149
487
126
367
592
559
447
183
652
34
547
430
450
630
662
626
368
610
471
82
265
299
253
178
151
310
476
328
434
345
98
87
199
161
628
418
179
365
74
259
455
718
190
320
623
359
154
724
641
646
144
201
692
716
97
36
6
639
712
656
377
335
347
634
544
359
329
660
527
86
541
481
108
24
656
560
505
191
113
103
484
425
624
426
29
155
164
695
114
399
339
74
48
320
587
639
294
627
389
359
41
614
751
123
609
195
456
740
377
432
617
151
205
87
454
169
608
284
587
687
437
740
634
96
318
486
239
239
159
88
178
750
680
289
275
476
106
493
626
373
622
237
547
18
539
712
462
247
397
189
602
707
150
434
588
586
666
555
310
502
39
517
181
686
700
78
3
8
226
355
625
253
376
56
271
646
552
282
423
56
500
344
101
62
296
351
443
193
195
247
373
130
67
352
384
578
440
503
579
616
367
357
343
356
300
386
299
739
85
262
643
666
244
248
73
482
440
450
679
638
524
490
481
378
347
388
100
404
132
442
263
689
44
33
240
741
695
195
722
451
509
524
145
449
203
260
635
273
94
61
208
31
606
714
480
79
485
409
23
677
746
284
323
191
475
319
164
601
224
159
95
611
217
438
719
673
299
4
632
372
569
729
404
286
118
525
317
367
625
417
75
99
381
378
169
487
644
520
314
599
476
365
118
183
573
373
394
360
644
653
119
469
705
612
423
652
684
27
318
587
244
169
347
196
658
86
74
700
750
677
483
58
650
336
535
385
88
682
431
212
615
453
395
155
471
571
54
550
632
296
320
122
642
60
748
253
487
129
80
391
734
595
311
259
109
481
314
328
689
742
657
158
250
195
9
486
555
610
392
611
655
578
710
715
699
569
677
50
721
425
319
26
282
58
339
683
610
31
711
210
99
373
581
369
545
671
321
30
400
553
90
477
238
68
667
434
75
590
186
165
423
600
174
614
146
407
423
311
495
61
533
307
338
663
336
70
589
511
156
177
679
52
539
242
731
80
177
155
494
144
222
211
671
169
417
651
21
481
192
378
175
390
410
720
616
100
523
76
416
427
437
77
642
452
722
500
508
61
571
130
506
185
708
738
518
599
135
83
36
1503
166
185
119
213
535
472
445
369
573
381
690
192
336
9
373
616
74
415
215
91
529
196
583
195
431
546
416
640
201
316
28
745
740
498
134
723
426
425
35
160
73
299
354
23
680
352
639
188
431
6
88
300
28
243
35
141
319
131
748
379
77
612
129
617
728
668
564
659
149
242
253
434
448
691
242
734
162
457
163
729
319
711
29
142
109
427
75
701
150
587
233
130
342
67
375
688
408
371
293
133
411
697
203
325
118
16
352
317
246
315
1
557
288
665
361
255
597
130
669
97
23
485
457
122
297
469
543
628
306
565
545
428
703
46
158
483
397
643
90
732
670
747
605
607
671
255
404
529
232
453
214
34
690
154
552
374
26
68
571
546
719
167
344
535
245
221
746
80
270
259
445
72
266
618
671
106
557
588
533
352
141
71
653
382
573
665
244
222
365
222
32
273
583
162
585
276
372
363
733
457
610
116
602
623
470
716
225
554
243
286
294
461
577
714
470
391
283
86
207
360
638
442
423
563
263
674
692
402
473
347
1
435
628
620
29
68
206
73
213
524
584
21
412
12
506
46
15
456
561
387
642
76
487
593
525
705
560
393
532
702
40
707
539
631
315
313
633
557
528
581
642
473
525
502
30
581
455
297
121
686
312
112
322
31
20
573
551
234
45
427
155
751
329
505
530
395
700
636
194
302
138
41
458
568
409
24
687
419
508
399
562
387
498
129
711
284
307
44
618
254
166
30
638
551
470
748
306
641
702
240
159
44
309
18
350
593
676
216
383
271
428
350
709
160
11
95
196
340
253
541
126
467
147
181
733
546
142
317
144
36
88
667
555
523
47
744
130
43
426
234
693
22
74
443
343
592
425
630
505
22
646
128
718
738
680
299
70
236
125
554
520
514
646
340
19
359
663
499
182
490
621
480
509
201
249
424
62
244
376
378
246
738
472
686
226
485
85
124
224
265
290
306
496
750
23
390
366
328
680
477
199
405
303
588
123
433
268
48
682
680
280
609
238
564
477
575
504
525
750
126
204
726
491
491
142
61
295
480
528
475
471
750
37
17
487
503
446
280
731
751
188
67
212
81
442
715
162
638
690
532
660
311
573
590
103
207
441
261
202
221
514
321
690
420
665
155
320
293
219
461
407
424
589
429
448
348
519
549
582
12
703
413
328
614
370
126
106
726
519
552
311
643
147
202
145
323
730
130
84
539
620
588
368
645
519
499
480
475
391
431
229
223
508
270
718
342
450
132
53
671
618
59
381
579
298
137
440
251
205
674
409
712
256
133
630
458
706
733
322
419
431
381
291
185
263
28
253
623
293
35
121
722
579
661
126
341
160
60
642
639
14
644
25
203
586
440
33
85
443
578
267
541
628
409
728
394
35
425
487
524
440
444
601
534
188
112
102
737
739
251
74
618
119
576
493
331
722
426
213
155
362
95
529
271
425
313
674
546
586
81
589
149
57
675
495
225
78
477
186
90
55
473
56
725
93
206
91
672
450
106
505
19
557
135
212
200
114
561
125
436
262
498
496
606
124
387
519
488
403
187
97
461
529
412
3
663
326
123
683
410
640
624
102
386
472
286
222
207
547
337
396
713
274
689
540
380
654
452
183
663
519
268
100
376
413
198
426
260
233
20
619
415
424
228
59
403
692
211
62
156
447
415
512
450
600
611
490
663
267
65
638
122
190
490
261
733
207
407
534
668
267
531
361
619
431
314
688
217
698
303
657
85
440
262
276
112
143
432
474
576
725
327
133
576
435
196
451
630
736
329
638
600
221
48
742
216
136
566
640
70
616
746
373
633
372
61
594
716
383
435
243
444
54
58
202
475
304
387
46
134
312
238
660
150
510
190
309
303
151
132
1
361
586
726
546
187
380
1503
32
197
560
138
355
328
668
357
729
290
14
83
183
584
469
29
374
138
78
539
723
632
163
344
442
289
273
227
164
429
236
711
126
314
720
168
510
113
625
510
745
353
571
62
463
110
228
630
93
150
68
510
649
192
696
296
177
285
629
739
247
587
74
717
219
697
607
404
536
528
577
264
280
613
3
495
686
118
428
308
349
302
647
313
135
535
376
348
706
620
196
198
672
96
184
38
273
579
712
362
377
695
407
251
127
366
711
343
474
344
222
645
682
167
215
598
727
350
315
365
308
654
182
699
410
128
602
216
396
440
419
408
749
653
432
599
732
716
654
332
499
104
643
124
308
426
286
598
586
495
605
80
589
162
303
136
262
678
56
403
588
677
510
38
360
728
27
31
360
472
308
491
448
360
255
217
413
429
77
47
60
193
671
263
423
452
220
173
99
630
675
499
614
686
618
418
423
374
514
550
217
84
546
18
414
415
164
660
31
561
695
548
441
616
250
578
735
35
625
7
512
156
88
329
152
347
422
158
740
102
416
188
244
165
344
140
351
606
458
596
75
230
67
647
344
92
569
37
700
156
101
277
670
367
468
64
388
656
344
119
650
291
239
537
431
532
60
724
307
11
347
201
259
654
84
356
632
252
278
227
485
731
636
585
698
598
50
63
563
67
591
494
189
334
227
731
118
417
481
162
116
292
487
697
519
372
176
531
350
528
69
607
211
321
419
82
359
655
342
668
501
627
501
608
230
518
564
306
2
668
72
273
24
611
510
715
750
200
336
167
406
428
305
112
579
299
586
433
715
270
385
281
501
48
523
323
25
17
453
709
12
311
568
705
723
631
258
158
638
345
747
471
504
210
479
683
700
28
686
125
711
28
10
101
611
359
223
711
596
487
197
123
490
744
744
684
549
647
639
674
284
469
423
213
1503
593
575
52
529
711
597
105
80
534
25
132
226
582
346
414
135
77
207
119
190
45
195
415
505
148
13
431
515
345
618
241
737
317
378
118
430
235
294
419
373
738
504
254
517
75
357
109
449
334
381
596
326
516
673
732
443
632
515
682
370
739
85
86
568
583
438
725
558
303
150
742
647
490
633
706
144
748
218
327
284
286
17
546
609
700
715
29
366
576
396
189
142
437
548
289
262
413
328
335
649
127
147
70
68
229
33
318
463
321
328
152
44
581
257
272
279
173
338
333
665
525
678
743
269
702
612
445
279
617
381
716
467
740
742
224
35
42
365
351
40
233
200
250
497
731
170
420
464
432
152
592
362
614
403
688
443
214
360
479
488
163
487
100
512
738
5
429
404
540
296
24
725
294
336
156
403
487
360
135
280
2
415
404
727
33
68
245
494
204
324
260
143
327
323
557
388
66
394
254
235
745
628
477
527
605
291
450
117
510
378
208
300
369
27
702
453
230
384
698
565
660
418
513
116
370
629
105
273
85
340
148
450
681
122
297
743
522
503
279
583
221
150
137
648
77
376
376
707
172
704
722
353
742
685
684
639
4
63
502
591
547
696
642
107
352
239
532
625
325
256
346
198
652
682
1
290
239
449
317
180
15
204
202
473
71
278
440
191
449
67
377
523
129
610
660
307
558
610
4
240
232
275
623
696
116
436
66
213
403
528
207
206
355
215
276
29
604
554
127
204
230
561
170
564
653
107
104
57
374
161
637
244
657
94
418
407
92
230
131
554
672
167
186
313
38
561
245
653
123
355
392
402
490
539
574
651
316
520
239
171
247
260
47
712
679
586
184
684
385
160
48
571
661
396
117
216
120
382
322
611
689
735
38
298
221
745
423
551
522
603
415
83
249
488
87
578
101
102
690
749
153
534
362
83
94
148
78
737
267
260
93
23
220
486
340
725
470
443
748
140
249
693
709
473
115
403
735
10
694
286
310
202
433
371
363
295
291
478
352
422
396
609
343
309
244
686
63
300
360
133
67
492
472
722
540
711
376
253
648
18
710
547
152
37
259
296
15
120
563
652
587
40
433
115
626
333
733
317
589
191
601
153
452
326
740
78
298
164
609
570
694
251
432
299
723
215
672
545
750
265
350
714
605
74
2
57
398
467
447
311
525
665
187
211
291
191
486
88
477
621
542
441
75
661
711
31
695
9
119
68
89
546
390
59
647
93
685
577
165
691
330
70
424
567
7
82
308
381
85
35
183
743
173
2
713
315
521
150
705
359
351
296
226
626
205
346
736
449
435
176
212
65
730
337
541
359
495
323
211
674
1
63
99
700
258
101
76
381
718
62
88
434
37
305
335
111
751
475
555
6
514
270
649
185
200
46
405
381
329
335
323
583
450
168
29
160
350
28
81
151
194
448
538
183
594
76
231
584
340
253
308
699
1503
126
182
486
352
211
581
394
608
240
584
674
625
469
575
497
561
433
609
425
74
135
391
172
549
349
77
206
398
43
634
212
58
619
490
475
174
713
513
314
148
77
409
295
684
408
514
743
334
90
568
716
24
274
524
88
611
731
419
246
672
595
403
570
278
315
493
130
120
272
343
324
663
64
412
735
676
452
63
428
134
521
74
22
100
735
285
367
170
188
383
167
435
21
227
12
694
151
220
54
199
305
652
591
138
136
481
328
449
190
555
472
108
311
66
200
122
456
175
521
193
266
11
624
592
538
449
439
700
433
25
323
60
409
29
140
125
637
700
366
661
744
689
267
318
674
110
423
8
298
141
520
579
25
617
160
375
206
573
185
680
37
589
132
598
333
293
312
510
664
366
102
262
537
372
589
259
300
653
24
564
422
545
76
665
464
113
476
213
288
137
640
655
282
271
547
44
1503
221
178
173
616
456
176
507
733
219
613
468
299
1503
246
247
221
313
60
728
701
412
644
284
487
241
637
560
140
44
55
408
586
343
659
289
1
225
627
448
551
685
603
406
463
310
543
687
318
644
744
563
684
231
143
745
687
398
271
549
652
411
557
343
149
448
565
654
350
242
1503
325
108
88
174
728
101
454
202
88
327
667
678
548
445
700
151
264
569
153
507
723
142
393
727
744
684
391
750
596
685
751
411
411
237
530
55
573
684
551
365
135
121
51
377
99
609
408
67
369
171
254
206
586
74
656
259
645
737
556
422
167
662
584
369
690
528
39
152
78
444
21
593
290
424
365
738
9
234
426
38
149
242
197
490
92
308
450
193
353
572
195
371
564
274
236
429
649
524
90
352
378
271
335
428
413
518
700
479
569
687
526
373
670
95
683
45
20
705
238
212
314
355
71
518
147
542
123
38
306
71
483
616
194
111
740
541
743
167
345
525
118
745
76
555
441
116
275
179
102
168
431
259
334
409
240
358
72
688
349
602
401
415
697
371
408
62
187
225
123
43
10
177
126
169
68
590
650
550
575
384
148
85
101
274
610
226
744
123
158
392
479
4
168
568
148
484
473
258
673
482
127
603
392
402
189
407
722
20
306
62
395
326
569
670
635
270
656
172
212
716
349
279
308
178
64
743
25
710
443
9
509
291
531
166
610
87
240
502
447
253
549
149
182
175
228
460
320
378
179
463
352
641
668
529
687
637
482
76
732
60
210
192
98
122
600
207
43
743
698
442
515
22
616
83
319
13
520
253
36
479
528
385
421
652
618
656
559
92
703
515
379
403
454
458
268
626
319
635
619
715
330
162
215
65
413
595
343
174
234
76
66
359
29
367
219
335
235
201
324
623
55
540
700
194
468
364
402
108
598
673
188
298
152
382
737
418
12
415
624
346
69
145
609
364
428
723
402
4
257
538
262
294
322
215
287
46
150
100
178
128
170
487
461
209
349
300
147
462
213
415
618
58
3
412
545
514
591
655
360
54
142
283
96
285
169
268
185
91
385
458
609
177
96
241
418
346
127
6
292
36
360
435
362
668
693
172
398
32
70
107
236
503
167
244
595
47
230
294
17
302
75
335
524
274
165
121
426
359
157
18
12
614
692
55
18
724
24
71
144
523
144
647
662
618
486
268
31
270
20
251
405
698
331
199
683
91
356
479
393
660
749
300
555
316
205
33
237
400
596
52
366
413
547
301
395
573
303
745
457
173
163
97
249
670
228
612
506
680
569
620
557
31
253
211
625
23
367
371
539
578
99
56
170
141
226
295
519
481
4
447
617
716
303
394
184
433
123
337
517
9
331
132
331
412
388
123
348
640
616
486
409
41
224
287
142
601
571
632
334
407
485
516
719
651
22
398
83
272
204
370
86
123
686
704
516
267
244
68
132
509
605
468
400
516
59
20
627
554
590
58
526
534
330
607
170
501
105
98
597
537
751
249
655
602
683
456
462
88
404
593
589
632
659
544
317
108
110
665
551
500
442
230
144
18
499
328
423
292
196
239
94
447
263
88
376
302
35
583
427
628
321
714
671
285
639
560
371
183
350
6
406
96
87
26
616
225
83
550
423
467
488
293
590
414
606
433
542
709
400
345
633
477
345
582
292
25
190
748
650
41
543
164
654
13
402
84
625
305
34
425
567
691
670
663
492
332
195
214
84
691
96
741
652
637
301
242
380
196
470
692
295
362
166
139
225
659
262
534
683
155
536
126
85
12
736
268
615
173
243
227
263
329
332
364
287
429
52
732
385
689
451
294
12
381
726
659
56
348
393
625
327
539
51
239
556
67
83
605
425
403
493
227
72
210
657
32
139
711
59
717
83
101
254
750
518
196
80
551
175
358
741
729
360
53
741
462
22
237
412
638
368
426
55
27
681
1
59
685
157
607
361
120
656
334
344
325
515
674
120
10
129
321
260
84
458
164
666
658
716
646
546
711
513
680
640
192
576
597
218
293
607
260
610
685
203
611
487
629
605
707
32
31
412
394
343
44
56
276
84
103
466
740
453
70
387
525
55
410
135
416
250
160
520
562
553
278
110
739
500
260
295
747
643
665
30
155
641
658
643
476
137
299
154
438
707
413
140
172
507
344
162
33
123
607
414
473
717
200
595
120
232
544
421
724
632
163
73
109
382
642
665
225
119
107
354
57
168
192
4
258
730
689
269
532
61
466
166
685
71
453
723
224
688
623
225
180
222
669
686
499
581
501
476
599
291
157
606
499
80
219
364
384
720
146
387
313
422
336
430
673
452
216
216
673
572
325
359
607
700
258
233
633
386
241
292
388
501
183
653
676
276
488
176
182
476
418
247
351
411
104
3
121
369
427
226
52
32
467
214
1
530
712
625
66
529
387
481
370
687
165
334
554
111
93
474
705
46
406
32
19
383
396
610
216
706
734
37
492
7
155
264
387
305
68
113
526
325
372
647
77
244
673
632
325
748
487
707
491
288
305
238
292
703
618
185
600
113
509
403
446
10
652
40
477
25
429
724
396
463
551
257
736
323
205
326
666
655
628
270
125
239
525
660
20
112
78
438
190
741
73
299
697
597
137
311
318
47
690
656
232
738
705
216
266
182
52
478
16
656
145
249
16
54
427
283
271
128
548
209
154
79
317
377
143
56
501
400
295
403
419
176
188
490
188
199
746
744
316
153
712
316
240
250
601
718
295
283
446
640
159
606
262
629
219
440
328
8
418
528
35
336
579
750
537
309
318
396
607
27
425
130
625
476
411
366
196
390
669
332
390
152
421
360
493
151
92
459
563
704
363
489
327
510
14
45
609
552
433
343
172
358
118
377
282
553
497
378
507
604
427
227
473
347
496
478
379
356
53
388
331
347
145
724
715
182
296
562
272
637
726
661
432
99
55
750
720
745
552
94
482
186
273
419
681
733
269
635
412
605
616
73
17
121
436
589
647
278
740
1
79
581
187
522
431
641
70
607
497
448
638
157
67
348
114
444
604
358
17
631
676
231
82
428
331
20
13
298
568
86
623
115
576
13
399
9
333
581
646
267
223
416
264
235
648
747
107
568
526
346
313
659
6
462
288
469
434
666
287
260
372
564
406
699
77
532
338
116
348
509
55
443
718
140
570
6
360
412
32
306
528
707
364
386
44
297
576
247
750
714
24
19
197
187
572
392
504
121
59
423
124
173
623
642
535
397
459
431
457
736
400
443
414
213
48
732
741
217
33
148
746
423
504
573
555
434
80
347
656
108
730
703
584
402
62
178
29
118
112
581
485
161
61
81
608
646
644
11
454
159
540
138
540
341
196
548
241
22
747
63
377
371
299
623
323
518
306
594
717
133
455
630
575
322
504
219
143
43
385
619
741
709
249
228
367
286
173
640
507
1
170
48
441
647
67
221
201
719
302
318
118
299
572
732
274
406
404
370
344
654
329
417
685
428
70
442
420
405
23
437
177
724
731
677
639
35
403
378
637
412
444
238
600
153
550
489
513
743
153
747
476
616
706
719
19
374
398
598
191
575
450
667
701
498
303
12
28
434
333
658
732
187
502
654
384
743
194
566
612
383
608
157
106
646
257
302
605
678
648
489
619
566
157
319
43
239
27
749
143
519
322
98
181
552
728
246
147
218
189
80
419
378
613
20
750
273
689
152
274
302
166
480
493
359
174
717
138
352
24
447
568
158
699
315
421
345
643
555
723
611
236
596
372
106
347
615
340
526
386
640
211
192
104
656
368
337
254
404
42
491
579
386
286
266
209
560
614
559
646
328
351
222
197
446
150
77
730
268
342
98
670
608
51
454
647
265
87
158
405
369
561
164
504
308
47
363
663
485
351
143
398
416
123
638
57
351
696
512
684
337
438
489
471
392
390
94
52
666
61
27
739
8
80
329
553
652
477
288
7
388
489
268
124
119
34
28
324
102
127
402
312
611
241
126
350
734
245
264
634
491
207
17
518
123
81
473
467
574
642
413
477
287
440
75
751
208
619
394
54
640
516
392
701
652
636
488
549
306
473
396
3
269
426
189
654
675
499
216
736
269
47
249
317
343
238
48
245
410
3
368
136
232
457
17
161
669
147
251
365
282
436
109
557
679
380
350
451
421
184
687
581
318
626
488
444
102
455
468
469
253
608
307
416
177
249
13
231
371
269
509
613
512
426
436
553
650
83
623
382
110
174
327
449
692
104
548
637
640
641
26
350
226
143
483
11
388
284
124
610
712
473
148
252
79
433
453
166
95
410
258
241
490
116
184
547
711
720
254
250
550
591
237
222
428
608
560
454
16
173
23
155
402
518
482
408
711
57
107
351
244
245
371
406
50
739
280
44
383
314
153
253
603
127
588
275
428
390
670
703
456
220
543
267
561
62
306
620
427
261
186
151
592
258
294
146
101
222
587
490
9
478
505
243
328
125
364
474
501
255
659
517
167
133
342
252
666
540
734
241
53
67
308
520
360
184
254
472
659
87
596
611
251
271
82
430
576
64
360
468
590
408
402
669
681
1503
735
33
634
196
657
444
693
705
601
630
352
103
350
672
228
415
221
356
104
123
79
608
361
76
260
665
397
144
602
243
190
589
10
637
441
661
63
224
402
406
136
681
489
443
737
535
589
138
410
265
245
99
225
522
468
479
160
699
197
710
556
373
710
16
599
508
562
151
11
696
543
583
138
571
411
317
555
105
83
388
281
286
637
153
575
398
650
199
683
215
57
70
572
718
746
358
441
591
91
153
417
249
223
260
353
237
609
336
40
153
179
394
696
69
747
422
597
193
135
648
371
426
749
18
236
713
191
39
572
98
464
94
615
661
514
78
118
98
171
290
281
129
560
454
98
258
398
321
351
152
484
730
628
262
430
219
326
328
484
363
719
71
164
453
691
114
81
546
253
458
383
239
555
207
113
27
457
627
342
612
194
372
77
355
25
713
402
174
160
271
440
388
416
230
191
196
472
686
192
222
317
646
614
165
641
384
514
645
61
241
614
676
446
467
100
197
340
201
354
687
165
611
674
305
715
695
554
93
615
425
404
78
453
314
249
581
56
37
530
40
488
146
695
412
116
529
11
270
46
316
343
413
145
734
226
30
459
750
407
531
233
183
610
487
615
628
577
299
441
425
246
564
520
622
298
135
351
439
200
73
168
26
460
110
491
312
251
555
590
484
646
185
620
741
626
746
458
293
401
66
645
71
444
646
618
293
437
160
452
478
559
750
162
707
734
449
388
681
191
311
386
252
117
292
82
279
601
326
605
419
291
339
430
741
288
192
723
515
436
1
112
415
390
371
491
394
654
639
749
720
369
282
578
92
204
711
186
180
221
36
436
670
353
16
593
207
96
133
392
606
573
269
162
541
91
254
439
193
536
277
380
537
405
705
611
744
497
522
635
337
110
49
634
720
673
704
611
413
738
106
723
317
68
431
709
43
237
301
411
695
621
572
85
370
600
543
87
135
269
199
193
606
287
387
311
416
736
307
523
643
138
363
169
2
638
92
264
170
660
34
658
126
35
201
677
191
16
507
432
516
142
184
37
414
471
433
702
155
262
30
205
664
215
740
81
529
180
240
55
117
693
672
130
465
57
83
63
421
173
409
654
14
3
553
102
475
524
664
674
422
75
543
603
250
396
499
612
327
299
148
654
415
