55
90
27
142
315
43
45
292
26
70
55
58
63
26
16
43
73
231
14
27
57
28
59
327
130
89
65
71
65
245
139
58
1
30
5
7
61
10
11
5
47
18
24
44
216
30
168
258
68
613
32
22
142
83
31
20
29
8
103
3
4
5
42
25
3380
73
69
8
105
33
54
79
120
56
38
90
7
25
261
68
4
13
176
72
277
270
12
153
109
40
58
19
11
81
150
34
21
137
87
202
16
264
11
334
36
142
47
172
131
60
111
21
92
90
46
42
101
69
186
41
244
95
18
38
6
35
49
63
83
85
154
45
77
97
83
4
19
109
17
3
126
3
56
161
63
34
92
61
97
162
50
85
274
1
30
69
246
119
32
91
33
17
169
42
34
515
80
71
67
69
21
14
7
108
93
71
222
97
62
83
49
317
35
127
156
123
102
68
35
28
6
31
473
3
67
23
24
59
138
159
97
20
120
29
4
52
98
136
53
28
44
245
158
19
132
61
4
11
46
78
50
74
285
37
27
54
4
14
1
22
229
81
116
331
21
114
186
18
52
35
46
44
19
13
25
45
38
93
19
71
82
89
54
106
15
71
8
37
20
33
29
32
125
28
110
34
67
13
43
38
94
226
9
330
22
87
28
351
45
69
135
6
41
47
16
113
73
170
51
57
44
320
225
81
50
133
11
6
60
140
15
111
48
25
58
39
164
4
1
84
63
28
168
85
88
15
64
66
8
106
31
50
12
136
8
29
59
2
14
327
121
129
47
1
40
18
174
1
145
110
31
121
59
18
416
1
35
8
204
42
14
44
73
138
60
47
95
58
156
42
25
44
228
177
64
77
93
44
26
41
56
208
101
85
101
30
64
118
67
11
90
37
46
63
185
2
39
20
10
115
327
71
10
2
12
11
26
51
56
109
130
74
114
32
11
19
70
80
115
24
38
183
147
54
1
224
119
579
275
95
39
11
63
28
45
12
5
290
36
77
47
135
76
78
122
78
27
22
35
8
83
32
85
88
74
50
127
45
101
43
59
17
6
151
428
123
11
17
5
17
93
50
77
123
111
169
48
57
80
96
30
91
344
21
3402
20
18
135
86
103
66
25
84
53
19
12
6
147
16
32
75
45
40
85
103
108
31
63
18
96
109
31
67
12
131
20
87
1
8
28
111
115
21
97
121
182
14
215
86
1
789
12
60
20
15
126
4
45
235
104
37
51
69
17
2
22
108
1
104
45
59
23
25
22
487
61
53
6
91
45
11
9
40
71
6
338
152
210
43
19
84
36
246
21
61
23
32
207
75
57
4
143
194
77
13
141
28
157
68
2
75
18
149
2
22
168
94
213
51
81
9
71
47
17
63
92
44
63
18
43
205
84
63
47
3
8
322
3442
120
78
123
42
74
84
59
9
67
70
5
96
228
8
43
17
339
12
3
7
36
15
76
10
16
42
39
58
82
1143
150
33
20
11
44
41
65
37
278
471
2
72
25
279
123
128
1
21
39
47
100
27
155
90
137
67
17
89
103
35
29
34
52
324
25
39
34
175
10
199
26
67
117
142
73
96
123
94
46
75
53
4
14
19
155
244
2882
90
58
76
17
3
1
146
64
230
102
75
11
75
1
24
53
25
3
49
69
49
7
25
38
83
77
4
122
198
295
93
120
56
93
92
34
77
70
60
26
89
69
1
166
57
178
33
36
151
25
10
369
32
24
4
85
4
191
28
4
8
32
247
19
9
75
106
73
29
71
76
269
39
16
97
6
6
630
150
180
9
7
59
93
50
97
82
63
44
15
21
82
39
6
1
129
9
11
13
91
13
69
139
48
48
346
195
55
12
195
31
32
92
64
194
120
32
37
40
21
141
133
4
73
81
197
77
73
7
105
75
79
210
132
76
165
6
87
16
35
98
256
260
25
171
75
47
17
122
32
84
14
61
124
342
180
19
136
99
26
22
115
1
129
36
38
43
22
20
145
17
59
4
104
30
13
59
165
5
5
81
74
55
11
112
3
102
4
26
22
58
78
43
139
72
110
56
33
88
68
2
310
27
22
33
143
93
252
64
148
72
121
690
30
16
158
225
10
101
3
13
258
16
416
8
18
499
508
33
47
2
26
120
52
77
14
3
29
154
189
105
157
249
47
79
36
19
82
294
37
77
16
20
73
15
16
134
161
23
35
21
19
188
37
86
229
97
287
99
206
12
15
186
12
172
43
91
35
9
169
154
64
3
124
40
77
141
110
77
9
237
276
25
160
49
40
28
21
120
12
17
6
11
38
58
46
70
22
1
27
144
34
78
114
24
39
52
222
33
38
56
32
26
156
88
7
59
64
25
16
5
65
102
61
139
35
21
11
12
89
33
12
5
285
100
1
183
25
151
47
1
108
2
122
24
110
4
113
4
139
77
7
49
15
21
196
55
115
574
61
88
159
60
85
36
15
75
112
11
329
76
24
135
27
90
35
18
79
52
3
75
32
156
71
61
88
8
287
51
9
58
7
67
3499
210
139
18
67
16
83
170
133
24
345
33
268
8
43
168
61
164
64
304
117
19
211
19
16
105
24
80
160
9
27
93
27
24
195
169
7
37
49
53
20
163
91
45
10
6
204
7
9
11
17
638
60
103
167
140
65
149
23
10
75
599
20
92
58
365
16
75
101
17
207
90
49
13
64
46
80
2
52
88
121
27
349
18
472
78
33
72
148
4
113
74
91
73
118
88
87
8
269
256
16
31
27
59
25
15
59
107
160
66
216
5
18
137
34
79
44
19
74
67
21
42
133
132
97
68
157
124
10
113
129
71
95
74
18
75
44
21
3
26
12
105
43
2
16
6
68
5
90
190
141
24
28
222
16
3
142
163
15
158
32
17
214
57
29
98
131
9
12
81
96
37
288
13
42
77
94
225
3
29
25
7
49
84
63
17
24
72
138
74
4
145
173
152
56
12
120
89
6
204
443
50
42
201
2
168
27
95
170
4
23
80
327
94
139
79
64
46
22
16
34
68
45
10
31
22
6
44
37
6
160
50
77
102
30
25
215
69
189
39
17
146
42
16
508
43
318
10
12
60
68
54
25
2
36
17
47
119
229
18
220
191
53
3
211
54
154
321
26
48
103
84
8
183
14
29
283
22
85
132
17
25
85
25
40
2
14
45
1
243
114
25
155
14
4
83
23
33
50
65
82
92
86
3
147
112
2
14
62
177
15
58
63
8
123
13
130
84
113
183
20
20
18
15
32
57
307
24
375
2
144
44
15
120
25
12
113
49
3
4
2
11
167
128
5
198
3
33
32
74
23
14
21
2
56
155
1
9
24
14
92
252
2
21
21
1
24
48
321
27
107
134
132
9
75
176
74
62
3
226
4
15
352
246
2
212
38
247
41
117
42
17
33
24
113
7
14
34
61
68
24
242
205
1
121
48
23
12
14
32
50
160
102
85
103
46
91
25
111
90
259
20
2
31
35
87
290
117
34
72
95
193
14
6
109
23
90
18
6
6
45
21
17
151
64
16
402
14
216
41
34
207
205
182
193
37
23
23
45
78
161
173
37
121
17
93
1
58
176
54
36
42
56
167
156
4
58
241
90
1450
1
20
32
37
99
108
84
92
276
45
7
28
53
41
18
28
7
16
163
146
10
136
137
26
194
207
13
3428
67
47
64
11
30
24
99
168
35
80
76
61
24
322
328
41
16
34
544
8
109
11
11
179
42
333
3
230
118
109
159
50
4
2
36
40
140
191
190
57
39
17
41
25
11
58
14
1
154
35
117
24
80
69
158
28
47
89
180
4
16
7
6
108
57
15
22
135
89
133
22
116
30
16
34
102
126
77
2
90
126
136
4
36
17
161
232
3
75
244
52
149
116
232
84
53
11
252
73
6
68
81
54
2
46
57
122
19
40
173
22
33
152
109
148
91
19
84
124
21
82
74
230
2
75
1
130
11
17
28
109
154
181
52
35
98
160
70
7
90
10
23
11
273
442
113
133
17
108
3
236
30
110
4
42
103
31
103
30
91
19
32
68
281
2
22
185
12
14
114
33
85
170
202
41
13
25
117
94
24
5
4
24
35
45
102
113
262
71
1
45
1
82
161
36
233
106
106
33
28
22
54
50
136
131
215
20
59
48
179
35
120
247
8
13
104
19
202
109
10
71
75
45
23
26
4
18
34
331
31
33
180
15
15
92
9
1
176
136
52
45
360
64
67
13
4
49
16
22
316
57
14
64
40
27
102
24
82
59
87
49
14
58
9
46
95
110
51
2
127
26
5
6
16
232
81
1
17
140
63
47
17
347
76
153
20
190
33
19
76
43
146
173
3381
152
5
14
1
75
244
45
26
23
27
65
82
106
113
181
16
47
22
41
206
69
325
57
30
4
6
36
85
23
165
30
46
86
16
188
330
3
211
34
59
26
133
35
54
53
80
112
70
180
22
20
84
68
100
121
32
97
34
32
28
32
110
83
30
209
88
2
160
21
6
25
20
21
90
29
122
66
18
28
16
112
4
56
145
87
26
114
58
17
43
3
386
116
164
102
125
18
61
1
1
79
91
39
29
265
37
87
28
3
20
146
55
75
99
70
228
80
10
196
3
135
146
14
111
114
33
324
101
47
30
17
66
125
13
65
16
50
14
27
30
138
8
81
239
31
23
13
537
1
52
3
124
14
1
192
38
126
6
201
87
59
132
34
17
8
19
14
82
73
144
10
63
77
59
2
127
54
66
74
72
2
127
81
8
31
139
74
217
38
144
211
118
253
42
81
89
82
14
1
22
79
19
32
50
61
342
41
16
105
130
107
591
20
1
50
13
12
90
53
63
8
44
40
18
37
10
15
59
200
16
92
17
49
51
68
72
20
61
102
28
125
310
70
132
14
163
106
21
187
28
71
174
103
178
7
114
80
38
16
125
8
86
49
434
5
4
53
28
50
252
254
13
112
89
81
63
20
182
191
24
57
33
92
91
153
74
113
30
189
36
282
93
168
125
6
29
98
29
132
30
20
38
1
7
32
1
68
127
118
79
151
141
10
17
27
139
21
114
73
74
157
109
23
7
194
101
8
13
4
202
40
30
33
5
38
45
97
63
393
36
10
172
18
66
73
168
73
19
13
20
87
107
52
147
20
28
140
28
69
153
76
28
8
64
1935
141
184
60
4
157
14
145
3
5
49
12
152
63
24
104
50
107
19
243
298
234
37
71
49
34
9
25
162
5
60
71
100
16
75
119
22
174
19
103
15
77
102
78
92
18
105
165
77
60
33
164
3
55
103
36
49
30
40
52
13
10
59
50
83
27
7
106
17
48
49
19
42
19
114
60
67
113
32
181
5
58
13
4
16
245
20
8
28
76
164
60
108
91
178
110
4
23
52
1
44
89
36
88
122
74
12
26
103
129
274
40
137
169
80
85
37
14
11
90
183
158
95
23
357
36
54
29
67
16
97
47
33
52
9
119
43
60
166
35
9
61
70
34
38
58
27
50
276
16
46
770
6
72
6
42
14
2
169
43
154
197
49
133
257
87
2
74
10
26
1226
2
83
19
23
123
155
18
26
36
309
40
110
37
81
191
64
3
46
258
119
35
16
43
171
10
18
31
56
25
58
11
125
2
76
38
183
90
114
134
41
64
48
19
13
46
13
158
48
17
284
6
122
24
2
42
467
27
254
148
8
62
54
227
132
99
313
187
42
140
65
120
4
13
25
57
38
103
7
44
28
13
27
211
242
72
14
3
21
34
110
9
63
139
102
4
10
33
45
40
19
207
42
182
7
17
5
320
35
96
20
56
146
57
25
66
7
89
84
31
18
119
28
1473
415
67
224
211
92
95
206
59
69
297
202
10
77
59
180
94
98
204
39
2
50
20
54
4
62
57
48
55
6
144
27
20
328
111
192
77
69
11
46
3
93
304
64
85
88
86
41
2
21
7
260
71
321
83
44
90
57
50
116
101
49
54
93
30
34
128
138
39
4
6
32
16
537
26
93
125
67
144
2
14
134
52
106
19
104
160
42
41
113
93
133
171
30
38
60
53
66
58
392
90
112
9
4
25
6
129
29
23
289
49
63
5
7
42
76
18
80
65
51
55
8
4
1
1
52
90
79
9
6
396
46
35
99
47
16
93
174
3
168
107
53
98
72
18
97
48
250
25
207
37
14
20
317
15
66
119
79
11
61
196
57
68
75
4
70
57
42
67
84
151
82
3
127
3
177
98
259
23
66
128
99
2
192
50
246
38
31
209
53
328
67
359
57
2
62
7
147
2
83
9
43
159
20
11
92
17
163
222
95
20
14
268
78
18
77
37
112
146
103
28
68
24
189
60
41
4
81
97
101
13
31
51
59
153
32
170
178
104
3
40
41
6
438
11
60
92
41
32
51
94
207
58
118
38
183
16
28
63
132
67
103
4
1192
16
179
74
131
57
58
29
163
44
6
30
60
13
75
9
70
156
3
30
1578
36
120
25
85
59
50
195
13
157
226
38
101
71
22
43
175
111
10
51
6
30
41
3384
107
81
67
66
63
70
169
35
132
85
83
58
7
16
2
36
40
63
39
204
55
58
12
129
105
58
62
275
35
18
82
37
7
131
12
112
7
32
54
8
218
8
152
29
19
215
34
192
182
21
108
43
204
150
35
135
12
58
136
112
146
41
76
40
11
152
116
137
67
143
118
36
73
464
155
220
160
128
35
64
163
70
8
267
61
60
12
14
48
35
75
81
70
21
37
10
30
20
66
54
262
38
62
76
185
156
18
20
3
42
68
290
34
58
11
201
102
51
126
6
42
24
1714
125
139
966
29
22
5
10
1
130
122
56
27
21
68
16
98
46
107
790
159
17
118
29
4
70
169
142
52
51
53
43
52
91
99
140
26
379
60
34
36
57
24
6
58
180
35
201
100
125
264
12
14
151
109
143
137
17
691
44
68
154
41
303
44
96
46
18
12
17
3404
105
107
17
98
43
197
53
6
205
127
9
104
131
115
88
547
96
36
109
17
31
177
5
6
290
272
10
61
20
178
124
157
773
104
132
10
78
68
75
78
35
8
102
86
177
23
138
283
23
76
272
91
17
29
24
23
29
140
10
11
173
15
73
4
203
5
144
5
80
37
18
45
46
1
64
89
60
49
19
157
61
29
68
55
10
49
31
94
81
6
7
31
25
19
16
123
131
26
10
53
55
170
30
26
16
512
1063
82
9
16
204
41
27
184
36
13
27
269
24
4
614
18
1
39
46
15
3
6
106
50
363
106
106
42
236
17
162
134
440
162
43
1
13
28
6
27
9
87
260
96
54
13
6
32
417
3
98
6
175
30
50
63
176
153
49
58
29
674
9
512
14
88
114
153
149
117
3
136
45
84
2
56
1670
44
142
90
2
82
3
10
40
18
26
2
11
177
106
118
27
79
221
23
69
14
78
12
46
6
76
140
57
7
6
147
66
123
25
11
16
8
28
26
87
4
3
38
29
231
63
9
179
4
78
3
41
51
29
121
4
38
24
9
40
139
88
43
257
3432
265
71
63
43
16
55
45
3
1
109
80
173
7
131
61
7
38
29
54
11
116
46
69
287
112
130
13
41
17
45
25
124
39
239
10
34
18
14
12
18
42
84
28
281
2
11
65
63
8
28
68
45
63
292
119
89
24
184
96
15
142
69
22
21
21
171
147
112
107
42
16
20
16
4
43
148
97
26
27
180
12
11
8
97
73
60
162
40
142
24
84
104
18
79
76
62
5
154
361
3
50
25
25
153
78
155
289
120
115
143
13
43
111
182
16
474
136
2
43
61
25
53
62
82
67
237
4
150
80
19
34
34
36
120
38
48
66
31
97
33
18
7
31
389
9
22
27
370
360
308
149
13
15
105
75
73
171
13
74
83
8
148
53
120
416
41
527
64
40
61
122
55
59
15
143
63
53
14
9
53
154
276
6
26
308
28
8
49
236
9
69
169
38
48
91
74
24
25
47
61
33
282
105
57
178
36
15
120
155
15
52
91
85
104
667
191
78
255
20
4
11
22
7
17
209
25
22
163
89
24
6
14
68
89
353
249
4
76
18
47
65
19
66
100
30
107
35
6
48
49
28
28
49
184
41
91
24
252
33
47
17
86
92
70
151
54
73
2
159
6765
38
68
205
10
193
47
210
47
31
90
28
129
1
150
120
61
33
65
80
221
3
339
14
39
35
27
6
1
250
54
87
163
307
7
4
81
82
31
71
46
35
17
248
84
299
33
130
115
105
24
28
100
98
250
123
74
140
148
25
84
143
41
2
62
7
67
24
190
108
147
11
48
6
102
241
37
199
56
135
56
25
19
42
49
4
54
47
176
49
58
3
83
84
42
176
52
17
58
1483
16
24
12
1
34
37
145
38
10
33
45
58
269
16
25
19
111
24
14
1
87
127
90
99
11
92
51
19
66
8
201
41
11
6
7
147
70
47
125
109
5
12
59
141
206
6
98
43
226
24
62
140
26
127
94
190
111
60
37
223
60
52
22
39
71
44
63
89
60
19
13
32
3
53
94
92
38
57
187
37
106
147
132
3
133
27
146
8
17
113
50
39
155
37
87
37
85
14
33
27
158
153
3
24
2
50
51
125
111
8
42
115
159
49
30
113
11
25
4
73
31
139
41
123
98
136
15
76
44
80
58
175
32
5
159
19
129
49
1276
138
26
153
232
395
47
3
133
46
3
3
17
107
122
93
117
8
35
3422
47
20
1
231
177
96
38
18
1
217
40
7
13
147
3
32
29
6
42
11
115
36
73
152
127
27
254
96
129
47
368
17
290
28
42
6
11
63
2072
157
42
95
18
7
59
71
16
155
46
36
30
47
31
184
2
262
189
2
115
37
33
36
34
51
3
22
304
25
3368
337
21
54
241
126
11
161
47
263
4
26
58
138
31
31
71
55
18
88
72
38
91
15
31
124
68
72
134
19
32
3456
46
26
15
51
5
20
46
90
3
195
127
79
52
6
82
151
58
64
2
6
171
50
193
4
7
205
20
75
43
129
28
31
82
16
158
141
27
166
181
22
28
5
39
1
8
147
13
27
92
59
14
42
89
109
172
50
103
151
30
54
40
264
1
98
55
55
95
177
82
46
1
265
89
80
10
110
69
119
131
61
67
136
189
1012
36
167
106
62
15
9
168
232
11
92
176
45
83
35
88
179
569
17
53
30
41
24
59
33
9
24
25
120
146
36
41
108
76
44
4
77
17
75
54
6
197
112
16
76
132
24
41
140
59
15
54
6
294
29
31
50
135
23
50
1123
67
2
4
132
4
142
10
165
61
6
64
44
156
15
164
48
21
197
142
22
31
124
90
20
65
17
11
34
433
64
165
65
18
43
169
205
50
62
314
33
78
4
258
1
32
47
110
8
22
66
95
16
13
56
66
171
265
150
3
20
190
49
34
39
127
2
457
77
354
173
254
22
233
84
32
36
31
8
222
32
283
403
102
38
18
185
836
313
106
189
22
109
54
134
3
102
14
79
95
47
92
154
45
2
261
52
46
4
90
32
31
65
95
52
91
2
63
14
49
84
53
71
76
47
379
113
121
9
7
16
34
2
37
50
32
60
66
71
134
28
65
3
9
258
136
93
29
70
47
6
193
40
110
46
76
35
117
135
67
20
28
39
29
126
158
55
18
7
16
30
62
9
178
65
40
96
41
38
116
68
37
183
17
9
10
195
109
46
25
96
278
62
13
26
38
66
10
5
73
75
140
68
46
113
5
65
76
20
23
3
142
103
285
44
52
12
30
39
27
7
27
63
7
43
118
2
21
365
111
134
13
41
21
158
85
53
107
54
57
159
62
64
16
60
11
17
82
9
44
22
285
8
43
11
3448
141
10
82
43
2
165
3
77
92
707
56
127
119
30
96
350
50
102
202
44
86
120
43
80
196
58
24
10
41
60
337
47
109
112
87
9
96
140
19
117
41
68
26
88
53
95
141
38
99
98
9
160
19
3
40
65
40
163
114
37
67
136
68
113
19
135
180
33
170
153
49
110
18
80
56
73
145
57
31
86
47
10
8
18
9
124
141
73
7
2
117
47
41
11
2
22
26
3
148
329
69
55
134
69
51
136
32
43
293
139
2
52
170
15
17
59
165
80
13
57
204
5
12
61
35
41
103
46
31
64
14
88
8
216
111
21
80
101
48
13
3
85
85
118
14
14
75
77
292
19
46
26
77
73
6
56
32
121
3
84
16
53
6
49
11
11
15
81
92
17
48
8
45
139
158
95
67
30
353
46
77
4
59
132
28
182
100
103
172
68
20
6
7
17
49
71
85
27
180
53
16
70
39
91
53
393
7
21
156
3
68
72
211
125
103
72
113
23
181
40
13
13
39
21
32
86
347
110
6
15
318
16
452
23
32
12
256
98
20
30
86
39
42
241
102
32
46
31
228
129
42
102
39
12
88
45
73
19
242
8
30
1
25
111
68
111
445
240
174
77
5
11
11
4
21
51
55
56
56
67
50
129
11
145
221
121
54
224
46
117
7
47
97
297
33
35
74
37
42
131
15
68
3
299
69
177
119
5
137
105
26
55
35
56
67
44
52
1
15
206
52
6
68
120
66
21
28
32
80
60
79
71
248
35
14
33
220
47
15
8
72
51
45
60
94
98
15
48
114
33
73
124
168
131
409
159
65
53
10
4
114
184
71
8
46
101
50
314
70
10
197
11
19
183
189
16
90
99
58
43
43
76
25
95
81
24
77
67
3
30
3568
4
22
17
42
138
87
13
52
242
7
160
83
70
372
43
110
250
82
116
3
53
14
68
9
126
103
31
4
95
34
164
75
19
163
8
19
4
62
117
30
115
49
10
14
48
27
1023
24
42
36
9
43
4
27
25
2545
53
47
28
100
3
11
159
94
66
70
110
145
53
54
111
970
51
26
63
85
38
95
155
101
152
507
133
21
79
83
223
43
77
27
2
194
46
7
6
172
45
26
67
93
82
1
107
97
44
39
68
1
41
168
128
29
35
17
36
301
71
17
39
83
74
46
136
23
50
61
17
94
67
8
12
53
94
2
42
67
21
64
165
74
52
326
3099
36
172
44
18
13
104
42
1
119
151
50
116
16
46
102
24
46
155
91
105
19
272
101
21
271
73
55
329
127
175
37
63
152
4
57
208
43
123
133
32
83
11
1
15
16
121
50
2
7
273
139
3
240
115
50
12
33
287
43
10
158
66
22
90
26
119
135
22
188
3438
483
398
78
144
24
356
7
6
212
103
38
16
14
56
51
19
31
25
110
12
120
38
4
75
150
89
25
16
251
65
11
78
41
26
138
68
53
176
40
13
42
76
37
287
55
219
33
5
130
55
404
16
2
95
92
19
25
101
3
40
148
11
23
27
121
28
56
60
101
184
19
91
69
5
7
22
83
57
9
12
2
30
70
232
22
27
23
56
168
19
204
3375
46
50
163
124
18
54
57
132
25
113
63
51
6
16
44
112
9
13
31
21
83
69
183
186
199
69
66
50
3
16
13
20
146
1
484
124
25
68
43
51
111
4
99
37
57
334
96
99
436
7
41
71
36
65
1
30
259
34
10
10
11
2
74
51
84
72
95
146
82
139
58
28
40
55
26
23
49
119
4
39
35
66
11
18
11
22
43
12
11
13
36
146
22
159
241
39
191
34
4
37
141
162
173
204
138
22
18
19
50
45
32
17
2
26
122
58
438
8
126
18
22
26
250
210
96
246
48
70
107
52
7
379
331
52
74
3
38
57
33
30
92
74
1
20
1
123
137
48
60
19
4
25
48
29
9
93
89
3
18
15
130
114
76
67
1373
234
110
10
55
60
261
78
16
15
27
65
60
33
91
36
3677
9
95
52
18
45
169
101
103
151
130
7
80
141
114
130
111
52
98
147
6
34
2
91
68
100
11
55
69
5
29
247
103
200
72
419
24
72
111
3367
45
12
38
48
23
180
68
61
133
36
45
20
2
311
141
19
52
11
71
43
194
218
143
300
16
79
456
144
59
70
13
30
10
20
251
8
179
123
36
41
51
37
64
5
105
32
9
76
7
8
135
35
96
7
45
132
102
14
23
53
403
96
38
278
51
59
47
4
17
109
17
273
40
166
43
44
102
262
41
134
43
70
30
19
10
439
13
13
10
4
78
10
79
49
43
40
83
13
69
130
105
92
20
37
5
35
187
18
41
51
31
6
175
35
63
1
64
104
91
105
1
35
26
25
23
73
26
42
67
141
159
80
38
23
25
66
115
37
34
95
50
2
5
55
175
60
64
38
72
3
29
156
9
103
55
75
25
17
40
15
98
99
22
125
45
92
237
53
26
253
230
298
177
28
3429
197
153
73
82
200
26
122
2
23
132
137
198
75
23
145
40
76
189
30
174
58
74
112
191
40
98
83
25
55
29
67
200
560
27
61
650
95
154
73
4
30
147
112
143
40
187
54
3544
24
255
41
162
61
136
47
85
67
50
252
8
45
84
195
131
101
51
190
46
89
28
48
5
4
77
1
33
15
77
51
15
98
22
3
13
29
18
6
50
65
15
29
49
64
3
34
71
77
91
45
27
2
113
108
56
37
25
81
87
53
203
20
65
66
93
241
285
80
513
22
82
102
29
348
17
50
9
38
93
585
13
37
146
68
31
68
20
79
50
10
166
83
26
44
80
256
194
21
67
15
86
136
56
6
126
10
28
22
62
24
53
116
4
40
5
2
117
22
130
39
278
29
31
93
11
125
78
8
18
64
63
201
72
89
170
14
35
80
20
7
183
10
28
62
18
58
39
73
26
32
34
82
142
2201
20
410
73
21
16
105
275
15
43
5
61
43
8
31
11
57
60
222
59
10
23
3
213
113
74
5
148
4
34
78
89
236
100
11
13
201
50
497
42
42
15
52
105
180
47
78
69
85
122
79
2
10
19
58
21
5
30
41
34
28
173
155
83
118
28
143
16
144
32
21
38
153
441
240
91
140
114
114
62
220
17
15
34
62
69
19
12
51
32
16
13
12
90
43
56
7
46
130
65
9
132
11
200
13
319
3734
44
101
171
156
169
3
205
23
63
13
40
22
189
44
129
3
1
121
59
139
3
191
56
75
80
6
16
15
14
26
32
249
35
11
18
5
1
81
35
1
106
372
11
34
54
10
2
139
28
107
131
80
145
37
21
206
121
14
149
14
15
132
102
229
34
56
13
75
58
124
45
25
142
50
90
68
164
4
16
255
13
9
18
9
22
55
36
96
197
99
105
55
63
45
267
131
108
5
87
37
140
71
11
207
111
188
10
17
39
48
98
9
8
5
61
1
44
317
145
12
176
8
131
123
27
63
231
46
25
153
21
110
16
87
4
101
44
20
81
195
2
10
88
59
26
128
15
111
2
61
4
74
125
23
40
31
1
88
106
44
30
54
302
17
151
23
11
43
40
13
91
9
20
64
136
70
81
39
38
11
106
136
17
154
3
15
98
8
50
4
23
20
212
166
12
129
188
63
10
94
1168
236
96
109
45
43
108
6
68
59
57
52
15
13
31
34
3
163
118
64
64
37
102
71
76
47
85
11
135
111
12
70
4
11
948
375
41
381
23
13
77
13
245
13
66
6
12
72
270
147
12
55
73
3
325
200
188
124
3
39
161
223
68
36
7
1141
19
135
13
137
44
137
44
22
18
35
3
94
13
14
150
58
50
159
7
14
96
93
125
71
5
76
59
103
37
47
19
83
17
35
28
61
24
64
13
43
25
57
51
35
61
63
43
48
1
143
91
5
72
7
335
2
124
37
35
123
32
10
217
108
25
47
66
100
59
17
2
5
128
24
67
10
52
56
7
53
71
197
42
46
17
41
16
2
22
59
115
545
51
29
9
98
477
79
50
28
13
9
114
40
8
45
93
71
3
140
1
36
284
40
40
60
47
55
128
93
393
251
37
47
19
190
28
11
42
1
64
242
73
7
108
153
32
1
229
104
36
337
27
1
26
112
23
53
83
51
218
76
44
15
64
66
7
50
34
102
4
35
33
42
7
10
92
13
209
60
25
173
31
24
258
164
1
25
107
12
99
123
78
130
185
144
26
1
25
116
171
20
334
56
62
196
58
24
66
18
29
36
284
99
167
25
47
7
228
75
41
89
178
61
6
213
108
396
139
99
12
179
81
125
236
3
19
118
187
14
99
60
47
150
24
7
21
157
23
130
16
10
150
106
148
8
177
124
33
311
47
5
5
37
195
65
6
60
1
72
312
11
32
94
14
31
13
79
25
19
59
219
340
290
210
90
88
66
138
41
88
37
40
20
87
9
51
124
97
547
173
82
42
47
15
110
928
15
48
26
25
1
144
205
24
3
18
297
247
10
18
4
17
120
9
86
82
81
10
73
14
15
163
29
83
232
39
7
62
40
75
164
43
39
3
33
22
114
109
110
120
127
172
64
50
383
1
47
38
64
53
48
170
95
118
149
208
150
63
13
60
13
35
46
91
90
7
127
152
42
264
7
95
13
35
8
127
81
41
204
50
201
34
69
76
25
38
10
45
16
68
4
179
117
3
82
8
31
142
94
168
145
91
283
7
105
48
178
4
58
62
44
53
138
19
255
5
34
223
101
89
71
106
27
32
4
30
21
123
131
49
61
80
7
38
32
250
133
50
96
106
122
13
145
172
200
11
7
5
36
27
188
65
17
237
232
141
10
75
3
105
72
3
149
206
250
38
91
100
55
163
75
94
23
19
16
1
103
18
126
98
37
31
11
26
45
70
14
131
231
9
11
28
76
73
8
607
63
457
27
16
21
22
3
49
3404
39
25
31
54
20
219
203
103
95
184
4
10
19
137
92
64
60
47
33
108
64
121
12
108
10
15
95
5
203
43
8
95
25
36
29
31
302
48
3
100
1
40
28
49
102
25
29
16
71
55
25
93
105
127
20
91
47
270
76
115
59
61
66
27
116
11
37
69
1
340
15
41
20
14
73
28
162
10
132
70
22
43
66
59
27
46
55
44
38
120
24
220
110
24
168
74
10
107
5
20
43
31
70
57
12
23
18
72
75
47
84
3
39
96
56
240
162
101
20
14
182
75
32
2
300
23
43
261
26
23
126
41
72
9
5
66
119
22
11
69
246
115
33
7
80
10
7
44
111
97
108
109
41
49
99
21
55
153
136
179
23
107
72
19
10
29
35
477
15
55
190
35
22
137
107
310
121
28
88
111
104
126
51
41
10
198
51
6
1
5
1
15
29
47
151
41
334
11
6
3
272
78
10
259
157
112
7
59
78
190
80
39
9
71
9
48
218
269
352
6
160
39
5
40
77
13
152
120
61
91
268
266
139
8
201
9
81
85
116
68
24
11
67
29
34
41
266
164
487
39
292
76
1143
9
50
137
39
125
20
9
133
147
92
237
93
12
48
88
46
218
153
20
70
114
12
31
30
124
213
11
44
19
58
4
212
162
180
6
4
63
47
22
107
328
63
6
1247
94
78
19
18
188
420
21
297
35
36
70
206
16
144
155
55
8
90
40
7
82
130
58
107
36
123
8
39
70
4
28
181
81
214
12
49
19
32
18
156
9
74
68
26
54
26
20
111
142
60
109
25
39
48
70
39
39
45
86
37
59
66
105
22
102
199
4
39
1
253
299
51
47
3
20
13
147
27
17
93
58
86
134
94
126
101
1
39
264
739
22
123
11
4
97
34
119
29
94
114
151
17
61
7
82
148
136
157
35
83
58
8
38
49
79
77
31
156
107
85
112
27
84
24
20
19
78
12
41
89
29
423
117
230
6
15
3384
79
213
141
351
49
66
3
43
144
81
41
57
19
53
42
1161
61
15
17
29
7
62
8
101
89
17
61
90
182
151
18
14
6
118
25
22
19
45
2
28
15
71
42
14
17
13
10
88
67
56
284
55
64
12
150
107
95
74
36
93
20
169
209
21
21
18
32
23
156
68
160
137
155
159
12
200
5
65
6
123
2
46
12
37
2
49
15
308
31
111
45
3
45
21
76
31
14
96
21
132
51
119
154
38
3
17
56
37
43
28
15
94
122
51
30
7
15
517
42
99
4
25
8
167
158
43
34
78
59
11
66
14
60
115
44
2495
58
10
64
31
11
37
136
173
121
22
49
42
34
24
61
124
85
26
195
50
17
21
96
67
58
151
17
47
299
96
8
52
110
35
2
18
178
87
71
93
196
93
47
16
27
31
170
237
14
116
227
88
26
13
113
21
255
23
36
28
88
102
110
13
210
197
205
29
51
67
69
35
62
18
8
45
163
98
99
10
113
94
75
50
133
183
14
59
35
100
11
281
12
16
32
40
102
69
30
154
317
78
7
11
54
198
30
69
38
46
78
80
48
140
7
20
67
272
15
175
20
74
1
158
111
35
56
165
130
3
45
166
68
120
67
97
35
180
108
57
12
11
4
147
126
50
100
32
28
204
115
35
4
27
171
33
278
7
11
113
2
7
17
16
36
135
54
15
98
45
13
19
76
56
206
458
15
79
77
75
5
226
2
20
32
109
74
35
14
74
32
8
41
57
43
11
39
169
124
47
186
1
297
147
40
108
50
276
83
22
7
173
81
16
177
35
73
30
72
292
69
9
42
113
238
10
116
178
96
83
69
54
156
30
69
74
45
46
122
367
7
15
8
39
146
109
65
127
5
106
95
664
19
1
187
111
7
3
41
61
13
6
70
42
22
26
48
40
57
52
158
58
103
47
217
89
4
38
180
20
55
43
7
32
192
216
104
126
47
50
5
29
46
91
168
57
23
2
74
7
380
32
127
65
78
8
4
53
199
147
112
145
190
3379
92
16
40
36
128
54
3127
9
125
165
155
28
85
27
13
13
170
36
18
13
38
34
170
471
16
87
225
14
3
13
142
116
171
77
55
134
39
101
11
195
41
200
33
35
18
9
6
146
21
66
14
37
48
201
196
94
12
78
39
60
73
15
86
129
32
10
68
1
364
121
106
22
24
9
30
160
24
37
127
37
1
15
382
60
54
76
13
127
6
36
113
306
47
254
3
58
23
46
82
29
48
177
17
38
12
122
181
21
87
60
232
85
72
150
83
32
620
8
52
3
84
78
101
19
114
182
28
22
181
107
54
150
69
26
9
14
84
156
43
92
73
110
18
26
25
155
103
74
1
102
7
225
100
40
15
137
5
22
85
84
204
47
128
2
38
74
1
44
23
97
56
132
19
63
170
53
162
11
390
1930
42
78
6
29
37
95
188
40
227
25
70
120
49
16
15
46
4
10
9
31
2
65
206
28
41
172
145
69
23
42
131
3
34
124
82
56
3
127
101
73
42
10
6
78
5
108
220
47
11
95
42
42
97
23
155
117
34
153
10
102
26
22
22
66
9
320
152
41
27
16
110
9
60
80
40
11
87
4
137
84
15
11
29
225
15
139
93
83
120
57
12
84
24
33
21
4
69
10
46
30
111
1517
47
77
49
5
25
140
59
295
55
331
254
79
225
67
46
374
144
5
29
102
34
115
31
80
11
30
5
4
12
21
155
6
34
56
23
25
99
47
96
72
29
26
57
275
68
39
68
257
91
25
116
36
28
45
6
154
30
65
209
100
75
66
177
111
21
18
53
160
309
87
29
26
3745
6
254
51
14
258
116
11
154
8
88
29
24
75
35
114
123
381
80
69
115
54
72
29
38
138
59
164
51
19
3
86
246
20
203
34
176
23
620
41
157
3
11
1
27
95
179
417
34
142
279
185
83
11
26
18
72
74
17
23
1
18
14
30
115
20
84
22
61
135
43
103
27
3
50
226
45
38
4
91
124
39
158
87
85
654
79
157
39
76
4
11
166
6
36
247
86
2
95
26
60
14
184
78
36
1
20
157
82
36
165
185
8
109
93
14
1345
146
23
188
155
29
55
125
24
30
33
17
14
5
21
165
78
75
64
124
18
28
15
176
330
72
129
110
136
29
22
188
69
200
135
5
33
111
45
103
306
106
74
58
32
20
53
5
153
23
61
120
43
3487
228
14
14
681
169
15
130
22
194
71
48
18
20
168
164
34
78
24
10
25
27
140
40
92
20
137
97
98
27
11
321
45
19
39
86
100
8
177
27
86
98
126
10
4
24
160
106
20
3745
109
25
24
45
61
69
3367
56
12
71
93
138
4
64
27
168
105
22
33
33
59
310
18
11
102
20
68
31
113
37
155
3
124
118
38
43
25
52
21
87
114
110
41
51
23
54
6
40
5
89
101
58
182
7
122
262
24
2
101
110
31
78
133
25
34
88
20
143
4
507
55
12
1948
50
190
28
112
42
60
513
16
12
28
355
18
21
139
86
38
3
62
4
113
242
29
3
94
22
215
6
13
83
12
41
18
122
101
29
10
92
52
15
3
197
80
14
9
2
134
14
2
72
10
286
48
18
38
61
21
99
35
189
62
72
6
3
40
57
211
27
34
84
254
10
7
202
140
194
29
69
2
52
232
81
90
43
149
4
35
276
14
55
277
26
68
66
12
94
86
13
125
93
105
3
2
623
201
200
12
541
1
84
123
23
40
28
12
122
82
13
34
252
69
72
3
416
111
169
13
45
17
4
17
128
30
32
23
205
16
12
274
77
280
146
65
33
150
309
1
73
94
12
141
45
11
58
134
36
538
25
18
85
30
103
162
154
129
70
21
62
81
10
26
167
74
69
29
107
304
219
6
85
10
77
303
38
16
97
51
84
145
71
32
11
40
73
2
66
7
2631
128
12
106
223
55
72
74
12
16
29
55
64
84
152
17
60
3
75
39
305
144
8
43
350
90
42
21
50
59
53
26
62
9
146
149
43
44
155
73
63
117
250
58
4
493
57
32
236
54
88
81
16
18
48
50
33
32
42
5
189
78
285
128
10
137
68
6
3475
69
41
148
25
101
50
11
15
33
7
72
35
8
99
44
97
11
25
166
21
70
86
666
332
21
35
370
82
49
132
9
63
19
16
50
22
6
21
30
5
38
119
44
33
42
145
1
65
274
13
66
81
56
221
17
27
91
30
36
74
321
182
89
78
134
10
12
46
15
5
17
78
11
60
216
6
30
175
2
100
186
117
26
216
2
162
15
18
4
11
122
19
13
72
31
17
522
43
9
22
151
12
4
15
17
54
7
99
4
36
99
108
14
51
38
62
90
282
43
85
130
157
173
15
16
58
35
105
394
317
15
14
10
14
59
230
59
243
7
71
329
66
93
11
18
21
14
14
34
22
6
41
2450
16
44
43
6
2
4
9
13
12
32
2
73
14
47
10
183
32
67
25
55
48
175
8
93
163
152
46
11
36
44
59
84
264
36
6
86
118
51
119
2
62
25
38
13
27
236
192
35
85
31
6
69
35
67
13
111
8
263
55
2
6
24
78
58
46
97
169
18
21
31
11
31
163
305
23
93
13
83
15
205
37
97
17
23
1
167
20
82
172
26
97
94
209
27
232
399
114
29
124
208
22
213
104
44
265
37
58
19
97
51
20
16
32
193
58
200
206
21
61
55
3
142
380
35
56
8
3411
222
68
19
26
10
2
2
467
52
21
198
21
126
88
52
70
27
187
52
35
51
59
118
1
140
2
103
191
127
208
92
401
59
105
127
12
21
4
23
319
48
166
10
2
35
308
31
3
109
34
46
25
145
2
2
13
401
6
27
54
128
142
213
9
77
5
32
64
306
59
42
63
83
72
12
21
141
135
9
13
80
15
77
30
30
419
92
82
42
38
9
263
112
25
1
38
27
2
110
21
3
44
4
29
17
203
39
17
28
90
109
16
8
22
48
10
90
89
15
56
28
86
29
71
2
99
18
34
17
100
298
94
10
91
18
210
86
277
292
5
8
46
19
37
37
58
97
20
201
113
96
120
49
69
38
88
13
102
57
156
339
4
46
3421
128
3451
26
36
2
183
176
37
45
23
132
4
199
286
245
51
45
72
41
128
90
94
88
9
84
86
334
45
187
67
114
2
68
94
4
64
107
70
76
9
84
58
250
100
78
20
32
40
180
6
153
89
998
114
167
50
156
93
55
76
122
264
12
82
25
69
119
12
8
48
34
71
203
19
22
11
75
21
24
11
22
13
3467
44
12
17
21
248
198
31
69
117
93
14
23
41
196
13
96
3
52
202
71
96
153
29
21
74
11
45
35
78
26
188
28
49
67
48
57
13
12
40
275
39
33
167
173
180
31
43
8
55
6
87
150
158
47
148
25
46
6
74
306
1
47
72
46
173
166
2
432
199
119
236
19
60
125
70
8
221
29
147
98
1
294
11
52
51
171
152
16
20
50
39
34
113
94
9
20
121
10
3
226
24
53
56
152
23
43
6
150
166
140
64
43
19
15
38
144
10
24
8
111
67
23
58
62
178
29
9
101
54
36
436
37
32
78
46
3375
50
111
336
25
12
131
147
51
21
16
64
102
44
16
296
231
55
942
19
71
75
238
93
17
175
7
6
129
1
106
16
16
94
25
69
67
49
13
102
11
57
32
88
19
11
21
70
20
227
354
77
132
170
69
57
150
165
206
59
15
75
145
70
52
60
75
7
39
54
120
21
21
13
193
52
294
51
21
11
67
112
153
61
92
52
28
210
108
223
96
27
20
38
101
117
28
21
5
75
3194
41
48
6
22
139
12
111
90
16
6
76
290
23
105
130
40
155
34
32
32
73
98
38
17
39
91
52
105
225
121
36
62
19
40
93
248
149
27
160
157
89
78
86
107
41
58
135
151
42
236
124
83
159
25
113
12
24
21
47
29
17
14
26
15
217
15
417
147
168
59
8
156
121
85
73
406
168
117
158
17
105
48
2616
82
91
72
46
1
57
15
6
15
9
175
147
44
88
20
16
38
1
93
77
27
12
139
95
72
24
47
45
36
27
45
17
217
132
34
62
223
95
243
82
158
99
90
99
2
244
64
32
19
51
44
26
94
3
21
22
193
2
92
79
29
160
1887
118
21
96
121
147
55
97
4
6
52
314
105
39
50
13
44
142
14
84
147
32
119
129
47
22
12
2
67
115
15
58
162
88
57
106
42
484
52
27
36
409
1
111
74
22
87
47
64
47
26
159
227
35
3
10
1
86
119
78
40
9
71
9
3
38
32
62
1
129
29
101
11
29
6
181
40
87
81
48
69
43
44
23
11
81
141
14
9
12
51
60
203
45
43
45
109
39
153
113
47
72
20
106
46
21
8
14
24
63
26
45
328
14
30
138
19
21
51
140
74
155
40
25
48
99
446
64
5
103
262
130
10
70
46
41
97
6
125
339
13
175
64
50
267
106
51
10
18
192
15
22
23
352
47
105
313
204
13
84
8
50
327
38
51
80
26
114
113
200
46
51
24
7
35
5
64
174
128
80
86
100
55
33
213
60
116
24
2
23
12
86
138
134
92
99
149
124
199
239
4
4
34
71
367
36
428
5
214
96
94
136
10
26
5
29
55
93
56
59
47
21
39
33
57
1
76
157
43
111
61
39
36
49
196
96
84
66
100
97
49
12
219
50
47
23
111
231
25
9
215
101
20
52
209
80
17
12
13
339
38
108
26
62
65
35
197
178
58
94
33
116
26
36
184
8
84
45
325
781
181
366
3
71
13
25
62
95
94
407
1
61
674
5
3390
104
10
30
197
22
99
97
46
93
77
74
25
50
19
34
86
26
79
147
69
69
30
43
8
23
58
32
22
136
153
68
33
14
36
14
205
17
20
19
14
3
140
77
13
2
274
66
41
144
266
45
185
22
359
1
34
49
46
35
9
69
54
103
107
168
64
33
51
37
57
10
105
40
407
117
113
19
78
20
77
26
348
37
65
12
28
57
131
33
35
358
92
103
6
35
207
113
5
41
7
152
67
17
52
75
11
57
12
1130
94
21
18
121
4
52
200
244
89
64
11
17
209
28
197
16
33
76
32
167
102
30
55
38
80
20
41
245
117
69
172
6
100
154
8
20
12
15
62
12
151
40
78
32
103
30
18
52
43
45
101
88
413
175
31
5
26
33
952
134
20
48
4
13
121
212
49
31
12
7
103
144
227
151
141
233
27
128
149
20
33
99
103
113
5
23
154
65
12
37
71
57
269
59
193
168
421
33
153
255
255
39
434
7
44
35
323
22
84
115
176
169
167
23
66
61
28
50
106
28
117
38
143
302
31
91
66
13
23
5
15
175
5
15
51
6
104
244
94
39
13
140
57
43
187
202
53
23
136
148
123
56
37
31
213
55
30
10
49
18
22
2
89
14
2
46
71
107
46
13
45
84
23
97
57
24
17
35
57
111
47
64
11
155
1
279
126
194
136
142
103
31
2
119
149
51
57
168
64
14
165
17
149
116
72
134
64
68
29
53
175
25
41
340
196
110
183
40
14
35
46
66
14
13
203
48
340
84
36
86
94
256
10
44
51
73
2
35
18
129
241
168
125
37
48
216
81
9
154
54
30
28
11
69
197
81
28
75
1295
156
202
87
9
10
40
115
7
7
250
90
57
191
3
52
2
134
39
77
161
53
194
208
37
54
43
34
3
46
20
149
17
10
132
146
113
6
19
1
180
50
5
32
36
21
33
256
411
20
93
5
14
91
31
54
22
1
76
2
30
119
118
16
67
30
36
156
41
70
135
166
92
4
28
2
91
229
9
22
15
78
132
41
79
27
171
146
125
48
16
12
76
207
2
105
71
145
205
79
13
60
46
25
17
13
299
5
25
90
35
92
19
24
28
90
93
38
196
201
119
171
111
11
69
870
6
26
95
2
26
30
