2939
194
505
93
196
779
386
1134
1830
1458
3766
1566
36
1268
186
202
772
273
381
1563
4250
592
956
1369
4603
216
3385
5383
21
396
1840
4298
1060
848
1170
1598
1460
679
168
2706
3151
697
2038
432
28
1372
926
3281
1530
532
366
1385
1394
429
100
262
454
1096
221
1249
2287
1815
503
402
6171
1709
4603
104
4242
791
1694
670
389
1618
3327
2579
1430
590
2161
3778
300
151
1646
1190
431
1540
196
4329
1346
930
999
2914
338
3545
1633
630
1921
1796
6143
324
576
1085
2305
3781
1522
1043
1039
958
485
920
1896
869
1747
562
203
246
856
15
6463
822
4
5069
6136
120
343
344
1314
988
235
4517
1034
697
3299
954
2211
1362
4562
150
1067
3749
2854
7386
1109
21
3924
128
2495
1970
823
1695
68
3162
76
88
1385
558
666
1164
56
899
3351
1832
1504
298
567
636
2620
235
231
4441
809
197
987
1415
91
321
4020
1379
3333
708
4989
2506
247
1315
2475
273
814
550
1497
519
567
2866
1754
3403
2051
898
1113
196
547
3300
1217
1584
1366
311
283
3459
2030
1198
1291
3281
5412
95
126
292
2450
1045
1989
3969
661
2981
1002
274
806
218
4000
1077
2035
653
1128
1212
594
84
732
597
180
357
817
652
6099
2329
644
1108
540
122
260
42
4055
1297
819
180
2312
216
807
1492
1016
1206
694
1952
85
1567
4745
272
718
659
695
93
583
2304
563
1040
4532
1727
549
793
109
3607
595
170
220
5135
2647
211
3931
4363
3263
1913
1098
123
117
2738
705
598
521
1117
1115
6684
8386
2106
812
1895
2850
1101
2116
865
2695
131
278
233
540
35
8765
175
781
1565
3288
5269
2362
120
75
103
1709
101
263
480
13
822
5946
3635
4454
274
2743
77
299
1329
2123
483
1029
769
1744
2299
3309
630
210
486
356
752
812
633
712
186
254
3186
1200
924
668
2634
71
3278
2821
407
4516
598
2891
259
1193
371
1225
536
629
4865
975
812
154
2011
2515
273
701
379
426
938
199
2093
5477
171
1191
482
30
432
2967
1114
1644
1731
174
2245
1379
1059
27
941
123
3791
4623
4088
513
1727
24
308
2846
1076
2928
269
208
102
1948
1060
437
1030
688
6473
3248
715
2241
160
456
801
3269
449
2600
3161
428
210
2022
898
184
683
2326
295
839
533
1945
6373
920
2307
569
30
2274
670
316
387
476
943
3905
207
554
671
278
1655
3207
2607
1078
2713
2096
458
2520
1212
1432
3183
3278
403
811
1657
59
436
1929
4371
5141
547
716
82
235
455
1500
4350
384
734
1762
3590
67
3907
405
3061
1748
136
1593
932
970
851
223
15
368
1484
1347
3960
787
74
813
538
640
1339
346
589
1141
382
297
7774
2524
444
866
1191
233
5413
175
6
3251
760
2259
41
225
1414
3508
746
5000
6077
1056
1604
990
394
244
727
2300
317
12
4245
455
6850
1667
616
405
969
914
3475
1798
57
2706
4032
254
1965
885
2298
1194
7841
927
101
1186
244
2500
685
468
1045
346
510
258
1029
1076
1086
3012
362
237
691
869
250
615
2188
458
2263
1313
417
1545
1890
2386
3280
16
1071
140
99
2009
76
398
2861
176
493
3634
1356
5320
411
905
2045
555
848
127
728
1618
276
1861
212
1323
2327
1203
275
459
91
92
230
1361
3295
1626
148
564
1732
2378
1539
699
5032
1990
289
2984
577
826
2518
3306
1936
4718
19265
2554
1290
426
829
416
462
2571
123
244
4927
160
912
1435
578
4007
1154
4964
1021
396
1212
1233
5503
769
424
277
434
337
1543
33
818
660
201
2464
867
1078
842
1765
1111
1678
430
4971
282
3753
167
1727
1865
361
249
712
847
485
4139
1724
233
154
477
2191
3
2297
933
1120
1
70
1942
2477
1023
1758
265
533
3063
3164
183
838
4506
1079
68
3860
4246
5350
219
229
546
58
205
3710
1706
2115
380
1008
924
827
652
1304
331
3347
684
24
1636
472
592
331
1747
262
701
6276
218
3356
300
779
704
539
1299
808
5311
501
989
170
935
894
1843
1288
589
216
357
2066
6
1889
18446
670
987
1449
338
762
52
3520
2657
1231
404
2241
990
2719
99
2239
4243
1770
3061
1220
2067
410
753
1401
215
394
1625
640
1019
2392
84
456
309
461
917
1993
1461
1954
366
1143
2414
2159
3984
178
1270
1987
1714
4915
318
412
3521
4091
3141
4813
3857
1106
7399
4727
803
652
4223
2252
122
1521
2943
787
216
1533
2333
524
1781
717
540
1111
133
552
1443
677
58
1100
665
3184
1253
1836
1077
58
712
4075
834
9094
1521
73
803
1765
1902
3797
545
24
933
4025
2297
2911
3949
3699
784
2198
3583
887
2225
1831
2708
2404
524
3137
487
1024
2566
776
3194
267
533
264
274
630
2655
143
575
566
1473
726
2147
525
665
506
2377
1684
2094
355
317
3730
413
2117
558
953
418
272
2154
964
758
954
212
348
527
4926
846
301
1417
415
1700
995
350
32
1273
3324
679
1277
375
3064
1607
933
1546
912
1222
2297
1492
2560
871
1344
3993
196
1395
684
1100
93
635
8964
288
173
591
661
2898
161
113
1436
173
3101
61
1352
1164
1441
4298
1569
2106
214
996
2030
1570
4369
523
130
1297
996
418
6343
985
4420
1264
1186
643
1499
1768
1566
329
125
5969
878
1744
2186
4254
1326
1244
5264
1647
505
3921
433
306
159
182
723
8
2031
1232
1069
4875
588
1349
566
927
363
7937
1809
790
112
516
495
205
2997
1027
208
1659
1808
6328
150
1458
907
3516
4122
1966
276
339
103
395
532
4216
3164
170
422
2564
1484
1030
1446
380
1939
1641
613
994
242
320
6326
1752
1746
3413
445
3850
341
208
1442
1495
288
2591
710
1492
6777
126
929
1660
2824
444
620
1551
3873
2400
193
420
122
45
6253
2313
2587
850
1809
868
404
2271
1903
258
1383
841
252
107
3250
1192
2222
1899
227
2300
492
892
2364
1230
1695
1223
1301
919
495
4792
2692
86
585
4317
388
1729
537
1883
161
405
2489
136
1364
715
3603
650
1093
3382
1177
2876
1919
7312
277
2460
2486
987
508
679
702
152
2008
861
4406
375
373
211
8871
730
1478
411
47
996
1027
489
1875
5907
438
402
3339
8173
1968
1220
1148
1765
671
2648
52
1920
918
2188
1375
565
1735
50
1733
289
420
2441
815
59
203
463
1055
2155
495
2046
1680
421
548
95
121
1069
179
1322
3720
4607
169
1816
871
1260
3171
409
2268
199
868
3175
4158
511
2953
81
4489
1129
1981
679
282
1769
282
108
2331
1191
608
711
3510
4804
1231
1723
2389
6171
1690
3829
1298
179
2531
3072
231
3668
1198
473
521
3719
634
99
876
193
4400
1877
918
57
2775
783
1289
1300
243
1781
131
95
3532
2559
3639
2304
157
272
1349
1618
2011
750
615
1811
1616
597
384
1051
3568
704
10
986
42
2266
443
1255
371
1890
997
329
1073
297
201
649
6114
1266
1080
2674
355
3406
2414
1211
584
3007
2328
447
2040
8
183
565
1065
2975
4609
10
1366
381
566
2211
690
1004
4302
6432
958
438
192
1489
1179
326
958
344
382
1204
111
3909
4601
583
308
2124
1040
90
324
583
232
775
2056
1716
2193
36
2035
713
93
395
1993
1108
741
738
3565
208
438
1244
795
1999
1638
4236
210
1664
939
1414
1397
1593
764
226
186
292
978
1350
4631
175
264
852
3044
309
2636
168
3925
30
186
1085
5227
1028
4471
186
665
251
63
1012
321
859
519
3614
184
14
1104
2312
373
682
753
2238
309
439
557
366
871
270
337
1482
3228
992
1683
22
1736
812
512
189
6114
670
1364
160
527
6124
526
2959
116
123
145
1260
584
50
310
597
1104
2692
2301
4352
97
4076
1890
1060
194
414
1397
1628
4872
590
2481
225
489
919
810
1653
719
2759
378
3090
2011
3469
5661
736
2435
1683
3133
1580
940
1847
61
2264
1293
1291
748
3041
790
373
1413
4793
354
3136
281
36
3553
1985
1500
2254
1513
1502
1367
478
1378
569
2833
2627
308
4266
52
2215
2
330
973
1211
215
967
2470
2182
2002
3524
394
1602
596
3758
5558
4933
837
1844
4494
427
1381
1623
720
733
975
1515
250
385
5939
1034
11
207
347
1394
3758
1339
702
2873
1824
656
928
2833
1773
993
464
1073
969
1547
57
63
76
571
345
860
2145
552
655
351
11267
1001
1125
1043
164
2358
776
974
152
163
4839
1060
145
1958
706
2384
1136
2856
119
162
3666
465
4690
288
987
3427
914
2666
4734
1006
2990
2091
3780
1816
340
3552
899
22
74
1310
554
963
371
3366
3450
724
124
1179
259
1080
1557
2881
514
929
3486
3208
3077
1717
7174
559
1121
7973
7712
1202
4508
538
1112
526
4017
100
1049
2320
916
794
1478
590
129
1311
4318
157
1728
778
1422
638
7089
1160
54
1313
186
1282
2042
376
9641
354
1303
7
760
4862
298
2723
1861
2043
311
2148
4410
2966
1115
1310
1552
579
991
1474
2127
381
3417
5671
751
34
2968
506
195
829
2338
2439
2981
1277
383
4107
1431
2465
945
1271
26
3329
1069
1738
1387
35
9
1466
569
1431
4259
2535
946
8140
2958
237
2729
624
72
916
1367
6
130
243
393
974
584
3629
1410
571
125
371
1926
743
52
464
118
2920
3420
5525
362
3340
848
1586
2500
3720
1470
29
665
1002
1709
953
1688
1572
252
166
76
94
1895
3100
169
2640
1596
1177
804
236
679
3036
2634
353
687
556
376
1636
6
1977
1213
1405
341
1555
185
590
3522
581
1611
2256
1086
740
4690
310
2154
829
124
2325
162
4575
581
663
165
279
2803
2170
132
406
393
1132
1522
2536
2239
155
370
58
276
462
390
2650
2848
618
223
628
933
4218
220
2176
816
1226
5269
1571
492
465
3240
3928
506
877
717
532
207
447
607
293
95
651
50
16
1366
2289
1863
2929
4543
337
5666
5974
2337
1815
2600
83
2184
1221
635
4275
438
3383
1393
2050
5591
941
2834
135
1650
247
666
742
2252
4608
750
1421
4322
1277
1159
1823
2230
2036
11130
84
774
113
2985
2281
1405
3115
48
1170
125
4174
1297
2865
3282
536
3062
891
805
3489
5135
2278
1189
2820
173
591
309
1214
1402
4896
1130
536
25
254
309
1361
2204
859
35
2806
2747
7457
500
766
1205
898
437
305
1083
25
858
1063
344
823
2912
176
52
362
317
911
158
1787
1489
2045
12
262
1596
3223
1318
769
469
606
1194
1916
166
42
1816
1146
1906
1318
1079
1261
2345
1228
1544
199
1941
222
696
1787
3008
5635
212
1432
725
1191
6068
1061
1418
1549
89
1141
1092
1311
2738
3037
2028
2962
1528
3633
2143
2644
556
328
1224
3118
3882
912
1222
1697
774
1803
236
5268
4425
1412
3514
900
657
4242
973
1882
311
1929
166
312
2475
981
1417
840
725
757
1780
685
2553
1954
220
2602
1459
992
948
1137
1536
1315
688
3167
1450
335
181
2559
209
280
803
1443
138
215
2810
1021
307
2971
557
641
3336
3249
2727
79
221
222
1657
2344
521
7077
212
2398
76
25
6337
981
1238
1634
521
261
670
1259
5343
246
8471
2663
2112
3431
2412
689
1825
319
511
3388
1351
449
158
2994
2508
1891
473
3836
2783
435
699
717
1952
546
828
639
394
398
208
1795
1751
1660
687
242
157
2140
273
364
158
4850
3846
4908
456
10200
348
2803
2429
706
137
509
4005
19
835
2410
709
5584
1313
365
204
341
1019
7383
3869
1468
3024
406
406
1395
1447
625
1779
5668
274
574
2454
1085
3325
1564
5425
2651
412
456
1717
1753
2333
897
1074
15
2678
729
901
673
3846
2692
469
259
727
420
2384
1051
893
492
2475
8311
3676
1928
956
243
702
1882
526
206
4611
1004
4074
792
1338
860
5492
19
124
1523
2182
903
1461
485
568
1121
1802
3453
2013
603
666
429
3934
197
3417
239
325
1127
58
1068
4170
1954
161
1069
401
513
1751
2481
416
1576
1711
902
268
2893
882
2666
958
596
4607
406
248
1615
371
168
2284
4019
262
147
1777
11092
447
862
874
1806
839
200
260
1231
83
1345
1114
2199
1546
2255
332
55
314
1245
2249
550
3115
817
6730
210
328
262
2570
919
1232
3638
3130
347
527
3030
368
13327
408
399
629
2032
118
784
4838
8
1913
467
750
332
3610
187
1294
105
1469
208
314
1282
546
3140
1014
853
377
952
500
1992
817
1035
3597
2331
365
3399
87
388
3289
977
666
227
175
1187
891
289
3061
205
666
7231
3408
3469
129
401
3459
1138
657
273
1889
697
3787
165
167
10
7186
72
819
1748
1991
2455
2178
289
1077
1310
993
1053
1322
186
789
202
4673
234
218
378
670
706
69
1123
478
647
1567
488
162
548
4202
915
2095
46
42
1039
1740
4057
821
3693
1067
364
3108
12223
1197
1954
1941
3257
378
464
1611
1406
909
1502
154
1999
1997
511
1815
7268
307
294
30
439
195
71
4589
1006
289
422
323
438
15503
4964
785
7433
1786
4071
5980
1010
178
1266
14
3451
338
5210
3862
1676
736
19
936
718
248
1609
3777
70
1848
1633
1120
2447
1529
696
4774
651
295
7615
109
3371
2175
2867
286
2336
1097
2252
5285
2094
960
883
1713
43
1330
471
2126
1824
2368
2938
276
127
440
497
2703
959
2780
1814
533
251
401
2173
1252
1237
640
495
82
2682
224
1987
258
793
489
3750
2733
3885
645
1215
1009
616
2836
127
400
395
832
15
743
1370
1505
8196
3462
661
2065
432
477
1264
1237
121
186
3987
458
1868
280
4094
1849
1366
112
832
1474
1874
1356
347
6554
1151
1785
201
443
267
328
1393
57
882
1910
1049
371
1107
2540
590
163
3770
1948
332
1714
1675
1298
669
1336
136
4536
1568
1139
726
1072
618
302
137
175
303
157
2897
2629
685
721
2506
3038
154
811
648
2563
2977
817
1474
224
552
2524
659
179
464
702
1256
67
1076
880
1138
3165
133
527
803
289
39
1404
3469
215
300
672
1072
429
48
2312
668
267
4
16
1501
1553
164
296
2064
1256
1078
639
2683
544
1248
2071
274
1571
47
1248
537
1238
1682
256
50
1494
832
559
3560
1343
733
3279
1455
4131
622
1386
3707
116
82
1047
111
567
4057
1129
60
3317
836
2031
3846
4132
1821
850
424
67
8
48
54
3739
3207
3631
2315
1349
2354
648
2164
852
243
1369
2394
2271
2075
1180
918
2047
4528
718
156
312
204
2452
2132
518
2195
2963
1097
147
1174
96
977
2322
1496
1022
910
1210
2175
2012
141
29
12
220
252
331
9013
677
990
3045
2197
706
1773
800
2021
1868
1232
2722
572
755
518
3933
534
6787
1370
1047
255
171
995
947
1615
1133
35
603
496
429
4462
2745
1534
3943
1485
2576
2493
2306
114
2111
735
374
509
256
1028
1446
3553
2501
1334
530
1530
1654
2236
2306
4555
1155
3408
2867
3094
3686
2426
93
266
444
720
7061
472
28
795
4012
859
1392
15104
2021
646
1861
5372
3167
592
106
706
4798
2166
1219
479
3705
4879
1398
170
46
440
54
2543
764
1802
2909
1085
281
186
4844
2354
1446
604
1171
4206
1505
986
2660
3858
2751
3708
1460
458
126
278
1590
414
170
1523
916
1201
1178
2604
3713
958
4012
422
2254
2389
1388
426
822
4836
654
2861
352
1072
446
162
3632
702
590
393
403
2138
1138
194
1102
2261
854
132
9298
614
1007
2322
874
412
283
2735
189
2962
1036
415
698
1389
3284
2774
2421
202
890
2231
1463
7781
583
1108
2675
643
978
1653
57
447
422
1155
262
768
485
32
1498
2404
323
2575
1238
282
899
475
2049
4879
1230
1289
1595
846
3026
102
4062
5175
3601
676
561
499
633
1886
4936
2595
713
538
229
221
1524
3597
3005
39
125
1547
142
2243
434
3249
1186
402
2589
2903
2273
984
1056
770
3373
266
300
3734
163
368
1392
1743
1807
407
1102
1379
1928
1128
3034
62
1872
27
1005
3031
943
19
1309
923
439
642
2288
880
1436
3953
2886
1715
2965
848
1899
2926
2498
955
2287
4066
2532
1149
560
1056
29
1263
1079
138
3776
471
1352
308
1483
2078
617
1623
1342
1096
2289
616
4955
228
310
1778
2037
974
4835
2487
901
4511
1681
171
2109
2638
3159
6480
1023
2924
462
398
1078
337
1005
2261
237
3265
1246
1253
384
465
248
526
299
2105
1306
38
60
3942
1284
1748
858
2031
156
991
873
1346
5532
6389
2426
2543
28
60
723
1048
198
5326
1829
807
825
3656
904
5615
117
781
3287
2797
100
1756
2597
217
806
3889
1708
1069
35
169
40
245
2023
255
1193
1574
2667
507
2011
5188
1725
102
948
169
662
382
787
271
846
931
1988
579
1702
2005
3454
1835
1000
1861
294
98
1541
1435
1554
1091
3169
1169
1749
2264
470
1084
1627
2386
3829
2929
1415
1872
614
168
311
1306
218
2542
2726
394
5284
82
2761
1867
1327
2211
800
2038
314
312
109
446
3277
1456
963
2041
825
1930
542
477
3103
1850
162
4768
2915
77
3103
89
2929
95
891
1498
484
1697
33
2194
744
1770
4597
2260
920
1081
1120
219
3075
6098
277
1426
450
188
532
71
106
769
1302
1230
1813
9
565
2601
244
4056
1674
551
1825
801
489
98
1471
257
501
1256
998
2853
225
1320
1570
2852
1484
3286
976
1174
861
209
1899
19
964
850
946
407
2147
365
1827
7236
2127
8477
3487
1119
1174
647
1591
335
180
5256
232
1225
468
119
2111
489
384
459
1414
1877
2090
1724
2253
108
1874
797
1504
950
1505
681
4864
1826
2816
1032
149
391
46
985
862
433
985
3033
8503
1739
8964
2604
3151
1089
14
1318
383
528
2226
1231
2982
4446
36
1826
253
1338
5289
222
1437
966
1777
347
299
903
917
2372
4758
1970
3105
781
1165
1306
2146
3378
51
1969
875
1013
5
386
1756
1105
406
211
1177
1047
707
765
20
441
2734
1957
165
308
2767
1672
1186
2278
1355
81
2138
669
566
496
50
2247
1260
481
5218
4379
3791
603
962
3492
952
3454
1244
292
483
584
20
155
82
999
422
697
2322
326
258
1233
161
954
970
1342
355
341
1080
786
1235
350
3707
2378
1014
983
287
585
311
2274
5842
519
708
1014
423
650
271
772
23
104
1431
823
1361
1312
2662
712
175
311
819
2468
3
2811
2599
213
110
961
320
293
4400
838
1176
546
3813
637
87
1666
228
858
92
2929
3908
770
2162
1577
1118
494
1054
977
600
2267
2789
184
1053
2999
259
2615
928
1201
1655
1726
625
1252
2478
664
1182
386
1822
77
1576
2090
162
255
2096
2257
930
2206
2608
992
1861
1125
4097
2520
4366
402
2313
97
1586
88
1908
3512
947
4954
509
2152
2277
944
950
411
1842
5205
2983
307
1242
298
1068
822
1066
1933
9043
2894
5223
401
409
186
374
2027
167
14
10
2826
1218
412
2174
4246
391
2241
41
334
512
636
150
1168
1017
1418
257
1361
2563
4834
505
291
5383
1720
1821
2166
329
596
893
500
185
892
4454
468
1582
4974
1557
705
1092
1963
2944
2360
614
412
2543
1156
5314
2734
2690
1544
613
1308
886
323
911
353
1137
3993
3786
1547
1284
906
694
792
314
1917
571
2086
1323
624
222
83
511
3184
213
29
1182
1816
404
65
2129
243
3035
3795
2236
2723
123
320
2530
804
1038
288
591
678
844
506
928
5915
249
3239
116
35
1121
734
5071
44
6063
1338
308
1892
5614
1253
279
162
2370
960
113
897
872
68
6664
7
1057
1825
366
819
555
113
1274
1121
196
2115
951
3224
112
998
462
335
3708
2776
565
184
2592
17
1284
927
3428
41
2585
331
405
3172
1895
167
416
410
1904
3194
1586
792
1009
1251
532
1564
4371
1504
1461
450
327
2597
530
432
2247
17
18
307
1606
609
1795
1263
927
720
193
1226
1423
5515
2363
952
144
1521
1210
2374
367
229
3335
1
169
1740
3011
1225
2518
2177
563
1227
458
138
1258
925
1176
1667
91
440
2188
1636
1355
1655
2616
742
5238
4896
548
1074
72
3556
689
1981
103
1207
1870
2721
1337
272
756
2474
987
1840
5628
2376
507
123
1856
4448
246
548
2805
114
2147
990
4793
273
504
228
948
629
2096
2519
307
1742
2153
2624
6457
5304
1116
771
676
633
2769
212
1052
2071
475
223
1057
2461
1435
4235
2012
485
408
1762
4090
60
294
525
4396
514
21
2244
310
420
3292
1053
627
1436
3837
409
269
274
2094
1534
2129
1092
508
819
1867
644
1664
2525
497
690
1556
438
292
552
1849
642
438
278
101
249
1590
3758
877
3038
661
6754
222
1018
1293
1100
3334
836
610
1041
899
2078
1392
446
2945
609
1110
1569
1047
4080
412
8313
1260
4335
293
290
300
1006
2372
690
2265
91
809
156
500
396
1756
3565
2580
832
7643
557
70
688
232
2463
477
317
1913
384
1216
49
1272
13
2978
1746
523
421
1082
1057
985
1762
557
761
1921
705
766
3386
837
295
1786
2132
3825
507
4293
37
268
32
2809
253
1694
1021
2958
230
183
1264
2137
190
1744
571
235
1395
491
238
1699
347
404
159
1161
1826
197
260
1663
178
12
1167
154
1705
1078
612
944
1144
70
3861
2714
1117
71
1345
1926
837
2168
8812
1726
2748
383
2155
45
1350
869
383
3067
5763
989
3248
2067
1858
71
1946
1747
3843
2497
1197
681
322
487
910
130
1962
1924
1162
291
1036
2192
3013
502
1825
434
5589
413
3032
147
2233
1567
409
708
321
2777
26
2193
6855
25
185
4740
4921
2219
4724
34
216
1780
519
4197
7757
6417
2245
297
168
831
1198
75
349
2790
3071
1354
85
95
1338
151
262
4024
982
1432
1590
275
1076
1834
550
2488
342
2517
651
28
353
13
1346
126
1044
1511
490
3410
4440
1003
473
144
398
6
1875
1177
66
2821
1461
1773
870
537
1105
884
1911
285
333
596
727
63
395
3535
172
108
1091
1832
485
177
1780
327
646
909
430
2346
2751
1929
1405
2232
1210
6768
583
4274
1568
2249
2506
660
977
2160
10
4330
1558
6780
271
114
580
1753
790
1814
1541
678
2431
357
446
1130
148
1472
2116
1637
2960
1529
75
2391
20
208
203
2029
2813
832
102
1841
486
1138
583
653
1486
1692
1703
136
1809
4954
2982
1486
671
1403
199
389
369
2541
1829
444
2439
613
1195
780
3300
361
117
91
673
332
2154
2628
1116
84
854
3486
639
3442
5234
604
2817
2572
3767
3399
857
1599
2099
125
1316
372
2143
81
415
2918
718
427
1607
1353
6427
207
1234
1910
1164
10278
170
1106
898
3342
1009
2710
761
708
1472
1278
301
595
1822
5222
5546
2116
1970
31
1643
983
127
311
1626
502
367
1434
5551
3155
1800
742
3734
4120
616
915
399
3188
3667
2712
1039
906
1260
849
1950
1294
679
416
352
1400
2523
349
3912
2462
1193
3207
2093
715
917
291
1656
2576
2990
289
1109
1026
395
94
5325
1711
5344
1800
1847
60
1113
69
711
590
963
1322
1906
3513
1575
1275
3405
749
1150
800
409
531
126
150
1254
3974
2295
304
649
3830
238
503
86
369
1872
6869
185
378
178
1160
144
1443
1722
5228
720
446
656
54
3735
1417
1304
1495
111
101
398
561
3632
2034
1989
1528
1065
875
973
398
1253
3292
595
565
6095
909
1586
5033
888
753
2454
298
941
2495
7
192
1261
2212
522
1689
5326
247
1238
65
1853
3761
68
181
3
1268
25
413
1655
1883
752
49
387
910
2523
5658
474
101
412
401
1391
2250
1982
1835
1023
1579
90
1206
974
344
3646
6071
2577
1644
1285
2195
776
2718
882
46
215
1564
188
1091
743
1624
559
2509
1205
8211
132
968
732
5690
4261
804
1954
480
1628
517
1990
370
132
1081
1298
530
2304
658
416
3717
3781
578
211
1381
2471
518
944
717
1113
574
4662
1137
5451
2802
915
2105
8
500
1628
1724
2207
85
1816
2483
154
424
241
256
477
2389
580
140
826
192
845
587
906
880
30
1938
636
1135
305
1591
1462
2151
87
313
773
329
2700
1953
2229
2117
5067
1002
226
308
2008
266
323
2532
4072
3203
915
650
731
1605
791
1991
1013
1093
534
822
3540
443
579
744
1142
3709
1197
164
221
2264
1632
747
2080
247
1770
1849
689
6837
820
431
1270
277
961
1857
921
2061
2974
849
464
1854
405
44
1177
571
1499
325
12
588
1103
475
2281
600
812
3806
3463
1036
338
2271
2750
499
1011
81
1
662
1905
975
2053
2206
652
106
362
2181
2622
210
878
647
6520
827
48
5841
1787
2932
1609
629
263
2238
7751
45
332
4856
1079
566
929
935
1271
1389
3160
612
1571
1388
3966
1998
1616
3478
1630
3450
1134
375
530
534
643
44
3257
5293
659
1893
1355
1162
134
2903
1108
3503
163
233
920
334
1049
278
187
1060
215
1567
363
773
4290
1201
2025
538
2909
104
136
4415
1632
1269
3061
862
1566
1075
522
540
2416
481
193
1011
3030
2319
254
2237
869
101
184
1755
469
56
1552
874
575
750
100
495
1119
35
784
1932
221
921
1631
746
1103
3280
2041
2001
958
1205
4925
650
735
955
554
39
165
1848
2176
3871
930
707
1245
688
319
9
2121
1543
192
2345
427
156
2
2085
822
261
6
818
1148
418
2
2056
3108
28
2122
543
1418
1483
1382
1871
1535
2864
3346
3346
2201
1877
816
846
1583
991
3425
1686
8797
1582
1652
23
902
4303
146
445
668
608
1893
1750
300
1472
191
2189
460
90
4050
251
78
798
3334
154
2983
3260
314
278
471
32
145
688
912
4097
1794
1628
1302
387
690
1425
3266
37
1620
517
967
373
5011
3182
328
1876
260
840
333
2445
348
1221
43
305
5195
965
657
2217
389
2651
321
244
349
647
2046
302
37
562
1795
694
361
3062
2313
34
1
1124
1272
398
217
2916
596
375
6023
894
3843
1766
731
633
2562
1022
251
967
2036
1296
930
1655
977
2708
140
1754
6563
116
3763
848
3275
673
708
251
1739
340
3350
2971
169
532
574
4278
4018
3983
834
161
1070
2367
200
3286
4378
753
239
1385
724
2347
317
360
1278
923
59
662
903
6328
64
1754
624
309
1191
2963
1660
3858
1411
2322
793
43
885
282
233
1588
1528
970
1825
895
2038
1840
448
4415
536
1580
376
1094
386
53
1388
1869
388
1863
1167
1915
2006
1421
100
664
942
1994
1143
587
1052
570
1380
2390
651
304
2184
1868
2207
154
917
130
7
169
143
1452
342
2558
3012
498
760
4041
32
42
3355
514
793
3410
150
4185
757
559
1155
1879
17
1656
915
638
1212
1093
329
183
4721
1386
1472
959
2255
1081
909
252
254
2498
753
908
1874
649
830
1850
947
334
1041
2758
369
539
2152
2539
2231
3229
252
2131
1931
178
1702
3071
661
630
1071
432
93
3962
1958
653
1273
141
1913
1102
281
1064
1583
684
232
912
566
1624
395
2711
167
42
3490
260
733
1684
2269
164
3346
131
134
429
1778
1927
4685
240
635
3419
1525
776
80
10299
303
959
579
726
1465
811
229
942
1394
629
622
7662
115
2117
2706
144
556
352
888
2813
517
829
865
3176
205
1990
228
1113
790
3
711
236
1937
2650
5699
636
241
1252
394
2330
714
3087
80
725
1644
1454
1580
546
2100
2256
983
840
688
2237
1150
72
688
1034
1649
4377
1088
48
371
539
1749
990
2770
730
99
1386
1872
710
557
3354
6659
357
1066
724
665
2051
473
131
1912
517
1514
439
774
2304
1695
11
7543
1144
602
268
117
2248
5230
3820
2223
33
812
1089
3368
373
1710
659
366
77
622
145
3687
2217
621
119
3006
436
618
3012
2301
411
200
643
631
529
107
876
2025
234
431
485
271
720
1055
1183
331
360
421
1239
5219
1761
2792
75
305
549
2012
1892
689
1028
1014
1191
1429
2027
54
2106
2569
87
2430
1745
1063
1209
2596
59
1290
4807
790
22
1006
89
529
2397
2781
11
1885
384
413
1441
263
213
761
3050
2651
660
1153
90
745
903
365
3046
2309
118
1330
1750
3567
634
661
1316
1517
216
2651
540
305
283
2474
94
1173
500
1765
3758
3175
1149
821
69
65
317
67
1416
1083
2021
461
1154
1565
539
2550
1220
822
994
473
851
1002
363
1132
306
1403
3896
1322
3621
4532
3299
836
12253
157
1386
582
499
211
408
229
97
132
1591
2542
3435
1637
4876
1082
444
5953
2340
1839
1634
820
4989
95
2225
760
48
1066
546
3115
1743
6181
4088
864
1202
674
1026
1402
2422
889
1767
2259
118
1032
1917
1478
4643
620
1313
1859
784
731
428
655
106
1046
466
315
712
6306
706
3019
2533
632
107
189
438
34
761
338
418
958
178
1706
154
483
1408
3643
2745
1014
433
1225
246
809
6526
635
83
583
1076
417
227
2024
95
6180
1348
3109
670
1262
893
825
2448
379
2514
520
1706
932
365
1035
3201
245
1870
1957
296
2254
4394
61
184
754
67
2051
130
1337
404
582
617
2475
351
593
1556
4041
2478
6683
1958
746
437
1026
194
4560
750
950
53
310
1977
248
259
1331
4725
1546
1850
695
435
639
2067
1050
622
78
802
1059
4712
2018
551
4488
1655
7521
1457
482
1740
6022
302
1016
2976
429
731
4495
308
756
542
3303
1023
4475
535
2430
530
1879
1561
4939
2097
405
512
4523
2432
264
2548
838
1167
129
980
786
254
180
1014
149
1776
260
1363
415
37
2842
320
2825
139
2810
2972
1016
3883
565
940
2004
309
354
44
3084
390
755
794
1151
3744
519
1435
1350
3352
1146
989
64
7289
799
3846
1363
199
1000
372
1692
3461
987
858
122
635
978
814
432
935
3208
9
420
918
1606
939
2535
127
476
179
529
499
4179
419
605
755
1271
2241
492
1351
2233
1103
2972
194
1314
1022
269
1102
2452
469
1035
60
551
769
1879
883
749
1994
258
320
2983
20
2077
4891
550
545
808
291
352
1875
343
2808
571
531
2414
3500
699
1240
158
327
2643
2137
3508
403
1508
3763
2293
2
2604
877
7042
1484
1237
119
1880
1850
4747
1698
433
1575
282
974
240
869
788
1847
79
1184
2448
1888
732
1546
92
3738
2684
148
6896
280
188
1075
3803
4474
162
1050
1100
1148
5761
1115
458
194
657
2584
1195
6107
3553
915
1041
1618
77
141
1480
333
5210
891
5008
58
2884
2207
3729
78
1522
1492
1284
1053
1297
365
388
1675
318
1441
1378
3283
2039
19
879
1544
5386
15
1085
1298
792
560
905
267
2358
1077
2439
2601
990
4274
556
17
1771
1170
4140
20
194
1498
4216
2733
109
68
1616
249
1063
650
4414
70
1890
1030
2971
8091
2232
159
113
275
4256
149
539
39
149
3858
203
5274
6
3743
1494
824
1426
58
61
808
751
171
255
628
3108
59
283
3615
344
148
103
444
2311
3643
1746
452
1687
746
533
175
451
228
2640
323
409
2002
221
593
2885
2920
814
3286
1199
2064
228
56
3060
928
1717
227
806
39
3559
386
1890
221
229
4033
163
255
2906
99
985
845
2616
2207
901
741
593
9145
2021
2227
194
3028
7300
3443
1914
581
257
1230
9147
2726
907
1005
1286
77
226
369
1237
1488
2593
7415
54
318
5072
1649
1844
1330
1406
502
149
183
3971
3657
1501
2715
837
3093
44
170
2659
2233
2838
3097
418
1125
4094
437
1964
45
7901
404
647
12466
1635
104
1250
576
1138
28
1313
3064
1447
2001
173
1299
34
2966
2718
1498
818
391
503
322
490
630
153
596
2517
1684
790
481
668
3485
65
2561
2998
1620
817
1856
1096
557
927
3069
75
294
487
110
30
1145
576
896
522
624
1669
646
538
2506
2486
925
330
4809
1657
362
2776
253
3816
1737
1021
285
346
1240
93
5468
443
621
1210
1049
735
3756
784
607
3155
1250
2714
1600
4298
313
1434
2973
5815
2851
925
3157
754
1300
877
3896
1073
352
7983
1059
324
597
3381
62
871
20
438
23
2839
244
2070
2530
9303
12193
3149
255
542
1222
1004
2274
814
1039
2773
1534
1404
269
1460
5083
136
1355
3300
4261
2159
80
53
805
706
658
2279
3409
57
390
610
33
1922
4357
380
1382
892
1149
5168
532
2854
1208
4758
1816
461
1638
408
804
1665
1347
1895
2095
445
171
378
1854
99
2317
1155
3301
1069
3292
1383
4504
1327
598
1384
1979
178
694
839
281
4788
253
396
2105
610
985
525
2131
804
2170
6535
310
318
1069
1501
1914
2216
1034
1250
336
2855
1567
1445
5094
609
1152
605
2260
1431
917
3398
626
990
658
69
630
76
3611
238
629
464
204
657
1374
489
1088
1219
331
141
695
1178
3240
3273
732
3697
1913
105
338
187
2917
977
4542
54
1171
1375
1383
498
298
5845
3581
1989
812
2951
2186
37
359
1079
3228
1128
1108
171
2112
190
309
329
1475
3988
306
279
1505
5489
2136
1119
4410
741
171
499
987
30
439
1594
632
2967
1258
404
2174
846
3063
1320
1782
1101
1782
2029
729
2165
1215
95
801
138
1383
2690
459
2768
1210
3285
602
1626
312
566
1639
1285
296
211
4648
3404
741
88
1251
1343
3380
368
340
8
1846
1701
1173
2909
159
350
7264
119
555
1114
2408
957
261
570
301
2329
770
734
2123
2715
356
3164
259
612
1103
7
554
2443
973
1153
909
352
1120
2654
1150
1095
613
2367
24
9576
61
242
3378
1155
1560
924
2586
1672
4565
7
3643
1018
2040
73
239
50
472
3687
591
1413
1122
911
177
572
102
358
531
1217
4215
247
1733
3308
923
1853
1221
256
231
485
60
2442
4091
636
208
1379
789
758
653
201
2603
999
482
2113
5371
3012
497
217
2229
4326
1641
1006
2628
48
1017
141
1402
1810
487
285
1285
579
1823
1089
3281
1210
294
7920
686
1089
1718
1001
2685
396
1089
1058
277
1450
799
4
406
384
507
1655
1085
2063
270
2414
2821
628
2687
8651
1289
3888
711
499
1506
527
1417
312
40
1766
368
656
1983
59
425
2114
105
2302
109
3565
1512
2502
493
1095
178
2431
2647
570
2847
789
2658
423
948
2173
1118
21
3432
543
795
188
110
1850
552
1065
256
862
426
3
540
1339
838
794
385
648
1128
1535
1285
3242
809
1468
4546
1774
314
1833
7
1753
1643
4541
3108
1768
358
131
8
17
456
1878
178
2152
950
928
693
1602
1163
937
4211
143
5549
506
452
1025
966
1631
27
1663
2189
2283
506
526
1339
3984
1569
2624
2732
522
9255
809
147
4
4559
79
1003
1628
1927
188
249
306
4817
2331
1325
157
262
584
47
3069
728
679
2045
809
453
2076
787
3289
950
1082
1583
2934
494
4360
406
668
1969
5361
1910
630
4809
4
4178
540
3631
605
1295
704
1896
110
1665
574
369
163
3379
3315
1232
2115
1654
6160
768
2124
63
758
710
529
308
2202
789
1414
415
209
34
849
1249
283
163
243
1412
904
2258
1081
1055
2542
252
276
72
6149
1767
1035
1401
240
685
419
399
475
1613
2195
1649
102
1746
1619
6904
500
170
148
426
2402
610
727
521
3084
2247
1817
1151
4610
2413
122
2798
1344
154
1607
1161
2031
3679
3212
3151
552
1070
94
324
1102
116
1961
1679
6879
5
1647
868
1692
3195
172
4346
1224
757
848
97
2433
1193
358
142
887
4334
633
423
1151
426
2328
3939
543
207
5703
451
755
425
125
528
377
9552
1220
1256
2421
1482
165
1060
1330
1330
447
252
1460
1255
640
467
571
5025
328
89
561
1796
657
1417
1145
1154
377
1371
1194
957
220
1119
1491
347
1438
325
2188
1126
1075
207
1353
52
266
1918
1640
1861
870
2000
1995
178
1942
3126
3119
2482
852
1714
92
893
1531
2054
106
1529
2906
1351
180
1654
2255
288
373
967
4679
192
1844
1522
3278
3429
736
555
2611
7388
2257
964
1764
2473
757
493
446
3505
609
6020
228
4891
102
3051
255
395
1053
226
17
1521
143
2371
1931
1638
1355
3284
2150
861
231
2968
472
1728
252
980
1204
7796
5394
7141
313
6573
134
4575
17
2360
1129
1167
1637
1829
2289
164
1824
21
2641
1403
348
1884
4657
1080
1869
3220
201
429
2032
40
1083
805
128
649
134
737
1145
1204
456
782
750
4102
1071
1251
245
9
2091
2
274
3846
20
2269
197
539
1893
1239
1360
51
4629
1016
2876
1743
5191
633
540
916
3553
96
1111
3409
1143
895
799
888
2461
60
1988
443
832
30
70
151
1538
3558
1537
1197
52
1839
278
135
2407
921
344
13
2069
696
429
1684
1065
895
2831
223
36
391
1208
559
895
516
1471
2263
1662
631
2015
7538
737
1360
613
303
2836
60
1932
934
7
1194
2550
424
34
1774
263
685
1171
6408
1578
1704
88
398
386
823
631
882
279
1412
47
102
53
684
2120
2161
1834
656
1038
82
561
3264
11268
4149
514
1488
767
837
3116
1951
265
2448
3542
194
374
3782
2321
914
1869
3634
1866
593
215
508
2088
2667
2415
1066
3435
5207
179
163
1935
609
414
191
3935
1243
1683
181
60
1668
878
96
5527
345
250
1209
162
182
169
27
2264
270
465
968
1845
5515
1858
1129
685
529
872
4206
218
2235
263
1010
358
956
1799
363
1776
386
74
476
404
343
2233
198
495
1499
2096
1561
254
2197
11
552
1144
1237
31
3372
222
1256
1454
293
3757
1622
133
4666
2132
120
5628
469
209
4527
795
183
38
1092
5110
1879
1817
1551
1500
1348
365
34
90
1399
2524
6606
532
2208
1146
1252
1928
113
3922
1096
4423
1938
6436
2528
1150
1393
2807
814
332
1293
239
1257
85
62
653
261
3059
687
325
1716
2355
663
3012
2798
3168
967
1477
845
541
1244
2520
1535
2055
1086
5427
574
2827
4705
2822
3549
166
6493
1017
100
352
4574
2410
1785
793
750
495
125
991
1101
3155
2585
84
889
630
1047
3021
5389
2248
443
106
4866
547
1419
590
643
1083
136
470
2127
985
1135
585
145
199
1701
305
389
139
1231
543
1674
3470
2644
1333
1753
326
109
4020
80
1426
935
1080
5553
318
1560
490
1752
407
1750
2136
5500
604
446
217
922
3990
1788
1080
2425
3461
186
1318
235
136
5346
433
649
1748
1047
301
555
47
856
402
105
1439
261
3680
260
705
1811
3
2133
202
2012
2474
1145
2327
1925
1007
4215
1591
20
2568
217
976
398
734
1288
2018
1011
1289
897
1995
1740
528
873
2617
300
1332
2593
2156
839
2653
129
377
3177
873
467
976
2098
483
2752
1742
2676
165
2770
1196
906
322
835
1359
721
325
2560
2222
56
2483
1407
877
1518
499
161
635
968
6486
1496
169
100
295
1253
4403
418
3519
7318
2543
566
288
91
314
1615
2857
197
1460
1228
595
206
103
2196
1824
1398
894
1801
1752
607
474
116
3252
30
590
4961
532
3075
2798
847
2026
6612
518
351
334
9220
881
2818
44
1726
3362
1214
1109
808
536
258
794
1805
782
331
1684
1415
2620
47
640
2491
241
5640
301
2811
766
344
13
1237
1311
2566
566
886
2923
386
1572
1595
3654
313
292
1097
2198
1076
263
1554
85
1473
63
54
1327
179
660
614
4585
56
2866
4251
133
2699
1086
2474
387
105
201
3736
6255
327
295
195
430
2124
2444
339
1944
1680
1408
1746
443
1663
566
1038
4208
872
4102
1149
1281
258
1208
922
469
1996
618
751
1659
951
3422
593
1224
871
241
2084
3360
2686
1362
619
652
256
3643
326
177
1469
926
924
2723
4799
2066
1723
2424
1265
883
782
2291
1355
545
3628
1925
2173
25
790
1789
2497
2063
643
950
931
688
388
950
3703
1532
6320
2048
507
5910
9005
424
592
3610
2333
347
1233
497
4004
39
851
116
362
3316
256
123
2625
644
221
2460
3495
1596
580
1301
894
7542
4029
2686
255
2663
224
3204
4155
4101
87
2050
1307
1285
1441
259
26
7
880
2956
779
1446
2535
4883
3157
482
1117
717
1166
315
761
4074
2985
1742
4217
430
1853
118
198
5408
6610
970
2885
1060
154
916
287
47
335
668
399
1304
327
850
1266
3437
2116
1610
908
558
2013
809
33
1312
722
177
3463
4664
22
2509
194
497
697
451
1106
817
269
3683
2323
5300
797
1647
1389
6601
2934
854
1613
1668
1029
2457
2428
423
168
775
782
2444
670
379
674
1054
1602
2180
1945
1972
3138
811
1403
450
711
3783
2072
68
1819
2633
526
2584
440
2932
557
126
5046
1497
6755
252
517
780
1785
3369
6331
1709
1410
1278
166
526
2030
1244
2
3894
2855
1371
4179
3064
198
1742
1246
2044
1891
5190
4451
1074
513
260
1627
1454
1659
200
1949
576
3041
2261
388
8749
3636
1785
948
57
1142
3221
893
1167
1679
158
3502
4023
174
429
2743
6784
428
1236
478
2710
1611
3482
1164
2112
535
418
7943
604
245
41
2594
908
3334
196
2791
231
6141
2397
1382
1052
1388
643
1313
1800
8531
1723
365
2649
430
1439
2084
1726
334
1456
31
2560
581
274
731
2966
127
186
675
1896
1403
14
638
702
490
873
1406
1745
58
3869
3294
772
535
945
548
189
2864
1328
5835
3465
1354
240
3960
1406
652
538
1765
1113
183
1300
127
5148
727
278
124
2204
1760
2316
235
2278
1507
76
5747
1990
490
700
1
752
1659
8041
436
759
86
3831
1652
177
26
821
2085
1222
484
52
347
2577
933
1091
634
198
3327
1253
711
103
873
342
804
4380
1683
61
253
107
1763
2028
2871
11
2419
1546
3616
6061
685
601
4135
837
1768
479
139
240
885
383
442
52
618
968
1632
386
1761
84
4311
2872
1196
24
3045
604
1451
1317
1972
848
3511
1300
3487
822
1793
190
844
17
5769
675
274
410
8532
561
5936
591
768
656
1907
553
963
1906
2770
1827
585
920
41
4788
1923
389
1646
1238
376
2414
4673
685
868
2185
1245
5919
1132
718
2140
443
1870
3591
2036
588
564
825
3106
102
2873
843
222
504
1590
728
914
1686
933
2298
87
257
1144
1383
904
541
839
334
115
659
308
1883
1304
213
1178
895
896
1268
1636
1034
62
175
287
794
757
2088
804
1976
2724
21
1016
1896
748
635
1066
109
594
636
656
834
1338
255
683
3430
2405
1221
485
1665
170
2992
184
350
350
1461
919
761
2946
2111
1899
201
2151
2393
593
53
2997
796
3625
395
1268
1504
4956
739
901
141
1508
148
795
1454
110
4028
343
4
64
1201
23
886
3413
510
993
1445
2889
292
979
2362
7047
875
2967
2773
1466
825
607
5154
593
1487
3203
402
662
474
4258
2387
1221
480
930
1775
847
724
1842
481
3012
781
6064
5266
5947
2736
224
835
586
1635
7095
664
818
1316
3797
1806
6422
380
353
2054
1653
553
834
363
390
217
1388
2056
468
778
788
280
3218
1899
638
8403
3599
263
581
1163
1324
998
931
2963
1312
1740
2251
1398
488
2008
598
9485
760
417
755
12
950
40
2454
3510
875
184
21
1408
2911
760
111
630
3757
372
2911
556
15
1311
2349
2079
36
2244
3404
1385
2086
185
3792
272
48
1466
587
457
258
3489
380
1492
789
266
3016
360
2124
15
3060
3815
1027
1381
5921
324
1285
355
977
2366
1400
324
422
1050
1079
162
630
2361
376
543
4599
660
3825
183
1053
5763
1469
5528
1430
1327
995
1622
17
1045
2918
357
2350
544
164
1046
4222
621
998
1774
1061
844
1406
2004
1870
735
1121
2134
802
9602
1293
1063
1852
3122
1494
1323
3509
403
154
618
2066
606
381
2260
890
1809
577
1543
4104
1084
1843
2654
665
287
9182
40
199
1770
1929
1159
117
134
202
3406
2197
875
1396
1613
628
1673
2030
10777
868
2323
1659
4236
829
1519
1576
1971
2401
72
469
35
1931
15
2187
514
1710
147
3296
928
1553
2232
1178
2296
288
1569
2246
2028
364
716
198
2682
25
45
8975
181
117
633
727
1391
591
411
217
773
2264
2698
247
581
196
2261
1784
1416
407
270
35
274
1094
984
1200
673
1184
417
2493
2870
139
191
685
4318
823
2481
128
177
2575
2167
1901
314
145
1215
672
854
1686
791
402
180
917
2813
1399
5848
2269
230
548
2019
2366
1003
2097
2866
2459
1591
146
426
6059
486
561
5534
281
1255
257
1315
2228
786
1867
110
3548
1744
1510
2178
763
1206
788
2583
1486
1148
652
1039
652
898
2898
1194
2798
3379
1580
2489
60
2174
2534
1210
302
2085
1290
2284
791
2586
1804
1369
869
234
588
3957
288
1010
2077
4825
626
662
538
892
82
28
4272
1574
1157
5012
11112
4873
2915
1269
151
2681
177
1163
273
444
1364
3108
1163
382
2591
1639
383
1644
195
2171
1647
43
1766
131
2530
355
510
110
397
126
795
146
309
116
1349
1615
2100
4323
212
1351
6519
700
1846
442
1700
301
33
442
263
316
614
685
636
2165
760
975
314
630
868
367
1268
296
139
456
147
1671
388
812
241
64
331
637
1846
2776
2512
757
618
582
966
3451
708
1924
1826
563
1454
316
87
1286
188
3711
2331
3863
619
2199
220
622
255
111
1051
353
2325
291
2118
861
718
141
1343
634
212
97
760
706
534
2573
1673
3063
421
188
2547
1646
1683
124
7
41
531
134
506
4117
661
2995
2040
2462
2202
1118
4615
2059
825
490
2636
2655
638
462
2203
494
4729
105
700
2704
4166
98
2632
309
2175
3233
854
772
2183
729
972
318
2703
838
1270
1148
759
8
1346
1997
1582
78
1056
136
435
403
1150
1375
3796
591
145
2135
243
926
326
1758
5622
314
829
668
2311
992
2020
2198
9205
805
547
236
6254
5158
203
542
2887
2724
305
907
1635
3627
2337
67
2283
331
1866
90
3754
5213
952
573
1775
1964
1543
5580
486
1236
3197
3706
911
1530
2039
535
2115
2178
1343
2709
420
1847
1151
281
4651
3135
164
78
344
2176
126
124
1779
5061
1615
2587
428
2094
1171
1199
968
3547
3997
879
747
49
657
282
1
584
1320
1248
226
367
1922
1683
1907
581
446
2950
1905
1001
1260
9
2387
1256
233
1814
38
871
825
43
1716
731
1332
616
7602
1233
3961
1176
5596
3401
920
4078
1514
347
2142
2288
542
374
794
792
1157
677
2833
346
3828
149
1942
418
3693
688
78
836
2044
1068
715
7724
919
1033
2412
4404
2058
1492
1406
889
4299
1126
584
4456
216
632
367
317
17
403
1544
58
173
2788
1802
2297
1119
2942
1643
643
1400
1338
1375
1502
24
1799
1061
5338
1711
5962
1051
2986
1153
105
70
519
1586
2880
476
1978
135
24
2403
5470
125
1583
451
2678
1386
380
1488
1683
6563
187
2962
34
905
2222
423
3797
2168
130
3577
114
2971
2067
29
849
1423
2943
1126
4532
1373
2858
5299
151
360
1282
56
224
783
708
1002
754
747
785
487
1607
1685
785
199
6
343
1648
952
1036
1430
3556
5439
675
1524
373
6247
766
1122
1561
2171
1696
944
2306
1460
400
2476
727
4301
843
1451
358
810
305
4655
289
2460
5638
630
1048
1279
17
641
1822
6668
3073
36
1041
746
2805
1947
4373
3863
2174
1152
2807
1633
1809
837
3455
945
493
785
135
5476
3288
1428
1548
1693
672
3582
3578
794
3955
1241
75
3511
720
264
439
261
2263
529
1534
88
2390
415
661
83
4077
1501
1830
2337
3850
676
261
813
1343
395
1218
2514
1554
2251
3857
1223
259
5856
728
524
1970
1098
1183
4161
1062
700
893
1794
1201
114
677
4426
298
6441
2413
4907
2213
74
803
2965
1056
3048
993
158
635
386
6254
668
2622
766
656
748
1956
1312
682
280
3041
925
2868
1440
599
1397
2831
3106
282
110
7794
296
539
2087
1448
3887
550
181
5933
107
211
88
957
2448
408
414
145
533
1284
325
970
1358
1933
407
1776
3710
1711
51
238
1433
322
2298
398
2213
760
616
2539
1775
7649
1498
1419
1086
228
243
4067
3240
638
1767
1229
171
401
340
798
696
2553
632
287
965
210
271
134
3585
1115
3249
2519
618
3839
2349
2576
2930
788
1784
2441
3029
1773
4240
518
687
1614
348
16
36
2636
1250
971
1275
4559
1461
2293
1610
77
304
408
1476
3722
1319
3609
3075
2480
233
402
588
1943
1848
1470
797
273
476
4061
1677
600
1302
2641
168
59
3286
1033
4302
1702
2420
1472
370
2236
1256
323
518
2277
1565
3747
877
746
4
627
3993
739
2610
7033
2075
1056
1259
870
1455
954
202
249
3585
418
478
2037
47
1268
805
3206
2683
5981
484
2048
2507
1698
2422
277
2514
1651
2370
1612
1339
1332
3272
726
973
789
2528
2680
917
2414
1124
2464
701
1879
29
474
1182
2660
874
16
1333
371
3204
1922
1364
2941
1209
2372
131
5
1204
2494
916
2350
1301
860
5107
1003
4846
6194
11
2670
902
2493
992
674
7447
989
1769
2465
2067
77
1309
548
1666
2710
4046
208
720
355
1187
1013
221
568
2363
113
1609
311
90
2539
4245
1005
258
2238
4363
2293
923
1818
213
314
551
5509
474
282
2073
2597
1930
2221
2251
1301
90
6193
3476
3656
3547
821
1222
2109
2071
1646
4374
512
106
232
1504
39
2517
2184
604
547
380
124
3536
1472
3921
3682
6318
2373
297
239
2299
891
913
1017
1737
3569
3436
494
2764
2828
1638
776
1337
2271
260
1094
4157
200
1524
2985
1307
446
575
739
404
141
2544
283
801
1480
2603
979
1151
2296
22
259
173
330
2072
1713
5609
6165
4055
6725
447
1291
386
187
658
928
921
2204
1290
342
1488
2395
1051
697
453
3397
2342
671
7246
532
241
1845
1492
1256
854
314
2825
2370
1331
46
98
3654
841
793
1319
1283
3754
1347
2069
295
1077
3585
440
2896
949
383
540
3324
2545
406
2632
56
35
2686
553
338
3098
860
730
502
2568
2232
726
2203
2411
3002
2322
4397
34
366
7417
57
619
564
1503
793
2039
971
438
4154
1889
1362
602
3100
238
1320
610
68
142
2476
997
817
3415
618
2631
2193
1473
1520
372
1478
2479
1385
1535
1130
471
899
810
828
839
2575
1137
956
134
375
78
236
1639
2526
7156
3797
895
41
1065
216
864
677
659
140
2139
131
3983
142
508
2561
4984
1197
386
2780
51
768
1234
381
871
1604
3689
3827
515
396
1045
4129
1764
437
6622
285
528
1018
3905
1259
4406
119
1199
2210
3520
314
1013
386
975
312
1861
3279
826
187
2018
2644
1910
473
2949
258
1838
2714
133
1120
869
44
876
345
2559
823
678
1101
2001
2185
1442
421
2283
1392
205
304
435
851
3265
2158
948
1045
2
3671
1051
370
923
1637
223
4551
2137
100
591
419
1978
5609
330
3044
1391
1416
636
1917
381
1261
3806
1349
424
1070
280
355
1184
3635
1575
157
98
768
1448
1243
357
229
1614
703
21
616
1384
98
4535
601
393
297
415
2149
244
4006
81
692
946
3347
1087
416
932
747
2289
1837
2298
81
3579
196
233
12
4174
356
2912
3459
5465
145
2170
2715
2636
1306
2125
693
769
607
2647
2862
482
2597
177
3887
2171
6358
1914
2064
424
130
6704
739
212
893
1608
1669
2969
1187
51
5171
974
1576
1825
12
1647
1215
535
8
2026
1374
58
1077
870
1067
643
5329
1809
403
1300
637
472
2005
6368
185
1174
773
303
69
523
1631
1204
1443
2439
977
130
772
4915
2354
362
1552
1965
1044
2586
217
1186
1528
980
4240
2734
714
901
213
699
491
320
479
672
391
1005
2689
85
1794
99
200
1530
1199
1216
858
504
727
2594
2353
1774
1040
951
2104
150
698
700
3069
163
1958
1078
1455
2009
1548
3890
568
3481
2470
1012
830
1070
1897
54
1768
2234
948
286
784
615
67
3863
2033
984
551
4819
2909
1555
53
1395
4730
4612
5165
1149
1164
436
402
471
859
630
1450
3227
651
3685
928
1741
1803
5326
262
481
383
1126
339
377
2768
2914
4733
2268
1833
535
108
1437
816
72
264
552
579
1007
1684
3
407
361
1558
474
94
1690
2094
228
1073
49
439
2832
153
4483
292
308
134
384
2108
339
1364
918
2413
4154
335
2790
820
317
1061
1157
76
2989
785
1200
568
738
278
398
81
1427
362
3575
5038
19
719
3553
2204
551
1585
317
144
177
3285
1036
602
837
1575
715
2045
2035
236
1244
295
482
3048
9031
817
2669
104
643
1316
141
1180
1373
1155
3040
56
6460
519
4891
1743
299
107
4301
976
1061
982
296
2837
1861
2977
1368
1289
6832
245
233
4055
5265
800
1027
5439
1062
181
706
5137
74
5297
491
2173
2630
3187
4994
752
1365
1470
3576
1654
4183
237
1939
27
767
249
3391
2517
814
866
3418
581
420
4417
91
724
56
1246
817
1290
521
411
2332
3588
554
2998
182
1238
100
2813
683
145
994
736
522
366
662
210
3098
187
4974
493
3435
573
4000
1334
83
4828
5855
1669
822
447
601
4204
2463
3985
697
465
517
409
825
503
245
2719
3005
232
447
1740
271
1542
1861
4313
835
467
2931
2841
3162
1701
63
3878
619
27
1494
3607
1369
660
722
1341
1320
1019
381
1913
625
492
24
667
539
580
2621
1266
1131
2220
11088
1832
2055
744
243
1203
1150
2
196
94
4
176
710
651
41
238
1899
1946
500
245
2119
1601
191
261
160
782
2226
480
88
2667
1443
2361
6172
20
1701
2277
111
124
532
2085
243
814
1630
563
121
163
1904
218
1818
887
217
1353
1495
4194
134
2817
1552
379
137
430
961
2912
474
17
190
2847
1464
2401
3760
131
134
1217
130
1122
2531
2371
35
504
2511
448
3268
176
1876
432
3374
515
2153
1099
390
2568
2329
327
1348
7935
96
1711
194
21
2666
3045
237
129
587
1623
1832
1841
3762
46
186
669
1476
549
3605
658
1845
438
52
439
3937
1270
3946
261
1189
2773
3637
9153
2420
503
650
112
492
933
810
225
446
1029
1694
3344
460
641
1678
2340
2018
1735
2553
79
5108
380
4864
1147
1196
584
41
428
945
1996
1304
1079
725
486
434
445
2147
580
1112
2563
940
2279
326
1104
250
1584
964
333
5216
1350
289
1566
480
1658
