82
13
150
157
95
41
12
39
24
79
84
14
478
252
30
710
385
44
253
73
217
108
279
229
495
38
123
112
3
160
169
276
41
325
194
10
239
261
65
13
299
86
255
43
121
359
4
115
36
38
103
17
402
29
444
374
706
56
108
9
467
82
177
442
166
191
496
76
205
561
154
186
469
102
78
288
494
169
12
374
421
34
283
26
3
261
213
375
545
163
284
196
48
68
669
23
650
265
72
78
117
291
275
65
100
200
523
291
268
17
51
410
130
472
23
128
77
92
82
135
30
141
232
186
403
82
327
67
286
206
989
670
16
351
265
9
73
2
74
86
6
287
91
688
57
447
39
384
46
196
21
34
453
156
284
67
162
61
196
351
619
310
82
322
1180
107
13
47
78
395
269
234
54
177
52
75
176
208
239
15
85
194
201
292
226
212
203
151
442
433
165
135
11
170
82
47
44
425
1
37
4
372
185
145
161
590
176
398
53
8
483
31
241
61
69
127
184
528
350
248
167
242
118
164
138
31
1186
122
121
63
22
5
182
25
44
12
231
118
35
17
6
457
363
77
15
149
185
189
9
58
178
1
15
507
29
83
400
1158
85
86
330
281
17
134
16
256
112
14
210
262
79
226
189
44
93
45
106
476
93
148
546
80
175
290
328
8
396
286
45
241
692
245
465
301
767
53
91
136
264
97
150
94
118
499
36
270
229
3
165
24
161
204
142
479
227
198
84
147
243
827
202
365
125
87
358
416
236
494
81
121
318
31
204
52
555
374
48
161
5
203
635
345
424
583
494
187
162
9
10
7
72
1069
320
9
274
45
221
62
46
2
162
390
216
147
526
8
102
135
97
34
82
274
498
165
197
11
268
316
46
43
145
184
384
171
12
216
68
223
32
289
139
217
378
795
367
156
139
10
79
7
84
217
143
214
110
106
416
28
46
194
57
29
75
262
2
275
50
457
356
86
189
287
168
155
75
324
428
245
261
179
229
373
46
64
84
134
11
16
1626
402
283
109
105
229
57
32
392
248
246
17
188
116
601
71
260
8
360
238
425
495
364
156
540
149
803
100
201
34
58
270
119
135
43
337
14
537
135
76
562
41
201
299
87
12
283
2
2
281
71
563
93
93
209
51
69
205
6
62
319
340
4
170
431
206
58
337
88
75
4
248
225
57
231
19
191
132
53
85
300
683
189
237
48
545
228
105
262
132
37
77
89
338
473
168
115
254
59
214
332
563
253
178
21
63
173
978
217
268
604
2
39
94
14
308
70
23
131
55
51
261
286
497
612
18
82
274
210
79
79
97
60
176
328
794
21
196
149
114
135
579
253
299
457
216
28
22
508
356
37
211
306
184
6
114
288
158
176
207
18
447
198
457
36
170
431
125
9
4
4
696
107
200
122
31
2
206
159
389
36
120
181
22
173
230
62
432
208
139
71
248
835
15
150
23
38
79
118
259
52
48
17
53
33
162
349
75
11
182
387
237
172
69
47
8
277
571
686
348
11
146
15
31
61
230
188
25
684
75
35
255
290
62
66
514
221
12
327
329
23
461
259
96
2
182
72
435
55
179
101
52
57
251
334
93
290
83
214
310
179
3
120
293
360
35
60
590
298
282
9
12
145
448
461
513
403
12
85
114
59
164
253
61
326
17
99
209
199
138
33
458
415
12
677
597
173
130
226
18
228
1628
303
211
618
512
56
3
266
51
350
80
1243
313
257
162
134
361
3
28
441
446
308
110
216
247
43
146
123
907
415
141
183
528
103
69
414
264
53
187
17
201
275
453
102
44
24
49
319
250
96
27
70
16
803
297
1088
153
30
6
186
99
601
7
96
183
41
167
118
24
186
212
235
508
610
114
652
130
70
219
28
160
314
53
149
129
23
208
199
271
39
923
8
834
29
202
266
254
573
225
35
204
190
128
68
117
35
266
194
83
143
1
206
371
241
30
57
166
156
173
81
453
33
104
343
371
70
181
175
168
233
271
390
282
7
218
134
100
22
164
127
18
6
92
31
312
31
132
90
359
41
143
118
126
297
4
200
51
649
27
165
260
307
260
1
406
246
406
55
17
108
251
75
322
191
261
248
28
30
59
46
28
312
176
315
134
28
11
113
222
156
302
160
37
9
139
634
863
378
79
277
408
267
70
357
127
333
173
8
118
213
47
35
143
167
281
52
73
14
104
199
182
315
143
96
202
483
115
41
193
12
217
564
463
242
111
89
44
37
178
25
940
119
22
15
135
395
184
142
139
459
221
108
42
404
147
146
37
263
443
44
66
366
171
160
114
130
58
783
378
301
209
100
108
220
41
668
51
27
127
147
66
69
425
261
567
190
216
432
235
78
276
269
70
167
66
17
115
136
66
54
630
158
10
40
197
165
43
291
249
92
233
151
33
23
24
58
13
91
452
56
816
677
317
179
215
82
151
278
238
269
151
136
33
98
867
305
211
58
37
118
269
23
396
55
118
22
15
41
223
256
49
151
120
125
147
501
175
7
600
144
532
15
228
5
4
63
253
748
328
41
120
1114
811
241
40
10
99
4
40
357
212
1
277
72
306
167
221
492
346
466
288
23
194
347
115
102
236
529
717
76
27
3
15
588
386
115
72
427
34
181
15
270
163
234
75
210
52
13
142
12
133
200
112
332
311
42
83
52
6
109
122
4
47
93
186
125
94
55
281
227
79
239
356
769
262
73
31
74
292
480
118
56
106
332
226
163
72
440
96
174
3
340
282
124
360
292
67
423
167
7
340
241
399
38
248
58
535
498
193
6
132
284
777
225
67
428
411
7
14
181
136
794
62
23
360
334
130
99
457
49
525
379
105
276
98
327
48
435
902
12
471
117
115
71
121
87
727
13
232
11
382
327
162
251
379
495
88
507
401
171
39
158
520
61
231
997
426
155
359
34
36
367
118
164
166
651
24
121
10
38
398
265
36
102
95
289
58
370
286
208
146
206
85
204
322
219
33
126
386
84
8
175
61
118
96
78
600
63
392
23
3
39
265
28
66
159
54
188
39
105
251
649
1270
42
70
411
56
447
278
623
133
32
371
87
537
48
97
504
37
82
67
829
229
142
301
1
44
614
151
48
130
98
118
35
283
712
306
573
121
18
51
59
421
48
4
185
109
163
432
139
733
125
174
48
607
363
233
434
44
216
131
158
191
31
368
139
1
1
1
129
152
106
217
727
58
54
34
110
121
13
294
388
185
974
14
5
9
279
545
128
197
520
456
326
17
157
30
36
59
220
78
120
18
540
271
310
482
144
1
168
269
119
126
624
531
69
81
33
642
43
10
10
199
62
93
62
320
543
210
204
49
63
152
110
905
90
118
381
151
360
424
429
324
42
68
144
298
28
24
445
27
103
55
122
624
20
409
371
137
14
161
192
191
85
115
4
61
10
594
31
211
5
38
179
337
240
101
23
204
304
5
380
47
38
306
164
334
61
824
32
76
9
185
148
385
239
155
746
68
416
97
296
211
240
23
2
127
11
183
3
43
48
656
130
15
294
58
283
56
92
138
40
566
96
86
404
620
35
13
118
106
244
346
15
497
228
9
368
212
192
164
19
34
61
142
54
142
7
32
61
126
43
90
72
183
409
33
1084
33
32
288
91
213
127
39
255
486
215
87
125
171
41
72
417
146
327
132
4
310
58
520
267
112
93
196
36
33
574
120
54
457
24
411
7
38
172
220
37
146
357
100
23
391
403
69
57
118
161
23
538
245
547
160
136
452
350
346
323
50
1021
479
97
144
105
73
177
68
91
756
132
279
255
355
93
487
483
13
493
377
77
165
1400
16
230
13
185
227
298
66
93
661
272
455
46
117
532
461
301
77
107
26
193
106
22
11
101
19
333
200
29
109
189
373
131
52
694
302
21
10
3
150
20
406
87
78
53
34
261
201
280
20
332
184
95
469
22
476
258
347
208
25
389
347
256
263
82
58
53
49
763
857
223
105
243
113
86
130
141
7
102
11
200
16
157
101
76
73
184
31
163
98
43
253
1511
48
4
191
91
204
457
284
28
210
547
782
436
72
282
35
163
156
29
448
29
459
185
106
26
138
110
41
522
182
42
101
696
132
374
52
226
71
205
178
154
208
182
177
25
99
186
607
366
220
315
39
163
101
190
259
62
35
89
4
447
18
1
14
334
28
325
94
165
201
15
50
270
58
56
26
269
83
14
137
26
128
47
78
185
140
208
11
101
35
153
11
103
87
36
123
10
373
167
1051
60
535
43
221
161
199
697
49
200
230
193
421
116
84
67
244
24
16
29
761
104
137
104
209
287
49
257
25
200
122
28
159
25
32
276
46
264
82
566
114
2
29
67
102
56
131
63
52
22
348
477
143
708
581
81
76
205
144
31
126
35
167
20
421
64
22
62
299
280
330
2
17
83
122
239
16
24
199
246
207
697
338
73
78
363
109
791
22
92
213
173
298
134
65
13
347
5
252
71
142
55
47
716
379
223
81
238
158
452
47
290
196
11
171
82
59
118
274
36
430
390
263
49
147
191
62
359
221
221
180
67
275
5
363
130
322
47
32
172
24
564
393
150
59
171
64
437
130
258
841
17
17
181
127
251
190
121
111
885
103
59
16
4
104
132
416
128
8
130
180
15
185
270
150
267
28
86
339
675
1245
405
263
122
383
11
146
609
18
801
40
216
323
8
381
263
51
147
193
234
131
160
2
173
13
9
2
48
301
194
345
11
15
167
163
233
405
15
402
341
3
246
72
47
1
235
127
389
86
48
116
197
585
191
55
13
263
36
104
677
33
20
27
434
152
43
32
32
3
129
499
69
116
18
149
2
49
116
725
340
991
142
326
199
127
96
45
359
76
148
68
248
166
77
334
443
183
277
40
487
126
737
430
20
793
3
161
123
241
112
60
156
128
125
392
207
236
3
127
770
7
169
187
370
428
28
358
88
191
368
901
138
547
16
242
715
687
89
17
156
446
90
107
60
557
184
892
126
474
176
265
106
419
36
14
231
89
349
164
44
66
55
97
196
61
59
8
38
2
309
536
294
143
85
4
49
6
624
67
108
596
225
162
4
605
44
425
309
147
146
120
358
20
256
90
241
1
53
61
190
750
258
61
340
96
341
595
35
348
115
36
239
426
130
97
208
150
6
73
41
84
18
125
159
78
335
451
269
133
149
59
86
3
314
304
185
6
53
472
615
416
324
123
295
298
254
131
716
114
202
107
194
69
34
44
136
226
67
19
209
49
231
68
121
515
421
143
255
40
205
108
21
27
26
103
71
20
54
14
78
225
373
201
498
425
424
254
329
31
223
36
117
240
134
134
839
62
198
66
176
25
99
204
226
137
108
90
172
442
351
152
389
489
496
209
6
43
103
617
6
617
203
45
121
147
980
180
168
114
366
299
109
104
80
175
157
69
39
225
223
46
187
58
98
157
285
64
34
18
12
252
218
24
73
71
85
12
105
119
465
141
153
304
12
140
177
168
39
161
40
290
53
114
594
48
213
49
119
330
98
57
220
5
681
88
56
28
316
113
147
14
92
410
792
17
89
47
1087
278
5
42
39
101
17
179
169
392
35
167
274
450
313
147
212
2
140
27
116
6
76
47
77
55
147
593
660
135
120
750
122
115
158
25
687
1
71
93
196
132
19
469
566
56
48
502
46
359
80
439
59
80
45
10
39
279
662
3
30
10
458
365
6
476
20
28
51
19
28
342
31
59
77
133
353
66
80
273
132
346
447
183
30
92
43
126
56
161
106
66
285
451
159
99
170
7
44
330
42
140
21
84
340
93
282
60
287
218
154
28
185
215
59
480
62
276
131
112
89
29
34
236
47
91
101
198
243
106
332
442
229
96
102
249
19
65
148
52
308
154
289
404
7
478
308
12
375
18
202
307
25
334
211
10
24
143
151
101
43
453
20
105
86
92
49
255
165
364
35
52
33
143
184
217
55
301
38
11
126
5
323
177
1
350
318
451
97
33
63
164
114
560
101
284
104
85
616
142
321
23
367
154
140
319
168
150
275
149
156
302
226
726
129
128
109
84
24
35
9
168
365
167
145
125
194
102
234
474
89
239
260
120
271
101
84
386
130
9
159
302
337
154
50
215
124
258
19
224
115
60
313
110
154
225
409
305
160
205
334
83
70
85
16
5
390
276
227
54
23
46
280
47
270
19
195
177
1052
234
441
62
656
158
38
34
494
222
255
128
257
437
209
27
5
933
45
205
5
640
552
499
139
332
12
120
479
187
97
162
123
98
133
109
164
357
37
379
164
407
535
205
1253
204
306
140
120
67
159
72
24
196
915
76
55
181
12
65
66
376
55
107
32
38
1
208
150
108
55
4
46
332
4
156
93
208
123
1093
35
161
14
165
232
25
143
122
491
52
372
10
86
310
230
172
174
278
147
65
74
86
250
188
41
126
30
77
344
626
204
246
195
317
63
24
50
281
189
2
37
76
123
10
235
125
29
3
120
424
192
611
68
287
291
1120
223
53
43
205
13
39
112
20
164
111
55
64
242
33
66
40
538
111
10
156
23
115
83
53
429
129
25
248
357
532
140
23
237
77
142
284
40
147
84
62
714
24
174
165
112
32
50
144
12
118
136
142
14
53
639
411
43
4
27
52
315
341
24
118
923
41
273
22
85
128
210
27
104
801
40
23
463
404
58
127
145
71
256
231
9
414
64
43
810
601
788
659
120
290
139
265
408
117
95
516
104
55
394
338
189
56
286
43
484
65
103
54
65
67
110
371
201
367
351
225
14
434
292
160
107
350
75
630
189
237
74
55
360
995
897
100
561
524
105
93
137
233
51
106
24
102
533
26
1105
31
67
122
56
963
395
71
147
41
207
269
97
145
168
237
79
202
6
150
357
231
30
13
69
99
1
566
726
29
1030
80
514
124
194
35
21
27
419
228
98
69
63
4
460
137
82
192
228
62
21
116
176
281
276
3
377
415
19
23
7
444
146
351
172
7
62
194
82
522
158
35
159
119
211
489
65
193
491
85
59
195
425
160
508
318
259
21
145
462
22
93
139
137
731
305
75
47
8
1
34
113
184
28
784
307
335
130
620
510
36
484
423
91
41
612
269
110
40
902
41
54
485
96
402
187
517
235
324
173
430
290
71
30
68
46
270
688
110
460
85
235
10
366
79
146
434
32
291
189
66
264
17
94
194
312
241
164
6
299
101
15
32
89
49
81
117
52
23
149
84
309
34
25
504
80
82
159
199
267
12
430
68
48
1366
65
106
142
110
256
79
10
88
119
418
174
233
397
740
388
46
349
267
565
81
54
86
147
72
525
111
603
62
642
195
209
247
187
334
598
380
70
209
165
95
667
367
189
24
285
35
115
421
291
382
197
164
563
283
127
105
32
298
544
277
85
79
429
539
26
198
325
87
258
4
150
282
18
252
117
278
688
301
237
31
42
373
33
57
251
984
44
338
42
6
128
623
5
299
507
177
127
227
46
201
77
4
112
405
30
272
14
181
80
2
293
575
818
242
54
25
143
317
112
494
364
173
342
47
33
107
43
185
589
106
36
56
145
408
102
103
133
32
540
329
2
236
54
64
158
22
75
208
203
128
84
298
104
134
228
104
59
22
86
35
330
286
103
272
57
111
102
645
32
143
287
15
171
481
12
41
146
133
82
15
93
114
34
395
390
566
21
87
258
79
5
182
203
124
186
58
30
61
170
131
651
57
287
19
381
32
65
38
52
219
177
807
7
459
19
27
114
216
248
167
8
12
366
664
10
751
200
80
64
123
55
58
117
105
24
179
81
178
272
61
4
184
84
120
311
288
293
11
300
91
16
258
251
39
87
11
160
37
53
433
99
58
435
22
84
199
174
23
313
278
67
3
165
38
110
40
100
40
360
75
113
256
190
109
308
242
497
591
859
25
390
118
6
608
1002
140
30
142
49
581
150
160
168
145
119
2
542
78
112
143
138
100
84
73
251
533
168
478
68
265
56
777
334
337
3
372
11
476
426
63
277
107
273
59
131
301
148
207
15
37
117
28
38
51
144
61
225
587
224
99
303
189
42
160
129
15
29
39
390
209
96
95
102
47
12
340
8
409
98
3
142
135
51
306
188
327
1
314
4
1
232
119
273
27
171
40
40
35
26
61
490
14
151
60
435
21
212
198
514
740
20
126
33
42
9
196
145
394
622
117
17
232
789
22
851
330
7
4
28
262
36
247
37
108
198
19
114
232
83
84
847
389
34
197
152
319
24
52
15
25
215
47
149
499
94
236
210
49
17
44
330
479
108
136
267
24
426
35
491
17
116
64
199
118
7
86
800
193
100
2
62
55
38
58
387
165
54
156
207
6
2
57
38
13
90
9
30
231
104
56
154
176
314
733
44
198
20
323
498
128
458
483
56
100
33
366
154
193
294
27
1
190
322
114
384
4
307
90
202
66
145
27
143
227
176
610
99
56
325
42
65
3
67
15
129
172
411
61
17
92
189
131
276
810
144
201
278
71
425
77
1736
131
34
4
23
249
347
88
228
69
243
51
29
542
3
236
64
699
238
218
986
20
262
106
67
320
25
89
11
170
31
22
21
78
401
11
66
698
100
189
213
43
45
173
56
163
107
36
51
44
264
173
12
106
52
43
25
185
32
405
304
335
28
165
1024
466
249
378
216
98
347
127
70
51
58
132
32
121
46
100
143
74
1
328
254
67
182
20
47
224
46
48
301
49
90
1084
34
374
152
41
43
124
567
367
65
22
150
60
201
131
102
264
155
157
13
74
78
393
59
337
274
83
210
393
240
122
11
11
36
166
64
168
197
496
99
52
334
16
108
213
11
114
243
515
62
125
26
570
289
1119
218
60
18
69
49
84
74
37
698
205
366
11
2
415
26
52
46
89
137
58
333
147
204
203
65
322
339
181
91
664
182
176
24
100
8
167
78
93
215
89
27
97
501
189
267
4
84
8
168
529
130
364
147
332
68
271
42
170
462
18
155
456
67
1
82
26
3
25
63
240
7
66
123
334
129
381
105
984
228
3
41
934
306
237
96
7
25
3
180
476
7
40
297
368
121
33
183
36
493
641
895
29
58
13
220
142
275
60
49
721
266
83
293
153
51
195
123
121
75
471
42
308
481
91
253
9
233
173
60
143
327
135
65
122
6
93
90
87
82
133
31
5
294
37
57
81
2302
454
253
57
260
66
193
229
213
206
307
152
447
12
408
163
303
120
29
64
138
267
209
48
93
197
42
72
48
245
27
154
188
708
445
3
88
370
67
27
517
177
86
229
81
11
1
401
67
55
741
150
646
324
272
123
604
517
147
20
275
114
236
67
438
313
81
95
142
58
19
99
61
75
406
639
224
26
145
215
39
176
53
65
6
35
902
99
55
108
49
104
366
435
659
487
177
938
432
216
22
102
10
40
105
129
239
388
64
19
361
276
53
70
180
276
171
85
133
41
66
209
212
20
188
548
621
106
80
109
343
139
206
23
170
44
147
131
57
847
210
76
497
198
3
140
162
203
28
167
371
266
42
123
68
281
69
216
64
6
150
203
172
246
1
622
350
142
73
142
11
361
192
238
275
300
275
90
58
11
67
844
48
182
255
7
41
165
50
5
176
1
692
101
116
268
68
128
456
246
595
74
551
59
86
539
92
141
71
10
95
188
62
296
45
133
358
187
816
225
39
8
242
40
23
106
193
19
494
94
6
62
158
100
13
399
43
83
266
607
157
115
214
186
283
502
508
1
52
67
509
652
29
53
19
85
147
122
55
352
241
70
493
25
136
103
135
13
133
66
174
250
41
53
2
217
154
10
318
42
272
87
270
126
198
87
126
38
322
44
4
264
59
120
182
153
184
49
119
290
216
78
50
63
431
297
119
26
11
482
70
7
404
152
301
102
104
49
281
12
80
34
167
49
163
96
105
9
276
233
36
42
16
420
33
68
29
109
744
361
38
42
195
76
123
134
339
81
511
42
129
387
318
112
346
223
73
36
236
489
74
90
319
102
195
25
74
6
47
58
257
534
68
43
192
286
557
192
120
29
526
142
207
62
200
26
164
42
11
225
200
7
44
151
11
89
122
63
316
245
424
98
190
163
48
254
230
435
190
62
20
185
143
156
544
47
284
186
202
22
45
5
7
158
29
31
275
324
91
88
153
97
69
57
106
62
324
217
841
35
74
81
57
137
426
62
471
285
23
138
101
81
24
860
143
41
379
14
440
314
3
24
49
19
302
180
57
80
152
71
205
40
275
6
104
64
6
226
19
114
3
26
4
371
41
1
186
56
33
22
94
56
124
106
458
294
41
827
269
14
565
19
146
24
87
401
163
336
262
42
217
74
413
147
184
22
219
408
217
20
580
125
147
23
32
78
180
60
161
28
428
57
424
268
527
299
94
193
60
20
176
53
4
33
427
39
157
126
67
156
44
575
130
45
54
396
33
187
506
103
72
169
7
565
182
91
207
56
200
55
169
221
345
627
150
440
424
83
372
446
60
243
7
520
147
91
459
7
97
337
170
547
438
308
143
220
201
477
126
20
32
72
271
72
150
65
88
527
107
184
23
316
134
239
93
375
303
80
8
183
215
210
235
218
265
492
121
378
219
479
69
168
20
5
230
16
16
113
89
442
141
462
21
10
1387
122
5
134
23
111
243
4
218
61
487
19
63
341
454
157
2
25
569
602
205
316
231
29
62
268
122
11
78
7
37
93
399
422
353
238
8
2
160
476
130
138
145
515
353
376
8
7
441
363
61
170
78
42
213
78
310
110
124
309
201
777
191
165
575
504
535
71
413
107
55
9
252
211
397
202
287
522
320
11
3
395
25
50
152
156
8
39
359
75
69
36
257
244
211
171
11
99
40
249
244
139
113
58
4
28
147
148
445
20
23
82
203
73
12
54
384
293
4
416
146
380
446
143
81
918
253
403
485
126
231
17
219
21
17
147
237
52
84
12
280
96
57
304
39
151
103
393
138
164
204
85
13
283
38
97
49
196
89
86
306
123
65
9
10
336
29
80
149
57
348
453
49
27
174
3
396
86
99
27
26
8
125
209
81
38
442
3
91
69
145
239
71
22
10
145
21
289
279
439
97
725
152
114
454
658
24
85
10
4
45
231
1
66
159
3
283
151
776
295
385
317
237
12
270
98
202
241
121
40
19
53
64
52
205
75
40
41
185
177
218
923
66
312
591
452
44
362
347
217
53
197
5
105
169
1
191
37
14
29
115
94
56
30
242
38
172
136
38
178
338
288
970
117
284
54
176
391
194
183
81
51
391
372
19
183
152
50
48
78
89
94
484
49
205
592
259
249
222
133
79
129
237
360
148
240
221
124
55
165
332
224
37
277
220
207
27
553
33
97
87
161
357
54
368
120
43
42
97
39
99
415
197
172
971
5
503
7
50
304
95
740
217
228
468
64
239
115
66
395
121
121
186
233
41
76
126
110
169
63
165
28
18
406
113
222
280
80
55
247
229
21
272
31
160
199
78
60
182
48
214
499
29
18
56
161
242
176
522
127
234
352
553
126
14
303
15
384
63
40
525
178
64
18
383
150
222
13
522
19
324
169
275
33
664
137
78
374
4
69
475
29
442
229
473
272
79
57
10
127
137
241
269
180
81
62
321
480
1343
198
8
96
240
298
5
76
286
401
178
141
312
187
241
546
336
506
1
260
4
9
433
98
15
110
231
346
10
67
210
398
21
474
35
13
106
196
29
26
34
51
166
190
558
354
190
81
34
243
292
490
31
108
854
24
27
85
17
102
264
255
98
52
173
340
177
386
524
231
291
67
582
117
121
6
88
47
9
420
849
34
451
145
43
129
23
238
28
74
43
39
586
241
115
94
291
5
71
22
842
342
153
280
19
136
160
124
208
2
53
3
236
281
113
715
484
140
187
442
134
254
543
196
121
138
118
24
318
256
23
56
179
218
66
889
191
45
318
633
362
544
79
319
15
189
552
31
136
80
276
255
386
352
468
261
182
382
334
497
137
312
148
122
24
236
6
13
37
15
28
1
328
7
61
401
130
396
441
262
78
182
5
54
401
214
103
40
104
39
73
79
33
214
404
620
229
168
808
20
316
19
1087
294
17
148
40
138
261
223
318
184
267
249
359
166
244
38
77
32
315
253
7
98
315
106
481
164
51
340
140
540
133
14
193
578
239
155
797
131
31
148
19
16
29
269
224
79
190
156
309
293
90
204
222
104
381
84
183
581
59
312
179
201
66
13
239
163
76
76
23
264
286
542
1247
672
32
344
335
43
376
343
603
20
72
138
53
451
111
12
139
172
210
144
26
506
293
10
197
242
16
5
19
178
28
166
419
213
369
117
68
253
127
201
531
59
75
377
176
21
595
300
213
88
58
223
85
152
155
482
216
1
51
236
227
75
7
133
330
3
204
852
199
146
347
45
291
1021
84
201
768
146
334
23
149
60
265
117
4
9
3
217
197
13
1
53
136
251
359
405
176
66
403
71
228
1
216
9
385
29
122
264
148
23
37
53
298
1
115
74
613
26
501
107
5
50
32
326
70
96
376
468
297
325
117
752
330
400
109
22
172
97
312
70
181
71
233
173
87
6
207
129
34
200
380
246
248
295
356
144
222
474
55
1
17
571
406
14
145
13
64
9
169
505
195
644
117
300
246
440
83
383
8
96
660
65
258
137
241
737
39
70
205
36
396
14
2
106
488
77
62
63
157
296
111
60
58
116
99
95
623
503
26
223
426
60
199
341
487
218
52
387
218
88
50
63
181
127
364
31
2
15
76
501
6
1268
374
85
9
322
538
183
58
175
120
228
157
67
84
65
5
106
12
3
23
35
63
13
77
474
139
17
96
4
95
98
355
362
102
515
14
143
22
19
46
6
262
455
187
68
409
46
162
81
577
11
43
25
214
76
31
139
531
128
450
353
414
170
174
9
358
389
128
210
115
98
304
155
163
78
3
172
311
295
448
68
23
22
1241
106
15
531
40
7
158
33
32
53
782
214
352
12
129
56
90
303
138
212
28
417
195
120
64
419
322
172
869
398
187
23
7
132
124
21
237
58
308
135
272
490
568
355
156
305
48
530
570
14
92
7
26
1093
20
437
137
225
109
481
511
316
214
665
506
176
369
48
359
25
270
318
256
206
404
139
248
202
285
71
823
176
311
61
144
220
144
367
453
192
721
17
119
72
23
16
468
22
516
145
7
231
208
428
88
204
258
250
131
103
178
288
149
68
138
305
475
45
65
23
13
367
12
238
11
605
26
236
104
79
3
129
351
421
37
27
32
125
201
112
13
77
296
51
78
25
68
107
87
137
15
38
114
15
133
126
266
31
59
79
13
205
594
119
126
111
43
444
189
614
456
314
85
146
29
57
68
259
8
114
240
126
203
131
333
44
418
40
84
37
55
16
301
129
50
148
162
417
749
936
34
123
21
233
450
327
341
610
337
358
80
375
843
57
139
70
169
230
61
331
58
148
818
295
159
1207
182
376
369
1139
384
506
5
342
82
114
29
36
48
162
474
533
108
58
222
119
32
280
48
57
4
140
386
562
180
130
87
223
138
180
11
427
284
5
233
102
185
161
56
364
650
422
31
7
288
21
405
211
419
96
19
57
659
671
2
81
711
1085
55
123
378
33
438
31
11
24
198
214
39
369
17
169
302
261
626
226
53
118
57
53
448
1420
35
8
158
12
74
86
84
71
204
695
92
41
213
72
179
74
252
234
50
235
488
75
193
40
200
617
88
135
117
24
9
82
9
24
71
279
453
17
33
164
72
142
597
183
497
77
340
1
245
16
327
327
5
63
221
49
289
246
87
316
31
136
79
71
56
135
203
105
318
28
26
154
204
207
175
264
44
163
197
110
15
188
115
444
117
122
44
1
171
86
257
11
165
195
153
47
499
123
254
226
345
165
16
2
209
557
89
41
26
46
110
156
7
205
120
383
458
44
45
440
110
226
332
59
22
1584
99
251
145
97
125
54
722
87
424
166
50
468
144
198
109
94
99
530
201
195
159
91
64
118
89
70
534
635
147
91
184
272
44
161
302
799
51
27
223
73
223
124
422
249
295
22
182
90
131
31
161
247
2
52
272
4
265
27
71
71
361
248
145
61
497
696
17
277
484
212
195
62
185
138
247
20
20
143
377
115
157
24
267
124
19
701
74
426
139
144
444
10
11
78
313
24
99
427
57
82
52
136
234
1011
218
12
3
22
243
45
187
159
137
153
84
414
140
199
102
216
23
151
7
332
71
27
226
25
391
42
431
338
365
111
27
179
5
25
340
696
414
48
262
22
231
125
69
378
338
101
126
89
184
50
183
347
401
623
57
305
286
85
197
378
539
1011
58
312
7
13
329
1
289
236
113
324
106
159
84
733
286
716
22
301
241
230
388
587
201
137
96
69
1070
12
145
42
618
29
71
4
63
583
41
6
400
122
224
56
82
69
611
181
109
20
288
115
463
159
868
1002
131
3
186
324
187
13
25
144
114
10
66
288
24
257
111
216
210
316
66
54
991
40
1140
23
111
245
336
72
36
57
248
125
118
282
208
2
313
97
151
71
1138
125
5
362
91
50
129
180
110
37
6
186
38
200
554
584
160
146
179
282
13
937
153
86
309
225
49
291
254
372
30
284
298
125
32
45
132
92
5
190
4
63
1
527
46
4
627
250
6
66
73
35
30
35
274
47
461
51
85
172
15
298
888
12
2
98
29
293
456
488
169
67
61
16
31
45
4
6
184
100
23
145
232
37
522
496
868
178
78
12
149
253
399
15
104
118
253
143
141
49
316
44
365
224
148
63
88
1
98
43
290
512
113
20
236
67
77
105
24
513
38
414
281
302
453
439
76
42
350
3
21
195
611
277
189
38
128
41
263
290
213
249
13
65
285
101
365
159
178
238
233
222
102
67
196
356
119
25
26
251
348
299
22
240
363
148
9
902
78
177
126
24
201
126
20
41
76
471
264
256
5
267
19
142
19
252
108
687
347
284
63
168
1134
109
23
26
186
84
119
70
30
81
949
583
13
25
128
542
779
417
397
20
187
89
8
111
216
618
203
625
887
406
97
77
164
27
355
23
4
10
6
82
59
403
204
83
35
86
43
27
66
185
2
191
352
78
248
71
201
119
233
350
736
528
454
55
185
50
23
24
719
231
133
368
141
72
133
50
168
105
352
17
251
293
27
501
68
304
157
101
105
970
38
74
143
126
80
125
26
327
22
538
160
132
11
455
263
26
16
218
78
43
59
3
42
560
147
5
512
12
374
27
26
176
325
67
12
357
252
129
828
780
21
112
287
647
557
140
151
69
21
226
48
279
42
471
40
736
68
267
152
10
374
225
28
121
656
68
488
94
181
15
100
158
339
24
200
53
198
100
63
117
276
413
264
255
29
242
636
90
31
228
522
346
40
344
147
593
53
150
3
42
89
8
118
214
624
928
84
129
40
471
929
454
4
213
477
137
522
83
118
187
763
193
438
87
510
75
68
202
294
308
32
62
131
20
182
225
122
32
284
410
23
158
220
191
586
165
20
48
459
42
232
100
199
217
55
240
418
502
153
72
880
471
13
6
252
1632
184
38
76
368
461
346
78
130
650
236
484
128
61
84
491
263
13
443
345
42
386
191
424
163
42
33
14
128
154
224
3
643
151
633
358
392
7
301
431
691
56
87
188
495
208
160
209
88
392
327
437
44
82
88
3
512
114
463
187
14
169
407
67
58
23
324
186
16
198
383
162
30
454
996
486
305
63
82
699
259
19
9
31
544
192
112
622
181
44
482
195
11
5
184
45
323
163
83
3
339
110
71
21
203
375
9
392
240
136
28
1
30
5
128
46
279
123
97
107
665
133
198
88
66
453
971
126
124
543
75
2
575
504
46
79
292
268
397
113
54
194
4
119
104
13
203
587
49
1127
4
139
25
29
223
979
166
90
13
497
101
69
83
33
40
292
260
28
25
322
19
49
257
3
229
41
96
274
9
134
166
169
32
581
200
40
132
58
104
719
626
472
71
51
99
211
78
89
31
36
90
37
536
81
105
1024
354
140
201
315
727
551
113
152
24
32
48
661
270
161
256
49
27
177
76
273
123
36
545
259
533
95
433
115
378
236
607
24
302
99
102
418
100
369
115
151
1
101
27
38
14
170
317
94
11
304
272
30
67
62
23
39
16
632
48
300
452
140
288
144
117
53
48
395
358
159
16
5
16
279
448
14
148
1073
111
37
74
154
33
73
203
37
110
66
479
174
9
236
101
207
175
225
94
75
196
59
60
276
235
320
309
275
79
252
163
14
219
121
137
196
57
48
221
194
6
222
8
98
166
136
338
116
453
37
334
364
179
182
405
376
213
238
30
153
483
64
145
281
117
107
31
7
40
65
60
13
31
54
528
378
83
176
206
209
36
196
465
40
3
741
188
104
8
12
271
195
38
217
574
178
5
44
208
594
77
2
143
20
321
110
338
165
77
334
337
661
80
32
39
167
121
245
103
37
7
174
268
87
855
679
139
58
94
315
29
136
101
10
362
82
126
160
491
75
498
669
52
587
3
114
106
44
231
35
384
121
2
173
112
80
267
363
269
120
16
154
665
83
87
5
110
44
137
4
756
23
85
21
587
92
24
339
70
258
112
50
109
37
137
526
258
110
35
108
49
116
73
204
33
135
97
117
66
229
11
590
185
91
248
198
107
159
45
245
205
113
13
410
40
229
77
167
46
6
455
492
352
19
325
12
259
56
409
239
57
292
89
153
280
128
33
413
156
127
111
36
208
634
101
39
362
45
63
89
38
377
250
4
56
201
113
106
87
35
21
93
129
553
390
154
339
40
117
193
54
285
95
139
6
119
62
2
629
455
115
158
27
90
191
41
13
91
119
19
409
238
338
354
124
7
26
95
494
22
489
27
41
61
548
63
19
118
105
63
332
280
49
405
86
383
18
291
215
323
292
115
46
295
5
75
68
149
39
59
211
105
84
379
112
238
97
740
151
156
43
234
197
273
29
284
185
50
199
260
360
70
52
129
45
412
44
133
1
10
280
403
220
90
375
234
558
107
20
94
169
29
288
15
165
55
220
394
373
451
399
149
292
272
517
15
426
174
117
115
88
29
111
11
203
52
238
31
38
832
36
99
39
301
462
697
117
48
69
220
413
441
281
304
136
266
103
53
394
50
477
471
575
99
74
175
46
93
28
133
4
425
195
302
78
540
148
192
301
162
203
135
308
29
186
92
449
12
445
16
409
174
70
53
604
19
396
149
236
68
156
258
494
381
845
457
53
106
13
34
79
40
350
157
203
295
74
264
564
479
201
226
559
109
373
34
369
241
6
529
162
328
227
119
55
497
95
104
765
407
7
288
212
48
101
671
260
640
618
310
77
190
58
76
246
486
40
106
508
228
31
370
128
84
327
249
196
413
360
349
15
193
144
131
151
68
227
145
174
601
336
159
415
496
183
38
4
10
162
78
982
276
204
222
59
1372
117
902
131
82
368
59
89
507
229
8
259
248
821
287
25
85
180
147
39
73
244
72
227
120
244
45
31
449
149
93
15
262
22
52
161
250
131
26
53
90
34
837
45
23
160
581
381
219
47
54
329
335
86
81
13
24
320
724
209
662
87
8
140
6
38
6
439
83
685
337
21
75
98
96
282
241
293
304
396
336
40
361
156
172
54
33
237
256
117
100
137
368
266
26
6
18
9
117
372
151
182
90
220
148
78
401
210
74
36
150
95
16
224
214
122
44
456
12
30
132
91
140
54
225
59
350
235
104
119
5
234
150
26
260
66
285
231
110
321
560
101
571
705
29
208
100
633
54
1123
72
645
699
189
37
98
76
146
224
88
13
163
59
79
279
55
298
208
72
102
92
392
38
35
101
450
93
60
292
57
308
35
86
41
278
367
178
223
105
158
128
183
81
204
190
294
72
495
200
315
68
155
331
53
62
194
855
73
141
172
89
8
206
202
127
284
146
81
247
323
558
71
591
49
45
30
227
324
32
81
160
411
38
288
79
153
201
201
269
51
45
332
308
67
231
513
73
450
238
413
262
104
26
315
270
137
133
225
478
161
113
46
257
110
28
17
487
84
392
101
74
367
655
687
238
223
168
333
63
31
20
318
168
45
18
6
419
62
330
260
374
175
20
651
120
64
73
207
194
314
105
99
204
95
99
207
14
351
169
263
186
104
28
66
215
417
196
21
301
167
4
102
122
57
239
538
341
214
43
465
31
175
217
512
600
210
29
339
142
16
243
262
217
102
181
140
107
422
49
36
745
260
156
743
107
154
392
2
54
156
46
144
66
99
53
67
45
25
55
577
175
158
98
64
671
511
791
339
453
246
123
392
36
1396
307
89
86
182
286
143
208
16
521
45
59
69
163
29
34
43
105
143
213
42
10
171
114
597
113
50
51
287
127
432
81
60
101
31
364
183
281
120
713
225
7
109
299
115
110
973
221
57
4
75
51
764
682
121
189
170
395
440
135
72
101
938
274
161
174
4
299
201
122
468
228
193
81
141
355
71
129
49
532
184
588
445
23
422
88
68
283
338
98
770
141
143
116
135
370
178
155
185
4
21
37
632
23
44
108
746
38
606
192
90
152
105
381
22
91
114
24
24
19
405
138
415
5
51
18
696
345
189
125
354
79
175
58
100
366
328
29
185
171
772
148
10
40
14
105
109
232
333
143
39
315
63
33
476
304
191
73
27
172
101
264
62
15
77
138
177
62
34
483
473
107
13
14
134
492
19
189
1359
177
503
75
36
314
339
62
286
126
950
117
21
378
615
144
79
22
163
448
565
61
83
40
372
16
45
326
206
336
190
69
330
308
232
107
718
48
269
78
163
43
137
312
85
195
88
2
27
283
310
349
4
255
99
41
321
155
209
225
11
40
829
17
272
248
424
438
426
497
66
238
301
135
95
20
673
138
95
121
45
12
301
264
57
225
75
129
19
175
132
72
183
534
19
1793
41
563
95
11
320
128
307
128
74
325
82
278
135
265
127
310
111
25
1
75
123
242
271
186
295
32
236
117
120
53
29
186
123
11
131
354
14
197
229
26
137
448
6
600
73
70
170
48
91
110
28
16
154
282
170
792
262
85
14
329
48
130
249
26
472
507
219
68
2
400
479
50
320
70
267
5
104
348
62
29
169
49
148
12
513
136
97
211
292
263
27
137
83
202
92
153
231
148
72
142
254
127
260
2
70
61
165
165
111
155
127
110
378
488
55
369
220
192
31
81
382
11
294
97
144
334
46
149
15
88
86
594
69
183
53
113
123
46
221
232
33
14
117
224
185
117
55
4
1
73
55
54
192
345
72
144
167
78
127
110
369
511
225
71
229
55
414
358
142
44
202
280
246
49
17
46
30
33
111
349
15
270
111
124
273
102
37
39
41
37
444
628
136
140
197
421
219
61
91
695
70
41
138
89
4
305
77
454
346
327
293
177
538
49
979
5
67
100
42
76
94
435
112
46
281
232
126
44
152
82
51
35
60
219
66
447
41
210
235
43
21
192
48
400
66
144
276
72
213
98
440
9
329
167
70
129
173
47
329
166
159
298
915
174
17
201
5
77
723
209
272
65
44
458
51
337
84
30
457
159
376
34
26
74
14
21
10
399
112
77
54
72
493
63
24
6
86
227
190
689
122
89
138
263
69
307
265
425
879
26
118
179
50
165
200
158
858
5
102
261
238
261
16
310
68
247
38
82
20
58
54
217
315
110
182
361
67
253
230
104
15
74
179
157
404
392
291
68
76
109
273
92
32
16
352
311
538
8
251
160
85
229
101
185
188
29
145
119
140
270
4
23
394
71
4
153
13
226
235
48
274
55
292
226
131
29
485
163
485
175
88
195
297
14
15
137
209
56
181
42
64
293
102
140
141
82
217
66
109
257
337
380
11
36
175
65
91
382
157
51
14
52
71
226
80
55
283
713
377
98
34
451
116
37
257
484
585
300
122
78
132
8
287
406
444
198
1
80
58
598
16
95
91
174
5
150
130
178
207
193
109
209
308
27
132
266
28
8
56
1
125
607
209
113
314
291
43
95
91
448
438
34
144
480
1126
248
955
147
247
866
197
713
1105
366
181
97
182
43
132
570
181
498
100
41
68
5
211
198
99
109
169
26
27
933
70
5
112
824
60
506
67
2
364
288
201
250
145
13
280
123
53
70
496
208
138
12
100
453
167
92
20
780
345
460
142
124
249
342
278
50
29
39
284
1
107
12
49
291
86
97
334
64
373
33
590
35
53
77
240
37
45
44
47
332
93
161
143
81
57
346
224
123
161
259
196
170
456
286
514
175
139
155
138
75
242
211
136
297
252
42
110
18
302
429
152
18
82
28
298
185
12
165
49
296
307
231
76
105
359
825
80
238
253
102
51
146
1
10
250
27
1
282
364
46
27
244
115
54
277
164
488
296
292
824
101
90
30
595
92
60
161
45
271
357
437
67
98
33
59
110
37
133
199
94
684
7
1150
230
33
44
157
327
334
106
53
127
21
192
24
47
10
416
33
96
181
673
84
78
126
143
129
103
79
74
22
90
172
420
47
288
231
200
158
65
42
466
171
319
311
644
122
48
464
103
271
69
1027
326
144
170
29
261
368
52
93
183
253
47
227
317
232
1048
230
162
102
38
88
150
41
398
123
61
264
275
106
102
1
43
219
208
332
352
145
63
170
42
2250
339
148
112
416
119
141
18
114
399
244
22
170
70
70
11
41
117
240
151
90
303
369
38
94
221
159
476
439
78
9
56
334
568
250
472
473
44
382
36
326
526
123
420
188
94
327
535
26
155
23
68
118
2
5
447
8
16
19
243
244
297
47
69
51
190
591
232
471
227
121
194
85
51
232
119
450
41
242
160
125
169
757
367
294
21
59
5
63
370
157
12
326
33
505
11
279
124
94
228
6
547
120
2
25
481
43
113
252
295
156
294
286
134
16
50
135
3
102
815
162
24
178
18
11
6
220
139
207
38
90
278
292
74
22
13
106
22
48
116
201
589
792
42
31
121
40
222
113
51
64
318
68
380
116
488
336
9
72
84
811
218
235
19
127
144
23
253
55
247
139
124
214
200
300
448
42
47
194
141
169
341
5
27
260
41
38
521
59
385
410
446
60
129
421
247
43
173
320
305
193
298
173
114
150
167
80
292
309
177
170
38
73
79
196
230
109
169
787
181
426
18
78
192
305
213
950
371
391
395
182
12
221
93
126
4
52
683
141
28
200
309
115
47
177
320
238
133
209
8
47
141
374
103
13
74
20
172
487
243
79
85
160
102
14
300
63
55
37
138
185
93
172
186
9
100
69
75
1068
148
83
244
157
393
53
9
394
111
217
27
1248
24
21
113
437
144
56
191
179
83
80
60
319
188
242
50
7
80
130
462
120
92
150
9
249
1
832
20
489
125
10
614
83
461
384
83
17
21
318
15
252
268
278
242
106
347
79
288
394
55
107
42
97
447
415
234
272
640
203
946
28
227
2
374
120
34
18
171
273
365
398
99
96
78
287
740
122
7
43
202
537
480
101
11
273
10
233
92
36
95
31
24
159
63
477
398
120
138
130
246
240
552
64
451
226
24
98
346
348
90
15
30
74
27
2
16
76
525
753
518
194
363
95
27
156
326
169
521
36
772
17
240
134
31
4
180
358
161
302
253
612
75
342
171
39
198
37
795
126
213
63
268
483
258
133
368
217
463
769
336
27
124
68
642
337
42
296
63
8
97
223
72
185
42
53
116
27
347
462
33
421
115
78
283
61
206
62
44
142
76
99
2
2
234
243
9
61
179
17
57
4
55
281
125
138
241
150
447
54
14
30
51
109
189
68
50
567
70
278
102
521
90
528
41
76
693
636
138
177
178
36
125
204
44
67
385
79
318
280
97
181
175
168
56
37
48
197
302
210
392
50
170
145
423
56
55
32
339
32
139
76
620
330
190
134
46
453
88
188
26
93
211
135
5
19
124
77
63
22
2
99
94
34
287
129
958
119
23
17
182
62
119
221
64
102
133
36
236
46
38
180
233
322
322
148
271
30
250
156
36
289
192
237
43
134
1
155
151
30
246
11
63
162
647
49
115
297
362
105
61
29
104
88
39
86
126
228
455
191
52
394
2
27
582
247
171
182
54
270
123
114
169
186
150
229
389
274
15
110
107
207
174
66
113
243
867
57
51
138
219
28
413
281
213
627
114
908
8
230
374
5
511
169
8
105
186
111
115
22
76
346
50
17
158
126
294
270
78
142
148
135
143
305
129
329
70
380
70
188
877
74
724
20
332
328
122
7
39
375
40
71
577
606
92
172
282
390
377
192
265
156
308
86
118
415
60
356
142
1152
43
263
289
179
92
157
560
56
59
10
367
21
247
45
124
181
26
327
289
120
29
253
225
112
312
119
24
164
76
11
153
54
114
57
76
72
73
303
127
199
157
173
429
32
251
6
22
152
392
74
281
62
63
421
7
414
164
66
178
7
25
139
110
60
316
602
53
90
322
64
28
122
347
266
412
120
103
699
182
87
29
273
57
150
30
400
114
73
25
54
21
129
1070
75
262
54
9
104
78
127
256
87
54
4
10
348
229
38
177
289
292
28
142
437
257
312
267
125
159
92
408
25
713
386
49
302
16
63
125
91
281
131
56
276
30
5
98
24
24
70
54
182
634
3
23
253
827
32
470
355
265
231
194
386
116
306
317
41
179
165
265
27
151
117
371
262
79
425
23
478
4
31
46
