318
107
100
67
45
87
297
107
195
282
416
73
81
225
428
49
65
77
58
416
272
39
155
98
159
3
27
90
535
270
215
92
182
248
48
17
282
70
179
176
2
26
92
187
4
161
12
118
72
2
319
60
473
140
13
13
388
464
197
120
256
145
178
27
11
296
205
219
165
89
468
126
177
6
50
105
117
22
178
255
59
16
128
8
79
486
6
55
50
136
169
236
55
168
6
50
36
224
103
55
159
3
68
23
81
28
29
328
48
91
182
180
121
170
213
711
167
69
54
397
250
109
25
194
122
122
34
135
177
180
74
146
5
34
539
142
129
361
315
53
5
417
389
21
181
4
209
229
24
79
163
128
86
4
995
174
78
484
76
86
14
302
34
134
717
316
585
88
88
66
113
121
102
25
61
72
373
346
88
36
69
255
66
190
180
27
5
484
265
86
39
9
120
47
143
97
132
202
50
40
284
67
3
44
291
213
174
92
30
114
249
65
20
164
87
675
92
285
231
25
34
452
80
84
137
126
85
45
75
100
271
254
62
57
168
88
148
151
71
25
17
175
141
28
27
147
215
51
95
5
416
64
285
8
77
59
52
34
240
113
83
115
33
7
18
3
305
143
182
362
171
281
43
90
23
52
44
142
139
8
176
111
101
220
328
5
300
488
94
265
146
36
9
76
98
141
177
21
535
507
92
62
19
126
125
289
319
280
277
217
277
309
2
41
302
64
171
23
91
671
181
304
148
131
99
41
74
42
29
20
101
18
317
117
400
78
216
360
5
180
133
109
52
96
307
33
93
61
143
11
122
570
141
54
92
96
374
11
142
707
109
33
193
636
119
662
347
52
46
239
336
456
210
35
62
387
102
29
159
113
1
290
102
193
134
419
51
154
42
119
261
83
339
149
48
130
52
200
118
13
94
558
29
119
22
38
80
250
425
33
393
26
17
377
65
126
172
105
181
29
9
419
136
144
37
82
112
111
206
147
98
201
13
632
72
394
41
225
14
41
22
116
11
214
815
16
8
2
182
138
170
2
70
109
10
55
12
151
37
31
719
135
177
287
88
404
169
8
346
274
194
283
112
224
2
36
357
68
28
48
119
33
60
171
67
17
4
248
152
129
537
48
4
131
116
288
74
390
119
126
139
86
215
461
128
116
273
178
70
162
81
272
74
118
127
57
183
174
162
187
160
137
485
136
490
164
85
17
353
119
98
104
155
273
71
207
61
78
89
33
240
82
314
150
164
14
74
6
259
111
81
88
201
96
193
77
59
816
200
34
20
417
555
12
234
4
138
149
173
160
242
175
231
84
27
88
33
39
125
65
109
476
328
9
140
371
68
48
139
310
189
9
121
146
360
256
154
257
199
493
132
293
242
99
69
144
168
292
53
225
125
61
19
418
61
14
33
6
112
101
80
50
53
36
23
153
99
13
71
85
74
113
132
80
20
145
363
145
263
230
60
525
10
5
81
51
3
30
285
77
82
170
110
166
21
44
87
353
85
287
194
160
178
82
137
179
169
36
155
72
512
100
119
482
405
85
59
237
53
67
57
161
228
414
627
307
358
421
93
30
39
72
315
33
157
70
93
100
168
62
99
43
587
11
75
37
180
113
301
280
78
107
330
131
54
155
194
116
94
230
27
173
445
21
42
270
114
38
108
437
15
175
95
88
152
171
81
198
9
137
622
180
21
157
183
386
215
408
19
86
251
237
111
170
110
76
64
33
73
501
226
223
3
7
23
185
673
281
25
344
529
191
48
146
327
813
312
89
67
29
192
94
97
85
360
172
29
248
205
47
207
385
70
158
126
79
38
3
551
297
557
87
116
28
22
381
50
13
220
49
166
95
252
9
26
178
334
297
26
135
285
21
383
85
77
322
621
10
438
41
8
149
68
67
86
13
316
68
60
203
37
244
601
41
27
137
345
135
27
26
58
122
63
451
367
104
78
31
70
42
67
58
896
71
77
27
472
96
111
140
11
364
43
117
123
138
694
45
346
197
36
112
192
70
214
119
308
296
369
27
203
395
221
222
452
6
359
76
78
23
207
33
550
449
45
67
106
327
28
64
17
12
70
443
237
414
7
14
232
93
40
163
181
6
105
452
631
182
350
57
20
732
4
32
53
66
198
146
270
25
97
135
301
284
41
63
45
66
426
354
126
48
45
173
1
91
10
240
72
345
161
120
32
50
278
44
27
54
100
34
101
307
325
21
138
194
25
509
31
54
71
1
48
535
19
249
29
33
57
178
7
20
181
34
74
288
123
387
9
34
210
81
68
71
152
113
164
168
210
202
27
207
82
180
36
635
22
149
68
88
95
248
77
184
182
88
234
234
756
6
203
173
38
104
170
8
117
20
63
45
362
230
52
69
51
630
101
164
39
11
27
7
32
266
199
463
168
1
268
1
292
507
64
248
42
94
108
260
458
119
792
240
85
78
526
343
132
20
105
138
12
210
180
123
831
6
147
66
84
367
15
524
3
61
74
122
6
414
133
207
359
41
288
55
110
192
83
9
146
3
307
51
43
65
58
910
250
28
133
210
232
318
219
78
91
351
170
528
44
52
70
24
393
32
350
234
54
538
217
155
62
40
48
87
229
241
86
131
28
194
201
465
12
363
535
503
449
395
40
146
12
103
493
65
111
161
162
149
459
115
19
21
329
380
115
243
29
365
290
387
91
486
2
6
135
65
198
235
14
68
6
55
16
223
151
424
135
62
171
19
561
167
200
172
68
39
230
24
53
120
113
62
462
73
58
90
119
71
47
130
120
85
50
159
77
326
213
76
163
281
629
93
537
464
18
380
240
39
279
249
54
149
57
22
70
231
116
24
135
358
149
15
7
596
13
49
8
287
255
72
103
129
9
172
204
26
218
31
152
101
74
143
203
79
25
14
433
37
182
151
39
46
153
184
240
185
9
237
126
48
333
33
94
42
90
48
443
62
257
5
119
288
16
56
37
71
142
76
183
84
335
104
2
148
120
293
49
367
127
33
406
83
56
487
250
482
243
180
21
76
180
48
182
44
151
103
142
181
100
29
119
20
177
2
137
145
68
175
108
46
206
281
89
182
38
81
58
341
25
327
34
85
176
134
79
298
467
73
214
75
257
51
212
21
397
27
479
210
23
42
138
42
184
26
290
67
145
179
69
123
31
465
76
440
71
80
155
111
75
51
31
318
70
114
95
185
90
81
172
315
199
66
210
286
149
68
11
121
333
26
2
53
88
67
371
99
83
644
302
530
31
89
60
14
384
34
173
37
114
140
38
63
157
324
273
152
165
294
39
114
122
1298
2
262
32
6
136
87
80
29
264
80
187
18
81
258
152
43
5
121
145
169
18
57
18
10
560
63
362
82
126
8
192
18
335
139
66
71
61
70
27
2
443
21
195
173
24
29
524
8
327
257
66
43
162
355
511
55
219
125
110
74
54
122
405
73
18
417
12
1
16
40
42
227
105
14
385
102
111
40
253
142
194
214
99
102
85
106
128
95
29
49
138
262
158
76
57
252
306
259
106
139
95
127
224
151
681
70
21
78
93
283
45
284
93
89
70
278
346
16
82
309
1
120
33
274
9
1
119
214
102
131
139
53
243
95
314
264
13
105
19
10
529
140
258
140
151
65
35
118
95
116
28
111
75
319
154
48
170
13
34
189
48
16
135
305
316
347
168
131
66
20
79
124
69
506
130
42
347
561
321
10
50
363
59
191
69
111
378
68
548
5
20
125
51
311
204
14
72
240
132
235
5
28
58
145
63
24
17
30
106
283
430
58
52
58
76
60
202
877
192
237
115
462
88
687
84
57
19
103
98
242
97
26
378
82
157
88
52
90
1014
116
487
155
122
73
212
127
138
63
116
251
413
311
395
338
547
67
63
251
205
12
158
402
161
682
119
137
134
354
39
55
186
15
103
667
74
23
6
13
28
8
74
81
140
255
76
58
74
164
34
20
209
190
271
109
46
595
98
259
176
273
145
144
127
86
121
351
11
111
43
120
31
184
59
129
12
60
394
280
1
254
215
67
229
203
133
405
211
48
8
421
9
561
207
236
54
107
431
104
151
98
525
95
208
26
27
156
106
137
4
18
116
244
149
27
89
15
69
109
121
96
553
270
40
268
76
109
31
41
254
255
60
680
297
1
406
766
157
55
49
9
41
109
47
70
102
124
9
261
34
91
101
20
85
177
574
87
45
158
80
73
11
91
26
87
113
19
15
66
174
274
123
252
34
42
163
256
56
110
60
33
17
215
122
15
98
178
134
122
484
16
314
11
20
288
16
69
226
139
188
409
36
241
104
7
44
31
84
13
128
4
180
289
204
196
76
66
24
96
34
173
72
29
126
204
17
512
198
62
593
118
37
74
441
227
223
256
320
235
385
126
172
118
205
18
162
300
57
179
141
346
204
146
17
2
112
227
392
157
23
4
99
384
14
466
72
120
106
43
224
114
60
315
71
44
15
588
6
18
127
78
10
221
100
67
10
45
283
186
1
350
40
403
79
308
67
284
32
67
55
122
179
277
208
81
159
88
93
418
102
119
478
265
336
127
152
77
20
37
55
23
89
83
227
308
103
45
181
42
198
8
211
43
195
80
53
45
26
222
244
100
193
16
345
116
106
773
257
90
411
481
314
318
34
260
534
21
258
47
49
154
125
229
165
139
64
407
133
212
50
605
32
36
128
235
83
9
148
28
235
232
33
11
284
610
49
284
45
53
135
13
342
157
110
16
2
197
92
23
158
724
162
57
92
174
354
100
60
93
36
14
21
114
7
179
61
84
257
196
328
589
181
15
98
46
43
13
133
61
345
53
92
410
164
115
58
356
48
68
42
102
39
144
229
356
144
44
91
118
72
421
148
134
155
140
115
21
70
12
86
42
47
2
217
216
31
54
128
77
253
87
196
228
308
25
127
52
49
39
301
20
18
34
532
255
34
361
73
49
155
92
89
7
138
226
186
232
99
21
683
3
6
29
218
70
151
131
77
169
177
65
42
179
171
73
580
58
76
327
50
469
295
59
114
22
45
44
78
478
379
120
166
33
126
68
95
1
309
109
37
33
83
36
18
167
44
302
357
240
262
133
10
78
142
132
126
325
87
187
109
66
46
191
26
1090
315
2
123
152
347
85
134
123
418
9
213
109
224
223
20
164
50
190
226
598
122
225
32
254
451
161
37
52
2
358
9
5
770
108
127
153
130
150
53
335
433
323
260
63
10
161
469
237
7
60
14
30
28
169
266
323
74
549
318
239
2
49
50
86
200
310
37
35
256
107
98
65
219
539
323
87
127
30
17
42
73
95
49
22
5
137
161
624
30
68
24
395
501
58
6
363
401
10
209
354
8
285
1
53
487
196
152
49
202
82
209
66
201
4
204
1
74
35
503
78
215
261
127
325
632
22
27
43
419
11
196
119
107
531
41
87
329
234
242
162
134
214
104
291
207
149
106
59
191
214
280
305
2
135
7
31
39
14
102
36
270
111
105
42
240
441
109
122
15
140
422
31
151
16
32
41
188
27
230
55
79
467
11
141
374
15
216
306
106
5
61
31
259
18
237
227
36
102
106
495
57
407
33
334
75
164
274
22
1
152
96
214
236
126
37
300
58
138
6
52
28
19
171
87
150
354
26
164
182
22
235
195
164
135
28
6
36
63
106
186
64
315
38
99
50
166
220
387
145
55
5
79
292
246
13
23
98
202
274
85
453
15
51
694
43
14
233
76
53
143
256
41
280
202
32
221
14
54
348
1046
337
89
146
42
51
30
61
173
837
30
123
93
222
377
70
177
119
133
461
427
185
22
218
655
141
5
159
415
561
9
169
157
1
173
62
252
56
149
267
2
313
536
41
246
1
30
1
109
118
63
95
31
28
37
5
111
89
111
111
257
72
76
47
53
12
165
46
25
50
158
229
146
12
63
73
318
199
30
72
255
133
56
5
172
359
144
30
90
63
141
38
344
74
82
116
137
107
527
128
248
120
39
78
185
74
19
262
30
8
473
25
171
19
92
21
1
62
123
57
171
4
12
148
396
161
246
124
11
72
1
14
14
44
2
264
387
21
596
210
166
154
222
29
12
278
42
22
55
18
230
46
18
225
171
217
49
14
82
449
26
204
112
95
199
21
28
423
10
404
296
74
141
251
3
93
23
75
1
109
134
119
514
244
175
50
67
2
405
30
348
20
125
844
153
28
64
169
145
29
258
130
136
58
81
253
389
135
313
50
100
72
1
243
283
345
105
103
191
35
37
70
185
46
133
109
289
156
544
230
186
96
114
365
46
27
53
393
63
398
105
309
31
184
73
81
105
241
28
197
65
185
163
30
55
1
140
117
14
54
297
9
57
53
191
22
142
2
76
47
267
120
403
235
142
106
18
444
70
130
283
638
406
456
86
57
8
368
13
194
21
256
137
16
487
116
278
196
73
67
6
467
132
15
6
66
69
51
242
44
12
48
85
366
38
743
128
152
105
11
197
169
196
262
116
22
69
95
38
52
92
76
147
48
324
219
5
63
29
215
146
22
131
3
113
240
86
129
188
50
503
226
45
370
136
147
59
49
667
758
569
167
286
498
108
21
73
13
22
222
181
47
147
131
31
212
105
35
35
55
23
237
90
406
214
76
116
56
248
70
367
130
323
216
29
595
42
11
384
114
211
1
135
88
368
57
259
21
367
128
151
106
104
129
355
50
18
101
198
110
86
75
169
47
28
49
285
135
640
169
4
82
478
124
11
50
170
57
28
232
22
45
50
151
230
142
336
295
569
68
153
63
302
423
440
176
71
110
158
93
402
62
18
169
179
450
35
306
100
189
9
76
162
92
323
183
15
297
38
76
441
168
120
2
255
7
328
200
214
53
332
21
52
83
42
35
21
579
225
61
20
591
88
51
134
306
26
127
78
373
228
77
56
20
57
72
22
5
99
136
50
29
34
18
136
176
539
517
162
100
28
52
47
22
99
132
25
94
131
392
116
23
100
40
58
419
65
53
255
778
31
373
257
346
117
184
19
17
206
210
14
28
417
14
326
16
415
365
458
112
238
121
378
58
48
661
247
99
15
189
159
56
118
71
172
252
154
222
410
2
160
279
94
18
242
343
7
365
528
116
5
395
284
139
55
59
307
180
144
76
27
130
249
35
82
245
846
56
9
3
147
112
11
88
201
91
63
9
234
132
229
105
70
128
34
152
220
207
3
161
95
167
19
39
92
104
33
16
11
150
193
23
136
5
48
1231
237
24
67
366
404
100
56
372
13
29
105
377
138
101
58
211
82
61
44
241
84
284
15
154
34
390
105
319
222
10
387
96
85
411
347
6
23
1
68
195
20
166
525
46
107
74
35
8
224
50
282
98
73
271
59
182
28
63
30
1
239
130
30
106
254
11
75
92
54
822
222
195
177
189
82
65
65
16
321
540
75
81
357
142
430
18
132
47
58
443
17
19
300
70
544
240
194
60
320
79
20
442
379
1
91
35
217
98
17
154
177
220
150
330
38
366
434
309
39
291
575
702
38
34
268
126
62
141
181
212
44
89
179
189
30
149
106
8
130
206
16
29
289
157
12
113
365
176
101
112
322
73
280
84
21
41
640
173
69
160
5
41
18
6
159
378
68
154
30
132
18
483
89
60
129
321
367
76
158
232
1
17
246
205
104
95
416
51
37
56
111
4
110
65
237
166
72
136
324
621
44
330
434
86
61
30
13
9
111
215
417
145
273
36
17
293
1
266
302
191
232
3
424
54
137
154
130
35
288
59
191
25
237
36
61
64
49
145
295
189
50
324
10
126
126
12
90
86
118
24
48
9
103
92
184
212
30
249
37
293
16
183
33
50
94
124
68
173
146
231
156
176
35
106
37
190
65
50
61
27
9
218
43
304
191
210
234
237
279
163
151
164
61
221
98
13
442
77
166
148
251
380
43
359
360
125
167
36
12
381
540
96
176
16
488
200
46
135
87
92
78
71
59
6
56
21
57
105
20
150
88
61
68
566
147
42
435
49
6
264
190
340
424
569
11
76
64
49
148
125
77
413
43
99
5
218
46
397
61
253
246
244
86
49
46
49
71
195
357
107
43
140
196
56
154
243
437
209
162
141
30
29
486
103
165
128
139
51
76
103
52
52
184
225
42
42
10
63
188
78
15
392
1155
14
28
82
52
21
50
20
104
58
139
298
78
176
346
101
170
20
7
81
16
128
168
130
16
824
541
229
221
168
62
44
222
260
20
121
76
325
262
107
6
447
410
10
104
238
221
107
483
189
79
183
147
440
100
16
55
256
53
94
80
318
133
51
70
115
69
177
81
8
60
21
40
93
58
10
36
233
166
220
346
61
132
43
12
43
107
291
16
77
164
970
500
35
640
40
25
175
184
114
115
71
26
295
79
50
59
150
29
106
85
224
201
6
108
315
254
290
167
141
81
119
100
47
201
1
219
11
49
49
54
199
3
164
22
142
55
309
16
135
341
33
116
601
348
90
59
165
447
100
922
185
9
289
47
13
199
195
83
96
2
88
339
65
117
32
203
101
18
13
309
41
113
137
100
351
38
71
30
9
302
131
4
20
263
480
80
267
53
27
173
8
22
67
324
5
15
344
16
25
131
30
392
167
466
56
135
187
326
376
109
221
35
107
343
139
398
287
109
349
66
161
130
293
130
302
536
164
7
22
92
16
208
218
153
60
148
350
118
196
118
237
133
236
261
174
41
72
28
9
119
149
62
12
329
22
71
321
104
45
182
52
85
15
30
154
84
99
385
137
53
114
53
53
82
7
75
15
178
218
181
262
544
24
254
51
532
141
384
31
14
90
56
115
72
184
59
487
115
438
31
87
630
36
250
119
20
131
74
49
265
104
265
14
100
202
386
51
164
188
330
28
86
322
36
72
536
27
26
111
241
104
60
233
276
152
66
132
12
48
63
75
32
20
45
100
26
322
133
191
26
75
90
80
120
43
354
287
150
7
463
44
151
23
194
193
280
241
93
56
496
8
38
1
43
111
99
102
148
292
51
128
955
153
13
170
62
273
60
69
37
66
253
59
122
60
20
6
282
385
71
85
41
81
1
30
191
153
61
40
297
221
72
11
34
202
7
45
196
97
3
152
137
32
277
97
196
50
252
243
32
27
196
155
60
233
317
79
131
463
171
21
498
141
143
7
92
291
137
143
86
243
32
42
287
23
20
13
40
146
199
8
16
158
23
46
146
51
379
246
95
136
94
513
28
73
27
21
45
87
332
140
105
328
245
398
86
21
46
151
74
66
4
21
34
147
29
72
443
77
39
72
210
460
26
58
315
7
87
213
97
214
75
44
230
32
311
729
82
163
384
8
42
162
256
346
202
37
13
17
67
21
227
34
92
47
96
20
9
45
94
493
205
42
117
246
26
208
207
148
316
604
336
270
40
47
131
9
20
290
380
246
31
25
454
104
117
98
6
254
247
523
207
644
53
11
17
1
51
40
5
465
257
145
290
107
149
142
22
250
30
8
195
537
162
74
80
238
94
100
13
23
18
215
576
259
83
36
164
61
45
78
227
70
52
494
8
36
30
4
68
186
24
147
40
38
11
141
299
447
198
37
54
144
23
43
19
36
142
370
112
35
69
111
59
423
340
6
202
20
181
314
148
62
375
207
147
257
12
126
41
610
60
14
201
453
205
101
96
594
34
458
342
42
72
304
25
69
139
37
151
328
172
199
18
32
60
190
40
164
24
129
7
98
543
197
111
88
464
649
6
542
240
253
147
137
28
401
9
44
539
12
24
657
34
534
259
9
183
62
51
61
52
165
197
26
159
102
137
49
9
142
52
47
119
5
216
140
79
33
140
41
286
45
200
70
25
130
298
94
32
190
390
187
37
47
213
27
18
90
75
11
259
5
184
48
73
254
3
129
139
236
196
27
139
5
183
469
87
29
142
61
222
104
165
180
67
341
200
571
36
63
218
34
282
91
51
33
102
2
100
236
102
166
77
113
321
150
255
524
304
31
3
188
36
88
265
13
65
727
169
182
335
72
153
23
170
174
120
97
42
707
6
334
95
24
32
498
125
175
7
122
154
261
19
63
31
110
258
58
11
101
98
210
15
107
61
21
214
2
385
94
301
381
171
134
80
168
127
37
204
93
693
350
651
83
192
118
180
188
89
11
11
174
339
46
555
80
58
192
147
339
79
180
77
525
149
35
29
170
7
257
13
10
231
92
250
92
197
126
84
110
16
70
216
64
59
230
131
50
128
148
48
229
21
173
96
140
58
201
258
284
453
60
288
219
122
80
395
15
162
43
89
138
119
196
606
74
133
167
170
123
81
310
418
12
71
84
13
72
90
96
427
17
312
221
157
213
414
284
37
115
45
400
151
27
40
76
20
41
99
293
66
427
40
6
92
34
64
262
71
139
77
79
153
69
93
108
141
126
16
17
99
425
208
133
180
167
402
270
115
89
270
39
137
42
109
46
15
61
61
175
177
56
601
129
13
11
114
112
51
88
92
513
137
218
119
267
38
42
65
395
127
178
200
80
360
3
149
534
454
53
100
420
273
208
260
3
141
268
42
139
231
137
50
128
287
171
110
44
109
45
72
98
152
491
105
423
860
64
178
377
75
704
34
148
151
67
500
55
41
23
120
336
560
41
185
135
48
84
221
101
190
324
63
76
150
404
43
73
381
18
3
9
156
250
101
213
76
83
73
37
115
30
50
8
132
196
227
19
218
560
12
122
40
55
57
53
243
193
27
227
63
108
161
153
162
122
303
466
110
234
27
11
296
307
321
42
111
30
129
223
33
93
514
253
22
20
152
77
306
488
43
240
36
73
23
349
164
1
142
196
690
356
113
65
38
17
993
363
61
146
456
261
221
162
449
89
91
59
14
122
118
81
275
234
8
121
18
37
16
41
119
201
144
112
89
120
30
30
46
20
261
487
84
141
464
25
298
49
210
69
64
158
257
143
75
114
37
274
159
74
135
86
176
405
184
279
144
221
142
44
181
108
52
90
17
53
110
199
63
126
69
28
354
577
214
18
130
26
145
76
192
8
11
430
39
42
25
146
10
54
378
17
75
23
418
39
269
32
38
17
1
134
78
15
28
240
97
12
91
84
161
277
307
206
101
126
158
6
2
263
140
92
197
151
368
573
281
393
61
13
41
81
45
184
97
43
3
37
40
228
269
76
159
194
618
10
88
48
183
197
418
67
42
489
16
123
184
6
6
14
296
593
134
43
131
51
198
239
131
600
512
432
151
169
18
225
95
165
157
68
229
538
49
15
59
315
150
42
146
145
8
94
140
230
243
290
39
132
99
68
159
122
30
14
315
6
242
82
13
80
123
50
133
213
222
46
68
229
393
254
197
109
28
74
39
13
15
136
253
108
265
168
15
67
408
144
144
114
505
69
119
73
74
245
45
634
55
21
16
1
60
98
4
27
186
14
36
95
137
245
66
161
297
798
36
1
147
250
198
215
240
22
32
166
257
20
169
412
135
110
473
383
259
415
168
34
167
65
214
172
83
18
250
69
80
19
188
56
52
347
103
24
163
116
85
20
130
373
314
433
65
51
243
89
346
221
152
330
230
354
85
55
24
334
209
26
50
687
85
259
261
50
264
202
8
190
65
261
532
506
144
9
130
5
98
151
108
463
58
553
74
72
124
76
135
115
4
25
196
112
1157
87
174
531
110
224
96
280
252
40
138
261
12
179
41
75
649
170
9
119
22
416
109
106
100
23
51
235
192
138
480
175
259
100
26
15
202
129
97
118
69
289
106
59
19
74
64
53
323
48
151
173
66
206
23
70
493
15
25
316
36
41
238
48
44
185
12
4
25
47
21
60
17
103
117
78
132
248
84
197
26
18
18
23
5
226
39
261
141
91
165
104
97
310
123
18
234
62
51
22
131
79
45
82
278
184
166
176
82
753
99
25
5
561
166
68
161
14
482
54
277
237
242
240
99
42
187
157
28
117
277
20
30
417
51
203
13
13
51
263
404
262
275
70
39
162
87
439
273
20
5
342
206
105
35
328
58
168
126
125
28
218
48
54
63
381
154
69
46
231
151
246
30
434
110
306
106
77
21
196
30
192
120
34
117
266
250
136
311
497
59
203
26
741
352
142
194
31
149
354
397
90
5
115
210
329
90
159
129
239
61
85
59
237
114
313
203
143
121
268
284
6
315
59
50
78
52
183
255
287
60
219
89
149
19
36
28
57
352
64
2
17
1002
88
3
70
159
24
227
224
169
94
489
91
389
69
545
77
42
253
100
126
366
86
162
53
335
28
181
17
296
315
67
255
65
52
188
405
12
37
264
168
431
340
118
44
232
458
220
29
77
54
31
157
45
112
191
31
51
41
76
861
126
136
53
84
53
168
54
234
156
11
122
260
63
106
147
110
98
125
10
76
267
228
183
47
94
107
4
32
88
11
214
344
26
108
268
18
52
126
27
588
24
119
427
70
77
241
120
88
49
395
29
42
131
51
130
283
49
30
95
286
25
183
115
302
324
68
15
37
229
137
64
164
309
46
66
67
122
18
379
105
12
147
112
207
23
35
46
438
14
208
210
94
33
52
76
229
174
104
772
116
120
84
112
219
40
516
2
379
177
100
23
7
195
461
10
22
27
50
351
365
105
101
249
240
429
80
90
382
16
22
284
123
137
100
211
85
65
46
26
26
103
62
105
192
46
63
148
38
148
302
284
61
266
199
81
319
46
206
202
54
135
16
111
21
92
102
84
151
37
94
166
427
372
214
33
219
36
179
432
44
154
77
121
87
25
234
202
14
232
238
105
81
45
390
329
138
258
856
116
20
658
190
133
101
95
2
265
164
568
156
1
167
166
45
71
201
437
233
10
44
110
539
182
22
184
30
50
174
263
34
344
196
23
37
107
21
2
146
98
384
130
7
96
6
93
310
104
190
41
377
74
78
133
38
77
143
251
30
127
192
615
95
77
115
66
696
33
54
16
120
102
20
126
145
117
23
86
66
483
484
30
136
45
56
91
93
164
77
140
193
23
5
316
258
637
657
172
32
149
11
51
128
83
279
249
32
31
56
260
328
324
624
180
162
216
104
363
198
234
68
97
486
59
149
167
72
12
118
31
284
196
148
74
19
9
20
179
124
523
149
49
38
65
186
12
40
48
2
114
231
93
125
2
84
50
131
372
53
302
866
274
62
212
196
96
34
224
59
41
140
49
83
354
86
50
340
116
62
120
213
92
448
260
99
20
64
81
428
98
78
72
51
336
17
16
20
203
63
395
1
73
156
179
173
58
44
51
22
115
175
610
87
45
722
91
31
261
66
210
200
16
123
524
121
393
475
130
22
250
128
46
220
123
258
31
321
345
139
12
547
454
26
119
42
251
18
66
673
33
379
95
28
111
199
318
98
25
104
90
318
96
183
22
192
212
33
475
101
178
92
49
236
62
27
73
282
144
37
87
191
29
33
45
348
7
381
71
168
499
60
185
81
169
237
69
179
308
113
273
17
56
252
108
55
86
11
97
345
392
37
182
298
34
55
72
341
376
425
233
89
169
590
44
21
59
300
131
156
21
23
184
58
170
21
22
247
76
20
66
21
13
225
25
232
334
375
52
318
35
7
407
49
100
95
133
183
217
43
27
56
166
39
62
24
98
79
341
53
73
133
53
19
178
286
157
225
27
61
138
32
196
75
394
254
12
169
325
171
7
201
53
11
419
55
117
312
213
315
398
284
37
15
32
233
110
142
7
112
102
15
34
252
160
176
35
67
25
49
231
91
197
104
18
218
89
620
196
118
215
57
12
169
62
12
78
198
100
314
88
20
120
87
462
158
77
121
170
81
5
118
55
53
44
81
107
209
247
25
3
66
85
223
55
66
148
13
263
4
277
5
142
408
149
235
25
65
91
205
19
140
248
24
80
370
132
344
151
74
315
101
106
187
360
65
62
73
95
68
27
85
35
81
99
30
131
210
132
180
293
127
14
20
131
203
9
313
265
56
224
100
183
41
119
103
234
37
108
176
78
175
218
49
98
73
128
30
112
118
757
165
424
95
33
376
136
361
126
290
235
262
153
208
209
499
34
80
51
61
354
41
78
100
64
5
231
10
413
155
39
94
47
114
128
12
311
2
4
42
21
31
508
529
124
394
194
498
43
116
95
60
466
233
153
74
236
167
57
366
86
214
19
300
177
264
303
73
234
7
218
189
8
64
335
11
525
33
167
163
267
16
82
23
50
68
117
24
297
18
10
222
81
440
30
5
128
196
121
16
425
98
131
143
10
112
44
644
962
112
10
1
44
80
31
604
373
110
114
124
299
41
96
43
44
69
30
268
123
10
413
436
60
715
63
21
87
94
118
286
59
5
16
82
83
81
127
202
267
118
85
17
6
84
106
48
115
257
148
202
235
250
43
102
157
334
21
62
200
7
152
20
66
109
243
21
98
56
117
405
115
405
58
185
27
10
71
132
214
191
118
98
80
147
39
293
111
28
206
2
161
87
239
374
84
19
56
122
107
39
3
282
57
45
22
555
326
179
108
132
99
1143
146
97
80
42
268
60
7
450
146
274
199
198
185
204
123
105
14
1
34
36
284
90
28
61
68
129
52
16
105
6
503
170
39
493
75
209
137
241
44
8
387
67
10
73
78
64
31
152
56
20
228
18
262
74
284
238
21
394
71
170
152
7
67
36
125
154
495
394
169
856
81
212
172
135
89
143
63
25
218
255
277
303
8
142
10
30
32
113
123
98
186
667
141
4
43
94
93
87
539
504
44
165
73
169
60
4
46
314
139
44
292
218
245
245
262
8
6
29
124
103
74
194
262
177
71
57
99
310
107
284
81
10
196
31
181
267
114
32
309
164
99
255
24
16
382
6
96
13
4
728
55
206
300
169
2044
19
288
94
130
197
29
82
90
177
368
330
160
88
72
341
432
325
10
41
15
45
49
846
41
53
35
133
256
308
1205
51
296
240
184
123
159
152
63
222
77
361
46
143
439
10
47
99
200
428
5
249
96
83
316
2
123
407
80
361
125
37
114
661
344
30
204
377
33
201
436
115
68
274
808
509
5
362
58
85
16
315
3
50
45
195
26
18
70
221
329
197
221
100
27
162
114
14
20
758
212
323
188
146
365
39
187
356
34
252
232
738
184
21
237
83
380
34
32
194
413
202
16
129
77
49
25
369
153
57
304
35
95
6
69
24
188
37
67
251
50
67
139
193
95
138
10
404
69
160
101
290
10
274
162
344
286
64
251
265
324
96
30
75
64
34
203
57
12
25
249
12
37
100
47
507
20
153
29
230
305
94
78
127
67
255
396
1
9
195
153
5
539
61
502
473
108
59
96
355
160
630
699
46
161
54
249
43
18
561
90
463
2
41
66
204
92
179
474
9
306
389
168
21
11
36
13
27
204
163
65
276
292
219
56
26
110
470
41
41
593
116
132
42
50
36
53
20
12
8
34
483
14
42
39
613
29
244
379
49
123
292
10
121
173
139
179
11
130
92
289
53
205
120
22
289
88
169
152
73
427
331
238
363
58
18
289
480
79
141
165
256
106
37
160
126
135
126
345
11
219
404
359
150
136
53
32
47
669
264
191
95
171
53
125
26
7
159
254
134
348
323
298
285
382
148
16
98
21
203
73
27
228
119
154
50
255
151
11
12
44
206
31
50
61
364
186
16
107
176
86
301
100
98
261
33
37
53
636
250
3
38
161
349
58
33
598
85
29
11
267
282
379
116
11
149
168
162
34
115
102
77
20
5
154
14
108
184
397
49
37
25
191
5
73
333
271
10
5
225
535
114
56
442
49
13
130
4
395
6
148
72
192
139
73
361
37
77
20
260
320
79
426
17
338
5
24
52
349
71
173
7
78
86
194
78
227
54
119
458
358
248
219
2
79
147
151
102
131
24
13
49
26
453
158
259
39
249
16
174
214
51
178
10
253
148
139
25
133
27
34
38
390
216
2
37
2
92
307
216
5
213
442
482
20
29
79
66
12
201
26
197
8
76
34
340
112
291
374
23
601
508
105
2
85
364
13
265
63
253
148
44
249
244
198
42
2
42
39
240
49
29
325
381
404
40
138
42
2
135
84
164
70
307
178
35
98
107
19
213
240
198
236
598
106
58
94
291
229
28
118
217
72
31
156
542
228
82
106
37
66
179
25
1
380
340
124
254
26
523
26
41
104
578
368
617
300
256
170
83
23
24
353
266
31
157
105
99
151
6
200
186
105
80
97
285
121
13
80
257
157
104
91
325
223
213
328
434
396
84
13
4
12
55
6
549
58
275
184
58
11
93
615
14
312
307
560
82
241
169
236
37
657
284
99
70
158
1
37
162
277
147
138
60
36
18
435
145
129
97
232
168
208
1
332
7
331
81
228
21
126
33
214
138
310
322
83
310
73
36
116
39
14
23
257
39
130
201
47
848
105
31
191
14
198
175
206
163
178
104
340
304
470
703
334
48
432
90
365
193
571
74
36
151
52
279
39
73
31
138
100
20
253
103
6
272
2
238
158
78
194
94
96
420
2
113
78
126
112
206
12
7
60
174
27
143
22
115
1
693
73
100
327
85
60
478
78
265
35
135
9
83
300
318
145
686
12
87
24
73
251
22
154
68
109
402
49
29
14
14
189
152
52
40
24
31
172
359
14
121
103
457
157
47
101
29
29
1
96
212
346
147
303
65
11
61
184
94
161
192
90
108
388
452
389
19
221
113
56
31
84
275
2
99
39
155
113
298
211
10
57
151
17
193
243
7
286
166
117
291
430
120
7
331
24
321
19
390
535
192
104
89
317
17
1037
206
165
377
122
540
88
89
48
216
285
80
20
172
430
62
21
58
392
117
43
129
120
470
97
118
135
268
1098
5
673
42
360
594
35
123
39
77
13
13
16
23
52
92
39
128
52
85
80
5
61
18
792
441
27
4
115
28
442
16
100
682
85
145
35
501
412
395
204
221
417
487
3
131
134
610
168
6
34
210
96
146
79
203
76
115
201
26
1
96
147
6
49
15
165
420
15
60
151
486
222
96
3
53
10
147
386
212
403
114
52
155
3
11
19
311
142
136
13
213
170
485
68
10
64
69
56
103
145
450
79
18
29
368
21
156
124
26
290
169
204
116
31
220
8
87
377
3
64
1
63
148
25
211
42
96
155
68
125
1390
170
51
70
20
129
278
715
174
15
19
47
65
38
287
95
71
70
595
261
326
35
132
331
313
75
207
145
12
58
18
492
59
61
85
222
38
512
247
252
155
79
48
34
190
5
228
93
373
78
284
181
5
259
94
193
125
280
219
235
403
1
38
25
81
236
485
94
192
30
24
87
80
11
48
85
120
54
156
195
142
184
99
380
47
312
77
76
165
344
28
105
340
54
64
65
19
365
274
65
437
20
216
69
63
36
58
29
106
220
298
187
176
402
61
55
39
136
12
136
201
152
222
59
18
4
78
172
125
69
164
164
154
142
173
315
38
182
40
208
560
68
23
174
137
524
433
42
393
217
36
72
33
73
410
69
3
181
95
79
56
22
118
591
30
158
32
15
60
438
97
70
87
233
164
147
177
36
84
72
193
71
159
86
28
158
156
262
46
236
273
189
15
35
86
46
56
85
15
210
99
36
627
515
69
417
13
507
295
12
437
161
129
3
33
162
308
137
44
37
128
13
176
24
56
175
121
47
154
35
22
209
143
556
110
31
152
74
166
141
35
26
445
35
148
5
85
207
224
297
42
486
50
19
86
50
15
52
168
97
23
216
164
209
78
202
352
32
289
74
248
168
529
118
18
44
130
58
131
82
213
681
301
307
12
811
14
380
484
149
140
27
402
101
283
111
61
117
404
3
85
130
264
235
326
13
82
62
78
53
314
371
74
164
412
265
296
73
137
19
74
90
10
784
231
193
27
105
139
180
278
137
17
21
320
103
134
148
109
257
167
27
64
104
62
272
32
280
40
24
9
97
211
81
23
604
1
23
82
46
105
181
108
133
135
152
43
46
178
191
131
106
4
142
23
111
133
9
80
93
160
353
164
178
124
129
76
295
717
242
43
174
97
4
57
437
9
21
399
38
106
252
118
71
16
11
597
23
60
208
323
27
62
8
158
2
125
463
16
139
57
168
8
73
294
278
433
90
170
69
124
104
177
36
186
144
111
18
90
6
220
29
134
78
484
2
26
59
27
75
608
469
59
80
287
158
108
155
389
356
30
312
199
94
633
436
1
167
209
186
222
93
223
85
173
81
316
171
40
109
23
111
371
46
26
11
126
197
13
40
377
143
65
67
92
161
82
61
7
159
434
64
432
763
2
8
132
23
156
129
186
16
407
145
16
33
5
416
370
156
225
60
29
114
236
86
193
105
25
108
235
331
46
145
109
28
147
173
44
6
323
34
15
323
359
129
24
14
34
111
66
8
42
52
49
183
211
132
161
79
362
145
18
216
23
394
9
72
200
94
124
169
388
254
71
74
279
594
352
79
150
135
85
214
369
309
22
79
125
58
138
142
91
78
19
36
110
138
117
38
94
222
341
18
9
104
97
12
341
132
150
13
66
39
88
46
77
245
75
872
25
107
194
176
131
216
480
33
75
203
50
194
378
172
9
106
215
351
251
526
77
18
5
355
176
228
226
303
903
240
588
536
305
294
168
47
16
92
285
427
289
338
167
224
161
345
600
22
288
360
64
350
81
127
51
22
198
103
91
148
34
116
30
190
168
59
187
372
244
19
9
96
6
1
123
241
35
56
124
11
331
198
11
109
47
72
58
76
31
105
725
220
263
488
5
15
287
23
9
4
100
60
106
77
101
142
98
8
312
119
28
277
152
162
149
149
43
115
69
299
533
28
19
145
29
75
71
446
182
88
397
20
451
147
14
69
218
19
198
221
38
11
303
54
360
234
132
88
300
82
66
88
1283
477
322
299
27
69
246
169
2
284
246
228
205
425
135
127
39
97
318
151
189
55
107
332
177
216
54
176
75
21
26
25
330
77
79
29
191
369
120
152
127
23
756
53
105
52
2
222
209
91
62
211
186
9
95
10
28
298
227
194
144
240
25
29
51
185
362
15
158
216
16
208
174
117
21
148
258
109
58
42
228
551
62
67
10
883
107
327
272
144
332
67
69
48
30
41
87
408
16
10
122
345
133
41
24
89
435
258
8
18
481
2
17
182
237
156
81
36
257
88
30
41
277
92
32
83
78
234
35
104
109
300
105
195
78
321
201
2
249
36
17
70
47
171
115
51
130
4
15
15
105
177
165
38
285
151
184
138
53
87
138
5
110
68
44
335
205
110
238
459
69
107
24
9
79
154
22
99
30
294
15
127
129
159
187
722
2
164
176
586
66
35
147
298
349
201
89
62
125
116
51
78
545
107
178
169
63
25
129
19
6
390
39
664
423
118
10
43
26
128
151
260
72
20
93
140
17
29
534
305
232
233
33
121
93
17
289
117
73
26
74
22
49
31
171
22
456
30
2
451
90
297
261
19
96
103
128
34
101
250
7
103
139
27
134
5
57
70
29
112
179
236
140
251
410
34
280
137
267
131
101
34
9
247
86
32
410
199
21
51
188
273
19
251
11
200
377
99
56
9
38
165
193
379
176
67
97
192
39
16
14
31
75
55
46
153
184
304
229
71
9
87
106
2
464
215
34
120
64
138
6
252
170
181
14
253
18
620
123
304
137
9
336
48
252
73
25
10
65
341
207
154
151
27
124
578
391
79
36
24
410
147
179
443
30
49
78
214
302
84
430
185
57
22
307
568
50
6
113
653
230
94
262
646
139
27
75
83
70
82
1
9
32
26
13
69
263
56
13
52
12
409
94
69
24
29
968
383
1
211
17
29
91
266
454
154
424
153
322
66
23
110
219
182
74
41
425
26
361
43
441
493
12
56
72
63
266
106
252
43
85
108
26
78
236
9
256
296
34
39
3
141
20
119
49
153
298
113
80
62
130
69
299
182
79
78
45
22
196
3
47
151
107
251
175
80
373
122
228
7
23
96
73
54
3
175
12
201
213
122
425
44
277
56
66
43
2
57
373
54
733
188
238
146
63
213
96
110
103
303
220
56
62
52
182
256
40
134
5
20
349
87
265
71
221
2
569
142
51
18
161
343
46
96
14
96
60
110
115
61
65
51
27
46
324
155
31
304
39
14
94
22
209
9
110
108
354
11
194
48
17
182
20
1
156
65
336
7
3
354
275
255
41
3
187
127
1
124
175
333
373
225
44
6
5
153
223
44
27
170
20
56
71
446
307
187
315
732
384
116
106
62
9
10
58
62
789
87
66
31
372
186
9
3
66
183
13
118
121
18
160
123
241
63
280
366
80
66
106
28
338
179
52
73
170
121
438
44
259
73
211
709
188
128
17
11
116
171
20
12
512
365
16
175
752
42
24
7
158
173
392
20
285
76
177
331
51
4
158
231
374
136
328
28
36
262
224
117
106
68
120
57
55
72
34
119
43
29
55
178
7
78
52
158
124
6
123
234
351
94
195
121
10
113
88
453
240
141
167
341
46
6
246
44
85
417
58
379
489
282
457
1150
380
110
19
236
30
563
142
28
30
348
138
135
423
141
506
9
155
519
1230
70
100
61
119
171
453
37
253
168
321
11
723
123
152
299
30
89
55
169
65
102
333
168
16
82
162
37
37
206
107
186
21
101
46
3
51
426
260
14
411
236
51
111
86
290
374
393
32
182
76
131
88
123
114
40
112
188
318
20
26
50
19
42
41
37
189
186
181
178
400
109
469
70
248
85
59
103
254
79
161
128
160
254
258
623
144
147
128
124
103
224
10
157
178
38
34
465
40
63
94
208
6
66
98
227
297
471
66
155
166
274
109
200
581
61
84
249
272
104
154
154
44
99
474
58
285
256
213
589
23
348
32
547
113
9
436
108
167
124
802
237
242
152
425
85
149
106
95
245
30
482
4
742
52
36
155
90
216
27
96
201
237
67
565
267
35
140
90
91
110
46
119
75
128
69
191
252
170
177
24
390
2
17
165
100
311
10
103
67
156
29
173
6
23
855
3
95
137
6
11
7
39
54
101
45
115
109
16
107
351
150
86
191
703
234
7
10
4
227
115
23
603
48
106
77
77
37
18
489
87
36
193
93
19
24
97
41
55
368
59
28
120
5
66
114
233
174
319
58
26
288
245
6
134
51
253
686
232
41
266
89
277
22
150
1049
462
73
68
437
103
146
286
31
131
162
272
52
55
10
89
193
803
107
194
123
198
72
275
450
6
244
201
328
157
35
231
48
212
510
140
42
93
17
45
106
247
307
368
173
46
95
39
598
9
466
12
67
80
222
18
100
24
58
257
44
86
48
403
370
88
54
266
104
770
197
478
9
16
17
31
117
145
189
361
154
42
502
223
127
103
19
17
72
37
4
71
224
40
17
116
43
76
191
11
308
8
378
5
33
228
22
344
26
267
49
167
140
166
51
82
246
44
6
43
70
184
160
701
114
286
255
79
37
402
286
117
43
57
55
72
79
46
90
263
80
3
158
12
172
313
230
104
263
164
192
148
44
54
234
54
4
81
41
50
24
302
96
120
436
274
8
33
19
133
149
67
318
3
118
257
203
12
31
9
497
86
240
363
244
31
11
127
52
21
202
21
123
685
602
200
155
124
127
122
221
240
176
446
153
27
57
172
555
344
414
33
68
491
246
92
170
341
142
146
134
51
34
58
67
43
217
47
91
18
19
492
1
198
110
142
398
40
39
55
538
40
46
189
55
595
70
61
187
31
55
137
177
40
48
217
24
554
29
19
234
336
274
242
80
362
10
149
206
4
110
64
218
350
69
30
79
43
12
366
305
6
212
24
3
140
23
90
2
93
73
249
338
175
221
1
104
9
6
101
233
67
55
32
215
119
27
6
285
181
324
296
15
2
344
210
305
30
167
240
55
14
261
59
131
139
161
159
57
120
27
34
42
104
16
222
219
199
62
98
6
352
263
155
12
324
271
164
42
73
64
9
336
305
452
52
197
121
378
51
100
814
112
215
59
93
88
13
302
1031
125
88
22
121
100
187
208
82
101
371
23
137
115
330
59
145
412
521
118
52
417
63
61
38
248
7
34
292
325
60
441
13
6
375
161
70
73
84
149
250
191
519
55
301
134
185
54
8
46
99
32
310
64
104
165
25
89
10
60
90
65
37
265
31
5
268
136
74
267
27
120
124
213
12
47
14
6
8
123
217
71
23
45
52
5
241
57
17
391
175
164
150
60
156
28
54
17
117
18
75
34
32
82
179
47
38
523
103
19
26
20
360
194
160
271
13
18
104
276
129
378
216
362
297
35
79
366
235
885
75
24
58
164
20
6
23
142
377
114
42
90
250
99
114
64
60
205
147
166
112
6
104
144
211
31
214
64
67
9
936
14
56
37
259
188
126
47
9
204
699
220
42
361
253
173
89
224
869
458
69
50
27
274
307
35
493
114
9
138
176
180
328
14
305
42
142
215
260
9
167
13
55
19
193
330
51
154
15
169
130
17
11
40
253
77
88
173
228
123
78
10
1
133
18
593
69
75
35
234
288
159
205
119
203
392
36
63
170
356
250
14
73
69
205
22
86
95
8
201
97
397
380
9
270
312
76
58
119
198
362
135
182
328
57
25
20
140
266
99
19
448
79
16
238
271
169
366
203
100
71
126
124
279
16
227
4
164
289
15
