18
18
2
10
13
151
108
14
42
8
1
40
5
10
72
23
38
319
29
117
46
74
8
10
15
11
19
11
15
70
67
63
76
10
93
155
145
41
77
25
32
23
135
71
18
23
1
39
35
74
85
210
1
100
17
28
5
102
14
80
34
24
167
30
22
16
11
13
134
44
2
1
32
20
22
75
16
5
11
4
1
200
15
147
80
81
4
13
60
35
30
78
104
4
58
102
45
9
14
16
100
154
13
129
113
17
62
19
132
188
77
14
4
28
57
39
82
136
20
139
70
62
9
8
78
55
126
84
266
16
5
10
30
8
42
9
23
199
17
173
18
2
23
91
14
32
5
72
44
65
41
40
180
34
82
20
146
8
33
6
43
176
46
1
34
12
68
61
170
39
4
52
10
1
65
48
31
14
21
18
83
96
223
4
141
74
28
27
10
51
14
262
5
38
83
138
3
81
52
21
13
167
58
13
71
48
21
13
15
46
42
11
16
25
29
96
84
60
22
69
8
142
54
10
137
151
65
9
48
24
49
6
68
24
139
76
65
78
310
54
104
53
247
1
524
180
94
44
5
66
65
19
108
128
54
105
108
31
32
21
22
2
42
3
26
203
13
16
100
112
54
34
82
14
9
28
21
48
46
69
47
12
96
45
45
36
4
4
22
37
94
116
32
13
40
30
1
56
22
32
34
6
77
38
8
11
195
24
9
116
63
4
98
30
10
38
50
52
6
71
102
94
5
162
28
27
52
342
93
97
39
117
20
29
31
31
43
43
31
20
104
73
7
73
58
279
12
35
2
17
94
7
62
25
39
26
5
120
20
129
2
36
29
1
65
106
16
7
31
27
150
37
82
15
92
103
34
210
58
258
13
108
11
24
108
32
44
9
69
57
67
147
251
30
31
21
50
43
12
8
63
27
109
90
87
86
32
146
40
22
105
2
59
11
193
1
1
7
38
1
38
153
69
51
71
25
78
73
26
24
7
74
124
14
53
34
14
67
16
66
4
30
4
1
25
9
22
49
62
86
118
65
6
70
42
125
185
25
35
52
75
37
24
10
50
48
65
68
55
4
65
3
68
9
1
9
35
46
87
44
4
59
66
39
44
14
21
31
30
15
1
14
49
92
51
176
2
62
6
217
71
52
2
45
27
129
17
95
131
41
4
125
30
69
46
10
104
7
187
72
46
15
103
95
18
30
34
22
25
118
73
12
11
24
142
115
61
1
41
134
8
186
125
6
11
19
13
34
79
79
9
24
64
2
45
32
37
258
39
1
9
10
4
170
42
59
38
17
21
66
55
8
104
65
23
87
13
7
259
28
12
1
52
39
11
17
102
121
28
99
13
28
45
158
6
45
21
8
32
52
154
82
39
124
5
40
43
86
322
8
36
167
33
9
5
58
52
26
17
55
17
94
10
73
16
7
63
43
45
14
97
69
45
109
19
41
214
199
110
16
18
135
6
2
1
114
43
145
36
55
65
6
27
20
38
14
71
221
19
33
43
57
146
35
93
140
59
17
104
16
52
70
225
85
16
27
11
30
20
25
32
154
78
12
27
122
14
95
53
20
57
65
113
26
21
75
113
41
206
41
63
49
120
171
24
56
149
185
6
27
9
20
2
128
70
76
65
28
57
79
43
107
64
39
1
17
7
16
140
86
173
57
10
40
120
58
57
59
77
74
21
22
21
61
85
140
81
35
6
10
70
94
19
61
206
32
20
52
54
6
76
74
147
46
30
214
56
43
71
116
165
26
227
30
42
24
153
60
171
11
78
6
260
29
158
19
212
62
63
5
116
202
44
116
31
93
3
157
66
67
147
17
26
21
40
169
7
37
199
15
42
67
24
7
175
149
51
67
29
8
96
38
142
17
10
47
19
60
50
116
26
14
18
11
6
101
48
25
20
78
93
14
29
34
148
65
10
20
14
71
95
126
104
85
65
32
8
29
58
28
32
87
56
20
122
3
92
106
14
186
44
15
43
64
55
108
18
41
29
173
187
46
16
4
14
6
24
88
61
2
23
182
40
23
117
26
36
49
89
25
39
17
70
38
70
114
6
71
39
3
24
1
33
33
73
6
6
109
60
43
16
32
5
37
44
20
65
21
45
50
8
6
15
184
139
3
128
88
38
94
19
95
41
4
73
275
48
62
106
31
53
3
198
1
1
197
7
5
26
48
10
13
4
18
8
9
6
51
3
8
70
23
25
202
22
60
133
11
2
19
29
28
27
7
115
116
214
9
20
32
65
147
47
53
22
133
38
47
15
2
62
44
16
52
90
184
44
401
53
17
24
7
57
20
85
145
37
16
10
64
121
38
65
27
4
95
13
27
9
23
44
48
28
9
20
3
112
151
10
27
128
4
75
5
75
288
7
21
73
43
94
7
48
97
26
1
3
24
2
44
112
3
74
28
2
60
84
32
4
17
32
126
11
17
8
96
15
82
90
79
113
19
76
102
132
84
96
46
7
134
67
50
75
174
114
7
65
136
25
334
44
57
239
59
29
64
26
108
12
62
14
22
50
68
3
4
212
246
86
22
32
57
15
38
69
61
21
13
84
25
63
47
110
82
137
45
161
15
108
35
31
3
112
78
13
34
4
9
34
45
110
113
65
11
64
509
27
102
74
7
21
183
79
36
22
1
10
7
48
236
41
36
2
15
28
5
29
1
37
3
42
64
16
18
37
41
4
80
20
22
6
23
109
41
7
66
234
148
122
16
76
79
68
71
8
90
67
43
38
131
47
12
54
42
14
17
18
42
20
51
43
9
24
2
104
20
37
102
46
78
80
51
9
31
7
15
53
84
159
39
63
78
71
172
10
20
25
21
35
11
8
4
25
36
203
1
34
24
125
68
1
46
10
26
83
15
171
134
42
182
19
15
21
88
48
167
75
204
35
4
16
45
2
54
30
65
69
15
78
23
70
15
16
72
59
16
30
6
4
12
30
64
95
67
93
23
32
151
18
52
89
2
67
79
98
17
62
114
32
11
43
77
5
4
57
2
20
82
97
49
385
107
25
94
183
157
268
40
52
119
61
51
51
71
207
34
94
37
31
20
168
5
48
30
284
1
14
61
47
21
12
111
99
60
5
32
6
36
82
68
187
50
37
65
39
56
158
16
25
24
9
78
62
43
2
12
32
1
241
58
61
115
76
14
114
15
66
45
80
16
2
52
212
54
37
36
1
23
20
33
21
86
11
54
32
32
36
12
20
123
20
61
35
105
57
11
12
68
56
15
138
13
91
126
3
52
21
43
20
82
36
5
67
39
21
78
34
32
185
23
137
45
19
127
9
20
7
54
23
71
234
50
20
69
23
108
9
32
17
27
1
62
56
60
21
84
10
152
81
184
122
26
2
37
81
34
27
34
6
35
63
65
112
27
67
29
6
43
123
40
54
61
43
161
305
12
26
47
4
30
31
25
72
5
189
93
3
90
69
15
76
57
30
115
28
4
34
55
15
59
53
23
42
269
42
65
4
149
104
31
11
96
65
38
46
177
77
98
80
13
89
41
105
12
127
43
14
37
610
101
61
78
26
25
68
99
12
68
59
13
41
171
87
67
89
87
84
81
59
32
9
23
87
8
73
40
75
44
139
24
97
17
19
36
33
56
112
9
50
56
20
35
151
21
29
82
38
108
17
119
130
25
30
66
3
123
100
31
62
11
7
2
38
17
167
13
162
26
4
77
245
108
84
59
75
8
20
234
232
21
133
16
69
9
75
31
89
22
5
10
46
67
12
70
15
127
3
15
68
58
38
49
22
155
17
68
20
59
54
69
17
182
39
209
49
37
6
30
87
76
17
2
10
26
54
9
19
6
44
49
19
28
35
4
6
10
137
132
16
55
185
77
39
49
187
38
34
88
46
89
37
130
95
68
21
1
12
36
12
33
224
24
180
124
20
70
44
118
76
19
45
9
20
127
23
91
141
46
7
37
120
48
12
64
7
42
50
104
35
10
15
125
204
121
72
60
6
11
79
42
11
113
82
120
96
81
13
92
203
31
18
61
108
84
57
25
42
16
64
203
17
4
20
8
47
15
76
45
70
24
1
19
116
29
13
51
61
52
38
3
41
117
24
71
25
28
23
88
54
146
38
72
17
5
7
130
15
107
13
110
81
180
17
90
67
153
24
3
21
6
115
30
3
17
41
47
66
36
13
8
276
68
106
149
104
121
11
4
90
11
33
29
10
4
183
29
62
64
148
7
16
67
8
56
8
136
43
150
24
54
133
100
42
138
16
11
13
30
44
21
54
79
10
76
79
41
114
161
88
70
56
104
52
62
84
32
22
157
18
163
28
60
18
3
2
89
220
21
128
112
4
13
35
16
60
1
57
8
55
130
25
3
3
42
26
168
12
10
42
142
1
47
10
111
101
192
111
14
28
3
28
18
87
49
131
21
19
44
111
153
15
25
79
22
42
180
44
79
90
123
2
110
46
11
10
18
6
25
32
43
356
145
6
23
7
13
114
20
124
43
69
12
259
25
135
83
70
63
7
46
83
10
15
39
48
209
137
96
81
6
59
79
28
98
42
97
16
94
13
52
20
54
1
6
43
130
23
5
56
39
23
35
10
61
6
78
20
41
24
1
87
58
28
6
93
66
7
102
12
5
11
28
2
9
72
76
51
38
30
126
28
99
90
60
16
23
217
7
8
8
160
21
101
286
55
119
76
218
7
93
47
53
1
70
73
41
34
57
121
136
9
8
12
118
35
47
43
193
204
162
52
154
45
58
69
189
79
34
196
9
55
59
73
67
38
102
108
73
2
36
154
25
22
36
266
54
605
23
92
108
87
75
47
157
19
86
3
32
180
4
32
6
293
53
27
191
40
72
42
44
13
23
56
86
51
191
33
63
24
36
42
6
54
18
168
6
72
11
61
53
55
1
35
11
82
14
39
45
11
152
32
6
76
37
25
7
36
35
4
13
95
20
9
15
66
24
8
13
9
3
83
69
61
67
57
140
204
107
70
173
163
30
52
9
53
19
1
23
69
2
70
335
67
93
6
225
96
71
32
29
137
53
10
11
22
18
22
18
111
30
83
18
84
200
160
114
13
160
36
79
201
12
135
31
103
8
44
35
41
124
129
25
35
6
22
78
13
83
11
27
25
112
85
81
98
30
109
2
3
19
3
148
12
29
21
43
166
27
77
8
38
263
41
65
17
129
9
102
25
73
128
20
68
90
33
22
44
52
125
65
7
136
35
109
16
107
58
125
43
106
1
83
31
7
41
9
40
25
37
118
68
175
41
100
99
5
2
22
90
161
32
12
28
16
8
39
11
309
2
30
148
61
90
354
38
29
5
16
60
25
114
47
155
129
6
118
19
37
1
17
41
87
51
92
42
88
15
24
73
163
51
60
8
16
158
19
132
99
6
96
40
7
63
81
87
32
1
26
58
102
38
27
51
45
91
68
10
71
30
73
73
71
14
56
22
29
91
7
33
129
70
93
23
430
73
11
96
13
79
25
53
119
17
60
53
14
119
1
2
17
63
10
5
137
37
30
5
21
62
48
59
9
96
22
66
13
30
44
67
48
58
85
48
158
4
85
8
31
9
20
53
22
37
133
24
191
6
47
6
41
119
5
150
13
44
80
176
121
66
110
8
6
8
39
22
241
10
21
1
45
34
37
177
8
29
188
64
58
40
7
7
79
136
70
84
15
21
9
54
40
1
74
163
186
24
19
22
19
73
51
149
21
53
66
1
157
14
16
3
40
24
10
91
23
17
48
15
11
11
90
39
26
114
35
53
25
90
4
56
15
3
19
30
21
2
2
25
275
20
31
538
176
2
23
54
41
18
28
16
204
32
36
6
27
1
10
12
23
44
206
62
7
7
35
15
115
144
94
2
30
163
35
93
23
186
52
47
109
79
57
25
32
200
21
67
28
6
24
19
136
2
284
61
53
105
27
20
126
96
25
18
2
1
55
10
13
23
2
12
27
30
46
92
67
69
52
194
33
33
122
70
144
94
28
88
54
93
77
6
1
52
4
113
94
63
12
58
16
16
249
90
161
30
28
58
130
30
22
106
25
103
10
105
55
6
41
2
3
59
60
49
29
4
21
109
48
11
43
19
23
153
137
30
170
39
21
83
3
9
53
37
37
39
8
74
16
16
174
80
12
37
66
112
65
30
20
46
26
26
17
17
105
31
145
14
2
5
64
41
19
23
1
19
147
39
2
120
15
90
29
7
32
21
41
125
51
56
16
5
105
64
10
57
80
1
101
96
118
47
34
18
57
157
4
13
15
17
61
30
9
8
58
11
270
25
6
179
32
59
57
70
38
2
10
134
1
95
20
49
14
16
8
31
187
14
79
29
33
32
60
80
194
24
82
10
9
130
154
24
29
45
188
164
125
85
40
110
80
45
42
136
112
19
41
153
26
63
24
63
102
21
26
3
184
105
118
70
53
51
68
36
28
42
108
85
38
50
56
128
74
16
42
19
26
216
11
105
36
164
29
1
67
37
89
57
45
38
10
73
4
36
38
86
99
190
2
45
92
44
36
32
9
68
25
12
2
164
36
43
115
47
80
54
6
9
3
73
107
57
57
21
149
63
163
105
98
148
35
51
190
61
104
95
16
46
41
9
51
124
72
30
59
99
7
64
18
36
40
43
14
43
29
3
39
26
6
27
18
139
111
77
38
52
120
146
60
31
21
18
142
81
27
66
30
18
106
82
127
62
30
17
12
24
6
10
85
211
12
36
24
52
20
6
62
61
130
21
24
32
111
61
41
67
481
16
14
16
170
17
39
51
22
69
19
43
25
2
19
5
115
20
37
6
27
30
33
22
253
46
231
40
309
176
79
10
65
42
248
66
20
9
32
100
23
153
179
33
65
17
112
18
150
21
81
58
21
7
2
68
106
6
87
136
94
32
12
4
98
34
45
45
34
7
30
16
63
25
14
35
4
48
108
208
54
40
150
251
117
17
42
19
115
71
92
13
176
5
57
17
173
68
21
7
104
16
43
181
21
90
65
80
305
44
95
286
81
119
105
61
22
14
55
97
2
1
13
61
1
75
24
19
54
166
242
21
20
6
20
9
161
140
8
38
7
120
23
95
45
3
12
15
124
53
18
81
150
173
54
1
174
40
96
76
57
186
17
275
22
75
120
20
31
57
113
12
38
73
55
4
162
119
12
108
245
41
68
68
17
48
37
102
91
106
16
13
54
187
114
96
7
93
56
146
21
122
37
34
49
28
205
67
51
49
68
126
65
9
19
99
127
3
4
2
78
47
82
7
81
21
3
110
171
280
18
11
2
17
146
3
10
23
25
30
30
37
97
37
7
3
27
34
81
24
40
36
25
12
5
29
22
28
12
125
100
24
3
13
59
22
58
4
41
21
128
86
45
14
190
19
18
212
110
94
28
153
9
7
76
29
72
17
5
5
64
38
38
64
135
15
66
69
96
106
12
222
40
20
21
81
7
17
305
127
180
12
63
9
25
42
32
90
31
63
21
21
40
77
27
7
14
191
20
72
25
60
132
3
2
308
233
113
22
32
102
45
75
110
48
3
13
23
63
42
15
23
69
1
69
94
43
45
21
60
74
205
54
14
46
30
32
3
173
19
24
115
21
28
118
21
84
14
14
64
81
67
53
104
40
19
70
5
28
145
213
2
48
39
94
5
11
83
64
24
200
141
46
86
109
46
3
75
10
144
68
7
71
51
27
195
179
164
69
57
53
122
23
6
3
10
90
126
2
113
9
104
76
83
143
152
13
127
111
114
101
18
13
9
78
36
104
95
93
17
12
14
42
118
124
48
16
188
87
267
16
127
41
195
45
23
36
2
113
18
209
37
10
87
15
92
176
77
59
186
112
5
81
111
78
126
105
89
168
70
154
32
42
68
121
35
63
29
2
46
39
25
179
9
19
45
92
130
49
21
3
237
78
1
147
76
54
77
54
87
13
18
45
37
81
148
51
28
54
160
44
121
77
45
10
10
43
3
18
15
61
100
57
68
66
95
57
94
135
83
28
20
12
28
91
45
273
32
42
97
17
66
36
9
2
10
26
119
29
42
69
47
180
132
106
22
88
81
67
50
14
19
18
34
131
53
198
21
61
65
48
28
2
148
136
62
10
191
192
1
11
43
14
4
28
96
75
82
47
71
51
79
9
35
45
8
73
24
10
26
31
18
22
16
12
213
12
50
46
165
2
124
89
19
85
14
31
153
8
6
25
58
169
21
15
82
40
36
39
75
162
46
6
56
13
175
52
57
82
100
16
74
101
10
29
8
59
122
5
57
3
195
306
6
28
102
49
16
93
16
50
4
124
20
6
56
4
64
53
2
92
164
39
115
160
2
5
118
187
130
8
51
17
85
18
3
7
32
53
29
3
240
26
231
130
17
126
52
11
48
1
3
13
4
99
17
122
1
11
4
44
114
228
80
23
68
35
62
56
21
26
44
109
11
80
53
7
305
21
68
53
68
105
2
61
67
57
36
69
38
32
8
69
62
23
8
65
97
19
190
17
49
69
303
48
42
27
90
9
48
3
138
182
60
80
57
1
19
92
9
29
170
33
2
16
12
11
27
34
20
4
48
10
153
7
342
88
27
73
76
119
1
55
11
42
18
344
80
38
29
64
145
21
25
133
7
2
8
25
23
9
55
12
35
12
39
93
18
14
25
3
80
25
275
28
53
48
80
8
156
9
32
33
56
76
39
33
8
197
60
6
21
101
3
25
18
35
125
52
18
50
105
51
12
48
99
13
18
11
200
1
76
34
26
76
265
197
16
24
27
15
21
33
81
24
82
99
75
1
36
4
5
12
13
44
86
42
27
46
49
135
35
166
18
60
28
4
18
34
18
172
186
139
45
176
11
16
29
28
27
18
25
13
20
105
15
112
29
50
221
26
8
18
196
14
217
70
97
8
5
18
94
52
33
22
88
51
52
86
6
30
67
16
92
41
38
90
63
29
17
7
28
18
23
109
26
25
75
158
25
59
61
18
20
89
17
136
55
1
157
72
24
28
10
17
48
29
33
46
14
154
29
30
59
92
11
109
7
69
57
9
163
25
33
176
25
117
109
2
12
85
1
79
34
89
7
10
5
183
19
66
220
70
23
23
11
41
42
35
81
34
4
104
7
5
148
18
113
75
66
51
17
9
62
7
160
67
112
38
23
2
32
134
47
94
56
10
66
1
114
26
25
32
24
23
20
5
157
2
3
27
83
129
46
161
9
3
5
2
81
28
8
136
90
34
40
33
43
26
29
4
8
77
30
97
53
33
73
90
14
66
369
59
13
112
87
70
28
2
97
34
19
295
3
3
45
177
168
18
19
53
12
121
4
12
24
46
35
48
10
36
9
2
33
49
33
77
185
89
22
16
232
2
17
169
5
10
140
16
105
23
59
18
3
1
1
60
83
110
49
58
65
22
43
49
87
29
133
26
83
59
39
103
113
14
5
32
57
48
15
87
12
15
50
8
20
62
48
52
57
51
15
36
49
28
156
19
102
26
25
62
26
22
47
91
87
18
134
4
4
89
31
76
127
31
75
32
2
42
112
85
119
28
14
152
2
1
1
27
2
27
6
3
87
132
14
323
162
59
4
33
74
173
11
154
6
50
207
34
80
18
222
39
14
21
48
13
40
44
1
44
40
3
110
9
58
81
6
49
106
43
16
84
36
36
8
17
39
14
84
30
99
44
119
81
31
5
33
61
229
159
67
17
158
136
44
38
38
6
76
69
54
88
47
177
67
43
33
249
52
102
18
47
49
21
162
92
43
23
29
7
27
58
18
2
49
36
5
56
159
50
19
292
22
155
19
3
154
56
49
5
23
28
158
53
49
1
172
29
2
26
4
67
128
57
19
72
70
41
200
97
244
42
9
46
10
112
31
250
30
116
59
14
42
61
30
277
86
37
109
98
32
8
35
101
57
61
48
55
116
27
21
40
171
8
16
21
37
51
95
125
227
12
21
220
35
120
23
38
176
16
81
69
32
141
17
7
148
46
113
32
274
14
10
13
36
149
129
55
17
81
1
72
39
118
80
36
139
39
313
174
26
117
232
112
101
92
240
1
27
104
128
20
20
15
20
28
12
150
4
33
43
37
20
199
16
86
23
39
4
71
4
15
29
52
30
153
195
44
43
213
45
31
32
32
141
17
70
14
26
29
17
55
133
87
5
30
94
77
43
7
13
93
6
75
126
7
31
52
45
73
21
18
20
26
145
117
17
18
41
4
15
91
41
123
112
18
47
69
71
51
65
78
26
40
15
74
141
46
78
46
24
17
16
26
149
22
1
18
117
69
32
128
116
107
136
51
72
5
61
25
9
12
49
19
47
65
263
30
39
13
38
193
281
128
58
235
34
39
152
116
137
41
14
15
47
23
48
65
191
110
106
12
26
3
67
87
55
19
48
114
118
25
48
10
3
3
13
5
46
95
89
228
99
22
1
4
49
9
27
80
1
9
79
103
31
86
55
1
25
145
6
43
35
25
52
28
10
58
153
1
15
70
19
1
68
79
101
55
175
181
251
18
101
20
69
35
61
27
28
33
73
34
5
57
35
1
53
166
67
98
5
88
42
50
42
85
17
12
65
163
95
93
99
167
15
3
68
66
100
94
80
77
59
262
99
36
67
23
46
14
26
34
163
13
33
11
101
10
87
50
71
12
3
52
34
9
58
15
15
34
108
152
24
28
76
2
57
38
42
6
38
123
251
57
18
68
78
75
160
69
114
82
64
113
17
63
27
15
75
13
63
85
90
53
22
41
14
45
24
80
22
152
155
5
77
31
51
91
46
15
13
14
207
18
9
84
57
47
248
113
62
8
67
13
90
20
6
77
189
219
1
100
106
57
3
1
16
63
13
65
139
8
40
5
116
218
33
74
12
11
419
96
8
65
45
15
152
77
52
251
74
22
42
80
67
62
23
51
16
29
34
55
211
8
24
42
66
8
120
78
11
50
52
4
15
1
39
3
119
7
2
29
9
61
70
86
24
69
42
26
10
28
81
89
14
35
13
64
74
6
40
44
305
52
22
20
41
9
57
41
89
17
28
13
92
17
7
1
48
4
93
64
25
41
10
73
28
51
55
27
124
106
25
93
54
24
13
72
163
219
21
114
60
25
13
6
60
2
125
32
33
73
66
158
18
71
4
116
3
35
23
9
8
40
33
29
35
14
115
105
6
89
9
49
5
20
35
36
11
5
13
68
31
10
1
13
133
61
14
91
57
28
4
53
58
144
50
87
92
54
27
91
18
12
31
4
12
24
25
100
57
50
272
30
113
63
31
85
14
16
45
7
28
25
111
58
82
24
98
158
16
139
33
42
20
59
8
142
13
88
134
20
80
9
19
4
24
11
76
14
39
15
96
44
90
22
27
8
73
18
39
106
53
31
29
15
1
14
28
9
64
12
79
30
58
80
102
61
43
80
26
39
23
87
43
7
6
42
90
97
55
16
44
14
223
139
33
20
81
87
123
1
125
5
23
36
213
18
231
25
13
33
35
136
31
60
3
14
9
60
177
31
27
1
80
191
109
98
65
26
79
36
69
26
31
59
170
44
48
11
71
224
4
28
62
107
19
38
69
47
310
1
49
22
9
17
9
27
19
151
34
78
191
3
20
149
26
100
134
148
31
74
68
46
166
49
80
338
106
84
204
24
39
132
224
106
37
25
69
187
2
292
54
34
12
9
15
5
3
40
88
77
6
17
23
13
18
54
9
11
22
5
30
47
33
33
32
48
109
20
46
17
11
21
14
19
13
41
53
53
2
5
2
8
140
30
38
131
22
36
11
147
85
62
13
57
1
37
1
21
5
44
117
84
74
246
2
71
19
16
40
6
95
8
162
143
90
67
64
74
8
80
208
221
147
65
2
15
48
32
4
67
28
52
24
81
79
141
30
3
45
88
212
36
70
35
34
17
112
118
1
85
110
53
105
156
84
67
55
51
2
132
35
5
157
33
38
2
11
47
119
13
3
224
25
3
25
46
82
50
13
12
19
236
131
9
180
193
5
121
9
25
26
1
91
121
32
10
49
31
37
33
123
79
58
34
21
94
12
30
11
49
165
132
220
121
174
1
52
4
48
75
17
55
54
35
37
11
5
40
155
64
36
20
52
85
142
44
67
22
46
251
34
38
86
4
28
32
1
36
30
14
54
37
31
1
74
91
20
38
85
75
45
16
20
37
51
59
107
39
7
6
71
6
9
18
11
13
5
37
158
18
24
53
124
117
120
99
45
21
27
191
23
12
47
180
153
12
6
66
177
61
2
31
13
256
31
65
16
3
8
28
37
2
43
130
7
79
46
27
15
49
57
69
96
49
7
3
52
2
152
77
11
26
121
89
20
44
56
48
51
4
7
27
22
46
7
29
43
27
14
1
111
103
17
35
14
52
13
96
16
33
49
1
6
61
63
2
140
69
34
34
78
69
69
90
102
126
110
37
23
41
123
62
312
79
85
17
80
41
74
15
74
1
117
18
90
22
107
6
11
4
105
80
4
107
26
57
26
55
40
90
8
80
37
48
24
19
47
36
25
32
52
26
162
11
33
86
8
69
10
8
116
46
13
113
63
16
248
88
70
99
128
7
62
20
26
13
30
80
8
26
98
20
17
45
42
147
10
15
63
1
42
65
85
125
16
23
19
9
65
50
165
38
251
115
14
33
110
65
68
157
90
14
44
74
205
93
55
30
35
70
176
87
30
38
211
10
175
72
73
123
125
77
32
44
14
101
25
129
83
34
9
91
8
78
25
2
87
47
26
21
64
32
28
15
113
61
58
40
5
190
106
58
96
40
6
13
39
2
13
40
67
44
148
4
74
24
39
36
3
84
23
121
278
30
110
9
20
128
102
21
33
32
6
33
57
40
84
65
76
153
4
15
8
137
3
12
196
56
70
40
71
1
48
29
66
11
131
21
36
4
19
33
21
177
42
1
30
172
57
111
245
257
50
9
14
194
17
51
49
17
19
25
99
30
54
17
62
43
18
22
61
76
7
43
2
8
34
41
25
81
18
117
77
100
9
15
154
150
29
200
43
23
119
1
32
46
60
147
28
37
24
50
16
330
91
7
115
47
81
89
4
165
11
24
3
18
8
57
27
73
12
27
17
30
54
91
3
71
26
124
22
50
132
25
6
33
16
35
15
52
93
29
38
40
18
77
83
46
13
13
77
46
13
22
121
110
109
144
30
21
42
27
7
41
90
32
29
211
3
20
96
3
61
130
42
66
30
6
132
52
19
62
8
11
13
2
3
136
124
39
62
16
45
99
9
47
12
31
73
17
86
28
29
5
2
3
59
156
73
135
4
8
149
11
68
45
41
6
47
71
5
81
69
57
12
45
117
46
9
169
159
87
87
20
72
135
4
128
95
8
72
12
5
153
61
4
4
42
35
92
84
11
183
11
21
109
3
21
69
173
54
130
32
65
3
21
13
18
38
56
24
176
103
7
22
115
30
25
55
48
13
69
1
11
103
26
9
23
247
3
110
34
150
59
69
37
82
203
31
4
50
17
25
166
12
39
52
6
61
7
96
13
128
31
98
162
128
445
53
16
7
41
60
37
51
91
34
77
3
38
94
6
12
56
96
158
64
35
6
54
150
140
21
246
21
2
11
19
4
9
27
40
174
209
193
26
57
52
173
109
43
32
9
164
126
11
54
52
92
29
200
73
10
34
124
124
96
64
34
38
59
10
54
63
5
72
11
317
26
24
27
120
10
2
5
175
9
4
21
9
165
58
90
50
18
32
65
5
18
136
8
50
51
46
210
12
44
47
32
78
45
17
4
7
244
17
16
20
12
81
130
13
94
215
21
78
72
20
44
9
107
47
153
94
1
13
7
76
41
48
30
96
44
30
49
67
30
54
69
76
29
11
34
26
88
20
38
26
11
9
118
119
1
104
9
9
252
45
17
67
11
88
35
119
198
31
15
22
64
43
21
18
370
209
85
17
83
8
30
43
46
2
71
25
13
66
58
81
1
2
23
13
12
45
106
8
24
17
20
142
36
21
91
96
89
97
16
50
35
3
15
116
194
54
38
11
55
21
88
29
34
30
17
6
42
154
4
16
23
127
48
21
3
86
96
144
64
61
41
43
3
213
98
71
14
44
9
43
42
16
23
28
26
55
9
128
66
31
22
117
223
211
36
90
268
83
84
11
138
12
157
243
87
24
6
33
13
13
71
17
56
10
105
32
290
43
125
99
95
47
9
364
67
41
2
1
54
85
96
5
6
88
101
6
184
17
84
32
70
311
74
57
72
72
26
139
5
63
53
33
30
20
27
65
40
16
35
55
5
737
17
149
1
79
48
10
40
57
6
28
52
53
24
74
17
163
43
22
126
162
40
52
6
35
24
19
8
35
34
148
33
63
7
124
7
18
47
114
32
31
48
126
211
178
1
19
1
67
139
10
51
46
98
29
116
31
47
64
5
48
27
9
3
45
7
32
25
29
117
29
41
26
52
7
23
60
96
25
8
236
14
40
70
72
56
38
6
76
12
42
52
279
26
118
54
49
146
3
14
15
107
10
10
12
151
44
17
37
31
28
86
47
228
195
78
72
53
51
50
73
51
14
160
95
48
209
159
60
10
107
23
29
24
17
51
6
29
44
195
38
108
27
40
15
118
9
54
73
74
56
20
17
31
94
49
202
2
14
135
129
15
59
5
59
13
50
48
52
23
40
27
229
93
4
55
34
15
4
2
42
2
245
249
2
52
38
119
3
20
22
55
18
90
28
87
119
194
56
52
17
47
52
23
8
84
47
31
37
20
10
17
82
4
10
10
47
68
14
30
49
42
122
86
5
85
51
40
29
7
30
42
39
76
50
39
18
100
47
73
111
47
89
42
96
11
167
122
184
4
10
44
79
8
42
121
25
88
17
34
23
32
1
40
80
86
9
3
286
5
35
45
50
70
41
56
10
209
3
57
74
94
33
120
29
41
61
110
7
32
20
38
295
20
2
163
39
7
340
21
145
381
35
37
214
5
35
9
19
102
34
28
19
47
23
91
27
56
79
9
72
20
1
8
114
110
125
88
24
35
61
88
221
51
3
96
18
86
51
6
11
37
26
107
85
130
8
2
31
31
19
16
64
71
122
4
13
164
11
129
77
152
1
41
23
54
161
69
62
54
9
175
11
123
131
51
67
81
4
137
63
32
20
25
48
4
10
27
12
58
17
7
45
59
42
79
69
4
31
55
9
5
14
40
325
47
17
33
3
94
12
25
63
22
5
47
46
53
184
6
9
6
279
64
32
63
68
71
23
14
19
215
3
31
14
60
47
4
45
146
81
38
90
3
12
39
2
144
36
204
43
20
253
131
76
13
6
162
12
12
32
192
6
142
26
44
12
190
7
10
248
41
11
7
3
2
24
19
113
33
11
6
46
46
24
53
51
109
55
55
96
72
124
27
43
30
185
43
106
219
114
45
29
23
171
12
16
241
70
102
503
110
21
10
84
71
207
25
41
127
53
13
352
6
31
33
163
21
26
76
17
122
41
164
55
2
211
92
74
10
62
281
156
33
114
34
10
355
23
112
39
22
29
23
132
47
112
46
168
32
241
25
78
16
84
84
1
26
51
8
95
12
27
6
118
60
1
11
8
21
7
125
111
77
17
193
31
57
2
29
366
9
23
107
68
28
62
21
33
153
8
1
35
13
99
27
104
84
254
145
86
29
112
37
108
87
106
37
24
1
13
73
56
121
23
33
79
61
45
7
21
21
73
78
30
14
92
1
104
19
26
50
15
74
5
69
10
25
90
33
116
83
66
13
10
14
122
150
243
27
211
22
113
67
241
20
162
39
101
91
190
76
147
20
35
118
112
89
67
15
10
102
16
6
64
49
60
128
221
16
47
78
86
6
16
77
94
10
124
4
7
79
28
49
108
66
11
44
135
5
149
20
83
93
89
6
41
64
46
19
92
7
37
98
21
34
24
80
154
97
28
18
38
59
57
6
40
70
2
9
21
31
11
202
46
28
16
58
105
125
21
53
2
35
132
7
5
122
27
85
20
41
61
19
112
124
9
49
132
8
70
15
72
34
87
112
9
2
62
77
15
52
89
23
101
3
191
13
31
6
9
92
48
18
45
1
168
31
54
22
37
37
52
11
43
9
54
57
4
4
2
22
8
3
24
39
36
151
19
65
19
67
88
69
19
25
6
76
2
57
111
49
53
60
155
94
33
3
2
22
53
12
63
33
37
92
25
2
134
10
55
53
51
4
37
16
47
3
18
5
53
93
7
11
10
45
12
39
8
44
42
87
115
86
59
52
44
36
8
6
48
31
16
3
195
31
31
40
30
230
3
19
35
70
13
49
21
24
15
43
85
51
18
147
110
96
13
15
82
21
53
35
81
59
331
23
393
39
9
35
183
52
171
60
9
126
59
11
200
154
71
186
357
86
14
53
14
2
29
107
15
7
3
9
87
128
225
50
16
45
21
36
76
3
51
37
184
29
7
14
42
56
28
131
27
115
10
14
49
80
119
63
375
17
91
116
55
31
78
37
68
37
53
59
64
125
10
102
16
9
37
30
45
51
11
24
79
120
27
13
38
44
3
189
183
3
206
75
112
69
28
88
8
44
107
20
61
58
28
96
8
52
8
118
76
117
24
130
10
26
135
52
133
107
76
17
50
72
3
7
15
109
10
7
93
82
3
8
42
42
97
59
150
28
1
34
125
6
92
24
10
151
79
30
26
4
5
17
34
50
249
13
1
80
22
7
47
5
3
17
17
62
11
65
43
93
12
221
10
90
64
21
106
11
105
1
219
1
122
14
49
43
23
198
59
138
42
56
36
114
33
52
8
38
13
102
14
117
77
12
1
91
5
24
1
58
89
121
53
82
18
49
2
31
42
37
90
46
30
77
113
11
49
41
140
131
23
46
1
18
92
274
18
66
29
31
63
13
74
27
20
33
23
221
40
32
18
203
14
165
35
178
94
200
10
121
3
13
91
11
82
38
12
118
86
83
32
120
75
26
32
33
136
1
5
14
24
65
17
7
36
53
46
160
83
26
7
76
9
41
114
45
22
16
26
87
135
3
1
95
44
28
25
4
29
183
9
40
71
4
112
78
82
41
89
16
48
65
5
11
30
2
41
6
12
51
62
18
20
88
40
46
7
11
52
22
47
8
33
1
4
45
50
1
39
87
6
125
26
31
72
42
54
72
8
38
45
20
24
36
4
38
36
154
80
128
8
82
6
47
5
207
84
160
45
36
164
17
48
34
17
154
7
37
7
48
47
1
61
6
22
21
61
71
2
30
22
49
49
16
53
22
133
18
69
130
56
31
30
80
4
34
74
146
18
25
25
3
66
150
2
214
19
90
182
66
25
24
49
57
38
31
65
1
218
154
44
65
112
84
2
25
219
223
46
13
91
133
14
61
183
83
16
35
1
16
62
22
112
63
57
105
45
13
34
76
57
46
56
7
86
10
25
62
97
6
46
170
181
165
21
135
91
1
139
23
27
55
4
3
39
9
4
45
14
339
91
20
24
110
174
5
18
59
28
89
55
72
33
111
99
13
54
145
61
47
87
142
82
64
21
112
87
119
3
33
167
8
3
54
6
10
3
58
40
24
2
4
41
144
3
5
15
23
41
149
126
34
48
65
28
106
1
28
5
21
5
8
150
11
8
352
64
22
20
12
57
29
2
75
83
56
124
3
3
118
7
112
8
143
55
40
12
10
3
11
147
73
74
14
5
14
1
20
75
14
201
46
42
92
88
37
1
18
2
46
25
124
89
48
51
38
97
65
48
2
3
146
52
8
33
79
65
194
83
72
54
37
17
64
42
98
29
226
222
30
51
103
34
72
41
92
5
19
6
5
31
16
10
58
20
87
177
37
4
147
15
185
14
88
9
15
2
76
58
66
67
7
8
25
5
22
57
29
71
48
25
150
93
40
3
46
35
21
1
43
59
21
123
31
84
58
34
43
21
34
102
31
34
85
31
2
78
32
1
57
11
98
122
156
92
19
38
68
118
57
16
75
246
48
125
5
53
28
63
227
65
190
34
5
29
44
24
2
79
5
39
171
79
26
8
21
10
46
22
33
24
39
22
86
47
19
58
54
131
105
8
29
1
7
155
81
172
90
72
14
15
30
165
15
31
9
74
70
115
26
8
3
349
45
103
4
65
16
7
90
69
115
4
16
33
35
137
130
1
106
45
162
8
55
8
120
11
146
34
64
21
23
72
16
13
107
32
85
81
21
110
27
118
25
4
14
74
49
230
113
34
86
40
6
100
62
87
54
4
76
15
111
84
9
162
29
45
18
37
6
70
59
39
43
49
2
11
1
7
60
165
196
3
28
28
106
6
22
79
61
71
48
5
126
159
12
65
55
28
8
145
56
43
94
11
19
19
85
19
23
59
192
8
47
6
68
42
77
18
209
28
23
12
93
31
2
15
9
15
18
6
58
21
15
129
98
70
206
98
27
22
66
13
21
24
17
150
6
13
3
16
5
14
11
20
34
61
25
32
31
124
2
81
7
24
35
102
105
128
13
1
86
111
28
5
34
2
154
115
6
121
121
59
150
134
33
90
3
35
45
123
63
129
58
42
81
59
38
53
13
127
1
50
81
203
41
10
95
63
91
27
83
102
108
23
210
55
5
122
10
27
122
6
45
21
3
83
45
2
3
88
11
14
18
6
35
2
82
9
63
37
13
219
52
133
9
37
64
38
17
18
144
12
89
30
18
119
65
4
57
100
7
55
77
75
64
267
1
3
20
17
42
17
47
63
209
12
38
9
13
9
28
45
74
92
117
14
32
160
2
32
18
16
11
30
96
109
42
189
7
69
35
49
181
104
42
65
34
20
37
38
26
57
114
5
53
41
20
24
36
58
15
106
7
149
27
165
72
29
21
10
11
24
14
35
97
158
106
53
122
27
6
253
54
6
29
56
11
66
106
3
238
75
3
44
29
10
4
13
52
27
62
2
38
25
1
33
8
74
9
100
5
131
137
14
74
60
71
54
85
30
12
25
214
18
29
2
77
7
94
10
53
5
54
36
33
54
171
4
308
64
19
65
37
15
9
2
89
100
8
3
28
6
5
28
8
53
62
173
24
15
15
20
21
107
37
30
27
40
84
124
150
144
33
32
164
13
59
1
77
25
124
42
45
36
11
73
6
148
3
91
33
86
97
22
70
119
25
111
79
122
1
23
136
42
88
133
9
1
11
66
69
127
10
32
11
55
298
155
20
151
13
186
7
25
47
37
203
58
85
117
121
46
2
95
18
136
49
9
100
60
2
9
157
160
40
66
50
70
43
53
139
52
14
14
62
78
19
133
104
6
31
2
103
13
29
9
11
111
103
81
43
12
227
16
11
38
20
2
45
15
245
40
19
75
44
21
52
21
13
86
63
28
18
37
1
21
72
19
360
64
29
224
62
132
166
49
116
28
47
55
55
11
85
28
140
292
84
73
27
56
1
214
71
25
131
150
213
39
34
86
32
117
184
30
20
21
61
34
29
62
41
56
36
29
20
8
106
13
22
41
147
14
14
55
17
91
100
141
163
30
29
62
163
20
9
105
36
31
48
54
3
31
463
147
42
17
35
56
24
75
58
44
1
77
10
49
92
55
25
37
93
66
47
39
8
5
38
201
105
73
57
333
142
13
66
213
66
13
27
10
103
105
92
46
20
27
142
170
8
70
116
43
50
51
92
17
2
78
9
126
1
3
147
30
31
129
28
41
22
2
62
70
54
38
34
48
19
26
38
27
21
47
109
175
59
60
17
181
40
13
95
48
2
266
16
142
67
58
14
110
83
174
34
32
46
67
52
23
6
64
52
4
64
47
6
43
21
22
3
170
35
54
17
26
87
125
45
93
8
36
95
75
37
44
6
43
133
29
72
23
30
59
24
85
51
20
11
61
63
42
52
6
15
55
134
55
88
57
2
27
48
31
60
12
66
53
44
46
33
14
6
11
4
89
7
92
66
191
47
80
8
90
37
22
27
37
120
13
56
56
11
57
102
101
91
96
27
40
12
47
174
2
36
28
30
57
115
14
43
21
123
193
168
47
50
81
72
4
114
81
26
210
38
114
29
57
83
98
29
157
343
4
68
77
31
64
30
24
21
19
64
163
14
1
22
115
30
15
197
17
9
1
39
60
388
5
79
30
17
194
2
3
160
18
110
248
162
115
40
44
102
5
46
147
122
63
18
1
115
32
6
55
63
35
29
80
34
4
28
64
162
56
48
32
34
13
66
109
174
17
53
51
1
5
11
39
39
26
5
7
32
32
40
80
17
119
19
92
23
27
41
1
20
42
94
176
25
22
30
47
37
67
36
53
36
10
43
7
15
26
48
124
71
46
354
27
119
122
10
62
22
43
4
18
21
1
33
31
54
46
24
20
37
81
221
28
29
139
162
145
39
139
42
39
8
163
136
36
39
44
71
31
130
25
2
75
43
20
66
34
92
14
56
191
52
257
21
7
35
111
11
57
9
69
17
52
44
5
11
1
59
177
63
25
76
9
37
48
47
19
6
45
20
52
137
12
3
52
28
6
130
35
66
53
1
144
138
60
16
18
123
11
25
69
8
144
6
149
9
43
142
71
17
37
32
7
8
24
53
95
158
220
133
7
1
23
13
82
4
41
2
116
5
91
21
32
16
105
109
58
62
12
19
81
69
95
72
177
54
3
1
22
19
158
91
12
33
27
10
18
109
11
98
100
24
139
49
1
68
32
54
28
144
12
101
3
32
56
34
1
85
13
31
39
1
244
63
6
16
1
73
212
83
8
30
69
1
12
78
7
62
62
21
25
116
176
2
54
52
37
63
73
86
26
43
17
14
120
13
53
22
31
38
63
116
17
99
59
3
29
3
25
8
41
51
31
55
139
151
14
21
1
19
13
13
14
12
68
91
27
17
2
36
46
19
5
24
77
437
6
20
5
14
1
159
21
43
8
113
62
14
156
52
168
50
24
19
9
6
59
186
267
7
115
66
60
20
13
457
19
146
36
65
19
52
89
48
88
4
38
92
40
86
35
39
81
44
42
40
98
76
194
59
42
1
124
8
19
36
29
4
25
90
214
15
23
58
55
15
94
23
4
45
23
55
53
13
58
19
264
6
12
69
119
23
28
3
23
34
66
8
16
207
25
218
168
4
156
31
125
96
155
233
168
102
37
137
105
16
46
31
85
4
1
85
85
76
64
9
22
6
129
28
41
20
86
66
37
22
78
22
82
69
7
54
101
26
53
255
25
136
77
61
94
2
18
81
68
139
21
36
6
20
128
7
13
68
66
7
47
22
143
82
35
115
81
20
11
45
53
151
134
10
21
90
42
2
62
6
45
129
2
29
85
38
1
21
141
86
38
7
39
59
29
9
44
111
43
21
43
4
91
46
27
164
45
160
87
48
5
2
76
9
40
200
16
26
17
119
53
36
154
17
53
21
8
13
12
47
12
77
23
23
31
30
149
14
1
9
9
11
11
114
112
25
39
151
6
70
14
17
6
6
46
35
109
71
134
172
44
51
99
96
55
140
71
39
59
2
87
46
40
21
30
4
35
146
32
3
25
5
260
51
41
29
41
3
10
58
16
63
38
68
12
100
62
43
4
28
79
211
26
10
84
365
93
220
152
78
5
106
7
70
30
63
99
44
49
37
49
2
168
9
23
50
12
74
8
157
9
89
58
12
33
110
182
129
54
107
169
69
58
18
57
227
19
34
33
41
34
104
67
41
23
78
120
75
78
121
5
205
68
106
48
47
89
25
29
21
12
88
156
73
82
22
65
69
45
15
88
61
56
46
96
17
154
103
119
52
79
172
12
76
35
1
20
6
5
3
248
51
36
2
11
3
41
30
43
23
117
7
115
50
45
5
91
157
79
38
110
15
90
6
2
19
6
166
60
87
24
113
42
23
41
96
35
23
114
112
3
23
31
67
63
40
30
223
139
50
30
21
65
88
182
69
60
11
56
38
52
53
60
10
21
122
12
172
57
64
42
2
3
9
123
114
122
52
50
62
130
49
13
14
20
12
181
11
88
63
50
54
165
56
14
44
68
89
105
25
31
16
82
206
20
14
49
29
78
69
56
125
30
7
52
295
23
89
76
101
77
109
26
266
15
3
15
21
121
23
35
137
79
15
32
11
129
2
23
203
9
84
5
62
254
20
16
7
76
37
33
18
57
50
52
35
10
44
44
11
59
16
1
149
312
89
278
15
180
10
21
240
78
6
277
19
9
175
37
25
250
8
44
55
45
40
10
9
5
53
32
9
56
4
72
23
100
103
31
30
166
52
20
14
9
1
29
2
2
56
69
24
75
31
55
60
99
54
22
59
15
28
91
10
167
183
17
54
18
27
36
112
13
171
139
35
109
116
242
27
33
20
49
94
94
43
15
49
13
4
22
98
8
194
5
4
84
127
9
71
9
38
73
75
81
25
72
12
62
196
41
83
46
19
93
48
43
42
342
14
297
17
149
89
33
103
78
206
29
26
12
71
97
145
64
12
7
22
98
19
130
67
60
45
83
32
37
91
18
40
4
94
68
35
202
172
39
12
10
59
1
65
58
37
62
91
8
115
11
43
368
111
26
17
112
85
18
45
75
2
122
1
27
4
27
92
56
10
35
31
4
16
90
45
26
99
36
106
52
