354
81
216
200
359
497
98
391
58
480
419
227
501
16
440
304
406
92
497
210
151
406
17
325
206
36
220
181
331
447
20
360
163
2
450
411
198
243
453
82
278
94
420
165
415
179
272
473
138
482
359
474
89
144
287
471
315
330
215
494
370
310
74
326
196
180
267
358
71
371
75
413
388
444
1510
328
205
68
499
141
303
393
437
261
364
91
145
173
52
357
213
440
110
333
330
51
147
92
389
414
473
115
312
240
102
480
9
425
39
13
420
446
73
177
304
259
441
70
108
448
200
218
223
37
97
48
209
213
408
243
134
476
325
168
392
292
176
165
405
370
373
227
72
93
171
175
354
20
284
305
202
396
220
348
204
497
226
478
33
135
501
249
480
279
295
287
87
26
33
432
283
188
100
247
367
120
153
40
223
418
488
417
411
53
359
243
87
421
23
180
185
478
83
271
273
431
187
382
71
477
162
217
312
398
135
422
84
68
489
303
320
204
348
185
343
418
455
200
211
288
108
239
152
18
371
227
168
317
363
111
277
233
45
146
355
10
272
46
430
199
152
44
99
163
250
412
85
493
247
5
242
475
213
488
435
348
77
36
462
13
114
117
172
113
350
44
425
359
351
210
321
175
483
160
136
454
34
347
295
38
237
26
171
177
391
264
423
418
228
32
168
16
417
303
202
97
30
353
246
360
408
430
46
240
42
166
76
333
14
454
148
155
3
97
109
128
122
189
309
49
151
204
112
487
275
353
378
234
174
200
398
294
147
78
440
173
19
376
236
54
211
297
416
219
1510
419
59
345
238
466
96
141
390
198
4
139
114
194
109
376
34
450
169
301
127
137
304
301
194
130
54
478
225
174
201
201
400
161
31
2
431
154
121
143
178
74
188
145
223
362
372
378
193
368
258
356
13
276
494
47
106
446
305
117
112
261
100
5
296
356
6
244
502
340
50
175
387
409
313
378
79
303
454
163
497
338
220
429
133
181
273
393
63
368
312
180
367
424
172
308
135
214
484
274
150
312
435
352
425
369
478
60
356
240
234
298
121
267
166
162
178
198
452
462
282
13
439
172
311
428
200
183
44
1
325
24
46
42
252
487
161
37
479
487
318
271
409
348
25
47
20
3
456
450
155
293
294
336
129
14
496
268
28
4
339
8
144
164
239
107
198
1
178
421
185
167
209
333
23
313
359
245
147
377
121
76
313
218
99
344
464
146
355
339
53
428
123
111
168
432
440
269
89
87
69
360
389
266
357
135
446
20
321
228
417
195
418
137
159
447
192
417
352
310
371
167
98
113
34
421
125
101
267
144
225
25
229
181
80
200
234
63
341
486
399
33
455
224
81
70
369
322
90
169
484
417
282
441
211
185
128
23
184
389
424
389
345
435
283
361
67
83
20
420
500
269
409
226
275
301
22
214
497
449
310
135
100
110
325
4
222
318
51
475
424
248
179
181
449
35
177
321
130
307
303
385
358
498
441
458
422
292
92
35
415
207
260
459
284
351
106
123
123
282
301
216
188
490
354
478
160
2
29
25
443
498
282
168
321
463
369
344
93
169
484
254
118
203
444
263
203
148
94
277
65
207
106
187
312
309
264
369
8
297
431
398
448
33
213
495
458
182
479
299
44
226
213
15
421
462
396
460
265
307
281
186
175
280
109
151
415
147
328
62
132
26
427
4
342
205
421
405
240
204
86
125
271
291
328
203
470
454
30
334
343
494
207
8
356
436
147
252
288
214
119
35
458
332
406
426
269
391
476
298
295
302
413
289
185
451
294
185
342
158
392
4
341
302
477
441
431
110
241
333
442
151
387
267
68
429
117
236
298
377
483
228
424
458
282
306
137
411
399
25
74
460
410
336
437
424
72
105
434
248
5
194
362
481
432
466
283
28
313
459
191
302
176
428
59
126
426
60
127
311
229
68
22
128
454
75
417
350
434
442
240
113
361
195
454
481
67
480
227
500
261
237
453
3
449
124
319
38
380
255
55
373
383
194
32
255
370
312
393
258
238
346
14
170
333
101
254
476
420
297
85
455
306
482
91
158
161
191
204
19
109
65
24
136
16
147
15
256
79
200
330
364
220
115
362
208
132
117
327
157
262
403
41
1
326
364
136
64
234
363
353
470
225
309
463
501
347
99
51
382
15
354
130
379
155
251
236
448
484
299
413
238
326
297
168
128
453
127
47
345
362
14
101
304
7
410
449
62
101
476
288
151
375
495
169
397
129
378
171
392
119
109
344
294
224
406
169
479
108
71
379
365
2
337
271
213
387
488
239
159
47
26
349
498
144
104
150
300
289
330
250
278
19
245
474
192
433
270
213
125
92
152
236
68
395
412
86
470
243
31
90
59
256
188
331
321
185
152
61
309
206
216
185
403
266
12
295
146
416
437
346
41
302
134
257
474
259
320
86
469
30
205
496
214
84
416
70
339
75
264
208
358
105
460
155
9
209
460
111
316
450
449
112
371
502
176
251
211
58
191
252
277
284
487
80
392
438
397
467
274
121
199
84
172
126
472
433
442
21
288
205
58
458
349
297
350
461
247
319
345
27
380
8
211
386
286
119
452
293
463
109
39
251
455
224
52
45
310
204
371
101
80
59
94
295
268
346
203
450
167
321
184
223
353
269
85
100
437
167
426
337
79
285
3
94
299
449
302
444
444
360
181
149
116
265
471
193
1510
106
150
495
454
496
183
468
240
19
233
342
218
481
221
274
210
216
268
9
433
103
463
348
345
319
44
345
327
210
409
493
474
418
305
494
316
371
64
477
199
373
279
332
153
432
100
87
297
282
107
44
202
83
172
236
67
489
262
212
214
466
310
429
490
132
144
197
457
50
68
211
312
60
113
191
454
37
300
140
40
259
243
227
364
163
309
55
176
208
385
474
414
322
462
10
454
143
169
136
388
163
38
105
21
149
193
413
338
177
475
388
60
233
426
342
225
441
377
40
308
254
109
85
174
357
394
158
301
145
142
496
366
345
238
459
332
64
229
441
271
352
309
309
357
59
466
11
454
348
309
411
11
232
250
287
3
205
31
377
435
17
81
447
386
405
199
374
362
441
412
185
71
469
219
502
217
374
485
162
142
28
79
111
410
125
215
267
479
185
171
336
251
500
354
227
19
405
329
311
238
226
39
370
399
337
382
160
59
204
433
55
442
134
423
27
485
76
71
290
381
301
91
175
47
324
224
186
216
354
355
133
416
491
105
408
104
157
105
346
166
156
36
115
207
410
135
70
444
439
374
282
345
205
368
274
198
293
70
198
182
433
88
169
499
368
51
108
377
36
144
424
318
201
56
319
461
172
340
34
137
23
202
482
227
40
451
448
89
399
344
183
414
123
212
208
389
409
402
134
339
80
290
236
237
422
348
147
187
26
141
427
202
73
18
13
99
440
29
408
146
161
205
226
11
301
32
113
367
388
222
378
438
475
7
45
336
331
467
287
310
171
279
285
439
414
31
183
35
277
160
297
60
74
75
55
488
130
103
381
74
487
65
57
185
484
181
77
493
15
364
70
217
253
139
359
427
215
59
61
332
320
92
446
359
67
130
395
63
490
215
475
81
188
364
301
422
492
324
432
80
421
366
89
9
184
110
475
113
500
223
27
326
81
79
302
497
392
361
288
84
387
190
143
351
238
403
297
262
298
283
362
150
95
92
360
413
212
454
207
67
468
454
140
472
69
339
104
192
277
304
302
323
192
492
130
44
465
41
412
200
25
258
284
210
494
11
391
275
370
250
257
179
134
68
275
71
354
336
291
232
217
298
371
195
502
427
114
209
79
378
178
17
478
91
330
425
418
178
192
94
120
285
328
283
214
409
105
477
9
435
57
180
226
361
492
123
59
58
306
290
286
363
233
118
403
419
283
179
434
111
227
227
139
148
355
146
135
378
292
259
127
147
437
430
481
246
28
180
36
440
310
302
185
397
123
10
377
70
266
27
40
241
53
262
372
382
406
168
265
300
80
229
122
496
389
228
292
256
430
214
165
39
431
38
484
194
424
348
70
467
362
445
339
277
42
59
186
66
256
109
187
100
153
264
53
503
125
380
2
446
343
249
408
488
407
246
133
69
127
42
265
356
252
402
317
394
416
122
44
458
246
271
60
451
278
500
46
375
247
471
45
196
93
363
145
225
33
33
457
406
339
253
282
324
126
115
138
373
384
464
379
55
258
285
398
301
59
198
11
423
387
370
218
355
134
497
117
169
390
230
238
267
98
100
255
32
227
143
477
71
104
179
174
383
309
51
346
403
475
420
10
73
487
30
466
189
89
177
223
425
375
124
101
186
15
394
314
314
414
176
271
333
388
430
323
85
428
135
458
245
358
331
373
353
473
210
467
231
500
469
412
311
305
134
476
222
424
414
394
307
350
86
289
476
373
63
455
295
479
25
212
73
226
318
472
173
140
219
305
127
414
155
101
323
285
477
100
409
229
347
343
433
242
402
349
304
154
174
344
106
451
112
173
407
496
138
7
136
107
253
113
86
133
305
78
375
329
303
121
239
328
232
388
383
167
242
342
429
393
194
101
237
54
222
371
44
269
488
41
380
167
26
251
344
127
160
389
444
441
497
471
146
251
94
421
297
148
40
43
77
359
103
177
419
198
369
486
203
472
481
200
411
496
90
348
457
173
207
69
83
182
259
473
94
500
98
386
182
282
130
365
356
231
53
63
265
267
453
456
222
114
180
60
356
500
316
19
445
16
421
488
263
23
449
392
88
105
252
304
179
122
42
16
89
150
350
9
220
168
425
362
345
13
105
337
420
419
183
169
23
487
220
1
407
217
218
349
188
489
45
197
231
472
70
457
418
432
43
446
269
166
246
41
40
263
251
160
145
378
127
148
458
191
257
127
493
21
200
156
50
2
10
349
502
83
264
367
184
199
245
262
199
154
255
196
45
360
136
243
364
117
432
327
438
48
11
362
299
367
126
191
341
299
139
135
143
189
454
274
493
201
166
182
78
187
217
312
168
442
331
484
151
138
46
447
271
256
85
145
322
502
447
361
427
324
349
203
317
17
319
165
399
454
420
432
345
175
3
87
6
309
408
362
236
342
319
94
468
97
289
270
351
171
161
400
95
496
92
416
147
28
67
182
394
395
234
368
143
439
37
194
183
230
267
227
473
322
323
194
381
484
406
151
11
436
399
450
393
70
77
488
62
82
315
57
203
89
308
33
275
251
274
206
412
205
357
30
220
289
387
173
426
366
252
386
223
498
402
290
149
234
354
8
124
74
193
342
292
343
97
327
371
63
205
481
221
418
419
301
301
64
111
452
431
167
194
430
210
498
489
101
97
60
94
482
388
430
140
250
295
469
138
120
67
459
247
21
154
144
196
203
475
314
92
133
229
498
161
377
303
252
352
25
375
162
275
339
418
454
253
325
40
38
241
241
222
384
175
347
15
36
161
12
345
309
195
473
132
76
190
177
183
171
296
105
461
36
181
188
289
314
274
440
23
284
168
225
41
186
172
116
16
345
384
286
466
307
449
341
443
330
340
460
20
484
299
437
230
210
484
270
70
8
313
469
366
440
14
403
252
191
325
38
108
96
231
447
285
335
475
488
452
450
310
254
314
369
201
269
232
452
78
34
378
334
245
95
194
121
395
228
90
455
162
238
450
150
42
336
25
190
498
461
212
495
169
227
401
220
474
23
277
289
421
105
261
37
278
448
321
276
503
371
1510
112
44
338
426
275
40
386
496
481
107
267
215
472
402
332
382
203
395
352
419
29
456
194
113
107
140
388
354
294
288
254
171
121
388
122
413
62
452
232
21
151
112
110
98
458
194
121
301
72
134
333
139
299
423
33
398
42
293
469
457
299
366
172
246
297
113
368
111
21
308
251
475
213
2
307
364
488
7
150
177
390
366
81
263
243
171
336
476
39
59
414
175
371
112
471
317
37
12
261
3
6
474
243
385
356
75
159
157
349
382
152
172
391
345
443
60
198
10
110
415
212
38
145
503
145
158
244
76
322
408
185
446
117
482
34
221
180
391
109
489
437
186
23
219
88
384
148
488
478
433
121
1510
363
318
19
490
483
52
298
316
126
68
248
359
253
151
491
9
418
115
207
492
22
172
467
14
207
166
201
13
165
263
16
304
376
47
5
181
109
126
487
220
356
202
472
334
329
480
274
333
468
332
340
192
225
175
369
58
225
64
203
364
408
328
230
347
261
162
387
345
351
173
503
207
12
460
108
497
478
411
319
338
256
79
196
412
355
495
390
479
238
456
215
290
306
125
426
28
478
439
218
349
397
301
271
410
464
133
398
90
121
219
241
16
124
105
85
495
326
82
494
500
69
364
302
470
84
207
448
420
359
4
221
259
140
153
370
29
317
234
483
127
174
351
422
110
255
26
473
372
299
449
331
269
458
417
45
466
34
289
308
462
329
332
146
322
243
465
419
397
67
180
328
61
270
20
481
250
213
31
19
279
197
12
36
120
39
318
315
143
322
161
329
84
440
467
317
323
386
42
331
449
488
445
290
141
136
110
433
187
481
469
205
71
335
451
33
41
362
228
173
361
450
108
359
365
207
354
98
31
260
473
495
389
43
183
235
300
409
435
483
226
370
30
100
10
460
424
476
390
307
383
155
491
354
438
470
123
492
19
276
296
136
387
105
237
47
402
498
18
174
28
370
330
127
338
320
311
251
263
172
230
60
14
11
106
337
204
340
326
85
101
81
498
371
198
295
193
471
364
57
220
212
15
275
111
165
369
433
371
460
150
279
446
113
494
315
88
447
288
43
349
241
351
352
114
318
76
1
118
251
274
2
363
204
393
500
435
189
332
242
377
428
362
432
240
381
274
239
164
157
91
316
270
390
462
293
45
323
380
68
90
88
70
126
140
289
391
420
222
446
389
449
105
224
234
192
427
409
99
217
469
91
258
212
338
111
239
123
214
259
436
99
323
229
369
178
34
437
277
495
416
14
381
461
390
397
409
276
382
434
261
452
262
248
100
296
486
442
302
212
181
299
304
116
274
310
63
495
361
18
229
431
28
81
233
16
108
53
175
462
187
244
334
384
321
321
361
251
2
214
173
446
450
75
97
495
88
454
105
108
129
462
14
44
69
82
272
143
304
310
126
407
85
476
125
250
83
110
332
274
426
268
147
134
155
447
447
424
34
263
156
117
249
243
226
469
126
488
218
138
480
349
216
416
105
260
478
1
400
364
143
365
237
324
320
106
387
94
324
102
254
357
408
281
452
225
429
462
106
195
114
444
58
93
339
58
485
243
453
383
321
378
40
342
408
288
413
470
216
431
17
171
230
69
154
316
121
175
445
90
378
277
71
463
152
350
496
379
500
134
166
258
176
460
179
23
8
482
413
67
37
276
242
227
42
288
118
169
51
48
130
213
71
476
479
21
30
441
373
158
289
37
175
307
200
214
9
311
497
292
295
451
148
243
206
111
377
183
269
369
426
392
143
465
442
129
320
461
340
14
211
124
256
273
475
32
259
61
451
45
468
126
13
336
328
317
255
453
420
82
12
171
484
480
69
487
202
213
89
269
43
8
117
172
441
130
266
111
93
307
263
319
103
35
294
132
126
69
398
324
323
267
443
21
369
92
467
62
357
100
397
138
82
80
78
191
217
95
193
55
361
161
439
43
57
64
394
118
127
296
97
399
23
494
207
288
172
352
1
24
412
2
169
203
426
24
205
491
297
321
366
111
349
462
80
260
8
264
472
402
483
475
186
29
489
334
269
399
300
182
44
300
427
115
226
430
133
379
128
476
221
214
231
33
110
233
478
498
501
401
221
4
187
112
473
290
143
42
282
407
463
45
60
451
375
334
47
267
233
128
424
114
120
118
104
396
155
279
157
452
186
385
392
251
143
98
100
278
218
29
138
266
351
39
120
204
121
40
261
253
304
486
285
140
54
426
448
56
291
247
433
36
295
257
13
34
265
166
473
385
304
318
118
392
499
70
391
186
413
71
281
158
68
282
416
195
429
197
496
456
232
249
51
144
181
311
129
494
106
142
276
421
484
373
78
301
393
481
206
274
390
290
64
127
252
380
280
360
203
433
285
58
140
285
226
345
214
344
23
337
72
282
191
314
10
34
236
148
346
445
364
372
467
423
75
55
81
340
303
196
162
452
185
235
314
217
253
293
52
246
195
429
94
121
429
45
1
408
255
364
207
452
112
46
441
183
358
225
390
63
265
392
115
500
421
48
81
304
277
339
184
307
94
406
477
311
19
429
56
322
317
138
358
58
449
188
454
93
191
269
59
314
466
176
224
311
139
297
60
460
52
249
125
108
230
267
87
64
441
128
336
77
193
269
206
21
413
31
405
154
70
161
262
283
234
204
236
141
321
215
443
496
476
247
476
83
296
389
270
440
357
271
300
471
239
275
170
71
318
450
95
36
33
498
61
429
352
286
189
101
487
301
70
154
8
431
447
373
250
13
197
472
260
102
98
265
65
106
84
475
84
405
442
102
455
320
413
462
29
76
239
461
435
150
461
227
86
382
175
291
158
318
85
340
483
150
264
55
248
405
250
108
372
166
366
127
356
73
457
455
5
419
415
34
425
383
455
86
100
428
32
211
27
64
11
387
223
37
122
283
305
118
34
377
352
344
110
101
390
33
414
281
338
369
422
487
437
187
46
237
197
141
253
494
387
257
338
185
189
253
439
212
192
497
384
246
291
47
232
105
35
246
135
47
385
25
380
417
469
381
250
98
265
365
459
302
346
393
399
124
285
286
93
316
214
330
197
133
257
201
311
422
193
362
67
209
190
231
405
406
445
137
492
94
418
192
15
87
66
400
225
484
361
68
419
20
398
128
91
495
39
308
94
85
100
234
429
66
153
206
49
100
481
114
502
328
131
45
56
23
300
264
101
191
236
341
42
419
447
497
233
32
138
384
170
23
187
188
261
76
171
195
383
39
212
312
188
170
256
61
252
500
340
442
75
398
194
278
352
428
339
299
215
8
26
470
348
197
345
36
227
466
40
328
448
173
191
301
72
13
324
147
418
127
152
157
270
294
67
439
471
502
255
82
50
499
78
502
197
157
111
484
279
355
495
97
91
330
96
412
150
1
452
358
10
185
218
158
134
380
64
437
375
28
300
406
295
106
494
312
474
445
268
323
160
221
349
140
93
464
302
16
62
80
81
315
93
179
145
261
78
242
478
459
177
460
292
225
387
418
306
264
44
137
284
91
345
55
32
351
68
77
307
402
356
280
322
272
216
177
195
468
113
149
234
221
472
211
407
365
300
453
366
148
366
134
114
234
429
221
36
285
81
219
383
461
459
235
224
229
131
190
170
218
96
446
425
194
173
483
432
161
190
396
338
113
186
153
51
314
291
439
54
266
219
244
98
14
177
352
159
231
118
257
126
138
468
40
83
25
462
400
258
251
460
276
284
12
57
163
145
415
3
395
185
249
22
38
323
495
173
452
102
332
441
150
143
412
55
434
388
310
75
63
128
126
37
253
457
187
144
455
418
119
164
234
92
458
75
25
458
462
336
78
296
438
315
327
242
275
181
496
481
501
401
227
386
38
485
85
271
338
360
321
184
22
155
32
401
229
65
22
153
273
399
208
301
156
2
266
53
94
33
240
347
146
334
170
148
56
315
373
333
121
137
478
158
150
421
240
332
432
117
436
97
107
78
363
249
2
409
166
258
127
26
92
443
340
33
134
435
36
102
170
364
218
422
339
92
309
461
15
376
85
377
86
500
281
7
214
280
235
453
139
426
172
468
94
34
130
243
373
460
188
380
485
177
187
477
24
186
49
497
245
398
216
494
211
190
375
144
270
325
100
155
447
147
37
213
317
384
160
148
263
433
343
195
269
13
450
279
203
429
317
398
436
147
336
40
271
186
90
78
269
289
41
42
377
228
464
483
99
408
325
448
13
114
259
240
129
104
133
317
253
329
161
165
437
426
480
375
107
96
186
36
211
1510
144
241
378
333
102
459
168
333
503
43
238
319
423
46
249
345
433
76
154
71
472
172
321
464
353
126
48
91
497
446
148
95
138
275
274
395
247
250
48
17
126
117
244
45
119
271
348
122
345
257
82
307
77
240
172
259
420
80
457
195
475
315
18
215
90
237
435
409
277
272
434
304
388
51
282
331
331
497
12
143
171
188
422
424
421
245
256
385
50
150
289
297
363
237
390
253
74
54
37
155
501
194
12
27
231
178
323
51
414
454
424
164
7
351
487
355
500
328
327
172
189
92
132
380
80
429
497
334
195
58
199
107
295
4
139
240
360
429
111
435
350
45
295
225
497
49
134
196
83
293
220
188
207
56
476
377
227
229
223
60
57
308
262
409
84
425
233
175
109
147
205
363
12
200
204
196
456
431
471
69
472
106
406
382
296
136
483
317
129
168
202
42
325
365
310
225
249
323
243
71
380
391
197
421
406
335
185
76
495
3
302
65
170
464
444
333
212
271
312
190
385
21
163
462
180
243
378
491
412
387
391
225
53
261
301
447
55
282
115
440
138
437
226
468
37
326
294
177
471
340
321
456
71
69
242
359
392
22
314
502
282
255
257
82
130
105
271
391
305
176
408
55
356
79
241
92
312
47
25
321
194
117
274
389
174
126
241
127
299
176
102
213
371
105
357
125
268
60
201
426
146
495
397
27
392
142
156
309
56
313
196
164
486
244
113
121
301
87
282
18
78
467
468
448
58
430
251
277
343
275
203
27
372
99
130
66
358
15
292
70
53
50
105
473
454
387
289
222
319
75
39
155
23
432
1
357
254
143
100
48
344
264
472
433
411
79
102
270
363
479
432
357
106
96
351
221
131
208
364
328
480
199
251
35
439
349
499
148
119
298
305
87
357
133
62
4
197
23
83
321
374
116
491
221
305
410
378
257
113
145
409
290
77
421
199
362
321
242
490
103
33
212
16
134
25
457
162
406
254
333
435
316
325
123
442
395
465
301
228
258
173
193
486
6
95
196
372
432
42
343
103
71
280
285
415
214
259
132
177
26
65
117
498
334
223
343
84
290
460
176
87
56
93
335
234
188
413
203
169
372
286
286
330
159
208
146
2
414
12
400
415
22
419
313
130
459
169
382
361
140
101
370
188
288
372
145
471
105
429
97
58
147
206
405
328
317
6
319
139
69
361
438
274
96
2
24
341
92
65
407
479
72
210
252
34
55
205
348
186
354
131
100
199
57
135
449
312
336
359
227
333
335
448
151
12
422
247
31
106
373
180
59
135
92
299
301
374
244
476
214
210
26
77
77
288
128
311
238
170
379
239
34
115
446
200
389
374
172
203
175
251
214
145
78
223
500
17
149
266
286
350
163
16
364
467
476
445
330
434
45
399
83
400
64
454
487
76
441
413
373
43
21
73
85
273
373
234
170
96
219
248
41
18
336
417
354
276
176
440
228
130
260
78
80
113
473
365
299
217
366
98
465
232
29
171
435
479
307
422
75
501
15
273
128
274
261
301
123
170
469
122
377
165
387
393
10
26
117
248
236
98
463
7
440
204
154
472
93
499
168
434
24
118
332
374
415
222
11
310
465
265
50
348
471
177
334
40
201
120
291
266
26
91
25
414
200
331
334
252
6
352
323
77
149
110
288
317
342
353
352
292
359
196
301
393
131
428
78
372
82
433
106
240
375
5
384
190
323
108
191
345
460
204
153
417
84
209
268
145
330
179
441
9
284
27
138
472
109
391
32
68
15
176
5
286
275
420
202
132
489
179
438
154
171
331
166
86
462
262
58
322
119
24
155
77
21
428
111
171
139
371
449
501
418
264
412
106
269
374
383
122
323
290
258
405
163
485
146
388
110
264
376
206
189
198
195
403
343
127
491
44
52
229
381
369
309
153
256
22
259
464
409
149
332
172
112
47
39
213
454
119
33
388
432
218
301
26
88
142
212
137
145
423
412
25
461
221
148
428
336
406
198
72
286
137
249
488
279
195
101
350
235
268
40
400
459
342
48
293
41
92
30
405
284
221
338
314
347
3
495
50
323
40
424
227
163
54
75
137
201
447
347
300
57
499
248
459
192
271
157
247
169
7
57
217
264
407
400
143
393
153
120
369
277
266
220
233
170
96
129
180
162
138
34
462
418
421
476
283
476
259
266
100
81
32
93
295
74
129
217
42
121
376
191
263
31
423
295
209
382
179
500
179
120
464
294
409
114
241
323
467
491
451
249
456
101
405
364
466
200
156
158
283
295
56
397
49
142
327
81
6
205
372
158
165
338
503
62
202
65
120
257
218
250
171
152
267
246
7
360
157
35
249
99
1
396
149
334
330
366
302
204
310
414
107
276
231
351
243
427
153
94
499
63
134
104
288
137
78
282
175
103
406
401
60
97
169
20
444
469
364
121
354
413
265
148
474
343
325
72
235
233
257
463
303
41
112
35
5
14
502
307
390
420
22
439
124
115
395
236
308
468
159
496
144
359
66
459
296
33
206
343
41
66
39
367
197
328
245
310
248
120
110
346
98
428
107
39
502
267
398
415
18
2
470
78
111
94
444
350
6
36
318
99
397
203
334
426
78
38
483
412
137
480
477
401
486
474
114
355
460
416
79
100
250
406
234
248
151
258
262
14
392
405
491
236
239
400
448
23
343
112
84
15
54
164
250
439
207
422
206
67
353
318
499
397
121
256
151
159
274
266
18
331
400
489
500
205
305
195
285
459
422
396
133
427
429
232
483
381
67
173
211
205
111
90
217
268
183
129
223
35
247
400
273
338
288
429
267
382
99
143
223
199
49
120
288
469
394
54
476
278
2
499
365
154
160
150
209
414
257
279
319
207
286
27
210
153
313
302
154
59
352
446
376
285
498
87
122
243
199
177
461
231
127
389
200
27
292
158
492
252
464
171
391
232
460
63
281
419
442
175
289
144
233
221
22
334
269
161
494
232
259
45
468
464
424
126
356
40
392
371
59
57
110
421
236
391
107
270
135
230
39
441
344
410
371
146
302
63
198
175
372
260
409
19
185
240
71
56
348
264
89
66
300
72
63
30
464
286
222
221
246
204
391
40
382
110
324
111
451
358
144
332
337
307
158
203
1510
402
28
52
453
343
479
444
361
329
15
219
256
108
446
285
142
356
417
245
25
56
170
132
360
272
345
129
59
404
483
55
186
31
277
233
54
496
344
485
43
81
99
435
83
350
155
147
60
327
478
227
253
289
76
223
223
493
27
109
7
106
418
393
218
352
190
467
168
345
141
30
289
319
98
313
263
336
207
68
432
52
38
453
244
70
347
398
479
489
488
336
6
105
30
339
161
88
92
1510
168
88
126
44
422
81
264
383
429
474
22
430
104
307
415
496
204
439
417
72
187
115
414
310
327
277
31
31
175
180
200
287
165
269
491
378
257
487
252
389
502
327
100
106
440
90
469
247
83
448
120
154
7
158
231
365
335
211
303
66
453
445
361
402
453
362
416
124
465
221
110
39
191
71
290
254
226
126
80
63
110
179
266
150
455
259
226
380
130
497
371
188
371
272
55
45
479
87
243
297
227
53
80
62
135
490
319
354
347
338
180
499
419
192
149
277
449
409
223
475
101
482
117
36
57
497
65
307
307
16
497
352
260
384
348
302
146
243
315
327
278
481
439
272
468
261
412
31
234
272
314
35
270
107
72
225
61
419
338
498
246
150
487
449
328
16
68
354
27
230
421
282
57
3
164
186
155
246
239
97
324
431
119
140
23
84
208
400
232
498
247
463
291
102
307
430
56
12
256
276
74
306
8
24
203
106
214
424
403
296
300
335
453
68
202
173
492
416
134
483
206
96
398
228
274
307
39
317
466
375
206
150
245
425
325
297
217
83
344
164
194
218
87
454
8
244
274
309
157
503
251
462
448
70
387
60
136
15
262
278
71
361
198
184
320
201
7
242
327
211
129
39
63
335
468
187
402
485
197
218
161
188
454
450
16
209
277
290
245
137
45
192
251
140
323
257
178
51
343
212
209
133
89
245
284
491
191
422
347
54
53
303
399
351
295
276
24
164
418
465
78
61
377
257
142
358
421
23
345
2
133
457
266
88
417
108
53
110
105
399
212
156
324
323
493
480
236
74
487
81
8
457
414
165
51
34
439
68
340
8
264
381
350
418
263
341
446
223
83
335
44
494
86
157
134
20
438
454
147
279
245
463
242
233
379
140
472
243
209
155
120
197
406
64
235
227
83
243
56
37
433
372
437
179
4
162
108
377
388
177
385
57
214
92
157
424
238
123
487
381
309
113
387
157
124
163
124
248
427
402
133
429
160
382
218
233
457
202
138
349
262
387
49
485
453
364
46
333
49
470
304
175
419
196
263
172
403
495
269
326
202
475
42
147
185
159
330
230
426
4
136
211
421
198
177
375
160
85
432
32
482
104
182
161
350
461
211
489
84
151
131
460
16
228
283
200
231
258
464
342
404
135
227
486
162
190
77
130
161
390
44
15
467
133
206
242
83
13
388
88
84
301
36
88
151
117
209
89
8
10
177
419
459
424
445
217
116
403
218
165
273
464
159
292
210
159
155
425
177
278
321
426
481
320
405
437
264
58
217
354
75
140
392
252
157
415
27
258
289
27
233
229
269
312
129
105
278
451
20
303
156
168
214
74
417
411
89
187
494
434
65
134
175
153
61
24
494
14
374
264
91
438
291
341
236
103
320
362
190
47
286
229
69
17
416
393
124
423
336
448
54
367
233
336
144
353
354
371
156
399
326
218
288
436
457
427
93
21
295
32
374
379
18
337
215
194
375
395
157
231
65
295
133
358
315
379
117
204
379
476
291
37
28
474
129
444
9
432
186
372
347
282
227
49
371
464
218
443
41
99
477
33
487
333
133
441
216
15
230
60
154
161
247
235
103
349
352
325
453
378
488
152
312
47
182
331
327
137
316
330
18
309
65
334
406
218
201
392
277
48
212
416
479
246
96
160
283
94
180
322
224
417
290
116
394
236
459
224
77
398
471
303
155
206
64
148
373
196
149
92
75
17
161
295
407
73
102
58
473
54
456
503
35
450
298
287
41
139
336
228
133
429
392
319
422
356
236
378
280
87
53
454
292
227
348
331
213
228
227
371
97
22
32
114
469
150
323
25
14
80
176
145
490
502
288
500
252
324
44
263
137
317
121
386
170
347
6
22
342
113
142
353
212
424
258
232
39
45
205
263
490
207
494
109
135
379
463
370
342
375
492
106
465
321
291
223
474
271
352
361
172
176
84
352
445
231
498
105
264
261
421
301
343
486
203
97
450
160
388
142
180
144
425
129
176
463
235
51
310
50
17
287
59
40
382
469
102
426
335
283
265
88
341
40
104
470
186
127
349
227
20
315
341
128
435
257
30
231
395
232
476
117
93
66
473
59
404
50
234
373
492
212
145
365
164
391
489
401
60
272
411
157
69
339
459
344
49
311
183
455
244
221
310
381
475
299
134
429
471
432
223
91
259
368
285
8
363
122
400
21
488
116
467
289
73
21
151
487
397
477
300
266
194
192
289
278
396
254
411
133
460
226
158
85
154
272
72
397
91
393
137
371
373
178
42
36
418
393
400
304
415
254
457
6
120
120
239
410
192
408
16
67
470
394
306
299
133
374
359
269
201
156
145
368
42
269
19
377
468
439
28
184
217
430
167
136
191
177
337
444
273
331
331
24
320
240
224
362
87
318
469
329
36
388
160
265
417
472
181
104
208
241
382
481
424
198
441
111
307
77
138
271
166
225
160
193
147
454
101
422
493
231
167
231
266
128
168
235
140
199
391
242
257
226
427
340
466
412
78
407
474
272
101
24
429
285
43
43
268
79
382
289
156
95
80
263
450
256
480
376
401
311
306
74
74
329
3
276
80
412
253
437
494
371
81
490
85
465
69
107
80
18
104
347
438
25
312
376
359
302
140
77
283
362
282
414
379
423
225
3
394
72
361
308
281
33
372
274
167
332
435
123
179
321
137
17
372
111
136
376
38
52
155
73
416
109
467
336
328
417
455
372
232
32
352
472
393
183
193
76
483
110
300
17
48
80
477
296
471
318
456
343
482
323
492
430
272
305
194
155
501
422
265
73
167
145
59
92
361
415
95
196
302
94
81
494
82
72
324
395
470
300
356
148
468
190
159
56
315
312
48
12
167
293
98
410
137
31
101
2
487
132
458
438
411
133
1
102
187
480
377
400
137
167
115
152
247
338
394
116
116
148
445
369
499
298
342
184
120
339
209
15
100
179
411
238
321
227
456
198
213
195
73
173
432
210
434
183
198
310
220
379
292
361
373
457
142
483
208
133
261
435
104
472
52
1
381
370
37
244
279
287
336
337
132
469
453
467
142
140
466
385
99
286
457
177
192
200
69
400
58
431
384
334
409
213
140
361
23
214
208
246
164
388
57
197
11
351
138
386
36
485
245
113
248
124
13
279
79
309
429
487
275
452
59
388
282
117
441
420
375
371
310
253
379
499
335
13
403
401
57
138
42
450
146
494
88
329
334
222
275
467
123
199
3
334
122
123
410
282
208
233
497
81
432
391
424
400
466
485
348
306
394
476
300
476
361
256
76
215
362
143
257
130
258
454
74
2
248
114
32
351
60
37
78
209
60
498
287
415
212
153
155
413
360
148
57
202
288
387
354
345
216
253
181
460
14
233
284
361
51
130
314
467
364
166
229
95
364
89
334
126
267
46
112
421
35
406
452
251
14
166
262
424
116
238
174
462
80
135
77
99
456
175
191
263
238
109
38
263
492
90
30
99
283
65
322
280
279
203
90
245
209
386
31
298
463
334
455
346
430
284
312
196
436
240
290
367
392
233
226
53
46
183
163
306
154
475
1
237
26
256
132
77
342
348
362
241
497
154
387
312
291
24
128
127
244
332
197
133
236
246
316
380
268
154
277
239
407
375
231
341
351
495
286
441
173
55
444
164
463
28
155
195
185
73
193
437
29
91
8
171
503
118
315
338
20
83
429
180
303
433
345
95
156
223
45
213
414
114
489
69
274
204
174
321
276
389
317
334
479
344
98
199
96
19
270
254
392
12
104
364
381
122
439
298
216
146
349
343
458
234
183
406
364
384
128
179
211
378
280
240
397
134
294
313
256
414
158
323
313
9
29
199
316
113
17
297
221
375
399
305
346
344
32
28
219
484
207
165
474
345
325
382
25
475
2
278
287
202
1510
211
26
66
204
254
93
168
467
4
447
90
99
369
248
232
253
35
95
382
186
484
281
176
384
476
268
194
245
385
92
476
13
44
102
374
131
68
326
44
37
476
418
113
151
143
67
148
47
487
34
490
56
369
434
166
333
82
75
122
216
464
415
431
260
451
252
436
104
481
339
210
62
313
103
224
16
142
112
36
439
21
337
259
123
373
105
330
218
223
463
173
157
219
181
304
199
204
485
337
405
98
354
487
73
495
40
357
136
394
17
369
411
22
266
261
200
455
2
11
33
332
429
324
68
252
150
497
404
228
347
489
126
57
500
43
224
40
120
284
136
347
41
357
249
493
277
496
346
84
503
248
189
463
475
119
306
461
312
27
49
49
449
248
184
394
466
465
427
124
314
57
200
372
110
316
453
361
201
384
10
269
411
316
372
315
272
232
320
456
479
167
423
62
360
237
116
64
408
411
45
46
96
497
1
362
89
442
410
163
101
495
130
451
288
193
241
451
268
58
424
296
92
28
194
496
281
159
51
184
500
146
447
486
124
310
119
179
281
407
357
237
419
271
242
487
98
24
258
503
354
503
46
473
242
34
421
19
431
364
411
378
104
359
149
138
487
212
356
34
314
246
460
238
351
42
254
431
265
269
114
151
101
440
25
500
64
234
115
269
370
350
435
449
28
356
417
54
92
298
134
74
441
153
188
473
433
114
250
27
210
183
76
282
248
74
403
358
180
218
400
451
264
497
11
283
297
432
434
333
78
201
307
272
382
162
265
45
181
160
1
361
142
103
208
256
149
226
216
395
196
406
454
40
48
290
419
371
392
256
109
434
108
34
4
216
94
9
145
398
109
49
145
376
98
231
232
192
214
470
492
465
96
325
197
449
300
483
176
371
270
14
155
265
19
443
497
401
283
289
471
438
432
252
36
172
106
306
143
131
12
265
366
89
62
325
418
149
485
242
133
228
408
336
334
295
364
40
309
26
107
113
54
453
70
456
360
464
294
105
225
97
436
217
377
388
328
329
168
207
134
357
473
219
145
133
228
366
383
368
28
284
116
409
231
433
223
482
456
273
32
407
178
430
111
224
499
440
454
457
126
225
147
88
241
158
478
312
107
497
495
376
108
21
430
167
160
500
437
438
65
304
245
297
245
470
370
458
339
231
102
292
338
38
73
285
346
268
485
169
266
339
324
1
235
209
446
470
97
427
41
430
91
491
317
203
254
53
44
345
44
398
491
7
185
37
370
114
78
293
214
9
294
486
14
17
77
390
393
251
48
303
436
280
118
268
155
262
367
195
154
303
9
380
441
68
349
247
234
346
111
12
219
453
162
209
485
1510
300
413
423
113
96
189
187
2
315
256
2
257
41
253
482
50
181
435
274
101
11
181
316
415
249
167
435
331
202
425
358
487
392
387
66
129
136
231
502
394
311
269
389
75
248
16
334
230
299
323
86
251
236
10
430
3
145
387
12
343
68
354
118
117
488
399
43
65
61
164
467
299
39
152
126
387
429
18
10
51
349
412
114
362
164
430
190
496
45
147
174
379
88
327
403
79
224
96
201
292
367
49
259
436
304
3
293
410
478
193
292
312
276
197
411
86
473
150
435
168
480
46
199
145
173
479
374
421
401
382
337
403
482
220
437
454
163
43
299
1
185
124
156
459
278
183
344
69
12
495
307
240
320
210
77
155
135
411
327
152
96
33
138
1510
137
444
297
83
135
404
326
407
444
350
325
259
468
107
252
422
129
112
274
67
33
12
194
159
287
60
119
58
461
6
146
83
75
78
168
130
462
25
308
191
164
13
114
351
89
393
217
284
394
462
457
450
351
201
428
49
469
40
502
41
215
419
487
238
343
8
441
465
296
31
357
475
252
267
441
224
297
427
216
477
131
255
203
402
292
227
368
407
69
149
261
474
442
200
473
8
188
449
364
424
84
449
422
413
111
58
453
258
388
357
221
283
270
47
356
13
249
87
87
345
476
51
437
285
272
422
213
334
462
344
315
411
484
3
17
330
358
277
18
78
131
93
63
389
27
82
82
210
28
39
116
381
333
412
489
96
273
413
469
384
67
488
243
415
323
4
169
342
394
17
475
150
149
360
269
420
202
13
295
220
151
156
211
110
22
169
398
133
370
428
420
316
260
146
260
488
1
314
467
84
220
262
352
184
473
54
257
342
79
392
218
481
90
138
119
307
354
1
438
217
26
266
164
353
464
51
374
86
58
459
292
355
278
88
77
328
81
319
363
455
384
232
48
303
131
168
283
120
331
150
266
384
369
483
89
228
44
346
349
448
436
12
23
55
150
109
161
197
480
485
124
62
38
276
109
1510
274
435
253
140
17
485
389
408
129
6
376
276
190
161
292
492
54
208
242
105
49
24
433
65
48
167
447
440
66
282
364
312
153
207
422
33
170
173
189
15
45
283
200
263
52
128
396
297
128
78
362
194
84
281
257
417
249
355
68
457
498
211
390
189
362
311
265
267
123
373
145
163
416
219
178
72
143
112
273
417
223
342
20
471
480
317
97
257
333
4
424
408
357
145
331
21
449
298
440
234
16
473
479
462
233
37
51
21
434
104
307
170
438
156
271
452
320
442
32
207
80
462
141
367
313
491
426
82
231
66
370
282
42
231
349
75
156
301
83
175
358
24
326
370
341
223
242
23
473
404
266
160
465
158
284
283
115
61
237
74
325
388
499
94
441
147
30
290
145
451
365
239
122
401
225
231
37
104
170
245
74
337
90
466
53
365
45
157
58
251
280
147
404
405
206
99
181
53
115
94
269
157
129
122
112
457
40
274
13
80
387
478
61
418
305
257
352
77
341
264
468
37
398
499
73
321
325
326
368
278
371
300
104
92
313
430
289
296
434
63
396
245
131
328
472
23
275
210
131
421
244
335
204
482
87
38
255
120
242
82
148
308
460
444
277
442
201
211
279
5
13
427
207
474
282
417
285
122
28
441
356
183
201
20
177
330
26
182
334
77
239
438
274
4
181
241
255
135
277
212
140
440
240
488
63
27
146
418
31
220
399
417
289
279
119
472
490
492
468
367
391
130
14
337
453
276
410
328
301
461
334
169
392
80
503
215
281
254
184
343
100
180
219
85
395
448
169
276
317
400
498
34
491
472
486
122
207
21
399
439
182
429
29
446
286
430
152
221
389
117
327
291
407
266
413
35
4
446
102
421
133
265
308
282
286
161
409
142
1
420
486
92
148
174
149
6
210
400
431
155
31
29
145
430
440
268
313
330
61
173
293
179
1510
435
502
171
65
108
95
285
78
213
108
486
489
48
199
185
112
181
146
177
458
490
204
174
283
138
469
26
230
348
10
394
141
289
1
167
437
375
422
20
348
34
285
21
216
471
124
30
322
381
99
44
496
200
108
270
471
66
157
255
104
253
90
63
66
106
73
234
309
165
498
198
355
375
113
433
429
95
123
470
323
293
395
404
254
432
291
16
117
285
30
12
451
58
337
379
389
467
45
462
158
64
466
104
447
485
25
6
75
187
132
397
196
24
467
327
388
313
327
18
336
317
342
212
280
82
302
161
173
410
108
167
210
373
78
197
304
214
485
194
367
224
42
413
170
66
264
338
2
492
294
30
364
88
1510
85
80
185
298
300
157
232
231
385
496
268
475
112
412
138
110
238
246
267
461
15
90
124
42
190
264
345
112
269
495
256
396
206
31
235
421
114
482
338
279
3
78
19
493
109
245
342
148
311
10
56
339
204
40
101
184
119
78
465
241
498
479
486
79
85
475
64
411
106
442
82
288
137
232
462
288
129
95
68
147
256
101
42
200
155
370
73
36
1
87
115
19
38
98
3
79
432
493
264
341
116
141
134
414
311
138
182
92
265
319
2
318
375
161
394
17
192
9
491
252
396
154
470
358
417
440
336
416
29
483
221
334
109
221
216
371
103
334
400
156
407
438
4
134
132
377
303
385
432
106
185
242
27
435
434
45
78
177
229
199
54
309
321
32
70
11
280
117
422
165
101
62
256
195
123
428
413
14
26
193
117
112
452
487
41
315
481
433
272
415
410
483
68
353
32
312
294
177
499
58
99
366
203
416
237
32
361
306
318
111
499
213
381
2
3
418
208
77
146
167
200
168
111
298
166
208
75
240
130
194
353
360
189
466
1510
215
38
302
316
39
246
303
230
5
209
66
331
162
53
301
246
199
61
492
92
392
200
404
160
286
475
216
237
50
359
236
114
381
469
357
187
491
200
119
225
300
222
256
156
434
4
306
320
374
6
30
106
182
383
149
334
295
41
503
168
407
243
202
171
180
252
338
291
265
185
208
106
26
351
117
372
143
103
384
9
32
59
88
103
276
8
88
173
6
8
479
156
191
372
189
402
398
219
438
168
182
335
135
408
460
134
201
51
224
186
157
12
316
307
480
11
194
381
481
313
313
353
494
247
271
438
326
494
365
158
137
134
171
416
183
460
53
253
379
57
345
113
422
349
152
148
109
383
123
489
93
328
106
76
338
363
328
198
270
146
118
285
139
424
326
26
394
183
377
228
111
210
33
129
193
305
268
473
182
95
134
245
159
128
215
261
164
502
339
476
252
32
182
482
143
329
244
305
313
486
226
300
268
49
24
55
387
232
159
168
105
294
273
231
487
236
163
63
245
329
130
272
244
80
15
226
480
292
298
480
281
191
84
369
60
213
188
234
358
463
25
480
49
20
118
231
139
150
385
431
124
460
401
12
494
486
222
138
173
494
346
277
477
69
126
54
373
330
126
248
232
202
165
422
154
56
57
45
120
435
26
229
414
362
480
74
296
462
328
17
158
303
96
475
191
407
323
306
277
47
115
91
141
465
300
12
105
191
428
460
304
55
405
168
106
324
384
392
255
338
12
106
377
281
124
469
503
261
215
317
161
73
424
250
2
268
41
362
395
61
225
485
144
307
178
307
1
13
373
78
361
61
17
59
34
107
268
202
125
382
400
60
277
429
249
398
192
83
94
275
301
286
242
84
453
140
251
177
228
354
199
77
117
499
73
55
32
500
366
109
91
136
299
474
243
454
298
248
237
281
334
448
337
398
137
68
46
179
50
308
201
157
340
433
370
280
280
48
305
44
36
347
22
454
443
177
319
101
344
162
318
190
132
482
112
104
473
296
196
371
147
491
417
309
273
217
308
172
360
447
18
131
346
432
378
67
364
373
336
1
254
248
99
191
71
71
180
484
444
112
115
190
176
401
224
297
186
134
458
383
205
72
112
194
16
187
362
474
297
28
375
320
3
110
308
320
265
217
421
146
67
364
63
353
248
142
390
243
4
127
106
293
357
370
342
10
466
430
215
452
394
261
447
239
377
222
310
73
313
22
91
193
105
430
436
120
286
216
353
438
218
33
121
484
51
479
147
159
370
233
131
155
152
77
416
75
428
446
403
21
218
329
65
273
48
404
20
78
360
393
182
398
12
206
438
87
18
480
138
493
43
9
452
276
253
110
498
204
184
426
333
53
488
335
295
394
463
385
