50
135
3
63
18
32
155
34
29
87
107
27
18
19
109
169
5
17
94
23
309
40
4
32
236
15
70
19
25
5
7
87
65
78
17
36
25
10
36
30
37
10
38
111
61
7
5
57
66
17
29
141
4
9
24
5
224
82
29
75
28
82
81
56
1
85
15
42
121
45
1
92
45
16
71
26
145
26
6
3
52
6
14
102
25
14
47
165
123
24
59
37
121
68
39
17
89
142
7
35
24
48
4
12
59
4
9
11
27
204
31
155
106
116
29
49
40
27
71
54
28
26
28
2
4
71
45
85
6
111
49
7
104
30
55
131
2
135
34
178
6
1
5
12
3
115
5
158
108
31
49
171
18
18
13
259
3
6
29
56
13
36
25
41
19
31
99
21
209
2
6
77
184
57
14
75
90
29
6
68
14
62
27
5
20
27
6
47
22
9
30
46
16
7
11
97
58
75
27
20
12
13
81
27
128
6
39
423
8
63
48
46
55
73
101
15
109
60
96
11
55
31
142
16
117
63
7
40
25
6
26
63
233
155
85
60
12
263
126
49
99
64
69
2
3
59
45
72
15
11
9
34
75
48
22
5
21
4
190
43
49
43
17
35
7
50
5
79
5
30
36
86
55
24
14
13
31
17
20
48
276
43
26
5
33
7
200
23
4
26
72
40
45
4
11
21
88
29
68
78
3
40
12
18
105
67
1
17
26
32
101
66
51
8
190
10
22
70
117
47
50
50
133
3
94
86
42
71
13
12
29
41
74
14
91
12
88
130
179
44
55
179
8
11
12
42
8
37
18
41
45
7
110
72
11
28
42
18
21
21
40
100
117
113
89
43
28
23
87
22
56
3
165
125
153
62
95
26
69
7
109
24
6
11
14
47
141
25
59
11
159
7
47
83
99
40
149
15
44
65
91
93
143
134
28
51
76
53
95
116
203
79
49
5
11
12
38
151
64
51
9
21
110
27
5
92
18
122
20
29
55
43
7
239
33
41
19
71
89
26
7
34
102
31
36
91
25
1
81
61
52
30
18
4
49
51
22
17
154
93
58
14
64
96
1
51
110
56
75
41
10
11
18
82
71
78
38
22
2
80
23
59
9
91
12
249
26
25
25
41
32
53
200
50
25
24
131
42
155
43
169
6
7
46
47
4
44
33
44
18
33
83
60
60
107
7
142
30
25
35
57
54
10
61
15
35
26
28
29
5
7
26
25
44
19
35
61
97
1
14
167
75
76
104
69
36
5
5
154
1
20
29
1
18
90
29
175
21
9
23
45
36
34
11
39
146
14
159
62
26
12
3
92
13
64
5
3
5
16
11
196
17
95
54
41
25
40
75
142
53
16
74
1
96
45
54
2
27
142
108
2
56
53
83
103
62
177
3
21
119
30
80
6
165
30
42
67
54
19
53
47
66
185
26
113
73
163
34
40
23
22
113
128
39
24
9
122
25
248
57
36
64
5
17
11
3
34
90
126
18
61
81
87
14
142
36
81
1
48
40
1
52
38
1
23
50
453
49
13
76
7
110
130
27
67
214
41
27
14
37
49
19
140
8
2
278
86
4
120
79
30
49
19
130
21
3
38
29
128
40
145
21
62
124
8
50
134
64
124
196
47
19
36
32
151
94
22
74
288
16
6
24
41
12
110
5
185
74
2
7
9
6
124
7
27
124
100
64
162
1
41
80
19
55
35
92
47
28
1
57
46
3
79
106
3
8
71
19
21
75
25
64
7
35
151
42
399
2
117
7
59
116
116
33
167
247
4
161
45
7
54
14
152
2
26
28
88
8
8
163
15
52
22
51
14
109
51
108
71
53
46
71
72
1
14
105
19
75
120
19
14
30
23
34
103
38
5
223
85
133
250
98
2
37
27
95
19
24
58
52
17
3
49
182
60
38
2
1
99
194
18
94
16
23
272
53
23
23
29
16
66
4
64
61
78
74
40
9
256
11
23
68
35
92
17
214
140
175
1
19
19
11
10
370
5
104
4
107
91
169
14
72
5
139
143
29
81
100
11
20
14
34
73
46
38
29
31
10
27
4
102
10
3
31
37
22
55
350
4
3
71
28
22
56
56
72
30
112
1
50
10
30
28
31
3
4
32
47
66
197
58
22
27
114
39
44
105
22
9
80
35
48
240
29
132
45
78
57
42
51
80
95
126
24
93
6
47
72
22
82
41
46
32
87
84
149
36
23
14
23
46
68
6
15
28
13
53
41
73
111
216
128
141
15
16
23
9
54
16
55
58
203
60
32
4
102
71
25
40
9
59
167
35
32
7
140
33
70
18
51
27
17
94
44
42
10
3
131
8
41
13
56
26
24
111
4
223
2
15
74
130
53
61
56
18
53
2
4
60
72
25
69
44
32
115
13
49
81
158
179
101
32
74
27
3
25
15
51
27
65
172
157
158
211
49
50
125
6
91
16
28
7
41
175
38
41
58
43
20
21
65
9
25
32
18
18
271
4
14
4
55
183
3
56
34
30
129
93
79
171
73
4
29
95
3
64
41
12
15
26
6
31
9
62
73
75
1
237
23
11
1
10
141
1
13
49
49
28
87
87
28
191
29
109
18
74
71
136
102
12
25
170
55
282
25
27
32
68
9
63
46
4
7
5
280
1
131
32
14
16
17
4
25
22
49
5
5
19
46
8
26
76
26
66
189
3
88
39
19
72
11
290
65
51
25
109
48
43
9
12
14
17
88
6
49
32
38
12
35
67
23
39
138
48
10
42
106
135
22
30
80
11
122
23
100
42
111
29
32
7
20
18
38
118
6
7
39
8
123
20
99
63
52
165
11
104
25
7
10
70
1
45
20
112
33
138
73
4
110
22
35
17
35
45
8
140
63
1
41
83
12
62
59
24
49
26
68
30
182
47
48
90
243
113
17
39
70
157
48
82
77
2
86
4
1
51
43
200
35
7
2
6
55
7
76
63
10
46
14
35
67
1
1
11
5
21
43
27
10
45
107
38
136
21
13
123
28
1
63
10
133
6
93
112
111
138
95
19
87
33
21
8
97
122
38
16
13
22
46
81
6
99
147
178
68
69
48
106
9
37
54
85
76
49
132
65
57
7
18
35
2
28
35
18
69
43
181
30
36
184
24
10
15
12
2
178
302
83
90
95
7
21
263
45
136
121
52
117
3
108
20
60
5
49
61
62
48
73
32
133
280
14
163
51
24
56
28
26
60
33
2
75
39
206
54
12
90
18
6
53
25
3
24
97
139
182
16
21
5
37
170
130
28
72
3
8
29
28
207
34
16
19
28
36
104
108
86
366
62
137
103
29
24
24
584
137
40
66
18
3
56
4
32
45
30
13
5
100
15
85
18
71
147
63
117
17
32
66
73
100
27
54
2
43
62
27
30
58
1
224
62
104
127
51
66
12
69
12
85
35
30
30
60
106
42
18
80
7
112
12
11
34
68
9
53
37
11
2
51
8
8
9
31
49
20
35
123
65
27
3
10
30
356
32
2
7
10
195
16
50
114
12
110
89
57
150
81
9
42
20
6
10
43
12
7
96
44
49
4
56
14
21
14
67
56
11
26
50
23
51
5
59
7
67
16
216
14
62
49
351
11
4
23
28
15
62
47
32
58
7
43
26
46
26
91
52
410
36
126
143
9
70
131
66
160
11
26
79
68
62
38
11
95
27
24
61
138
9
18
11
5
145
10
6
20
3
28
126
131
112
50
77
146
140
16
51
110
35
9
165
31
36
123
82
34
13
201
23
14
39
61
21
34
20
87
51
5
173
131
10
21
1
11
14
126
61
4
15
153
24
5
53
150
3
89
27
53
70
109
80
20
15
20
8
8
40
49
100
63
30
217
92
81
48
2
95
21
75
50
130
52
165
21
2
49
117
55
32
4
161
4
65
16
48
70
11
104
39
101
33
89
132
15
27
12
123
20
59
41
85
43
86
56
6
146
12
104
65
3
5
88
39
59
111
46
21
87
85
83
16
131
40
67
13
52
5
34
9
190
13
61
60
35
1
50
63
93
51
20
151
47
103
7
1
55
31
33
12
96
60
52
5
431
42
26
124
33
148
176
14
6
214
22
23
16
23
98
9
57
56
54
15
41
125
103
59
14
45
181
76
16
6
4
21
28
164
226
7
12
79
19
202
78
141
19
7
210
79
16
50
33
98
30
41
2
47
38
58
192
157
2
5
50
12
6
6
66
56
79
66
49
10
32
23
18
57
87
152
201
168
10
32
77
5
29
164
44
71
107
7
23
200
26
107
81
156
80
138
62
3
31
58
147
24
25
32
35
2
7
8
67
49
61
84
51
17
86
33
186
12
11
228
14
20
65
91
44
38
74
88
60
94
254
1
91
18
9
25
127
13
36
71
61
1
120
64
23
66
23
55
16
62
8
43
80
30
106
1
57
54
49
107
61
28
75
44
21
26
38
83
48
19
6
31
118
16
43
65
28
194
4
3
131
77
126
60
101
70
1
42
161
21
25
71
44
79
106
47
9
25
145
33
9
100
87
68
4
83
3
119
90
264
16
28
14
2
167
189
26
5
98
5
53
82
47
29
49
26
134
161
81
3
26
79
32
63
21
16
56
19
185
57
25
177
141
49
32
89
18
31
59
67
79
30
146
4
137
38
7
54
1
35
27
54
49
61
80
122
122
4
15
1
46
9
74
83
63
23
1
27
16
32
59
12
264
33
35
2
55
6
70
96
53
144
2
11
154
8
6
69
25
13
10
16
10
1
90
75
4
40
381
28
134
134
116
23
48
115
99
82
22
19
113
48
33
8
81
91
3
138
66
16
23
73
190
3
35
25
3
40
83
1
75
37
13
4
13
11
64
102
83
104
108
38
48
21
93
62
66
52
88
43
29
20
34
118
42
8
30
84
12
4
54
30
46
3
7
57
22
8
47
20
5
5
32
9
32
66
142
69
137
16
21
44
42
49
22
99
138
68
14
12
57
76
73
112
161
189
6
75
8
110
45
55
126
24
71
86
15
68
4
117
69
18
115
27
95
7
2
11
15
51
127
35
1
32
120
70
30
75
43
28
16
43
122
20
272
3
18
43
182
12
231
6
45
226
57
170
47
114
35
73
68
62
45
40
4
26
10
1
43
33
68
138
28
126
79
5
31
9
391
10
2
206
26
80
6
43
10
6
95
37
19
38
1
27
9
43
73
41
30
60
17
34
43
8
14
2
159
58
94
17
17
23
6
55
53
98
10
16
4
52
91
1
36
64
38
14
33
3
26
52
3
1
6
107
122
9
80
177
86
69
56
55
33
199
40
88
21
36
17
75
60
31
47
57
96
68
11
34
164
107
14
30
1
102
58
33
95
8
46
46
112
18
17
42
124
77
90
167
99
94
76
40
27
94
36
4
100
13
2
65
89
41
28
33
32
97
75
42
3
81
16
122
69
177
13
146
10
26
18
157
13
38
13
72
176
98
49
22
50
18
28
65
31
3
40
26
36
10
26
56
124
19
7
62
9
139
9
60
36
62
8
101
16
167
337
29
36
38
15
78
44
18
61
88
62
9
4
14
22
3
46
129
3
70
43
36
10
165
32
15
98
11
34
225
173
10
33
13
44
76
53
131
139
60
93
5
3
5
23
70
177
167
90
21
4
103
97
83
12
3
28
35
6
15
63
182
56
58
21
8
20
23
65
94
20
23
30
145
67
74
40
39
11
46
124
22
187
71
47
102
78
56
126
17
6
41
1
32
39
42
42
16
55
22
103
81
37
2
79
46
145
4
24
45
5
30
56
173
93
18
15
30
26
246
6
56
7
15
24
55
37
30
47
112
25
20
110
1
13
117
41
176
182
62
34
125
63
25
6
77
47
121
58
187
270
29
45
91
1
140
17
7
11
88
17
75
49
18
13
104
231
22
18
105
11
14
137
1
11
4
48
18
83
24
61
7
7
124
287
51
62
63
32
60
7
79
249
33
65
25
110
22
78
25
83
25
22
14
22
112
99
65
139
29
9
52
147
12
21
29
109
127
95
2
103
10
36
8
70
76
16
12
64
56
73
235
76
4
1
60
24
45
5
47
19
126
86
69
56
2
86
49
1
77
48
29
2
117
3
62
47
11
95
15
82
72
1
50
68
34
2
3
45
7
40
16
127
36
29
11
8
6
13
101
36
11
54
23
48
44
58
24
109
5
37
41
29
76
23
74
56
17
45
12
37
105
43
10
19
83
14
90
93
16
24
30
117
117
20
71
2
80
2
148
13
17
126
1
266
42
18
74
20
75
3
60
112
48
47
91
6
26
6
22
114
136
28
1
27
7
93
2
54
237
168
26
13
27
1
12
41
45
28
33
15
215
30
43
120
13
19
67
65
18
76
2
5
99
37
1
197
47
233
45
72
84
12
11
65
47
183
84
6
31
56
34
122
163
12
54
34
5
25
111
62
29
18
55
7
102
124
58
15
41
57
6
92
69
3
6
119
1
44
4
43
28
38
3
6
30
44
108
26
34
206
16
58
119
1
96
47
2
1
87
24
94
20
55
28
3
12
50
2
176
139
81
173
56
125
42
9
6
44
19
3
7
62
82
205
84
22
126
8
72
24
65
19
9
129
9
146
136
16
114
67
1
9
110
50
68
46
29
6
54
205
55
6
27
7
48
12
125
35
10
96
71
16
25
69
7
54
37
3
108
29
69
49
109
82
92
4
6
23
24
32
31
65
15
46
8
13
23
57
15
104
14
1
11
163
99
111
11
11
93
189
13
9
58
214
2
32
24
2
55
8
61
179
146
6
98
2
18
96
38
231
98
156
47
41
21
8
2
40
106
52
13
39
112
85
3
33
59
29
25
46
80
3
4
23
10
51
58
48
267
41
22
13
67
157
18
51
31
62
124
14
81
62
53
152
51
49
4
28
5
29
127
73
41
95
26
100
28
49
30
14
72
38
12
27
153
7
12
42
36
47
18
8
7
149
34
16
37
14
12
19
165
11
37
164
68
11
22
28
33
8
26
27
58
160
82
55
23
47
72
83
131
67
73
89
11
60
165
68
14
50
6
93
118
13
32
22
57
81
116
46
12
12
129
31
10
130
43
12
20
7
40
28
112
8
2
111
99
241
60
169
38
31
19
91
4
54
91
41
72
126
52
70
209
2
97
24
200
17
16
142
35
8
48
16
25
7
72
58
148
102
48
1
32
30
22
7
43
17
101
25
45
46
128
7
8
32
12
26
103
63
70
30
197
89
32
22
17
7
73
207
43
62
107
41
24
4
46
35
155
83
47
98
34
20
4
97
76
21
17
53
1
12
31
18
82
151
15
145
29
22
49
100
107
16
98
23
5
29
12
79
9
26
8
3
29
35
77
47
59
142
168
16
78
35
33
32
124
58
18
91
64
65
29
40
3
85
47
161
28
23
32
27
27
19
6
79
20
13
35
6
39
41
29
52
32
88
53
22
104
27
11
57
35
10
90
63
60
25
313
9
121
5
151
30
118
55
30
4
57
33
4
65
22
12
29
51
26
24
3
23
23
10
14
29
99
18
9
23
173
89
54
34
103
158
60
23
9
18
35
72
53
21
33
105
210
105
50
104
4
65
131
75
50
40
60
25
52
10
127
96
52
2
27
31
24
225
133
68
9
22
153
20
106
89
103
12
89
24
77
52
36
5
24
68
23
81
117
22
15
52
15
186
22
96
50
130
19
92
248
115
50
17
19
11
24
42
86
31
62
33
56
3
4
29
322
103
12
86
15
9
49
53
31
4
1
81
32
30
41
19
186
77
37
118
134
109
102
55
15
6
90
77
40
3
10
51
36
51
45
128
6
16
52
3
34
19
79
66
11
27
115
53
17
113
82
4
30
138
55
49
66
34
65
11
1
8
29
203
64
12
94
70
6
31
16
3
11
79
20
25
15
125
34
38
22
43
51
5
22
28
4
11
21
32
61
10
128
10
45
91
32
27
22
20
48
38
17
7
92
7
58
70
1
35
58
358
18
96
12
54
175
61
112
39
25
46
6
3
89
46
9
6
25
95
21
93
8
133
69
18
65
55
14
20
55
43
113
242
1
94
29
86
30
144
117
47
6
127
39
79
59
19
60
143
5
349
26
139
134
226
41
67
18
25
64
38
35
36
87
21
12
35
29
124
3
20
24
17
18
11
18
16
70
33
209
7
35
18
169
17
76
38
24
1
1
21
12
16
85
54
1
127
75
74
88
114
58
31
13
46
2
44
6
28
53
124
13
146
35
47
42
19
123
13
39
24
14
42
8
9
1
5
43
22
111
9
29
8
10
163
43
16
82
92
34
65
27
96
25
17
19
49
31
52
72
55
79
29
26
54
58
21
8
17
70
23
64
98
11
28
109
31
136
62
88
63
5
11
77
58
23
110
120
7
106
40
31
2
18
128
29
66
319
70
28
93
112
78
8
177
2
113
16
55
55
38
10
142
55
58
11
25
19
4
106
11
45
119
2
132
49
76
2
69
63
49
29
46
61
34
44
2
7
122
146
13
27
16
137
124
135
2
49
128
53
33
11
86
219
7
33
61
13
42
82
21
88
85
26
83
112
47
14
28
34
19
3
34
21
72
39
21
9
41
54
64
58
12
18
147
106
112
51
19
26
59
143
51
4
47
26
176
42
38
6
20
4
125
143
9
32
40
70
29
11
47
9
53
13
19
13
68
118
24
78
114
47
29
197
3
39
188
16
35
42
55
138
28
18
96
76
120
46
61
93
35
125
108
64
30
117
55
79
85
90
136
156
23
35
47
105
5
41
4
285
43
54
80
12
15
178
206
26
9
39
7
21
44
211
16
16
3
92
63
20
265
59
3
83
8
47
72
143
95
70
255
58
9
63
103
55
18
15
167
38
91
18
104
32
32
163
36
71
18
10
23
122
9
1
83
30
26
83
9
51
12
12
22
123
6
159
135
43
2
84
40
48
44
11
73
131
54
69
3
59
8
34
67
257
28
15
3
43
5
191
13
16
54
67
31
130
40
16
138
83
56
33
1
10
139
26
52
150
30
25
9
9
17
1
69
36
14
8
15
14
36
77
34
73
31
14
7
2
166
61
27
1
25
13
49
48
65
47
57
13
16
34
40
27
13
50
44
47
73
12
30
41
120
131
135
54
60
85
21
159
147
31
18
22
62
127
32
163
16
11
318
70
29
67
67
72
7
145
155
26
10
135
4
130
6
11
60
41
14
184
23
32
22
55
49
18
224
40
37
11
14
243
31
25
3
31
32
86
83
18
167
18
1
5
59
3
24
17
180
70
76
115
281
180
3
23
21
6
11
45
58
22
58
28
10
134
22
49
59
122
17
18
8
57
5
21
65
24
40
23
10
47
33
49
6
73
14
13
101
66
132
52
20
75
54
30
25
24
52
23
32
238
50
22
93
3
37
79
148
36
5
16
118
41
174
85
81
25
44
35
30
58
11
16
19
96
110
98
39
151
7
209
19
57
19
91
69
60
58
10
134
42
3
12
133
30
16
40
38
25
66
8
64
79
125
192
1
3
1
80
39
76
11
44
72
79
25
167
14
67
11
2
6
96
51
30
66
10
71
1
18
43
25
41
34
200
80
21
6
30
39
152
4
1
36
49
170
22
98
117
100
156
187
36
43
27
59
79
27
14
1
19
54
177
119
36
143
63
12
53
108
125
319
34
77
125
9
53
8
101
31
31
79
47
64
56
11
12
103
6
72
54
9
41
163
2
83
57
2
105
31
23
24
44
162
75
25
23
11
8
33
14
39
11
46
68
118
67
41
50
10
69
73
4
95
163
21
42
39
22
141
130
79
44
36
80
28
154
27
19
36
21
114
13
30
57
16
11
20
27
18
2
82
42
224
23
83
46
51
8
45
104
28
52
6
11
67
65
5
206
113
51
118
16
40
60
174
9
8
59
29
131
45
92
17
55
56
195
27
23
117
38
36
19
2
10
40
44
202
55
84
44
60
20
169
155
36
1
94
62
250
4
75
37
50
63
33
2
25
50
52
37
161
49
36
30
148
34
11
36
19
58
107
80
95
83
11
16
54
311
21
114
142
11
13
41
87
76
2
139
32
224
1
37
59
134
24
9
20
74
89
19
81
30
26
82
177
67
118
157
122
10
38
43
192
205
58
104
4
265
20
56
6
25
113
6
74
85
2
5
168
30
27
30
24
173
57
23
14
6
33
41
47
381
26
3
23
12
167
66
152
138
3
1
231
19
20
39
92
12
25
18
22
50
90
48
393
4
106
29
4
23
57
137
68
22
215
27
94
9
18
199
48
62
258
1
62
170
31
87
120
66
35
48
68
168
47
5
15
35
17
130
6
5
11
45
54
88
34
38
42
369
7
123
14
51
24
14
84
46
223
60
313
91
221
32
24
116
33
61
40
3
13
15
44
64
7
61
7
38
221
66
121
51
57
46
28
2
108
133
8
2
83
9
1
48
107
45
30
30
37
130
79
10
3
5
147
47
44
209
64
92
44
44
33
29
96
103
2
55
14
34
3
75
3
49
78
91
81
30
15
8
55
8
81
2
28
10
9
44
73
1
39
83
7
13
34
44
32
99
2
33
121
13
22
253
10
45
2
27
109
3
25
268
64
6
153
13
108
66
7
3
2
49
55
1
25
137
19
59
88
9
4
12
78
12
15
94
93
55
13
64
6
37
2
72
160
24
44
36
8
118
4
18
35
65
7
14
42
105
226
43
4
41
17
19
121
53
111
82
16
31
6
38
15
54
207
16
33
25
104
49
75
2
12
71
112
68
61
45
23
259
18
7
143
23
4
71
30
8
18
22
55
19
12
34
44
195
74
25
29
35
24
3
16
17
41
50
49
26
15
65
34
99
103
66
38
88
19
46
41
54
94
145
1
99
80
27
8
80
122
49
7
31
113
38
135
36
76
109
11
2
10
54
3
250
32
77
10
34
13
19
29
42
15
72
96
103
10
1
47
62
99
57
161
1
63
16
9
27
23
56
42
69
15
3
26
61
23
38
22
12
25
19
48
71
189
45
109
68
72
20
78
70
60
41
16
22
63
42
40
71
74
16
117
66
32
59
85
30
98
9
4
71
154
19
149
10
34
11
13
126
8
20
25
61
68
41
78
85
18
62
55
1
47
64
11
2
155
20
2
4
197
120
170
83
1
48
22
52
12
34
33
4
103
68
62
44
109
73
21
92
3
121
114
33
93
17
33
46
45
122
4
38
473
55
50
5
61
138
73
61
11
270
98
124
32
89
41
217
73
139
3
171
30
52
36
5
25
13
80
23
40
73
1
295
3
2
88
125
123
36
55
107
45
31
99
4
40
71
10
48
61
70
37
22
38
58
42
81
82
144
71
164
28
48
114
53
3
6
21
50
17
207
121
13
17
8
72
43
35
31
143
21
4
26
21
5
51
44
90
15
62
7
12
3
107
64
30
54
77
31
76
57
209
164
16
60
94
41
5
17
14
20
163
8
168
26
32
33
24
34
23
50
64
189
19
42
11
45
70
13
24
11
198
3
20
37
55
69
6
31
23
108
20
37
82
95
41
100
13
57
28
14
31
173
22
69
4
3
12
78
130
39
23
11
2
58
40
58
44
77
103
11
23
11
30
70
22
59
30
133
77
85
157
114
93
37
18
74
25
9
119
7
20
60
101
17
25
6
41
3
58
150
6
15
33
178
38
26
7
37
27
41
97
119
28
263
10
47
72
10
52
39
47
35
68
9
1
33
10
58
19
2
2
47
15
53
91
16
77
128
13
22
48
4
116
29
29
106
36
9
155
48
145
9
69
58
12
7
40
77
104
51
82
160
84
202
36
83
62
3
7
9
9
21
38
24
71
62
124
25
7
11
15
121
20
82
208
13
39
8
17
29
58
40
24
137
5
69
154
174
11
71
5
138
27
1
165
178
49
196
1
7
14
18
16
22
185
43
123
5
186
83
35
5
50
18
99
66
78
8
18
74
49
77
13
24
19
121
138
1
113
11
87
32
21
34
31
51
103
65
16
101
42
21
22
83
110
66
28
95
90
7
78
27
18
48
108
125
21
169
103
20
98
33
46
8
76
52
43
144
42
23
10
106
37
18
50
5
79
61
17
115
9
5
9
45
31
23
18
12
18
30
31
100
33
10
71
3
167
40
124
78
7
21
4
147
8
11
147
22
50
124
22
7
97
31
11
25
23
44
90
133
102
12
69
162
45
31
7
59
19
172
36
140
188
89
48
75
18
32
21
6
30
129
99
8
182
112
14
6
29
33
25
9
1
27
31
7
7
52
297
18
150
33
222
26
50
38
47
27
50
79
38
1
18
41
109
10
36
98
48
45
104
17
14
8
64
33
18
32
80
22
24
27
20
1
111
29
7
39
15
215
145
53
15
34
56
50
35
39
11
83
12
97
32
22
90
104
42
47
31
9
2
39
29
4
23
64
201
8
32
51
248
89
24
197
56
87
26
21
12
25
306
47
16
146
1
71
90
50
85
81
242
274
114
58
68
102
6
62
4
123
98
9
57
53
12
26
75
23
1
5
294
70
44
49
153
57
4
44
49
82
54
17
18
39
7
39
5
10
10
44
30
26
26
114
75
7
86
101
50
12
90
80
131
33
130
117
214
286
6
3
15
14
78
46
63
2
5
110
10
38
56
5
122
117
77
249
59
22
95
87
40
77
187
111
4
84
6
16
129
218
63
74
1
97
55
17
43
12
74
89
86
11
198
37
33
67
1
26
150
12
74
23
48
80
34
24
27
13
35
24
15
24
42
89
138
21
2
19
15
141
68
13
95
58
96
75
14
2
27
21
15
16
47
49
46
18
70
127
32
88
162
42
57
15
43
59
44
94
74
69
8
133
66
57
28
35
36
26
8
1
56
26
6
176
124
6
9
32
61
4
15
46
13
10
54
39
29
23
78
46
12
38
127
74
258
27
104
9
10
3
121
105
18
87
25
136
286
105
89
95
27
3
4
36
49
20
36
80
34
6
17
59
22
43
4
112
89
110
5
119
40
60
23
32
112
49
44
53
9
30
58
53
40
183
159
6
13
115
60
11
48
92
107
1
15
7
6
34
260
114
75
38
5
11
16
23
38
45
163
123
1
147
55
2
89
92
21
168
4
194
103
55
9
30
42
20
31
16
36
35
144
142
47
22
39
127
66
49
13
69
50
83
24
19
10
70
32
49
64
36
168
54
6
62
47
90
38
1
18
25
26
9
35
66
61
52
28
25
77
28
167
35
1
58
60
17
115
9
11
64
63
11
28
31
60
17
5
33
31
38
19
14
18
135
14
53
96
88
1
8
3
60
54
68
69
99
72
36
2
3
51
27
39
2
40
26
13
21
60
189
40
158
10
16
26
107
15
76
125
150
42
73
20
24
12
4
72
22
13
18
30
58
16
21
89
18
13
63
5
22
22
32
32
27
3
4
40
57
204
83
55
81
120
167
198
18
2
91
4
28
92
243
63
24
35
142
36
170
36
22
36
28
148
2
67
68
4
36
22
44
67
7
12
100
64
51
322
110
40
87
291
89
5
494
119
111
21
268
34
9
41
48
38
3
138
30
27
61
33
49
69
88
33
39
150
19
27
124
62
70
8
63
33
138
66
2
7
175
125
141
64
14
33
1
135
100
4
204
33
25
29
23
254
3
54
35
57
110
102
5
157
15
27
33
31
26
21
20
74
71
30
6
11
65
57
20
96
90
50
19
43
113
57
63
29
10
19
14
55
56
15
3
30
27
51
6
63
10
56
7
142
51
39
49
16
38
37
91
130
18
36
124
22
20
26
12
111
36
16
72
48
49
2
183
73
36
24
206
24
9
64
14
18
115
25
14
22
67
23
28
24
44
24
6
30
6
33
20
69
102
68
64
14
103
48
139
16
10
1
2
110
9
20
18
28
8
30
14
18
78
6
92
32
15
121
126
29
160
5
23
122
29
19
21
20
87
55
6
73
44
222
74
89
38
1
22
23
51
23
18
81
55
15
40
55
35
44
57
23
53
42
64
14
45
18
5
54
154
58
42
44
14
94
41
99
46
12
65
45
102
18
41
25
104
1
85
46
17
40
186
18
20
21
50
49
11
50
7
7
93
75
21
20
27
27
32
37
296
30
86
28
63
12
8
12
2
25
26
174
29
14
47
66
1
2
246
60
4
63
139
8
39
70
21
49
40
59
106
21
109
135
27
68
75
91
6
90
80
127
193
58
59
70
11
24
15
184
66
27
32
54
109
37
25
10
43
143
54
41
13
23
28
3
85
72
48
60
17
36
126
57
91
54
48
70
20
13
43
129
98
51
10
248
39
84
6
32
43
181
238
41
50
15
60
20
12
37
207
15
3
21
12
8
68
52
66
139
10
151
92
4
58
88
201
56
86
26
20
6
48
32
73
12
76
16
69
70
100
56
93
10
134
3
237
63
8
39
11
6
102
6
96
44
68
13
13
24
28
34
23
56
81
44
25
39
31
113
32
22
26
4
6
26
33
81
24
12
288
21
16
1
24
20
84
11
129
126
112
72
138
21
56
37
137
4
251
25
60
4
29
117
41
52
50
109
15
90
23
83
30
23
9
107
54
68
62
12
30
21
154
71
9
55
13
129
16
77
15
149
78
180
17
16
84
56
62
132
64
97
6
37
38
41
61
121
2
17
93
29
27
51
34
60
24
1
14
36
79
2
4
67
42
25
48
80
38
62
62
9
149
7
24
120
333
122
151
43
15
146
83
152
12
30
12
82
75
16
43
111
3
11
11
37
17
72
52
1
2
18
172
11
1
4
92
9
26
5
14
28
86
24
61
103
79
5
60
13
5
25
53
405
158
23
36
3
43
26
18
82
8
52
11
19
106
20
6
64
9
45
149
39
17
27
122
16
66
285
111
63
20
40
54
86
36
7
92
165
66
39
166
16
3
51
224
49
79
36
91
18
25
26
56
54
21
27
46
2
76
162
18
47
42
138
9
144
13
259
20
15
26
14
107
11
36
86
81
40
251
22
58
21
118
101
127
12
6
17
115
3
56
44
35
59
35
16
98
18
7
59
88
27
29
110
8
25
154
5
242
1
50
29
176
1
11
188
13
39
128
15
224
29
37
131
15
2
85
43
208
19
2
59
125
1
32
27
2
67
10
39
173
52
131
9
13
27
44
89
38
37
3
15
109
67
37
39
9
45
104
15
93
113
149
33
65
312
2
31
14
173
31
13
3
159
7
114
44
53
29
122
25
77
8
9
7
23
46
103
28
9
9
18
118
33
109
51
69
28
7
48
36
25
107
146
225
38
125
77
83
32
5
256
36
15
48
31
112
62
23
25
78
29
128
44
38
73
5
207
1
467
1
4
16
107
67
20
5
35
44
66
280
14
29
31
67
8
31
120
72
36
19
41
89
21
52
102
115
221
273
14
61
28
21
8
7
53
26
60
142
2
112
19
1
1
41
7
38
61
46
62
41
8
176
47
131
4
205
111
143
48
320
42
6
53
101
72
94
167
20
11
81
11
16
22
71
27
126
58
9
87
37
102
76
95
8
111
20
85
74
97
12
18
16
3
19
14
30
9
15
18
67
16
13
9
131
253
12
83
44
94
81
18
74
23
13
30
29
60
21
110
2
29
4
81
203
352
45
71
198
29
2
90
116
18
134
18
62
104
5
75
69
187
29
25
6
61
3
35
11
24
38
51
83
103
73
4
23
33
75
2
2
30
21
109
58
44
112
9
10
75
35
73
1
59
61
69
11
53
73
55
80
30
42
26
79
86
10
124
13
54
4
42
198
64
19
17
220
36
76
282
6
15
391
288
49
37
18
8
15
13
99
42
26
49
65
71
152
21
174
26
32
173
205
103
9
36
16
23
20
23
108
30
92
21
1
39
35
19
10
11
47
86
67
27
56
46
194
4
10
118
8
101
12
22
44
18
23
3
60
114
35
84
7
43
107
2
32
76
46
87
6
93
19
41
13
100
5
20
38
189
81
77
59
52
183
20
2
22
33
5
84
24
120
46
90
56
92
74
13
50
7
39
18
79
15
169
398
3
44
39
142
11
33
7
51
29
13
34
46
32
175
117
10
55
26
12
35
35
39
3
11
111
27
35
22
82
116
37
157
30
42
103
24
22
9
56
216
159
66
19
24
17
58
44
19
79
18
117
17
41
186
138
6
181
127
110
47
123
22
181
22
136
13
1
97
41
35
40
31
32
7
96
5
36
99
82
4
28
1
134
10
55
10
86
71
95
59
30
48
58
29
91
9
10
5
19
20
4
45
68
4
57
36
51
103
129
29
88
2
56
53
169
30
13
152
52
162
29
37
144
45
110
27
46
21
51
111
25
150
60
86
15
93
41
37
27
8
31
39
31
42
58
19
81
12
22
20
37
51
56
21
91
7
12
56
24
67
17
4
148
56
1
12
10
53
20
24
37
11
18
130
3
45
21
10
89
5
1
32
201
99
6
3
68
77
52
30
26
136
11
19
117
25
20
51
30
26
7
58
135
34
40
18
8
34
61
146
107
62
31
54
63
59
92
38
35
73
87
7
36
163
130
5
21
21
206
148
107
93
65
22
9
144
21
91
33
23
2
85
102
86
3
19
6
68
111
55
27
20
180
92
39
18
39
48
30
34
21
20
16
5
126
58
10
103
41
238
8
142
34
7
24
18
96
20
33
12
148
28
1
2
91
23
35
26
41
60
27
76
4
55
21
8
11
36
22
289
18
13
10
17
89
13
76
34
11
143
140
7
162
28
28
18
64
99
82
2
20
36
49
193
112
198
102
16
330
166
105
36
206
35
34
39
122
16
93
21
54
8
209
49
16
18
52
17
48
116
208
32
86
1
59
145
105
208
2
22
54
13
54
33
14
26
136
23
19
27
92
23
152
4
5
1
83
66
78
143
166
206
96
68
69
50
117
71
99
2
35
11
127
350
54
4
212
24
40
28
40
105
34
77
30
38
2
21
11
15
4
41
124
87
82
116
19
25
60
32
78
69
11
26
27
19
58
167
76
50
28
16
24
10
48
18
30
10
84
94
3
109
37
45
46
30
7
1
25
28
198
53
102
49
20
148
22
293
61
144
57
22
66
116
18
143
13
127
62
55
21
13
116
54
69
64
13
96
37
84
22
24
46
8
4
31
21
12
66
64
7
46
102
45
47
21
39
8
68
22
67
2
119
98
37
20
22
39
37
6
137
18
50
23
38
8
87
83
34
43
96
151
14
119
32
22
74
223
54
73
75
115
148
21
10
42
62
19
38
11
49
39
24
27
38
65
122
88
9
161
3
95
79
61
45
26
31
32
97
101
31
139
16
91
78
9
52
31
54
21
34
98
30
8
129
32
31
3
2
214
11
50
12
246
29
56
38
42
4
9
58
102
10
304
19
18
2
11
73
190
69
80
54
30
47
12
51
2
56
38
31
26
14
169
87
41
2
63
22
17
14
60
176
5
153
187
1
31
105
8
7
5
62
78
65
9
54
95
13
53
42
60
23
48
33
91
86
16
53
101
42
17
74
64
33
3
49
11
196
60
33
8
61
95
192
27
15
65
221
49
62
74
23
4
24
28
22
83
55
48
19
43
13
10
41
14
60
98
187
22
1
21
19
153
4
28
67
42
145
8
311
64
7
1
79
2
2
51
13
131
58
5
278
9
67
28
69
17
56
8
9
30
15
130
51
74
34
136
9
86
91
3
6
1
330
31
50
140
11
120
1
63
120
7
99
59
12
86
19
19
100
3
218
19
45
55
56
111
293
187
66
21
36
58
33
29
138
199
1
15
110
46
86
10
144
62
36
9
74
54
391
54
11
19
47
24
83
55
32
107
93
49
12
94
45
72
100
1
127
6
55
45
188
108
52
8
220
139
6
4
41
104
86
32
178
32
34
8
10
83
7
73
24
9
91
9
75
15
64
40
8
23
23
2
11
44
91
1
31
198
57
15
60
5
95
9
19
42
20
59
137
4
29
31
19
25
3
147
14
7
79
1
14
77
12
61
95
169
86
97
17
197
1
56
50
38
9
301
4
59
39
34
81
48
38
8
72
88
62
12
123
263
23
2
6
11
45
334
140
55
59
40
6
28
92
3
30
150
9
45
12
42
3
10
81
8
52
221
152
7
19
152
67
49
4
35
22
9
1
20
1
10
351
30
61
54
47
24
114
7
43
45
105
26
26
27
101
42
14
8
7
15
58
32
47
165
4
39
27
4
48
33
86
80
4
23
50
41
8
3
20
30
42
40
118
26
2
49
43
42
155
88
68
20
55
40
63
19
19
262
127
87
92
3
92
20
45
31
42
74
78
9
61
53
69
218
27
40
44
19
36
19
52
62
11
1
246
82
35
35
61
18
9
7
57
32
107
116
209
140
75
13
237
29
26
75
23
5
47
34
231
3
15
7
113
1
49
19
62
112
111
21
43
7
66
11
169
9
111
55
87
32
43
4
61
23
95
104
59
88
89
1
140
112
1
21
34
11
3
54
91
112
169
106
16
41
8
78
14
18
37
86
40
32
100
31
5
18
33
42
56
47
2
50
55
15
8
48
171
62
124
53
26
21
38
24
124
27
45
1
49
66
4
114
41
22
125
263
106
121
91
34
79
16
4
117
48
2
66
38
13
71
20
175
30
1
126
2
41
92
117
103
166
109
72
125
20
27
18
12
53
93
36
11
36
10
98
38
47
57
53
29
60
41
5
28
58
20
13
35
7
35
52
18
23
107
15
139
132
12
2
1
120
40
23
42
30
31
13
15
3
54
69
72
202
40
13
6
36
43
52
106
27
74
329
30
40
126
52
8
35
30
2
9
44
76
36
6
86
22
35
13
23
64
23
5
99
53
109
73
53
47
6
72
40
36
37
214
145
37
45
31
2
73
37
3
71
56
106
163
172
71
18
7
99
6
147
97
5
28
23
228
25
50
63
113
79
31
92
84
12
59
96
84
29
33
27
13
43
47
161
2
3
26
36
23
17
46
68
60
4
7
42
16
83
4
20
21
16
26
9
22
33
145
38
37
5
114
41
46
99
77
17
86
66
45
7
81
103
17
178
12
97
119
3
20
25
71
35
15
48
58
23
46
99
6
62
111
16
24
53
33
13
66
31
63
91
8
84
5
55
53
109
41
2
33
18
201
54
9
48
21
43
9
28
47
125
29
22
109
151
244
15
9
9
50
45
147
66
133
41
19
4
12
4
47
57
62
24
19
3
28
207
110
8
3
6
23
75
63
19
23
2
127
6
20
8
171
21
119
25
25
14
19
166
24
9
15
8
1
9
52
15
32
55
91
25
24
6
46
4
48
70
76
12
115
21
28
75
19
94
15
5
102
75
31
99
110
3
47
77
32
233
15
41
38
15
24
2
50
146
81
12
143
149
46
57
12
23
9
10
1
9
90
48
67
103
6
69
91
34
17
68
32
12
1
16
40
62
153
39
67
14
18
6
74
74
29
126
135
10
21
151
33
31
11
15
35
130
19
83
6
26
152
8
20
32
33
17
66
56
79
15
14
91
28
45
31
35
48
27
6
57
81
12
7
41
168
29
92
85
73
84
33
9
167
112
1
10
28
24
105
130
36
47
241
29
97
3
244
56
25
268
15
32
30
51
64
104
21
105
255
61
29
67
25
18
28
117
71
30
73
7
25
58
100
167
94
252
18
17
17
214
69
37
5
30
127
48
163
152
68
215
167
120
15
91
2
86
187
12
56
78
27
11
56
44
114
29
21
129
5
36
3
3
2
5
51
10
55
30
32
16
20
16
20
108
65
56
3
54
64
37
74
44
18
23
15
28
144
91
59
15
93
78
25
3
37
83
73
65
44
80
13
18
89
11
104
84
2
86
91
49
136
95
70
4
180
2
55
22
9
145
109
124
84
6
64
27
97
30
87
5
159
194
77
88
107
75
16
138
84
106
43
24
80
36
117
32
41
36
54
36
32
39
1
132
67
86
36
29
27
49
20
152
19
92
59
3
96
65
200
102
17
132
53
52
29
18
154
90
2
110
189
39
170
31
96
89
57
25
66
56
43
119
9
10
4
9
1
8
5
80
130
1
7
11
55
8
70
14
7
91
22
59
79
20
64
11
49
26
220
15
30
16
19
184
1
44
17
30
101
28
10
181
110
15
15
26
40
29
167
38
96
34
48
3
6
3
5
150
9
99
6
113
42
18
24
8
13
73
163
106
23
26
5
122
37
14
2
20
100
11
56
204
40
1
113
22
10
16
23
19
140
57
9
17
33
17
7
42
127
14
31
20
59
57
6
4
45
83
5
19
23
3
15
63
34
91
6
46
39
30
18
33
7
187
98
42
168
24
72
25
1
23
2
23
14
36
42
93
12
23
91
309
34
17
4
22
213
65
47
63
176
83
4
28
160
18
37
14
36
61
41
266
40
39
98
34
48
24
39
70
104
95
3
35
37
70
12
7
3
33
91
4
46
54
32
13
22
49
35
45
17
179
34
41
4
69
10
59
101
52
27
40
47
94
19
24
1
17
53
6
78
167
24
19
25
89
64
270
63
16
197
20
22
1
51
76
27
2
42
4
2
34
16
21
95
64
101
8
15
145
15
62
122
11
15
29
4
30
6
80
163
124
52
10
23
25
92
69
23
34
120
29
138
70
26
62
2
48
138
45
9
48
17
9
76
27
53
103
30
12
89
8
46
52
14
7
105
31
39
37
51
47
22
39
1
20
1
16
154
174
18
32
125
201
14
115
23
22
4
85
26
26
21
5
20
41
12
16
18
178
18
23
37
148
58
37
12
14
27
125
44
115
52
247
25
33
8
42
92
85
44
2
1
7
16
139
80
68
128
13
116
78
146
89
91
25
85
367
28
166
79
16
1
3
7
2
21
69
41
37
91
30
54
131
74
31
13
137
5
145
81
17
123
24
5
31
13
120
40
70
13
24
57
27
7
39
101
169
33
58
15
3
9
1
31
7
23
43
33
10
30
13
155
71
60
38
3
22
90
14
309
61
6
196
16
18
43
70
6
104
20
22
5
57
20
11
9
1
3
18
28
64
25
25
1
41
24
4
4
35
20
104
88
94
82
11
103
59
74
54
32
114
17
58
87
34
87
111
11
58
47
23
108
97
80
63
43
19
23
103
107
47
49
68
14
26
12
13
2
11
51
110
9
57
76
99
53
14
88
8
121
6
92
75
29
104
9
5
10
41
152
20
72
13
76
52
21
146
28
66
31
92
157
19
23
17
85
61
57
27
19
22
59
23
333
66
30
47
16
38
157
52
84
86
1
58
76
98
51
173
51
17
11
47
31
90
76
44
42
28
108
251
35
99
26
27
14
50
27
30
264
14
15
63
49
73
4
81
51
59
40
32
47
108
41
12
110
35
32
80
102
299
12
14
36
64
6
57
248
123
33
6
51
34
69
76
14
1
76
13
86
86
22
322
39
54
2
61
64
57
119
16
3
25
157
49
226
125
36
200
129
3
190
8
13
17
81
4
2
54
13
111
44
22
8
95
59
11
4
63
25
6
84
15
96
6
85
66
12
27
123
66
71
131
36
45
6
11
22
3
16
7
29
95
7
31
69
71
34
28
321
109
24
61
148
44
1
35
66
57
120
38
46
96
3
149
178
35
2
31
37
85
8
47
20
170
8
34
38
43
30
109
3
24
27
16
36
13
34
108
30
9
59
82
149
28
55
54
30
1
34
48
37
61
4
141
113
58
8
18
134
21
1
1
96
40
1
1
11
65
26
138
50
12
2
9
6
55
66
32
5
330
11
52
7
11
21
6
55
123
2
51
36
196
233
91
159
106
24
43
114
24
81
113
94
7
2
99
51
33
44
25
18
37
107
65
32
45
30
8
295
109
125
8
76
17
43
78
41
31
7
56
21
22
2
35
35
55
52
4
3
160
22
3
2
52
84
3
63
68
42
41
41
10
12
76
98
64
102
172
49
16
416
102
77
51
27
12
7
81
101
35
15
50
89
110
15
83
4
64
44
36
50
4
147
48
2
3
84
6
32
54
28
50
83
30
112
14
7
24
34
21
55
49
42
51
17
89
59
8
57
32
39
42
159
124
51
74
26
49
72
7
104
34
37
12
43
50
8
41
9
39
40
114
8
43
41
75
54
248
187
87
60
137
35
6
105
153
50
118
28
8
161
108
56
64
133
57
19
85
97
41
8
91
70
8
29
6
300
81
10
5
2
20
30
8
52
60
71
135
1
23
57
14
94
27
183
43
38
62
107
98
5
67
83
30
47
32
3
65
26
90
178
17
51
9
96
62
36
2
44
227
1
74
145
68
160
82
79
81
100
14
41
236
57
95
32
29
18
17
8
119
10
42
44
24
126
49
58
36
108
178
51
2
48
2
72
32
10
29
102
9
17
100
20
94
45
28
35
28
11
66
18
14
17
154
11
1
64
25
160
2
22
80
44
100
34
70
39
14
89
291
6
2
64
36
36
17
96
2
64
47
41
74
2
4
156
35
38
60
37
2
73
89
87
214
27
14
39
16
1
55
120
16
188
43
86
15
15
9
34
206
4
6
58
195
12
15
104
22
9
194
299
40
124
151
48
71
18
18
17
43
37
5
2
96
33
24
11
70
28
95
3
53
18
44
22
67
28
16
37
1
7
30
108
90
19
65
152
36
13
18
12
163
105
13
9
19
74
30
29
126
4
118
55
156
8
31
40
38
35
199
9
81
1
