229
79
12
570
313
74
103
87
21
52
58
256
194
275
36
698
169
470
17
168
167
243
159
134
851
878
69
7
188
319
1
824
23
219
75
55
127
465
35
184
125
310
272
117
129
520
337
292
183
133
305
386
796
175
5
87
190
74
155
118
158
63
98
46
182
104
355
128
39
77
155
413
25
71
147
21
392
181
164
202
245
144
99
11
642
362
93
341
93
329
6
108
82
206
82
725
176
253
67
129
48
149
342
68
99
54
168
14
105
347
171
105
319
64
7
30
771
109
338
55
172
55
4
176
335
523
24
251
239
106
178
49
81
172
52
154
179
56
724
13
383
252
54
119
175
335
51
92
428
137
72
52
448
2
66
21
421
29
64
5
391
50
216
79
14
94
1191
497
321
190
319
328
308
317
811
33
130
545
12
71
111
525
138
912
142
124
85
43
383
182
380
55
4
92
285
123
88
24
22
214
89
138
267
327
243
60
208
610
466
166
299
114
523
445
337
455
388
799
258
28
363
155
56
229
27
168
583
367
345
174
149
250
90
112
15
241
64
414
37
11
672
55
41
192
185
161
194
368
102
123
25
240
136
17
150
13
326
81
4
4
16
157
659
281
190
140
97
9
469
16
28
924
148
13
658
148
25
36
90
216
30
622
152
21
258
93
79
199
83
22
278
108
435
237
38
341
569
480
19
55
132
30
462
49
337
95
591
602
296
43
362
1116
234
731
82
101
186
3
870
58
170
239
176
498
31
25
590
256
230
488
145
20
380
1899
106
30
325
210
174
209
251
178
392
311
71
37
88
138
149
180
36
581
60
199
362
48
76
368
33
211
216
463
151
85
76
525
57
62
35
7
49
141
161
385
69
427
17
237
11
22
239
238
689
47
300
116
131
170
274
150
369
105
450
1097
33
71
128
290
243
401
267
414
15
132
16
151
221
17
127
248
123
190
227
64
177
199
264
203
58
47
5
1614
344
463
86
388
93
191
75
158
144
106
289
431
20
57
10
310
504
360
22
94
127
306
57
74
406
81
33
62
420
126
449
288
298
103
554
456
488
158
446
24
8
21
582
44
202
21
226
3
201
335
185
37
132
135
93
18
353
371
21
13
95
234
906
27
551
342
80
488
167
144
30
374
412
265
155
143
109
43
209
241
462
26
130
579
362
44
258
398
35
322
113
92
29
355
51
7
283
80
69
308
271
406
206
21
150
58
165
113
14
130
159
125
342
299
3
349
327
634
239
215
282
153
496
92
851
129
540
13
190
440
130
223
198
220
142
125
25
225
105
149
28
104
91
88
308
46
341
65
56
614
78
152
275
6
359
154
306
57
780
472
71
886
504
83
148
18
791
95
39
66
510
296
136
115
325
23
39
248
229
372
580
296
244
340
560
157
285
120
275
291
453
100
107
32
5
45
216
4
393
9
626
55
228
218
802
41
622
413
206
269
480
219
185
146
43
165
29
98
44
477
288
50
136
16
14
128
449
272
13
247
440
171
531
134
142
176
505
332
5
142
234
187
479
85
179
32
104
337
363
113
145
211
38
46
406
54
160
506
216
860
112
281
37
13
11
17
75
332
601
368
120
694
1322
154
1152
119
540
312
286
9
243
270
257
534
52
208
336
193
247
558
133
415
33
168
103
178
106
72
280
99
95
304
256
79
349
313
42
597
576
12
1105
413
574
222
345
118
310
291
55
63
428
293
62
70
180
145
264
310
225
362
103
282
461
114
362
144
221
941
526
139
27
318
83
233
446
34
19
32
68
545
417
217
460
7
707
429
356
30
50
123
201
506
6
100
464
38
23
150
31
136
73
89
304
72
727
173
86
89
631
4
156
258
81
430
224
191
162
373
242
33
48
51
72
31
127
3
320
231
283
112
106
965
1
164
21
104
529
255
169
24
488
275
133
745
244
23
103
244
178
4
383
469
84
49
325
13
338
417
139
92
125
46
41
192
1
196
50
26
112
194
349
368
364
745
201
20
5
398
232
189
59
24
312
31
76
172
369
44
584
120
432
113
86
7
173
144
233
25
167
157
86
11
93
896
246
95
58
85
25
1142
733
54
202
137
127
104
574
429
193
576
278
79
340
1219
466
191
79
123
252
321
114
686
676
204
179
146
127
263
44
220
198
429
9
261
112
243
731
316
5
93
36
13
232
259
40
89
336
306
35
177
34
301
18
286
220
342
203
463
297
125
193
104
147
92
165
25
79
268
453
30
169
139
8
31
45
157
522
29
85
100
10
226
887
141
109
229
175
90
181
51
401
93
269
153
58
514
100
189
44
92
137
617
1920
576
908
408
117
669
292
411
1008
550
356
100
228
87
146
314
330
157
126
36
357
742
473
317
51
101
69
196
535
309
116
295
19
288
998
350
128
290
184
159
273
20
498
119
123
450
35
176
56
334
304
501
52
215
67
161
158
283
123
90
72
296
284
184
175
5
175
153
484
90
547
325
231
477
992
288
174
145
495
28
58
274
334
25
1125
275
14
388
126
143
39
882
390
25
57
641
253
55
284
170
118
416
71
192
102
244
367
180
92
195
415
4
220
698
619
1111
256
430
60
76
230
198
256
276
431
446
45
56
244
41
29
653
95
137
388
183
121
110
61
343
364
368
527
94
42
244
13
73
161
254
853
58
284
722
204
39
57
334
92
104
407
21
271
225
217
156
18
357
43
73
10
742
268
265
75
189
59
69
191
143
211
126
276
130
453
530
51
529
194
297
117
48
93
1106
289
369
47
35
25
27
4
530
41
9
161
226
262
56
232
68
161
53
730
172
336
397
76
117
887
36
523
329
452
130
602
499
1286
585
155
146
111
37
83
73
40
50
162
1
175
129
81
232
40
479
16
119
279
92
220
118
659
402
24
243
96
52
131
63
33
122
314
293
348
6
59
170
134
269
114
563
406
234
4
198
34
108
147
68
47
37
240
622
456
432
161
478
199
235
287
77
298
1
71
339
69
3
199
73
247
105
114
299
81
12
207
617
67
34
817
89
478
49
203
566
62
34
84
215
191
5
100
174
376
256
186
108
220
333
310
572
30
1190
765
200
64
800
64
634
274
92
31
94
328
530
234
130
553
44
250
351
32
121
215
148
538
131
47
167
101
15
446
452
8
28
242
16
287
237
105
468
1742
296
123
610
300
317
123
601
456
33
124
752
561
2607
106
147
39
538
88
300
311
268
78
188
71
274
159
29
248
7
9
818
217
145
19
378
81
248
366
478
449
85
10
91
72
181
1485
16
378
106
329
52
207
392
116
22
605
9
82
13
263
142
381
88
186
7
196
115
309
346
314
472
36
76
63
62
449
151
90
74
192
4
107
96
262
55
143
204
45
130
693
28
1158
559
129
294
24
2
304
390
566
17
107
154
163
346
764
126
237
202
260
955
369
250
149
594
266
287
620
218
36
326
37
94
9
87
455
313
426
93
21
603
1459
113
511
310
17
414
60
372
39
234
568
478
599
1173
68
1
345
373
671
323
216
127
89
225
77
126
4
377
31
950
33
25
631
89
81
297
30
443
447
77
10
386
180
147
80
209
119
37
30
195
209
6
227
94
145
27
463
242
267
259
223
233
94
195
30
14
26
803
181
18
55
49
1
468
152
578
157
75
388
108
275
407
446
270
1
92
27
63
159
103
203
909
57
360
38
36
90
19
125
120
246
649
74
551
684
90
56
130
59
350
181
18
373
99
669
127
98
233
345
163
330
361
165
37
221
39
247
77
337
119
1
313
265
103
363
9
529
104
507
392
138
45
116
30
251
51
319
13
57
416
218
6
578
687
98
512
398
65
17
200
67
524
355
28
92
178
569
298
2037
519
619
357
114
182
670
164
191
146
809
443
106
27
206
87
394
143
709
728
285
68
720
242
32
59
2
86
189
444
161
944
277
484
379
58
620
226
191
90
163
456
495
237
40
129
29
240
3
232
84
50
487
17
103
476
139
53
292
168
113
514
558
380
122
461
130
471
294
12
244
212
31
7
430
141
241
279
32
22
194
491
95
92
155
207
226
123
585
125
121
116
196
244
151
24
24
370
331
291
144
584
307
252
107
286
9
176
351
59
3
942
62
136
435
104
621
89
8
378
29
1162
168
23
56
409
298
372
92
155
403
1950
475
285
16
143
277
109
100
13
165
488
194
113
190
58
151
14
55
144
47
37
158
79
149
407
16
477
366
42
408
313
24
42
285
210
549
55
104
1187
199
1147
167
2
171
120
127
289
25
216
87
41
247
420
97
385
383
303
551
296
555
76
417
228
29
5
9
70
4
132
33
847
93
77
482
712
331
370
55
161
135
728
471
175
133
53
119
75
497
27
316
139
280
219
451
794
6
6
286
285
505
69
215
231
12
463
292
278
11
313
472
253
96
326
101
151
1
422
107
37
86
191
32
317
246
22
133
382
93
45
404
249
137
98
1342
1276
8
456
379
85
159
241
139
287
266
90
484
175
76
516
68
65
43
276
25
84
410
133
227
97
181
160
137
11
230
596
167
593
194
444
13
781
126
165
103
200
39
150
192
180
121
424
175
97
581
44
18
169
173
169
138
705
149
33
401
499
346
172
191
484
208
361
69
275
332
120
21
637
354
302
81
113
342
215
91
228
180
549
66
34
213
791
8
224
144
391
107
434
204
394
124
226
100
51
460
706
70
166
37
5
309
436
81
244
858
98
28
233
67
100
139
431
328
78
44
8
119
42
26
128
578
287
11
154
134
23
151
10
33
482
168
174
212
11
77
345
218
20
284
91
1
501
1331
250
96
121
693
389
178
201
621
273
882
67
86
13
126
123
763
4016
190
55
10
182
42
449
108
138
200
135
156
465
424
774
60
214
1200
601
269
154
131
474
844
39
49
48
15
75
337
69
60
72
24
82
307
530
258
256
232
159
680
300
100
264
181
99
82
169
477
105
5
25
236
18
150
272
452
259
211
20
414
691
45
35
246
57
82
122
106
256
334
32
123
83
17
722
115
16
114
104
276
270
210
326
1457
365
446
379
384
246
7
11
10
122
124
534
312
414
189
500
119
12
109
116
50
96
306
218
101
32
69
169
78
174
120
436
27
60
314
110
47
20
20
303
133
33
138
16
851
85
442
156
149
444
35
453
126
108
408
381
71
58
525
229
28
70
63
136
184
118
144
216
572
165
345
239
10
6
39
406
84
76
133
108
121
1340
563
2
35
564
182
333
143
321
209
103
203
262
506
18
20
562
1037
108
27
513
261
167
84
293
451
238
17
75
95
667
250
199
302
13
1
119
378
50
119
106
416
107
199
99
267
319
608
393
320
149
16
462
96
359
449
24
53
722
907
120
356
484
607
24
332
54
132
51
247
150
210
20
38
100
131
163
138
362
12
66
615
196
133
54
1322
286
267
350
44
108
40
477
360
663
448
393
845
107
142
219
65
377
852
47
115
26
430
226
516
416
30
553
68
433
124
303
691
827
154
87
492
161
167
32
222
884
269
237
187
386
897
693
152
239
77
570
69
90
494
10
12
239
202
106
238
249
43
127
209
92
131
111
71
277
448
189
305
1107
281
100
855
700
56
5
128
601
263
151
342
251
185
172
128
95
413
50
525
724
746
521
4
25
240
8
248
530
847
115
48
22
277
45
114
45
61
87
69
171
6
324
393
368
7
180
376
203
61
213
100
46
328
50
969
423
162
105
91
451
54
1180
171
15
323
353
465
185
32
72
341
41
406
193
16
178
15
316
24
193
98
60
13
103
103
179
745
234
26
490
91
290
67
121
351
350
265
97
12
22
391
66
185
77
147
516
195
433
152
256
215
81
242
444
285
262
129
390
230
494
344
75
62
468
1186
422
157
56
192
214
311
92
112
751
161
122
427
168
6
705
78
97
269
17
358
95
747
18
338
2
414
238
7
15
125
191
407
253
126
37
347
271
155
536
517
97
2
151
56
184
191
67
570
173
126
109
14
146
96
450
1
387
22
54
5
648
439
227
129
225
304
62
94
225
93
285
226
322
4
63
117
168
24
446
242
158
18
4
10
1979
158
221
349
554
122
221
375
172
620
177
20
570
177
499
68
7
286
1883
9
8
56
217
54
22
100
224
304
37
69
69
533
577
76
60
1014
469
405
322
16
499
8
14
92
101
197
155
60
103
145
112
232
232
6
43
260
685
1658
24
74
35
75
220
158
1091
167
1164
622
4
119
66
161
238
636
421
148
253
13
282
280
314
185
7
320
229
231
157
240
269
103
174
80
664
57
145
166
102
342
154
211
251
99
114
72
433
135
177
88
126
358
4
123
231
932
85
85
184
1
394
47
332
54
215
101
848
287
405
14
240
75
329
67
59
483
857
181
149
54
17
1
383
15
483
25
53
112
204
349
28
257
349
337
273
90
70
99
717
126
21
104
313
12
15
704
50
198
41
10
130
22
53
29
623
344
670
163
30
333
39
130
161
174
158
101
56
17
54
141
110
70
88
322
98
384
55
524
202
65
121
130
831
1176
31
101
42
248
466
18
353
36
164
222
207
254
935
13
365
61
282
370
172
223
269
121
220
4
585
323
216
45
376
97
68
121
10
142
15
229
246
308
639
19
279
293
62
313
299
256
165
81
606
398
110
351
375
67
136
217
460
434
33
262
204
27
702
87
88
123
292
216
140
374
286
39
101
180
270
791
12
11
120
499
123
162
98
392
28
911
60
99
21
87
517
140
607
194
7
39
106
566
57
294
139
131
226
71
399
7
6
170
40
304
958
17
271
881
110
564
118
233
659
203
120
334
228
80
190
35
178
25
2
590
274
315
205
156
846
650
160
498
104
244
717
183
566
168
166
106
96
16
133
241
74
420
206
128
51
83
26
246
28
102
74
187
317
188
81
476
93
311
263
905
14
2
655
534
231
41
472
31
3
534
175
317
12
379
244
34
41
100
90
280
32
192
256
72
240
1
18
323
490
65
227
288
165
12
3
509
418
1002
589
103
127
212
829
15
13
14
142
67
461
242
116
462
545
14
92
40
2
126
162
389
89
251
44
195
328
380
432
313
574
259
73
302
75
104
159
34
22
178
138
125
192
20
24
68
488
29
340
318
35
10
53
21
1972
320
190
619
264
120
53
923
102
59
370
207
176
171
62
179
172
372
5
56
340
56
131
12
115
19
888
313
218
89
28
455
81
299
280
1325
150
741
232
144
102
99
30
425
164
62
30
587
26
74
287
138
128
415
20
51
33
200
60
12
1019
312
186
206
209
69
13
130
129
110
467
270
238
65
346
116
125
201
411
224
40
133
559
147
409
26
115
3
144
718
231
430
675
132
363
154
155
120
4
753
464
817
156
150
148
17
49
348
277
76
972
52
632
251
164
724
197
713
837
628
50
172
29
173
143
136
648
88
248
9
257
561
290
40
40
46
259
46
24
101
4
321
103
120
32
309
322
453
263
295
22
98
167
5
126
116
6
690
329
30
833
234
80
225
313
233
52
285
475
101
263
76
260
17
181
254
761
43
267
725
91
89
116
8
490
394
228
65
14
78
759
26
56
4
190
423
162
99
47
228
90
42
571
130
218
266
140
93
204
131
17
436
20
431
26
699
151
435
12
34
249
54
17
376
34
47
286
77
633
343
549
5
12
308
232
259
77
199
200
690
396
45
5
151
223
130
14
322
568
125
7
142
318
217
9
9
53
125
226
117
172
19
1
480
373
145
365
26
16
332
367
76
103
22
204
255
759
124
96
737
96
107
790
100
247
209
264
125
8
385
38
290
266
734
55
372
146
333
71
41
335
208
200
12
85
143
2
25
15
140
112
69
16
263
250
63
269
179
88
226
134
461
62
554
151
122
7
81
41
257
88
251
358
89
13
172
361
22
454
31
17
139
78
921
108
775
122
63
157
757
51
853
153
10
799
1
154
41
465
119
190
285
614
496
183
68
8
455
174
26
92
59
103
25
263
407
128
143
486
68
10
281
452
226
196
163
33
383
66
284
56
29
144
98
217
21
37
203
334
39
82
135
107
164
539
24
146
68
371
317
456
171
206
40
110
572
192
12
363
205
164
1380
531
592
270
313
563
88
230
28
549
4
527
249
279
509
355
271
76
261
243
124
224
45
485
102
96
26
135
284
235
175
575
17
332
520
389
53
120
1
17
221
243
322
41
59
336
557
24
12
291
51
117
527
96
41
313
336
59
110
31
141
41
318
269
196
939
331
17
17
277
27
176
60
121
46
294
274
19
626
407
267
142
149
514
228
14
59
540
207
75
177
37
129
167
62
1187
19
34
184
57
176
1020
159
69
74
370
250
232
47
161
393
519
94
443
69
43
3
4
705
222
301
210
10
224
578
477
176
56
615
194
295
191
14
6
171
407
123
6
58
96
33
210
175
60
138
20
13
98
187
236
96
68
330
146
30
249
61
47
317
641
95
253
415
428
110
437
47
159
118
76
373
508
9
257
253
224
201
214
24
13
127
178
102
14
284
95
343
7
371
204
284
81
155
129
234
2
1455
142
253
9
7
338
192
52
113
26
78
297
331
106
9
140
326
187
91
42
62
136
162
61
1684
545
12
173
629
171
94
155
154
556
78
428
290
20
261
36
225
130
329
130
272
7
85
353
600
224
57
15
13
327
256
7
196
35
141
67
388
30
242
123
276
128
104
286
463
400
71
408
396
304
297
269
403
404
100
13
643
255
564
226
484
251
96
203
76
42
156
595
23
675
207
63
96
142
164
191
179
115
260
51
43
285
5
51
51
336
75
44
128
241
117
55
505
27
53
110
109
537
81
152
1293
402
95
182
93
193
205
397
12
157
495
622
166
72
125
51
251
92
1329
200
156
178
184
301
84
2350
636
367
3751
221
338
233
270
239
337
351
68
597
109
90
15
24
97
31
234
148
39
166
70
332
215
35
698
50
550
45
725
92
66
157
241
176
268
48
625
295
127
200
1172
505
1079
42
579
115
522
600
112
383
346
461
35
149
514
256
217
232
233
110
32
77
356
86
371
245
129
170
43
142
3
95
200
321
29
662
107
75
75
155
24
260
502
207
253
73
59
406
379
285
115
291
121
225
107
174
75
132
18
462
340
81
428
53
421
47
137
73
278
38
155
198
12
664
230
692
532
170
331
317
167
161
440
518
35
95
262
95
8
258
168
465
125
221
25
56
224
113
158
228
231
4
371
9
84
46
161
95
104
238
382
445
199
18
14
93
16
166
645
190
100
547
32
1237
274
59
14
167
193
230
402
460
124
89
805
27
29
67
124
133
456
212
48
63
62
880
99
311
69
116
1041
132
134
83
80
366
1
37
165
307
338
42
84
97
119
59
184
389
200
63
40
110
77
71
162
272
58
3
2399
25
386
159
197
334
135
562
114
206
342
287
85
182
149
13
65
99
343
60
487
132
66
96
104
249
292
110
258
497
62
47
202
65
5
174
145
35
583
215
238
80
718
12
244
78
119
390
33
18
79
264
100
242
43
445
378
95
477
58
751
122
86
552
1144
299
32
58
503
147
379
136
399
123
205
177
43
100
685
147
383
198
482
101
270
501
329
62
9
82
164
439
148
73
250
572
16
148
186
6
165
964
501
287
462
389
207
75
445
32
99
1
111
736
51
81
174
243
371
432
54
293
210
430
240
173
173
434
50
188
11
322
49
160
24
54
62
87
34
100
82
137
131
346
261
1
459
117
209
328
390
206
429
527
170
404
73
216
101
234
8
46
30
21
37
210
269
205
222
157
389
45
7
180
101
173
73
267
351
89
49
264
259
409
185
61
530
172
2027
7
429
1
1394
263
89
261
840
83
171
15
50
572
57
306
148
77
295
429
191
643
17
198
276
240
457
73
435
105
412
496
55
294
31
167
150
225
237
1611
171
290
71
135
167
422
174
119
549
453
201
99
69
563
150
166
84
173
101
447
129
184
392
30
568
405
477
91
1299
149
79
144
45
568
231
193
171
145
162
8
9
36
386
238
513
10
10
309
508
325
222
72
130
281
430
88
45
53
31
22
44
227
110
69
597
291
257
29
407
183
96
2
333
43
122
16
132
161
240
150
24
113
387
21
49
416
188
340
655
282
162
198
412
308
802
40
189
75
349
77
982
811
28
141
8
928
19
215
36
38
275
48
187
701
251
363
211
99
211
102
48
358
121
130
197
1514
27
170
124
97
333
121
315
211
385
148
383
116
219
177
476
65
135
1
196
72
66
26
105
683
5
174
448
138
44
11
160
669
471
189
147
875
1162
91
370
179
175
47
310
54
133
558
211
7
91
37
300
411
601
249
192
220
516
156
142
124
445
39
1248
207
572
50
198
183
425
512
1
172
44
51
334
314
62
48
59
562
160
299
234
2
223
19
25
150
53
14
138
61
1008
65
106
298
237
205
114
424
429
111
139
61
547
10
147
245
184
388
576
226
322
125
40
60
459
315
116
462
46
521
386
314
389
77
122
161
482
632
413
22
99
66
408
242
177
682
86
158
927
516
450
86
77
412
185
192
270
114
249
189
85
132
146
262
87
512
331
801
96
408
5
8
87
234
204
104
445
410
104
42
197
95
157
87
312
247
224
327
94
1012
32
15
488
86
7
104
70
37
115
179
131
235
966
128
181
223
446
154
37
238
109
27
347
163
551
199
146
140
66
130
30
33
131
70
297
142
304
84
274
298
313
37
2
29
102
99
16
170
1
160
50
72
236
26
677
1281
178
264
556
34
49
356
158
107
246
133
211
14
52
37
41
196
139
1088
389
115
8
469
20
4
57
419
298
583
494
327
182
299
179
276
192
108
20
15
351
1323
116
146
718
600
48
424
19
69
72
14
60
111
75
5
362
205
213
25
281
421
70
412
260
98
101
35
77
139
230
62
63
100
160
232
334
57
79
1656
196
361
82
60
340
43
27
336
48
17
290
11
166
41
33
265
492
147
421
116
55
108
2252
468
335
507
73
184
122
147
160
253
268
244
181
161
599
290
345
374
320
147
98
492
390
513
132
199
195
42
174
79
149
284
17
225
114
117
26
252
915
544
982
450
926
46
197
37
122
934
92
587
23
125
172
270
386
1006
58
345
578
387
1306
345
231
301
176
227
646
81
354
478
175
317
73
445
251
46
6
213
327
602
95
274
297
313
800
222
228
147
170
82
41
1
195
80
123
84
285
341
52
331
1548
310
139
204
92
40
254
401
567
45
34
475
153
2247
483
1443
10
102
243
73
638
105
56
202
319
110
169
47
18
52
184
3
1074
160
220
38
315
144
373
203
380
284
777
155
37
249
49
29
251
131
146
121
1063
207
1059
93
194
43
115
7
293
160
149
1047
77
335
803
173
474
76
8
147
21
241
351
730
346
493
31
95
3
27
218
110
220
175
124
91
141
104
60
176
80
171
86
78
436
105
122
49
100
696
233
692
64
1054
381
37
166
108
93
17
469
401
132
46
251
8
42
127
523
281
264
13
217
364
101
285
244
2234
1046
30
277
135
131
78
226
185
36
246
258
420
12
277
263
187
324
236
216
49
317
432
1479
722
102
401
101
104
74
405
112
266
189
138
91
139
272
126
138
12
393
4
60
456
716
339
476
188
545
132
16
160
285
18
224
69
580
90
59
24
793
95
74
391
51
527
213
489
59
699
30
283
157
227
997
432
827
163
723
239
100
122
210
1037
8
17
330
86
14
879
265
305
140
644
305
40
62
194
81
86
9
29
131
22
30
145
18
189
128
375
176
322
355
26
50
7
72
30
186
53
55
106
6
263
1452
464
393
318
145
234
370
114
215
327
7
79
367
334
27
375
29
17
451
93
661
27
120
325
121
745
202
482
199
72
19
59
304
151
521
59
138
31
142
118
376
242
149
42
17
101
248
148
23
50
1030
331
454
165
19
294
202
114
327
312
312
882
168
211
44
381
534
247
147
160
46
225
63
42
297
81
212
84
2
53
224
399
224
211
52
504
93
194
128
1054
223
361
37
533
179
1432
378
245
10
179
6
11
8
181
147
58
418
1047
41
116
450
78
32
505
396
284
353
173
2182
240
88
243
28
26
115
57
555
475
192
511
2
139
83
119
216
348
7
1107
140
194
78
127
334
159
40
150
77
364
405
268
257
300
76
266
42
195
30
530
163
129
152
342
297
316
155
36
1
103
246
95
673
115
705
64
93
160
660
323
66
50
87
271
279
1229
275
342
145
127
48
397
83
409
138
499
13
13
113
511
338
106
1
281
57
38
136
106
191
445
81
328
60
488
606
716
117
113
135
240
84
136
634
169
121
444
114
169
135
10
153
148
123
398
72
118
73
342
113
134
59
34
814
306
28
373
288
275
151
78
153
79
475
130
13
441
1061
514
397
127
30
259
373
121
164
377
122
52
73
24
149
243
857
834
65
145
695
421
76
190
267
14
324
380
26
92
50
97
187
825
244
97
65
501
77
391
9
157
321
606
67
61
17
9
212
102
63
347
213
539
12
76
78
333
429
1142
206
127
27
409
564
95
216
21
192
369
384
224
548
194
320
229
46
117
39
11
344
195
25
134
47
558
35
654
1
376
417
97
286
514
15
291
427
299
897
103
113
384
135
339
29
283
114
135
13
54
315
655
581
211
554
70
71
190
53
654
5
215
456
302
510
317
3
160
231
37
475
104
212
186
113
406
202
104
138
360
734
536
115
72
263
329
240
56
340
473
520
206
55
433
53
290
119
150
8
1225
452
88
401
878
24
408
195
126
7
69
196
177
147
159
686
12
489
293
354
146
258
1
227
136
38
16
170
2
717
201
452
175
821
280
47
135
24
347
111
40
662
359
57
109
120
212
248
65
228
204
910
150
104
354
58
360
78
1073
223
187
507
49
63
217
361
39
254
11
134
61
18
111
480
327
31
103
301
142
237
76
169
675
583
132
57
99
197
33
617
118
341
600
61
404
466
31
129
25
187
127
96
157
564
145
230
172
47
387
205
36
89
343
391
484
327
23
37
68
96
199
34
231
82
279
617
266
331
464
491
16
59
11
49
183
28
36
260
81
24
1
440
533
360
9
30
49
775
211
81
270
299
224
157
36
61
189
96
721
410
113
74
268
476
290
632
436
37
622
478
731
92
57
82
154
525
50
365
202
18
351
53
305
33
133
469
40
903
236
245
192
461
206
42
417
482
73
94
52
516
44
21
366
340
127
307
209
171
193
229
21
145
59
174
270
6
146
188
23
1133
338
76
444
59
128
372
520
29
16
64
96
530
216
19
88
382
621
48
106
35
323
41
70
124
12
77
177
475
429
264
38
53
656
722
36
580
446
72
147
275
551
413
82
49
151
41
229
90
10
200
26
194
495
13
510
458
154
70
177
40
174
140
198
811
109
357
106
165
680
1343
221
1303
150
156
339
162
5
21
499
187
186
146
250
353
1187
480
440
168
165
36
77
47
68
159
579
187
115
348
243
185
521
158
90
22
766
281
97
142
419
95
20
1583
264
182
26
234
46
7
510
696
172
490
299
232
363
24
159
662
544
28
185
256
117
475
19
114
80
3
345
469
328
77
142
175
392
189
26
157
25
346
2494
148
218
159
224
189
25
262
50
54
48
283
269
154
225
193
26
148
25
127
174
617
340
209
303
306
886
102
67
71
219
290
437
79
217
138
136
146
211
174
134
89
156
5
284
51
931
10
291
65
262
121
147
48
147
44
293
482
296
429
84
32
78
222
94
478
328
300
5
108
116
41
77
35
116
183
210
55
36
121
38
28
30
222
99
175
393
86
51
101
93
231
67
356
85
397
116
173
481
10
348
6
366
138
335
422
117
115
327
89
169
423
443
17
138
85
212
33
225
229
154
284
628
84
154
92
89
42
106
77
44
469
427
411
123
32
127
77
229
202
79
42
96
236
665
153
293
122
178
360
183
487
20
146
35
91
188
65
325
228
6
5
304
190
95
103
810
76
131
10
144
48
93
90
441
352
257
661
236
178
251
33
2193
83
855
514
192
4
334
609
61
187
158
106
299
214
211
43
361
191
360
1115
496
389
37
69
10
140
35
283
349
423
181
221
33
3
186
4
1284
265
140
140
33
105
157
137
477
169
751
613
321
231
72
244
5
4
56
28
16
394
1998
307
12
9
9
256
210
172
481
615
441
309
204
183
303
248
5
34
97
301
307
103
71
187
357
111
320
27
234
210
19
44
313
165
114
116
189
280
291
385
8
101
118
100
127
145
466
179
18
450
201
440
296
83
571
640
434
183
196
411
618
34
1
128
374
193
7
18
8
1
254
203
111
823
230
53
15
25
176
62
89
259
193
123
1421
107
17
249
408
763
82
84
1409
694
628
5
1397
471
69
735
18
47
836
465
259
293
355
174
213
6
339
62
438
191
4
347
233
21
10
44
194
3
324
234
356
211
525
422
134
136
46
28
14
1
107
92
575
74
1314
62
338
243
215
287
24
466
365
375
186
337
232
121
140
241
53
574
423
285
24
12
115
232
232
259
27
197
213
244
554
17
400
29
94
93
224
87
334
438
35
64
162
32
88
284
155
97
12
612
509
704
575
208
152
155
88
68
81
38
583
43
430
168
561
21
329
147
33
225
330
15
365
1518
95
38
38
9
130
123
387
53
416
181
427
250
242
476
154
230
419
13
39
542
132
355
219
99
167
152
529
21
153
281
289
2170
19
50
365
266
15
282
550
1
213
1194
377
77
594
1105
221
16
236
361
185
53
106
42
485
127
160
15
315
1162
680
213
215
179
112
80
53
181
397
161
41
239
406
80
328
50
420
464
44
233
48
1043
92
175
271
744
213
43
35
128
118
226
338
20
1
51
140
370
74
289
53
140
201
62
345
1081
237
278
140
175
146
323
231
577
55
57
17
297
368
315
143
438
948
52
785
183
553
232
9
197
233
235
99
43
83
21
202
783
46
114
394
183
340
138
32
50
257
391
160
141
35
133
226
102
63
156
446
355
23
55
9
300
369
6
167
173
602
318
100
44
108
370
74
104
321
49
346
22
668
426
2
9
881
86
59
359
3
158
102
235
110
146
74
439
311
131
26
253
15
35
328
8
39
199
11
567
27
321
37
252
172
221
366
2
294
340
123
14
110
100
309
163
197
414
254
175
1054
81
65
611
55
607
585
176
45
127
146
62
64
128
218
194
157
61
397
239
143
182
32
258
279
5
70
242
250
85
246
126
225
8
79
128
122
84
859
396
324
368
7
28
210
72
106
2
130
349
185
71
275
88
84
583
60
31
276
331
8
103
115
49
172
267
195
380
37
44
242
327
8
187
158
652
163
45
412
38
102
229
243
97
88
34
702
309
199
102
248
347
179
344
104
390
251
373
640
25
45
96
110
223
50
60
136
86
26
42
132
453
8
220
34
840
48
41
101
187
378
249
221
65
255
347
457
232
388
93
121
370
406
241
147
222
76
240
4
154
772
204
26
31
81
323
101
96
494
148
47
5
124
14
568
424
559
409
40
24
314
209
313
378
191
478
282
231
35
333
269
746
97
73
325
505
111
289
11
247
294
225
21
186
71
1525
119
172
167
613
115
181
187
35
3046
57
198
354
1038
12
458
37
10
195
348
181
98
65
40
276
66
79
180
11
379
35
169
136
229
758
106
102
49
25
345
85
88
157
106
680
142
372
10
820
222
25
92
53
113
30
135
116
158
137
71
104
187
31
16
251
243
115
79
61
303
268
95
34
228
84
234
565
367
110
23
9
98
306
281
298
335
895
49
212
57
965
57
297
223
44
158
28
345
7
148
203
23
4
230
77
379
184
437
149
325
317
415
17
353
473
211
1032
95
25
19
6
220
318
296
108
181
151
8
71
43
90
465
286
522
267
85
54
157
122
29
34
743
416
135
14
91
42
568
288
16
234
97
262
12
82
374
34
287
4
835
66
30
1087
38
274
423
134
8
376
260
1122
558
781
11
105
353
152
163
767
362
444
438
395
52
242
256
215
112
400
221
53
486
308
61
288
95
31
112
292
112
203
280
110
71
453
223
164
29
62
146
101
306
302
187
60
79
111
87
74
257
111
25
348
194
29
15
133
7
2
436
43
19
28
98
238
108
123
423
93
360
550
261
23
53
18
294
133
181
24
171
44
404
377
966
200
261
61
92
58
312
315
100
604
300
168
75
494
2
466
29
86
50
225
69
107
42
112
71
113
185
142
70
502
92
114
93
57
32
387
6
507
201
33
139
140
77
206
397
38
245
314
87
31
50
761
663
25
165
17
539
320
186
373
430
345
30
477
113
250
66
416
665
255
154
683
552
79
250
318
156
93
688
15
233
393
133
276
8
377
317
126
314
342
211
229
351
725
20
246
676
74
180
15
10
359
299
128
355
100
461
140
214
211
39
304
20
126
44
233
428
108
149
125
69
31
338
136
3
627
136
324
171
201
265
65
21
35
98
500
80
124
422
378
299
555
283
135
294
68
35
412
43
196
79
94
96
27
91
118
259
35
67
98
42
125
74
147
88
175
374
48
98
1244
193
435
213
3
16
456
208
104
198
297
121
416
921
15
185
51
6
92
40
320
145
32
141
101
455
191
153
34
82
2
180
249
145
29
278
63
22
713
64
204
65
234
78
279
298
63
910
268
190
373
71
87
463
323
55
181
109
326
434
176
27
211
326
64
105
73
178
160
356
104
108
115
601
551
102
405
444
631
130
201
98
202
173
116
152
215
345
720
115
71
22
230
201
194
45
225
103
149
496
18
435
89
247
193
150
90
579
1180
88
518
93
527
676
217
263
10
168
217
150
299
332
1054
227
324
33
383
426
19
399
173
8
76
247
86
61
124
59
380
228
216
76
406
83
407
334
54
113
24
39
246
35
286
258
446
96
55
683
203
507
132
243
50
85
302
153
895
267
889
95
11
31
400
40
179
463
269
10
99
38
96
1021
220
61
185
56
131
100
334
241
93
32
92
258
77
250
88
37
365
88
194
324
116
321
97
289
259
127
214
375
153
211
156
85
38
65
474
119
99
12
8
68
169
123
223
35
474
293
70
195
35
263
305
459
338
277
298
350
381
538
655
59
220
109
263
179
449
170
121
583
47
187
13
15
159
88
52
59
29
309
329
171
167
290
497
211
65
245
211
49
326
222
185
21
116
28
424
374
2
424
82
222
242
122
743
214
313
213
699
44
186
20
260
13
617
326
287
223
573
432
42
400
140
491
47
346
127
99
189
17
16
8
176
92
83
74
139
191
41
199
149
131
225
304
176
530
79
353
595
75
353
38
6
81
171
317
1054
141
58
197
173
521
29
193
604
61
1247
313
3
258
258
64
112
10
96
159
82
162
42
41
216
30
90
30
135
497
229
60
69
24
568
119
198
823
458
301
92
62
289
98
225
74
226
14
498
348
213
85
151
44
72
56
6
64
617
415
877
276
116
90
265
914
402
25
207
182
57
672
187
152
261
82
884
223
1041
296
301
1599
52
136
419
359
93
127
712
104
115
189
161
28
403
731
100
60
72
133
283
451
99
192
16
21
294
1028
174
710
409
354
108
188
214
218
38
658
948
217
250
23
206
728
383
51
234
268
205
217
38
195
188
254
201
500
141
7
303
51
238
252
91
343
74
96
28
80
179
14
101
61
72
318
200
223
212
179
188
151
231
259
247
63
174
632
304
295
467
95
96
333
77
5
644
48
8
191
611
323
28
96
70
332
45
140
557
146
49
92
224
102
60
298
91
28
410
141
30
819
31
41
344
66
909
553
815
112
310
72
5
479
69
44
125
472
383
437
273
319
957
79
269
205
178
295
304
314
136
87
94
126
45
540
664
12
43
148
86
32
85
58
236
243
5
105
276
142
26
505
196
214
343
334
333
263
51
114
109
197
282
176
77
291
135
202
37
16
551
295
245
6
90
18
156
784
228
374
53
12
161
195
167
348
32
1
62
344
209
256
77
602
373
108
1602
172
322
30
49
361
47
259
480
63
571
530
179
82
5
309
210
736
274
173
213
15
24
218
67
142
425
340
12
249
100
19
125
192
6
41
252
142
763
95
1
171
280
550
307
185
12
235
328
199
631
102
39
963
176
388
629
521
158
611
54
60
23
343
326
555
181
42
187
783
82
74
18
1447
66
1
43
205
70
492
518
63
570
45
72
396
124
391
83
347
116
67
5
24
379
221
320
190
87
66
651
10
225
311
358
42
70
68
404
51
85
5
89
147
90
47
138
419
187
208
455
2
4
78
666
1
99
128
13
185
441
57
296
197
570
492
80
578
669
264
196
72
75
96
32
735
164
27
24
24
1007
367
416
265
20
175
164
24
334
3
91
52
59
461
243
40
41
21
29
680
47
456
72
168
53
84
117
17
145
156
145
33
90
429
58
814
496
494
192
129
520
416
80
9
273
275
837
109
13
126
33
248
432
61
6
700
592
137
390
1467
397
119
226
146
270
325
60
107
478
91
126
133
20
226
957
84
163
243
129
96
152
76
401
346
114
94
51
19
408
252
565
89
63
16
86
473
282
63
332
41
177
59
44
15
531
537
650
89
283
89
45
104
46
55
707
277
216
77
85
79
39
170
393
283
128
112
694
449
276
83
9
95
66
201
323
621
51
83
547
427
1623
451
950
277
96
554
209
318
393
301
262
215
3
359
120
218
222
85
501
509
366
215
126
410
72
98
208
800
277
240
31
119
146
66
220
116
35
230
67
210
376
25
58
68
305
139
995
392
76
131
237
398
95
157
123
342
60
130
304
11
267
36
144
523
249
93
262
32
69
294
184
116
1316
34
70
141
189
304
7
49
342
292
420
759
18
57
239
278
337
173
5
168
216
274
145
14
4
24
97
89
205
51
13
11
2
171
66
969
56
645
121
58
486
1810
267
497
295
462
592
291
63
362
181
105
99
263
209
16
17
197
19
83
237
344
279
121
468
107
53
17
211
56
238
64
1242
121
93
24
467
15
397
33
253
523
34
120
110
52
30
199
616
374
1
95
316
609
641
28
232
410
253
277
233
535
170
387
13
98
3483
369
26
139
161
302
420
123
94
224
157
193
12
302
53
32
187
420
304
28
39
274
593
184
205
88
535
263
1615
64
439
307
180
370
562
54
1028
901
61
280
122
737
271
265
500
376
77
226
77
223
188
236
1314
270
498
180
68
144
797
656
349
116
238
41
194
43
431
389
50
278
88
75
73
212
25
75
57
45
245
98
25
386
365
192
52
877
358
125
151
182
62
203
187
140
128
34
589
269
14
168
32
154
438
86
132
399
51
440
246
359
251
82
16
120
35
143
156
80
198
216
373
78
311
176
75
29
73
12
386
477
297
334
283
34
126
26
36
61
202
2
385
445
109
30
123
241
42
647
516
1240
482
2516
83
299
72
275
23
163
87
234
193
66
62
307
139
99
97
317
127
192
47
72
752
131
426
279
80
82
390
167
143
170
191
322
230
58
223
478
37
28
158
139
46
545
286
366
617
399
90
156
41
117
590
40
615
5
314
37
98
307
975
402
663
242
335
57
42
2
658
144
488
391
335
39
17
163
50
133
122
73
95
165
235
176
443
681
102
566
136
45
275
81
167
27
23
436
64
62
439
86
197
184
28
515
122
111
62
371
30
739
2
145
107
271
639
34
266
284
255
616
150
573
441
306
248
27
132
146
575
171
8
317
206
500
257
121
159
72
59
138
292
31
71
158
259
1056
18
243
133
267
860
720
307
81
262
4
202
161
424
442
85
134
119
325
627
77
6
93
243
42
215
222
69
386
335
46
208
462
581
96
9
171
289
19
320
97
495
381
52
345
341
152
146
259
125
123
432
278
1818
57
81
270
5
60
1431
8
496
222
187
520
95
12
991
54
196
126
107
31
211
22
99
68
759
181
373
215
34
14
112
248
34
114
298
169
312
224
615
261
27
44
256
317
58
169
136
44
621
97
427
256
384
497
136
142
172
1581
2035
538
174
4
720
354
158
171
261
173
229
266
349
421
326
190
827
39
364
1104
108
70
27
27
89
68
213
446
934
77
64
399
99
50
10
87
239
69
127
194
226
77
414
432
329
295
99
1789
94
231
294
376
196
994
88
25
74
172
457
83
898
310
115
581
70
22
239
69
389
44
694
116
818
8
31
116
432
209
137
669
1100
324
322
213
1
87
276
219
74
99
20
218
15
301
47
47
89
151
14
118
390
208
89
43
103
700
45
274
81
3
165
481
167
139
97
379
148
18
113
197
75
106
357
236
515
214
168
890
308
64
51
63
19
53
125
968
410
69
135
7
144
105
522
8
42
126
250
252
1
476
205
380
220
329
65
418
3
816
369
289
99
7
164
192
262
397
278
158
610
136
175
12
131
192
157
322
174
26
1003
60
312
413
86
153
47
175
730
710
309
325
193
187
337
38
74
26
71
2
42
104
184
488
133
575
163
131
109
271
635
17
318
560
58
337
469
176
420
64
138
86
248
59
271
279
225
412
348
61
289
228
200
303
361
129
144
9
414
316
304
29
831
110
157
248
163
8
72
469
440
258
168
232
65
228
165
229
271
1
263
130
23
211
99
121
726
155
216
265
102
14
658
374
30
108
553
316
191
12
54
351
344
279
62
237
443
616
153
326
370
164
113
120
40
175
448
136
687
434
97
41
758
1379
199
63
18
48
238
45
144
125
7
40
3
590
135
9
203
9
390
171
148
101
96
64
67
128
15
1213
644
50
491
1228
347
40
7
452
288
39
927
227
319
320
197
74
327
108
175
293
313
75
214
280
26
161
123
490
172
24
819
268
792
23
50
115
130
428
166
118
160
234
804
106
693
462
18
259
699
350
490
33
219
550
310
364
388
128
268
20
447
224
234
297
176
234
277
27
169
314
997
240
263
166
301
305
105
62
487
428
209
354
272
34
544
194
341
56
191
109
90
87
224
93
117
239
412
86
74
87
270
1068
376
322
262
127
38
328
36
169
6
961
223
40
5
11
151
1258
234
445
64
437
393
27
451
408
126
71
146
94
99
11
51
169
326
59
58
128
2
611
228
231
326
1223
10
112
550
556
49
333
177
59
593
16
637
197
287
3
214
491
22
109
230
258
247
85
80
32
9
156
186
525
39
46
120
8
424
249
157
192
486
726
1052
2419
145
356
46
46
22
74
552
548
211
105
686
570
50
52
491
33
20
344
183
848
4
128
56
61
304
115
66
1140
387
28
19
25
162
41
136
207
82
59
178
330
223
692
658
1
13
82
268
193
523
410
150
282
310
369
183
56
124
256
274
119
169
30
29
66
98
24
671
283
21
72
136
388
155
4
375
45
95
260
112
352
46
277
193
256
55
145
368
169
104
282
180
337
31
297
29
338
42
56
363
6
137
297
13
121
528
268
271
94
285
327
612
165
226
164
212
36
61
453
1156
505
339
65
171
57
3
94
49
249
142
372
384
5
296
122
135
245
7
143
156
49
297
40
585
2
159
396
290
254
1933
338
60
253
222
152
2
219
859
56
581
50
294
664
734
331
90
31
478
70
515
11
107
720
493
166
55
336
414
198
47
53
235
66
154
53
739
152
670
57
46
469
140
391
104
525
62
707
82
758
852
34
617
532
111
9
25
657
67
441
63
673
159
35
183
41
1170
403
265
127
208
156
158
26
95
194
482
26
7
414
122
142
143
17
251
298
35
680
72
3
145
109
266
556
29
58
229
228
34
13
104
179
73
72
460
83
149
384
213
150
204
199
1039
51
814
196
704
136
49
468
71
244
125
13
101
359
464
1627
104
18
286
499
40
95
62
270
36
54
46
30
465
100
57
30
164
555
734
543
10
69
164
73
240
287
188
221
24
210
394
158
108
410
150
19
23
286
486
116
54
17
53
99
63
273
270
54
275
85
286
475
32
83
68
465
537
347
36
713
424
67
46
274
107
2
422
100
76
132
175
283
15
146
23
102
166
109
493
32
359
16
96
69
286
33
62
371
2
207
72
66
2
252
73
534
370
2
160
666
43
20
77
923
278
128
259
187
82
13
113
59
46
219
282
34
544
234
121
25
89
63
296
114
52
17
446
628
233
149
276
681
47
410
241
113
263
174
168
91
472
15
33
59
766
231
17
51
62
195
70
37
31
89
301
386
440
60
216
225
18
369
197
313
15
139
46
269
430
355
541
14
202
31
327
60
20
482
754
105
92
97
776
294
14
79
210
142
362
112
387
42
1518
63
638
4
720
530
511
102
44
369
40
107
9
131
180
474
177
449
41
130
44
196
60
13
1074
195
217
145
344
96
256
168
99
798
81
81
419
289
107
206
156
115
89
1159
66
536
260
280
28
93
268
22
133
177
86
22
85
32
286
137
679
386
248
594
240
40
52
128
10
494
1378
436
235
53
221
217
346
310
26
8
644
166
261
435
364
47
378
360
35
132
62
376
401
84
26
82
507
567
167
123
340
1662
155
39
278
689
31
510
172
17
116
1192
12
76
192
52
130
152
211
322
4
85
907
24
96
241
88
62
217
130
152
206
758
340
20
630
237
135
10
49
33
588
401
124
1720
38
77
115
255
191
45
12
19
114
351
89
504
185
150
79
25
105
251
481
37
164
19
75
68
80
46
152
11
419
236
210
401
655
142
58
3
141
90
146
19
279
76
33
1456
167
91
815
36
321
30
42
22
1236
89
367
396
176
1168
279
27
129
302
596
65
341
1482
182
404
273
253
408
676
105
28
208
219
96
162
214
5
239
143
52
145
454
521
408
52
463
147
299
880
301
778
93
21
384
72
41
15
833
40
313
109
162
239
177
34
4
287
413
93
56
366
117
394
90
28
119
97
160
38
231
495
60
115
173
311
21
794
210
541
414
2
45
87
307
30
61
28
490
76
117
156
364
93
116
203
19
307
214
62
229
547
75
183
900
63
348
120
444
12
206
599
45
409
132
181
236
