41
94
2441
1167
3371
327
321
889
201
1907
351
3190
170
17
84
124
802
133
381
145
981
477
83
92
883
486
177
272
254
260
1163
877
213
419
16
800
421
1934
483
1939
101
865
1088
29
175
387
68
1178
281
242
212
1161
985
202
459
35
780
1626
3369
145
1172
905
1212
1515
57
1594
59
153
182
3
145
216
1086
355
153
321
255
158
1128
67
2535
126
126
769
771
67
116
1213
347
1622
415
195
93
376
130
51
884
959
226
397
506
1013
40
185
412
159
193
201
73
61
765
247
1032
1033
2502
385
35
250
956
176
211
289
819
991
848
66
861
2824
424
438
2316
190
450
235
399
941
162
55
200
804
214
1135
204
205
125
1278
26
168
1119
1987
771
138
1619
941
337
120
467
90
357
121
147
419
162
2520
136
762
26
1516
767
47
400
109
183
351
1221
64
783
1230
955
91
115
293
339
420
490
333
1111
415
2260
72
1203
773
6214
351
857
102
893
46
78
279
92
305
55
3258
945
253
206
241
964
1907
4216
55
961
403
778
286
65
43
47
238
254
22
129
268
179
323
156
1160
146
185
84
75
189
347
39
103
301
246
112
990
795
346
1640
56
379
290
85
58
241
151
851
474
120
1570
403
283
112
199
232
61
1536
99
122
405
119
1847
861
945
62
240
297
1598
2022
798
430
832
88
33
296
436
2688
340
359
421
179
284
49
1067
793
977
94
1250
39
220
783
1250
2331
276
97
419
12
835
1158
1610
255
154
202
254
405
190
833
1060
3473
1951
1266
410
383
882
375
2283
397
168
1810
314
66
126
755
243
466
824
1937
513
421
1652
282
1158
49
178
218
253
380
306
950
323
372
51
287
1072
3230
133
86
63
202
2
2463
384
121
95
36
900
989
288
1153
215
1166
59
208
258
227
145
243
2
425
840
115
127
82
1025
70
1527
129
434
1507
944
191
947
284
1263
189
122
1560
975
123
456
507
427
426
1871
463
1102
1855
1
171
356
172
1149
464
1050
3
97
381
2434
445
1759
820
1543
40
1943
754
1082
962
2555
174
121
154
209
241
1046
369
976
1025
52
93
2321
1244
289
185
1190
23
11
1031
81
189
1094
301
951
1896
1137
209
171
2
12
486
74
1
359
777
1580
1828
428
117
850
441
80
17
1551
491
333
77
1628
457
824
174
74
1076
1831
1822
445
36
172
197
302
1515
48
269
2517
835
1588
189
134
1006
206
278
933
484
9
425
6
187
18
866
1232
31
1120
201
837
802
778
1243
839
190
282
242
247
461
288
764
411
249
88
324
943
233
113
892
32
1877
61
2274
70
75
184
31
223
453
9
826
509
78
212
957
66
1238
142
1864
788
875
331
83
807
150
37
1072
19
278
860
786
81
211
243
359
468
1276
3025
326
184
347
287
302
2316
2740
314
324
380
261
2029
76
274
55
437
4
1203
876
67
111
227
183
180
850
1040
424
134
875
155
1605
434
1258
1586
191
138
1794
1877
3800
92
204
56
138
250
84
437
836
312
874
119
196
506
882
367
181
123
929
159
484
332
246
190
267
104
45
26
1261
909
1262
112
337
100
293
2023
62
129
164
236
41
936
383
1647
87
2011
913
74
231
30
32
161
306
338
200
141
256
90
78
241
59
1133
116
200
219
26
386
914
982
4743
122
2701
39
229
64
55
253
347
511
89
257
467
1551
135
1548
188
450
952
428
180
791
824
303
357
38
54
2004
412
369
279
47
201
1002
843
878
329
143
363
435
354
58
342
3965
1690
214
787
53
1623
112
37
1216
152
245
263
2018
1538
183
174
2334
1721
811
2363
20
337
311
150
401
2
26
1681
107
2
347
52
69
254
846
4609
509
180
841
967
216
500
312
433
249
85
866
1100
85
319
216
69
376
1178
1809
191
178
2380
461
1839
482
2626
1140
125
1088
1076
919
242
89
150
338
2478
339
29
349
33
21
243
258
410
34
793
74
1581
207
893
372
462
43
2540
3026
988
904
273
137
888
1081
44
1020
11
51
2481
104
36
2303
10
1283
1040
195
65
788
1205
511
184
189
903
45
1000
323
192
238
164
141
278
383
459
868
515
349
23
87
498
116
887
262
476
155
2317
104
1174
89
214
313
778
469
224
239
42
46
181
181
238
1615
32
310
472
931
39
477
162
1578
18
1047
1832
111
439
254
422
494
513
335
280
2820
1259
1543
211
170
24
855
1105
246
373
442
9
962
434
247
127
231
63
365
286
322
1145
376
267
354
21
941
810
1213
510
233
6
973
294
1044
126
257
1841
151
365
339
411
25
303
472
11
896
148
980
215
90
104
335
396
850
373
1146
176
1014
384
196
940
471
287
256
225
924
403
153
850
164
169
34
28
3066
250
1177
252
502
1664
1825
33
1859
898
265
882
120
1016
196
30
890
56
486
283
158
843
344
937
181
434
863
460
153
129
132
120
101
351
1542
1689
1636
1039
162
103
319
482
328
884
467
361
436
140
438
178
6
785
1041
919
304
1031
231
2759
42
295
164
280
487
44
756
201
378
31
313
1597
1576
324
82
132
384
855
1961
136
283
1522
395
360
140
891
800
134
323
78
251
967
997
1068
51
221
283
484
186
1898
49
155
49
5
505
336
81
178
1073
48
193
490
131
2041
59
225
117
1135
51
2323
23
198
1235
116
1122
1012
200
53
878
445
286
65
167
423
389
392
248
1065
1062
374
109
80
469
821
255
1111
448
435
203
2730
2027
36
1190
287
106
196
73
54
99
211
150
162
1206
325
157
233
373
891
1620
1147
1737
415
182
218
367
379
223
74
318
112
242
203
191
168
1583
381
161
1809
476
1765
192
52
176
104
235
14
440
114
93
193
214
249
376
94
184
1771
509
499
223
419
190
113
1206
1540
3558
99
296
42
1148
1694
226
315
797
478
353
1227
962
216
334
144
876
224
890
421
3871
38
972
76
1058
34
1591
1017
1024
3186
92
849
273
54
812
96
29
1827
761
305
414
156
200
36
1542
7
901
984
130
825
293
1532
330
124
296
238
268
301
1511
38
256
408
17
169
295
216
98
3398
949
213
68
417
1591
241
23
52
1079
1542
1766
952
163
500
952
145
217
762
30
837
97
271
849
322
462
459
982
92
987
110
33
1841
195
424
75
351
468
267
195
922
187
166
98
205
434
156
121
928
1187
155
1165
129
418
226
1515
267
1637
23
28
903
185
161
1523
336
233
483
125
4
916
286
2511
1911
777
810
783
31
330
5
198
271
442
488
65
143
1960
250
955
803
253
1231
209
2332
80
117
169
1059
3580
1260
106
47
28
337
232
450
952
386
1063
63
466
84
1169
163
33
439
354
158
886
247
107
933
185
977
3020
89
483
382
473
512
175
428
465
1225
289
179
238
116
293
47
792
54
494
5
1090
1226
464
183
119
229
884
489
152
150
3322
1659
195
226
244
102
142
1033
1536
499
172
439
873
118
2306
418
119
478
1257
281
114
217
28
1783
3
175
25
2371
154
878
13
508
985
790
514
103
224
465
250
893
194
245
14
507
240
408
156
96
220
198
1161
295
421
800
825
1129
42
22
28
471
417
184
833
87
181
155
314
404
12
1602
1564
1129
224
193
774
968
819
21
54
165
260
206
1230
69
1011
347
941
34
196
230
310
18
176
1183
248
413
905
174
2390
418
133
1541
991
850
253
1282
1286
57
95
1084
196
1672
50
2398
931
436
1512
357
186
186
32
417
487
1527
2823
285
798
263
214
368
285
286
26
839
126
1588
3927
205
1795
33
1668
858
134
60
34
357
816
3
1190
820
343
1635
46
2631
72
775
1233
333
437
77
284
788
367
434
93
2780
1087
842
402
477
1707
2302
85
1635
113
67
3154
38
192
252
219
1618
112
1671
1148
2494
372
221
409
481
222
35
247
17
140
497
140
1932
207
150
869
477
1824
962
852
276
980
36
2753
91
161
3405
91
89
171
87
351
89
295
170
900
199
74
835
940
881
134
879
58
45
406
75
125
114
34
42
983
1731
884
20
1996
1174
896
61
910
37
43
262
274
337
1092
165
90
45
442
2340
1257
1678
956
1178
2273
756
333
387
189
352
776
468
367
344
765
266
1905
3844
1109
476
16
501
880
315
257
344
26
915
167
469
1985
317
508
136
925
504
27
2023
1697
129
1238
466
854
240
2365
57
440
287
480
765
284
4
126
347
191
16
402
157
289
862
167
460
812
347
992
3528
1176
947
805
175
1145
163
295
280
310
815
33
915
194
371
1982
229
1993
392
65
59
76
204
10
1012
38
846
419
370
206
373
238
360
266
1
803
352
230
138
2343
14
1023
392
1554
331
1570
344
282
1012
337
196
201
295
1099
36
226
3805
198
11
1523
204
1648
1069
2027
311
1890
763
1016
1181
11
472
77
391
1002
1876
835
414
1563
789
1945
940
1741
2580
130
2433
1741
3
485
174
45
754
104
1168
1935
1184
113
952
113
1243
1616
69
774
1172
235
216
354
55
2286
202
110
399
1155
45
417
1623
65
14
903
359
160
301
428
107
3
91
411
890
908
204
1644
978
306
1264
209
755
110
381
798
473
61
353
1205
300
506
901
2021
125
330
1095
1961
214
191
1583
790
345
379
70
942
187
774
363
201
109
1584
163
347
244
1726
851
1663
297
269
58
128
1107
139
760
278
283
1032
279
490
1935
115
167
188
489
187
899
84
38
888
162
196
1214
88
310
377
219
88
965
45
990
38
391
107
104
447
1592
403
249
7
59
282
387
1112
1
224
320
337
40
476
1972
211
290
60
938
816
882
1751
290
1090
82
223
266
1647
112
150
834
1137
202
285
1628
352
5315
262
799
162
1255
1104
13
973
236
756
472
158
1158
198
207
72
1613
2765
447
1190
1057
806
1517
84
1096
163
215
359
2031
1876
2041
158
13
1885
895
50
1253
1244
396
22
498
94
3041
332
790
417
84
3164
29
177
416
50
140
210
464
441
167
253
508
125
1175
91
423
976
255
252
835
1608
370
424
122
280
1116
867
987
1105
330
463
848
218
1162
817
145
1895
477
1013
422
2468
784
1693
1638
845
20
110
812
466
328
30
316
1513
338
108
177
873
275
880
2631
31
159
886
1188
55
1744
1598
2554
380
11
438
802
324
1267
365
233
4
172
501
1808
184
279
2303
45
2759
880
110
367
348
67
132
423
207
429
1785
1
13
36
255
66
300
234
940
14
241
226
862
1990
462
287
439
1189
204
352
2479
809
74
321
1034
101
1149
320
1724
1146
191
158
298
766
430
807
1017
248
1175
231
361
218
44
352
463
41
245
392
1118
297
323
191
1778
154
442
869
71
462
321
3082
131
2725
2022
767
134
391
514
279
1678
894
168
52
1579
310
848
426
178
1282
489
3274
130
1007
232
1968
470
99
41
156
88
1766
335
876
291
764
243
102
2810
69
226
25
1105
121
1847
153
26
151
133
231
1678
172
141
289
357
461
335
2618
445
39
981
1239
48
473
204
27
892
440
1231
73
1017
71
759
237
219
6
249
1243
20
68
53
121
787
83
30
283
948
871
373
103
453
789
2
501
98
837
460
14
145
222
821
816
891
2521
457
945
1206
864
1848
923
1701
162
398
2368
132
183
47
10
867
384
136
799
1270
150
309
1258
1688
72
902
4116
218
73
192
86
844
352
976
252
1119
195
123
260
878
27
209
225
24
921
248
760
787
1110
1073
42
29
433
463
265
254
23
21
850
765
68
1027
35
1866
167
389
70
237
286
205
305
76
847
763
422
841
1019
24
1751
311
67
2335
904
1125
142
3136
297
123
806
274
465
69
244
1219
435
223
947
979
900
63
135
35
794
86
822
452
106
1886
444
1572
1034
819
225
1026
143
392
365
33
56
36
243
218
945
117
423
99
349
271
218
958
1075
994
130
64
221
27
289
415
337
1180
133
443
1048
44
1665
96
262
507
755
40
165
1833
53
268
36
51
761
1647
483
388
84
1833
88
1142
2343
141
476
361
20
825
298
109
265
790
806
1032
147
1111
474
61
494
67
112
1053
181
144
936
260
56
178
2592
127
968
123
766
341
1154
111
317
402
31
397
36
107
428
136
808
963
66
792
292
439
347
234
2564
24
2469
275
799
271
766
83
361
1680
933
1
1778
1072
2755
310
460
1229
370
253
1271
969
1527
995
128
1551
171
1006
441
799
1058
991
1846
421
32
150
376
889
33
149
471
2
1636
406
70
233
262
882
79
430
317
212
62
1274
30
378
17
918
290
307
1768
278
1902
59
114
3318
138
506
7
481
1927
814
950
498
294
1125
837
1777
221
759
359
8
217
510
1829
52
246
423
467
195
486
809
317
20
473
56
2272
280
337
1530
246
232
298
986
1020
344
850
398
498
107
246
169
1148
333
454
1213
1526
438
1667
369
78
36
121
146
381
133
1010
171
1630
1133
244
497
995
268
64
1514
56
1028
182
1260
327
948
256
110
219
1037
81
201
174
297
2570
360
181
343
828
30
2591
973
123
160
96
1111
62
197
119
441
1885
1026
242
1074
928
2052
74
416
832
123
761
73
896
243
754
120
492
467
168
967
2369
75
201
870
262
2317
495
868
41
189
1002
987
148
221
2020
107
476
121
2284
908
188
372
101
1892
1068
958
1271
366
2346
824
1
306
1275
2701
1649
117
810
969
801
252
358
1946
497
126
264
229
341
851
1692
70
4
178
62
1896
913
1773
209
118
58
271
188
11
929
2405
2663
432
400
1994
19
2629
319
2602
236
876
965
1036
2275
222
2332
922
893
71
327
1003
1213
1004
312
1559
900
142
67
140
68
260
219
196
468
1585
3144
308
1041
1821
762
846
466
16
486
935
146
873
369
7
491
502
1047
455
798
201
787
1072
1023
353
150
3990
50
279
755
1683
377
153
79
483
27
491
6
269
265
1910
226
960
4032
240
166
45
1169
243
22
2369
420
20
1717
792
68
420
153
245
85
391
255
227
1087
312
366
289
2272
235
810
160
227
1865
814
118
769
1130
208
346
1156
1165
890
219
1657
454
1715
345
457
392
236
140
87
2050
199
49
860
138
188
388
891
76
384
989
793
2468
171
15
850
53
320
831
2752
1132
195
432
258
180
277
1841
774
54
1687
2633
275
176
770
323
770
1147
85
323
246
450
411
1046
235
487
955
447
160
1896
500
982
372
1088
6
343
89
863
1124
1194
239
266
1003
338
909
501
222
4708
1247
17
331
151
95
2467
32
116
997
938
109
1574
270
823
46
382
203
871
365
289
24
238
392
265
1538
223
99
272
395
51
69
220
208
943
511
426
249
942
105
312
172
483
154
390
261
1667
513
2264
1235
3201
1241
145
1733
272
2529
338
1009
7
868
149
1028
170
223
112
1780
840
90
111
307
910
1118
2488
273
1933
357
214
127
430
418
296
1909
136
246
496
1081
368
858
39
33
13
1242
412
340
1039
909
300
1202
342
351
1220
27
1018
460
776
147
372
861
383
2422
810
167
935
1942
230
1101
1116
1023
455
383
43
1052
494
1176
827
1954
369
24
48
1824
3528
344
1272
1790
493
54
72
6
323
851
433
1798
62
39
374
47
504
22
2468
286
241
166
999
1528
90
392
130
796
1513
143
884
857
44
268
192
754
82
236
191
1547
346
29
435
2044
1205
194
1014
369
830
1022
60
499
268
156
1729
1006
147
382
307
324
986
289
335
494
149
270
13
100
1595
322
245
1230
1232
172
435
11
2471
24
214
781
93
14
797
324
435
2042
113
1265
1181
3582
3036
137
911
3346
295
1160
410
472
215
239
235
128
62
34
2548
13
241
7
14
801
69
35
971
398
15
857
97
464
16
196
951
305
14
1004
303
221
49
338
337
1259
2785
152
169
799
47
1045
1525
6
253
1084
348
250
412
1677
961
1145
204
490
959
139
55
57
512
7
90
53
485
770
444
495
865
127
1237
179
183
216
2
420
2560
1250
369
35
798
32
845
316
1089
873
484
44
850
91
215
1223
45
127
2307
282
136
988
1647
910
56
340
278
835
468
16
2001
353
120
338
332
424
484
380
136
442
461
437
323
1054
893
234
317
281
1841
940
825
164
165
354
376
33
4027
909
69
1963
3509
1876
55
229
103
4
173
173
1849
85
211
42
777
1206
6
1862
84
864
416
2276
1948
1759
1978
47
855
93
1626
1571
268
1646
210
153
1530
1189
302
183
876
905
1144
2315
401
982
446
242
287
325
256
1992
226
161
1637
142
2807
334
231
9
1656
469
13
85
15
3533
19
1907
259
7
1037
1605
186
1840
344
403
251
907
3189
905
289
289
352
1087
1855
1910
238
40
270
19
217
96
266
69
126
1863
1158
59
384
177
506
175
1943
1631
127
511
352
1201
468
1913
144
164
156
489
779
87
234
205
322
308
297
421
90
1700
78
261
424
194
1041
1566
332
2363
221
370
288
3171
11
434
3316
354
295
1712
1155
110
320
2034
776
3375
50
459
181
299
1143
169
324
55
369
2462
304
73
231
489
1
1791
1153
414
928
183
2388
44
327
1659
2471
836
255
251
316
484
338
103
1568
6
848
324
806
404
74
53
388
54
243
464
388
36
938
1737
225
1161
882
3464
10
58
899
778
31
3315
65
994
3
369
282
901
913
62
249
246
2790
362
432
384
774
88
831
332
285
275
73
308
212
23
426
2304
360
187
1638
7
1849
1153
1102
876
491
274
339
32
42
1935
1617
926
8
506
2053
884
787
1526
270
3510
159
813
809
1239
932
822
298
836
163
1798
2380
121
1033
1111
365
61
1273
327
35
293
941
152
162
410
1136
87
190
1525
233
1576
61
850
319
481
16
227
848
344
1165
76
1772
204
1117
261
483
451
2470
154
301
100
241
2547
756
1137
133
9
416
407
459
120
771
201
60
983
265
839
176
188
361
4
48
219
1184
917
3130
335
140
898
275
315
133
1662
924
191
789
164
225
1191
415
56
214
342
1022
1033
24
2487
247
25
257
64
19
220
271
413
142
984
1123
64
238
495
850
763
379
1235
274
174
1907
458
5
801
246
40
1829
364
185
1016
159
273
466
947
1259
1863
345
175
215
414
839
188
261
1024
914
470
10
2264
1244
37
3358
225
37
1543
268
1156
354
99
85
1675
223
1555
177
12
491
169
209
175
33
782
274
790
14
409
1617
944
1257
1547
272
178
946
242
98
2011
285
5
767
64
318
438
287
45
422
73
279
498
391
404
1790
1257
469
106
349
1521
15
34
46
120
61
984
11
234
241
1955
1789
271
274
781
1532
804
121
69
1215
1162
1733
432
279
288
215
760
53
816
231
108
446
212
469
37
482
928
81
27
92
2471
101
763
107
758
1053
455
187
178
124
112
81
506
2692
42
202
193
392
414
1277
101
32
145
1062
200
101
1066
2513
30
111
206
148
292
1623
236
84
105
456
818
47
355
388
499
2784
201
771
2385
220
244
33
1085
70
48
71
495
1562
450
123
363
102
57
263
3230
1762
95
1067
7
90
890
281
23
312
4335
50
964
259
128
389
867
476
329
104
158
191
336
949
120
1088
3023
296
256
771
68
926
271
1132
7
111
1275
135
453
60
117
66
104
324
1052
858
42
103
42
363
177
104
18
400
921
79
309
995
43
241
241
180
167
23
86
95
311
71
274
458
361
116
265
1268
512
1045
384
1903
409
485
122
102
875
33
394
898
32
486
274
43
941
2389
499
971
909
374
122
3224
922
215
223
818
872
158
140
1935
293
2782
28
5
156
193
848
265
211
127
429
101
381
256
396
333
486
345
481
95
21
210
1204
1650
843
339
2288
161
1523
28
122
1967
178
244
205
19
21
508
1616
467
89
865
105
43
435
1061
2298
1085
337
1
64
1583
1148
1075
47
40
460
243
784
258
140
354
353
347
373
1922
2586
2696
215
46
76
40
26
335
502
79
1910
158
1031
353
222
838
450
179
333
211
2469
1198
260
469
284
1129
1032
328
348
150
385
1878
26
340
286
1893
882
1155
110
409
212
168
302
271
142
187
833
160
1145
839
30
448
169
228
233
498
841
211
372
240
88
342
995
1513
1023
1572
1705
172
126
468
3121
264
236
906
2656
781
186
2048
82
301
1510
377
3091
306
1670
151
955
114
385
362
61
1126
1219
2733
1201
474
69
303
21
772
337
1736
828
900
425
2
118
387
3
52
360
139
246
953
353
1033
102
468
290
882
168
824
28
183
252
875
1953
3560
68
62
810
887
170
70
1182
9
346
2443
1651
2448
1605
88
1027
28
1118
515
66
502
253
794
454
181
351
129
44
1161
310
799
116
2268
108
924
218
51
755
294
146
389
1578
1136
54
1730
3216
233
137
255
127
108
170
21
350
451
350
15
1696
4
378
150
80
14
480
497
788
63
414
3035
85
238
286
205
215
69
1267
1158
265
142
1249
194
918
103
902
192
1546
280
2431
812
166
380
949
191
1793
339
101
497
22
1
1276
372
1255
928
337
1263
1072
147
57
118
1051
341
69
460
866
501
52
766
2627
1239
904
176
1254
110
1196
812
1218
237
165
3877
1953
328
29
430
119
1834
2648
27
1784
2498
455
291
6
391
2017
17
335
189
395
792
145
2282
276
828
240
15
4
1935
944
492
773
1249
1036
119
341
56
515
412
50
1594
389
399
469
197
423
23
394
970
146
1549
1160
50
105
4000
1147
21
1169
450
411
60
368
2740
1228
53
151
1616
15
64
133
1091
24
965
3845
435
773
210
14
256
200
2277
916
309
120
365
346
119
1283
458
114
893
129
53
1899
467
435
957
8
2
27
210
918
1073
172
888
409
929
1209
870
92
199
16
420
38
486
229
225
64
461
342
257
1053
387
276
453
849
380
423
179
1608
1553
20
332
384
219
226
346
1523
294
68
1556
334
800
394
1009
61
757
186
508
377
337
138
1930
143
149
886
306
1852
893
358
102
344
87
1173
853
33
149
349
784
392
243
903
794
40
61
383
314
334
140
443
202
47
256
311
279
4363
1160
1958
228
1569
493
215
105
845
219
1562
767
2824
321
786
401
1536
176
1564
166
319
103
437
365
123
798
980
178
99
1028
1180
2
1150
393
36
2
435
1955
6660
117
881
53
1201
1537
1076
222
880
353
1258
70
2463
1205
2505
43
266
892
184
117
235
385
266
1540
2055
220
800
93
956
1077
418
368
968
104
432
251
340
32
1177
1051
456
474
32
1913
232
251
57
161
757
136
1274
249
119
150
326
1275
410
888
2543
891
356
20
1105
92
137
975
197
34
205
412
354
103
288
75
169
262
1013
436
272
129
498
56
124
144
773
118
1234
127
357
813
31
345
1095
226
280
868
44
274
820
1590
787
144
47
1106
1701
275
1075
411
171
1278
879
22
12
508
931
149
75
257
281
860
1694
876
813
1825
342
1031
200
242
2559
297
55
63
297
313
21
903
405
163
296
440
1013
167
797
404
353
1734
918
470
39
94
47
758
171
172
1636
390
27
265
1617
396
1236
215
353
47
83
35
164
213
1
165
442
430
242
265
819
1597
356
451
202
290
295
189
847
11
25
67
791
420
161
273
132
1058
23
42
412
1577
141
12
87
86
224
2027
172
865
973
84
1117
97
43
502
374
232
46
380
328
22
123
971
12
80
138
14
933
206
54
236
932
1159
270
1205
172
98
136
23
85
1084
255
895
103
1112
78
239
301
345
197
35
48
46
473
1115
220
771
192
1211
1093
32
201
389
82
340
978
445
134
8
74
65
1209
121
272
254
134
1096
403
285
55
514
1144
456
475
50
33
230
192
351
143
296
40
126
911
376
1796
1028
944
72
192
175
2349
1139
800
1081
120
1245
1515
230
210
1092
920
455
474
858
2528
68
252
1208
75
149
408
1020
224
1732
346
224
361
168
775
1733
398
83
1644
1161
237
194
168
1548
756
184
1093
120
29
325
226
127
1257
189
973
807
1725
384
841
1861
2376
995
226
143
210
926
245
196
1211
76
1651
1036
125
187
374
1638
842
957
190
74
1691
18
1697
98
171
812
430
2377
513
155
235
204
926
75
363
984
1054
237
1202
73
163
932
42
336
188
75
1951
420
248
424
367
983
921
128
1668
306
861
2322
855
1976
104
263
842
330
133
109
21
1218
384
778
859
69
1265
499
943
911
3151
926
461
262
2296
791
2339
350
2315
296
1596
1108
490
119
982
112
511
339
62
25
162
360
930
10
503
1039
2496
470
331
133
76
243
309
180
150
1225
453
308
76
1179
15
182
36
794
134
164
842
1627
265
251
1669
834
1046
180
71
45
971
280
180
350
793
906
68
491
1007
177
950
86
196
5140
359
2000
27
2288
297
172
212
261
113
1545
947
515
983
344
1124
1561
296
949
948
399
100
266
1687
449
1192
915
81
228
169
306
210
1860
1883
774
1587
1849
2024
105
52
153
442
1952
348
1734
255
88
112
89
1080
100
203
1517
146
312
126
1217
794
201
222
413
890
108
407
297
27
106
117
87
1909
1610
64
356
796
448
218
294
364
1007
66
235
97
8
216
95
1542
1572
48
33
194
399
26
1285
1563
413
838
819
174
336
1199
24
902
104
3327
296
252
253
137
188
154
3110
449
364
261
940
8
184
62
845
513
1674
3021
65
2323
2365
343
5595
471
505
241
282
54
195
343
354
428
1690
400
55
385
310
207
242
1269
2750
1053
202
408
207
388
105
266
510
1521
73
213
1115
351
97
86
92
151
498
23
173
44
186
137
760
1206
340
1120
1552
409
21
179
355
1130
1005
1586
4673
182
1774
981
884
327
943
823
382
329
74
349
181
390
1993
431
14
432
83
39
1170
1718
180
2270
1047
146
1209
860
886
179
29
483
119
122
239
868
1862
92
371
90
31
263
120
1016
232
62
475
836
502
95
461
450
491
72
161
293
440
1563
1659
834
765
108
166
54
276
103
147
1108
200
150
1039
212
503
130
23
427
1
91
376
15
111
335
22
158
40
233
1552
229
1687
141
982
155
10
3556
508
244
259
345
315
1123
125
795
289
253
3085
404
270
18
217
336
912
38
888
157
1632
31
111
97
458
145
755
122
107
319
295
206
1179
1116
941
1554
242
276
75
4311
1604
421
30
365
69
1104
827
1605
184
1277
425
1194
112
56
14
163
249
1696
1279
41
796
33
218
1116
1874
1225
110
234
288
913
143
1104
1143
817
96
67
398
1083
224
30
197
394
212
1210
211
2296
827
962
302
231
44
265
224
75
770
1127
370
183
965
896
166
972
918
106
1734
144
110
458
910
46
218
1262
177
46
421
362
1905
257
144
990
34
385
438
26
2488
33
1736
804
1524
4266
266
277
239
17
310
137
1229
307
497
106
296
837
66
1230
447
883
1109
52
1238
193
1110
2528
1970
1104
1061
152
1522
445
850
284
118
896
351
170
65
1826
914
1596
509
1112
328
773
1090
916
49
3844
507
335
247
30
481
860
219
899
45
95
977
1535
968
43
1149
365
372
460
906
1204
132
318
55
929
165
320
46
1012
80
172
64
314
262
322
406
1131
13
331
822
341
232
376
461
222
126
256
261
39
126
2576
429
1116
199
134
1948
438
1511
1013
55
272
259
187
1273
362
1237
272
439
1129
128
875
919
51
54
179
499
1574
510
1002
173
240
120
496
196
434
1125
279
2444
857
273
178
348
244
47
192
152
400
912
363
4007
1050
2028
349
82
1785
68
1695
446
87
315
286
1060
267
1146
167
834
1037
188
81
878
253
62
898
310
217
1033
33
277
430
764
2530
38
71
273
135
890
204
324
1614
391
149
403
62
239
14
218
257
174
1733
39
1073
1093
872
1642
156
175
42
454
1209
115
4347
162
127
62
125
1615
1512
37
1038
1683
1987
1586
51
1020
934
1031
280
974
422
206
31
920
285
2365
40
18
453
435
3259
1011
359
1129
834
807
22
1275
1553
127
1049
370
11
140
1783
137
66
146
2483
65
23
65
1720
120
59
115
1146
1905
241
232
238
1552
456
766
2440
1698
311
927
133
14
25
396
510
854
863
414
92
1178
19
984
206
90
49
225
486
11
977
1081
243
804
1107
1527
1099
780
14
207
1078
207
1273
245
339
309
442
1840
179
1539
1001
1911
1077
328
64
1101
50
286
275
944
45
1007
991
1802
377
1114
290
195
71
98
426
244
92
448
178
806
437
860
416
936
71
136
336
67
809
90
1689
54
138
134
1869
289
141
39
81
165
181
841
768
366
126
78
4
865
35
1105
391
430
3524
959
121
469
441
175
1173
226
99
176
47
1211
1975
849
924
1581
441
2440
258
2036
54
1019
257
161
343
11
114
113
335
1031
1534
239
112
28
94
39
798
120
1241
1008
272
49
937
20
2506
63
1856
377
940
336
233
5
165
4235
400
759
2710
60
323
372
271
14
194
337
97
1639
10
266
27
1712
177
1044
983
5
70
116
1754
1128
2455
1263
991
29
490
216
53
69
859
913
200
4
92
414
1912
200
1070
1035
46
187
309
343
30
187
813
195
500
80
755
763
864
260
51
802
1954
1828
168
968
46
399
207
397
866
244
1036
154
1932
351
17
1146
1525
60
812
91
1235
1108
371
758
509
97
59
227
277
1058
2723
286
1178
222
756
24
89
470
851
63
213
1029
387
785
77
178
122
1546
1525
865
301
17
54
100
11
1179
112
141
992
230
236
323
1023
962
135
4
910
332
414
788
86
792
244
136
1057
1646
116
1711
1150
278
151
1235
9
979
354
78
24
162
438
1248
39
1252
978
1832
852
121
211
396
363
237
474
445
146
2737
344
187
39
236
351
1009
1534
329
2508
238
26
1759
183
65
348
814
1074
2561
12
381
1090
432
10
291
503
352
158
5
917
74
365
1647
791
308
2305
43
4
15
1570
1884
1748
68
114
400
1888
122
107
890
444
190
515
777
21
205
863
171
138
259
3032
11
440
344
330
40
217
309
1641
297
775
11
803
1586
158
150
269
44
195
51
84
29
245
119
16
10
255
787
506
1254
189
487
1124
928
850
949
990
64
273
375
61
384
69
336
1620
137
934
223
2028
860
54
475
1826
254
240
1049
418
427
448
61
293
1158
1642
225
787
2506
253
1844
330
94
320
3
1193
280
401
3828
76
325
969
149
266
230
515
30
386
272
1132
1776
1135
85
306
421
509
183
938
85
204
2695
287
122
184
83
137
288
374
416
340
799
174
80
507
790
366
1039
73
234
390
1189
91
47
3342
159
297
1213
35
165
357
466
445
173
403
263
308
287
431
459
1201
230
6
972
95
320
295
147
6
2635
1026
291
407
20
296
1117
1061
62
344
29
953
36
889
228
1825
53
68
124
75
799
344
200
760
258
1099
43
1223
143
780
34
3198
762
128
884
17
965
1047
1685
447
2051
270
1128
1522
474
434
438
1041
427
2
1659
9
139
241
358
386
1741
14
90
920
128
383
1161
430
32
124
44
451
213
915
377
301
848
1875
180
415
2730
70
419
65
108
192
844
55
246
175
204
387
260
2309
221
46
366
89
327
764
354
357
305
433
258
2671
17
448
390
1018
347
192
461
1284
219
148
123
206
12
1770
797
2021
762
88
819
969
54
128
1016
124
44
327
986
3024
275
345
3
800
1583
25
148
1593
907
3981
370
804
104
271
265
253
922
177
865
215
970
113
138
1169
980
150
237
2398
868
931
389
929
455
232
63
1105
225
51
40
1
1579
325
64
327
913
114
348
208
359
854
155
86
392
277
2392
1226
107
2036
1036
1767
274
227
286
56
1847
1009
807
77
265
416
482
428
822
256
148
1143
208
271
58
183
37
10
110
1253
261
908
1070
1068
1881
8
445
908
266
955
134
43
148
77
114
154
382
311
761
23
318
340
374
429
41
874
780
970
272
1227
22
904
215
851
14
197
398
114
274
808
474
385
202
55
1155
400
317
1044
866
939
1859
241
2782
154
85
54
72
258
372
479
795
420
2047
798
1996
3799
282
284
1672
956
813
515
257
300
305
1122
1248
174
1093
1198
125
124
2674
821
3027
393
1089
155
144
240
768
1989
265
758
210
26
802
936
32
59
360
1091
906
2007
355
10
1845
82
377
1213
1134
505
1248
2736
185
353
302
1924
164
1131
318
292
1717
34
79
767
1792
413
236
281
160
1279
197
195
186
125
23
245
1190
2331
319
244
838
125
447
429
1196
432
1227
1126
469
169
106
122
155
190
139
894
117
804
1029
930
158
76
102
177
215
977
103
274
97
2481
365
3014
83
52
147
256
1218
1934
431
198
1665
273
1240
145
60
968
69
355
178
315
1881
24
809
314
221
499
846
154
267
247
125
110
68
933
2623
385
313
374
379
297
122
353
148
72
164
884
1670
174
197
196
413
496
1727
391
248
768
830
153
1082
363
361
273
1646
1084
354
1670
764
1108
353
231
978
1964
167
86
1088
2449
1616
499
53
29
1529
191
949
201
74
401
2264
861
477
181
294
337
107
961
897
826
46
90
326
80
187
188
415
129
2448
172
126
306
421
412
109
900
469
171
2550
2390
1063
410
181
40
483
407
173
4063
258
777
1245
21
71
1899
265
319
341
776
79
893
88
353
894
201
257
164
1985
8
371
415
358
387
155
1528
1141
2057
57
1842
1165
1870
119
2599
225
172
77
494
759
117
370
245
121
349
814
251
4
19
126
10
84
8
863
384
2721
62
108
308
248
295
756
145
363
28
376
1136
56
805
136
21
218
1065
901
1905
261
101
474
3044
1941
792
250
314
476
2282
837
10
1707
133
149
1679
886
135
424
791
390
231
195
141
357
329
115
19
200
493
368
136
187
43
184
338
500
292
58
244
92
811
380
335
405
171
912
1567
211
777
339
951
235
1183
27
1510
21
351
2529
828
1044
1511
349
857
70
103
1147
113
980
896
278
319
91
282
1272
418
1255
29
200
399
2455
148
228
43
456
1541
178
167
419
57
1600
1712
203
3062
431
450
1119
202
1041
135
250
763
397
428
211
261
134
205
377
829
162
137
198
879
81
1001
174
1925
224
26
843
1686
39
52
922
366
56
262
1006
502
191
62
835
133
2280
143
25
195
383
818
3799
194
1721
973
249
117
949
851
1965
143
214
60
923
1792
1661
370
119
144
97
1735
269
73
940
93
1040
26
491
13
410
1106
144
384
158
269
260
934
271
2028
261
349
1988
2373
115
1773
2
1051
1614
157
4
11
105
1053
46
793
445
882
456
36
404
133
1509
325
14
212
176
4525
49
9
218
77
1708
211
77
1040
12
160
937
193
969
1118
151
375
140
93
1252
279
2045
241
1611
298
127
1591
76
327
168
1601
1962
930
186
371
884
946
219
3195
389
32
214
960
27
298
846
1125
14
1825
1253
1622
825
847
110
989
103
1071
1232
776
462
436
1052
169
1792
273
372
199
149
1817
82
770
1114
367
360
41
1749
1590
193
79
958
870
312
38
911
1865
917
362
300
193
1830
346
1210
506
1553
320
985
899
332
244
3044
484
504
3793
1281
1261
140
1069
91
290
1512
938
493
38
1138
1115
322
163
321
2052
299
210
476
101
810
1684
2283
795
78
219
1864
1610
33
145
172
515
860
165
874
1109
366
107
306
1226
21
1523
65
1241
208
1806
234
69
1623
101
162
343
223
788
247
2
431
819
386
38
424
19
308
493
975
57
334
351
771
58
1015
959
350
1687
147
1048
131
487
325
851
193
984
1514
232
1622
1144
47
331
794
879
265
995
236
268
511
262
105
962
175
372
296
1135
1256
1989
1189
159
21
357
942
1040
470
214
230
61
113
771
201
3046
107
2755
971
306
1530
208
193
145
888
1021
240
925
1711
1028
118
918
9
247
481
321
81
56
380
1605
899
328
1210
1147
26
32
382
801
166
26
126
504
474
276
363
262
785
1190
475
1174
158
817
116
454
900
108
172
2322
2583
207
430
963
912
113
92
513
755
2502
1101
13
61
1162
55
22
323
313
383
198
163
830
354
794
83
189
1197
4
471
832
147
378
1188
141
491
1604
1646
376
804
213
1590
195
375
196
2293
1177
1761
918
862
311
235
424
101
123
213
249
232
442
4
820
400
295
447
1713
318
510
481
871
1002
6
76
432
96
921
6
917
129
197
141
28
271
1230
926
69
117
89
1932
175
96
1049
767
1580
474
208
362
1144
16
55
26
83
316
2538
1250
328
79
193
21
1006
38
934
980
57
1196
1211
61
119
2474
44
462
1039
237
447
77
1930
3428
912
96
83
33
1212
64
756
1161
310
257
11
152
89
185
77
354
3272
224
15
2320
331
346
495
249
79
311
90
276
330
507
154
1049
232
1085
992
1121
48
3037
148
1627
237
221
64
203
865
313
34
1261
4
1764
2032
406
979
874
426
128
1798
419
452
3025
35
21
172
1107
4
886
369
199
2560
218
229
374
956
36
2393
358
501
373
195
342
89
215
188
761
421
458
178
99
1988
351
415
407
154
261
120
48
1754
186
147
171
33
481
1512
50
905
3385
172
972
2499
1180
814
92
12
1138
60
94
240
251
117
1195
303
258
808
260
452
356
112
362
200
77
349
464
305
312
260
11
7
22
236
921
268
513
777
275
11
135
66
132
171
175
5
240
109
253
439
250
114
129
342
340
393
858
123
929
464
420
917
784
1557
105
881
107
4183
835
1882
892
46
822
226
51
842
1199
223
203
115
143
2403
29
88
481
210
285
187
1122
770
86
325
30
77
121
903
466
123
464
402
1266
1179
942
768
81
872
948
165
394
131
512
1164
2011
101
795
170
1548
354
1148
760
1136
303
467
844
1024
901
799
820
1546
149
10
484
53
816
108
854
1243
839
56
390
86
65
21
504
445
83
1616
217
2382
454
212
486
462
813
21
923
66
798
1942
35
120
274
55
66
2825
337
1668
174
398
1684
991
118
953
84
49
848
68
77
2368
1065
2049
834
760
1059
178
323
2049
233
466
507
369
305
510
1273
11
31
73
62
1878
280
1579
83
1519
813
8
336
268
228
805
794
57
89
353
28
883
137
49
33
430
89
204
6
185
212
139
250
41
34
323
1169
934
820
839
27
214
282
910
188
167
771
149
3440
295
210
120
98
252
440
1071
2804
1003
82
906
1113
129
87
444
143
52
134
1722
1049
115
167
27
376
99
922
81
97
39
466
1924
1280
1175
938
133
1238
1078
248
468
212
992
167
991
280
920
1225
183
201
93
1578
84
1648
824
1609
1666
772
1
383
970
2759
318
16
1123
2282
173
113
208
870
138
158
160
305
421
258
875
255
286
427
859
3
374
1115
1038
5
268
1284
145
212
1226
380
226
1158
783
22
1143
131
353
408
1607
141
33
1567
459
54
873
294
97
2404
235
995
912
103
59
59
21
131
42
1020
141
17
798
270
279
161
39
826
896
195
343
1825
120
63
111
509
1212
412
918
498
175
99
281
803
93
220
74
35
34
1101
1237
1076
188
1728
294
161
1724
102
252
240
337
1052
881
2413
385
389
846
925
824
931
947
2491
1731
86
835
1791
879
412
3574
20
768
1273
171
1186
858
879
1270
194
1851
212
504
22
67
204
257
1125
268
273
152
827
288
334
398
978
40
206
437
154
176
1997
1136
793
2305
300
8
785
964
6
1086
164
293
176
1779
143
2328
62
833
123
1536
327
308
304
958
96
1675
444
901
1545
3128
30
303
260
825
993
226
190
227
1230
103
1851
1024
1872
127
71
883
349
2807
485
388
1063
372
435
872
387
422
2273
3956
73
1535
2627
11
356
1163
478
6
315
1967
499
1242
406
117
506
23
85
1875
1580
852
90
14
84
133
1592
3838
81
263
850
2049
66
1237
439
777
821
321
34
975
1627
921
908
285
139
437
454
1088
78
1943
1625
1114
372
3400
771
846
1060
810
1044
56
804
828
143
371
990
372
3134
38
441
1282
513
119
325
227
90
1
315
758
32
766
1222
1916
432
265
108
245
134
92
442
756
224
1022
12
1068
331
226
447
13
300
139
454
1027
426
429
1178
316
156
1227
15
100
386
1131
1120
39
24
434
261
133
2022
6
1607
974
14
333
803
476
799
149
146
208
48
2289
9
1057
445
65
468
65
1224
2720
1059
79
264
427
941
240
495
144
1926
463
172
244
249
277
478
229
113
868
172
161
1030
1586
930
164
33
290
1024
477
44
3425
858
1976
795
227
222
1563
249
1580
131
102
279
971
296
86
153
343
215
507
493
52
109
295
357
2363
1222
353
410
221
494
13
2020
1216
330
1802
845
49
352
327
392
142
316
459
100
889
393
356
1932
84
1198
996
237
240
340
1136
765
475
23
318
43
487
1125
1096
391
790
46
2267
377
50
166
231
33
1720
18
421
17
492
755
1167
60
136
127
1584
3291
947
222
210
1024
74
368
347
383
1537
32
221
1127
1822
808
148
205
265
266
973
275
1771
103
779
1001
810
9
924
208
811
415
27
31
1729
97
254
798
154
78
937
349
207
305
877
780
1276
173
18
509
79
1102
3
230
413
1115
88
874
963
103
1200
297
1268
79
2
68
934
2646
260
298
961
432
28
35
1052
328
216
133
234
154
75
2524
134
1526
1232
272
74
792
359
904
199
1137
44
916
1738
1810
807
17
15
278
34
1826
300
802
1
240
1020
487
399
976
53
1646
57
932
239
485
357
1743
1537
1237
160
818
797
102
426
1238
272
304
990
502
826
327
332
768
984
299
111
1587
1142
148
266
79
258
1165
939
222
221
182
112
1515
1079
1082
501
450
1059
444
2
1695
225
62
1229
878
512
512
2048
345
473
2559
1252
795
203
813
336
131
59
1101
272
1007
297
350
515
417
466
149
420
1057
515
10
1020
462
998
239
309
910
844
284
292
1050
808
2514
856
350
363
74
424
1019
353
403
1938
388
167
834
1084
171
1548
85
879
16
73
1523
36
174
419
453
323
137
298
21
303
63
382
126
829
51
910
343
265
1697
20
180
493
67
6
9
280
508
308
184
181
1142
21
57
823
1094
329
69
397
1857
871
85
912
409
87
81
394
169
255
323
221
234
267
105
274
1155
820
214
3
883
774
163
878
433
951
224
1538
1149
62
102
281
195
71
136
6
4
170
1600
121
787
5
73
1563
146
89
1179
797
288
853
386
1787
173
1250
3257
781
1179
286
180
233
10
3218
940
965
419
1940
100
479
34
32
29
417
1125
33
910
84
192
55
858
1667
917
173
66
83
859
279
166
187
98
361
7
474
893
161
190
250
1
503
189
392
254
1643
127
1753
27
1678
41
1654
434
2405
67
389
261
79
238
397
948
31
1008
433
1825
77
127
233
151
1101
877
1
185
104
185
244
1169
1643
401
512
778
79
805
758
10
1164
130
281
785
1191
1011
898
322
394
1684
221
381
26
757
413
2694
914
790
467
1054
297
1266
889
1097
2402
1686
195
475
193
404
315
164
278
149
906
332
126
1547
78
104
269
250
939
302
235
415
6
167
113
164
927
113
127
408
23
1017
89
123
7
33
769
218
509
117
323
24
111
51
224
72
156
2372
897
488
10
1142
1155
1084
2313
102
244
275
199
1242
4
289
1858
493
777
3024
1653
1018
512
502
329
1055
68
2527
997
292
770
125
302
228
388
1076
282
904
12
411
265
284
60
326
107
1721
116
182
768
160
937
1545
966
41
312
353
343
1089
122
119
3520
101
81
853
224
890
125
380
2054
115
766
345
32
419
142
852
1070
921
986
1656
171
25
124
278
328
814
24
919
3
1138
60
130
838
445
249
91
449
793
27
1940
399
4711
78
437
3
509
466
236
1
1549
188
269
1101
252
369
368
115
26
273
880
73
1602
24
922
388
346
231
109
393
757
988
240
459
1817
24
77
266
1149
1759
484
47
1629
1617
844
942
4650
16
148
15
403
2693
1242
77
194
875
126
1198
330
934
21
194
259
1030
5
333
140
139
139
845
3019
61
1997
355
1012
1921
160
33
430
13
56
310
2327
232
1723
198
1700
490
504
377
11
1092
3493
462
13
946
774
6
69
209
1115
961
231
25
289
1062
7
1052
501
237
367
10
203
47
1559
243
100
102
100
2299
178
1594
430
245
896
1179
1906
91
776
237
1187
904
226
1645
210
1103
345
303
353
492
1005
804
497
467
352
1572
1170
1082
1110
349
844
2344
1251
349
148
760
1552
175
12
782
382
795
45
855
78
1746
45
162
768
1166
277
988
1194
136
302
419
1054
2398
75
326
335
139
246
344
502
1510
220
408
776
193
15
358
1158
854
214
202
485
258
1603
1572
1033
754
136
203
308
264
140
1031
423
2672
407
28
327
5
792
184
164
254
794
160
383
213
83
1748
1199
874
118
336
75
1612
257
2004
1161
93
930
159
200
992
1977
1221
759
232
946
491
1861
776
229
90
145
35
2328
118
40
423
2572
58
1760
11
875
1281
263
18
757
966
1216
25
47
986
362
330
74
488
219
1264
182
1794
998
431
325
209
432
847
1271
197
288
817
357
1073
189
480
294
224
32
304
47
275
835
243
333
1719
2369
2613
139
327
2
810
45
135
296
48
1868
241
114
104
34
502
1182
761
1033
80
2609
32
471
121
1669
130
757
27
1538
1180
1565
1043
201
894
217
277
1194
1247
459
971
99
461
333
433
1658
1
37
144
366
314
2353
344
317
315
910
169
325
53
1526
501
369
283
325
432
49
1095
185
101
219
1121
314
771
1705
1868
326
18
145
1665
771
147
146
1066
303
1116
220
168
101
983
100
2016
102
786
83
43
1020
104
433
68
508
763
930
1755
141
1236
78
257
812
152
84
357
15
284
102
87
223
451
810
1814
1058
2335
913
499
1061
459
201
306
47
2537
77
980
182
119
506
823
20
865
1693
882
395
1071
124
95
324
278
438
177
100
71
1208
48
163
888
109
512
283
993
88
1222
48
171
965
1279
21
129
3266
1564
53
243
230
852
9
94
286
11
769
47
12
237
155
1674
351
3196
1098
82
152
985
480
16
29
161
963
293
132
139
68
226
360
777
2430
341
414
205
194
460
99
17
244
247
27
107
1880
478
432
206
146
1783
166
1181
1913
1612
100
6
2016
305
1525
65
215
59
322
268
1738
3846
426
132
476
249
47
133
61
139
482
823
112
203
2437
111
51
200
64
14
23
418
808
301
336
1554
140
2422
151
3077
305
486
1113
205
3212
1057
1008
1071
398
761
882
189
182
131
1981
31
52
5
413
343
151
847
201
35
905
142
1269
860
1110
47
406
1564
1090
28
149
175
27
224
97
487
41
57
173
4771
321
413
754
438
220
29
62
402
311
341
14
985
58
252
303
378
1111
764
1222
896
41
1170
499
423
1026
103
373
881
230
130
861
445
1859
918
67
28
236
925
1216
30
1125
1127
388
208
169
1921
24
1608
1564
70
180
80
1242
17
74
345
359
84
291
163
1800
945
848
48
257
119
51
420
444
179
508
105
814
388
16
95
95
1168
970
874
1673
816
85
370
1208
155
235
87
503
102
63
275
166
798
11
2454
1175
49
947
353
366
63
5456
836
502
91
229
138
33
821
865
118
1022
6
442
399
1513
11
294
906
446
1909
2386
171
246
270
959
1040
193
271
172
339
245
793
396
893
507
1224
1059
1239
455
81
398
1285
67
66
1761
395
832
93
1226
193
424
113
33
11
292
800
211
1066
1
52
831
82
1891
79
368
478
3128
117
973
227
195
2616
356
63
369
806
128
354
32
32
149
781
419
175
305
117
41
420
415
1646
176
29
214
55
862
863
861
133
203
1078
160
215
227
24
180
134
1043
66
1226
1097
92
1903
919
92
165
3336
3332
1220
292
976
29
436
498
1554
368
783
1614
804
1135
407
240
198
225
845
17
44
41
474
1197
78
494
472
1071
231
186
49
144
1225
1039
13
4
163
340
838
248
232
102
66
1650
836
276
143
129
1
373
1701
944
31
1674
798
41
424
368
228
163
1631
223
99
2819
875
772
258
174
139
164
161
390
24
1193
44
853
1585
108
987
6
144
280
136
198
2390
1179
2769
162
322
377
68
200
106
40
323
764
136
799
244
59
265
329
1683
1691
111
247
348
854
211
310
75
1157
152
1856
43
437
1139
1135
3
53
1197
1
829
4116
488
62
26
53
4604
150
51
1195
1250
830
61
834
1018
248
1867
2662
29
102
112
274
232
241
853
105
251
897
235
1039
1815
254
1566
908
240
87
404
179
5
2434
216
24
332
150
400
476
1020
400
440
382
153
814
2814
1105
850
246
136
794
478
901
2286
124
105
1126
41
241
321
215
47
986
2027
172
2
30
393
1087
2336
998
282
83
250
57
4172
146
246
135
797
401
309
1589
760
300
102
895
786
90
323
894
784
141
156
1765
199
1822
293
768
204
107
227
1616
1137
404
1015
56
50
77
71
919
1097
1138
149
1626
351
244
2367
129
107
1086
1852
968
1921
66
141
79
145
289
179
2753
115
57
205
915
381
2466
193
428
833
5
1089
448
260
44
1054
132
906
89
51
139
867
23
1204
1828
42
170
156
1230
1229
103
88
255
3174
127
2281
136
808
3948
272
121
149
65
867
173
177
1044
786
805
121
129
271
128
1283
486
1613
375
46
112
66
13
955
63
434
128
228
24
1565
246
369
201
330
845
393
1113
1184
294
1994
92
913
116
186
1261
1003
972
241
337
443
336
1674
130
54
1047
1977
1199
447
3346
1015
130
939
219
878
50
90
191
412
339
1064
346
1056
101
36
298
121
100
109
33
293
482
862
206
184
814
910
794
948
968
490
358
31
907
42
165
3515
327
463
1100
1071
759
3491
31
92
445
777
57
