100001
100001
100001
100001
100001
210
100001
100001
207
192
95
100001
232
203
335
319
100001
100001
269
100001
341
297
100001
100001
100001
228
205
380
100001
1
100001
251
100001
110
100001
271
100001
100001
100001
138
100001
285
312
364
100001
100001
100001
196
100001
100001
100001
326
100001
304
100001
50
100001
100001
100001
100001
271
267
334
274
452
320
313
100001
100001
100001
100001
100001
100001
100001
32
169
68
100001
100001
100001
249
84
100001
100001
211
100001
435
100001
100001
100001
100001
100001
100001
178
100001
100001
184
251
100001
164
53
100001
100001
279
265
100001
100001
289
338
100001
382
281
100001
154
275
212
100001
333
377
100001
100001
100001
189
226
140
364
100001
326
100001
381
122
205
100001
100001
100001
119
100001
126
310
236
348
173
280
100001
342
100001
353
248
189
143
251
100001
100001
362
100001
100001
100001
402
100001
100001
100001
100001
100001
418
100001
288
161
100001
100001
178
339
100001
100001
100001
100001
100001
159
206
283
186
100001
74
225
472
100001
100001
65
100001
418
310
100001
100001
281
267
100001
100001
100001
100001
100001
100001
84
100001
94
259
252
100001
253
303
100001
100001
247
245
309
264
100001
251
208
100001
100001
379
100001
262
100001
100001
138
322
263
356
100001
100001
59
100001
100001
100001
302
100001
314
100001
199
182
100001
237
100001
100001
100001
321
333
100001
100001
100001
100001
300
223
179
100001
306
408
444
91
45
100001
100001
100001
270
100001
419
206
100001
457
205
201
1
100001
253
100001
100001
100001
100001
100001
100001
100001
100001
208
293
244
236
100001
100001
100001
100001
191
100001
320
100001
100001
76
222
100001
100001
100001
171
100001
128
100001
246
309
100001
371
141
100001
100001
100001
223
100001
100001
100001
171
100001
100001
100001
100001
446
100001
100001
100001
100001
100001
264
120
100001
164
327
100001
100001
100001
142
236
100001
291
100001
100001
100001
213
236
312
307
262
253
100001
100001
337
305
277
26
127
285
100001
294
100001
100001
100001
100001
100001
100001
129
100001
449
373
100001
206
358
136
133
100001
100001
293
100001
223
351
100001
100001
100001
100001
100001
100001
470
197
100001
163
289
327
100001
100001
168
50
100001
129
143
276
100001
143
247
100001
480
100001
203
354
251
76
100001
175
201
100001
100001
100001
164
109
123
100001
264
100001
100001
32
238
100001
100001
208
100001
339
100001
100001
100001
100001
250
100001
100001
100001
100001
100001
100001
270
395
100001
379
232
204
161
176
387
234
100001
241
106
159
100001
100001
100001
100001
224
315
100001
400
371
100001
159
355
298
100001
100001
226
300
259
100001
242
100001
100001
161
100001
100001
100001
100001
100001
160
123
100001
53
176
100001
100001
100001
100001
100001
394
171
100001
100001
234
168
100001
104
100001
348
207
327
100001
100001
255
440
166
370
313
323
184
135
403
157
100001
100001
100001
368
100001
100001
327
277
218
394
100001
100001
213
276
129
269
398
50
259
100001
212
100001
100001
184
100001
100001
153
100001
100001
343
186
163
100001
430
152
253
100001
178
100001
149
100001
172
111
44
100001
100001
344
268
135
100001
289
100001
464
259
100001
100001
100001
100001
190
300
84
195
263
1
100001
113
100001
242
418
375
100001
70
418
180
155
100001
140
100001
191
100001
289
114
153
100001
359
100001
42
100001
223
201
100001
100001
227
100001
100001
84
100001
328
100001
285
100001
100001
100001
100001
342
100001
100001
354
100001
100001
100001
337
178
100001
100001
417
100001
100001
100001
100001
72
100001
100001
100001
100001
130
394
100001
417
378
92
100001
100001
354
357
100001
100001
313
224
150
235
100001
100001
207
310
100001
404
100001
100001
100001
342
100001
100001
260
78
100001
291
135
227
100001
100001
100001
168
100001
100001
400
100001
100001
100001
100001
100001
100001
310
227
159
100001
100001
74
241
108
316
100001
100001
251
100001
100001
65
100001
100001
365
321
185
174
405
447
192
81
304
100001
286
100001
100001
282
245
308
106
161
100001
100001
167
270
142
300
100001
210
237
383
100001
100001
100001
106
100001
100001
100001
238
100001
100001
180
149
100001
100001
100001
295
100001
100001
100001
93
100001
433
263
137
100001
239
189
74
100001
100001
201
320
100001
100001
346
100001
224
100001
100001
319
100001
275
100001
100001
52
100001
100001
100001
100001
100001
100001
100001
100001
140
100001
101
154
100001
100001
91
298
158
348
276
230
406
78
100001
168
100001
294
126
340
100001
400
158
80
100001
100001
100001
100001
151
299
100001
364
257
114
192
303
112
100001
292
358
401
100001
64
100001
96
423
109
100001
310
100001
100001
100001
344
331
310
100001
100001
100001
100001
100001
100001
293
356
100001
139
368
100001
292
100001
254
299
100001
100001
100001
308
100001
100001
318
356
206
166
100001
225
100001
63
338
100001
100001
388
158
188
262
100001
100001
179
382
359
100001
146
254
461
384
306
100001
100001
170
458
234
100001
229
100001
428
100001
320
100001
100001
374
352
357
203
353
344
404
103
100001
100001
100001
291
100001
100001
100001
100001
409
226
100001
281
100001
253
100001
164
100001
100001
127
229
221
100001
371
134
100001
265
100001
100001
100001
265
100001
309
61
100001
259
100001
173
100001
100001
287
19
328
144
316
100001
100001
251
395
353
100001
27
100001
138
100001
116
100001
100001
100001
122
100001
253
317
100001
100001
100001
100001
313
298
193
100001
100001
188
100001
100001
100001
100001
78
348
451
290
275
391
251
100001
100001
277
295
288
215
275
100001
255
269
100001
378
125
306
100001
88
100001
100001
100001
327
100001
394
414
100001
435
100001
100001
100001
100001
100001
406
100001
100001
100001
100001
100001
78
147
406
100001
399
100001
100001
109
100001
128
381
312
191
314
100001
322
158
100001
100001
100001
100001
100001
100001
275
64
100001
100001
231
321
355
245
100001
100001
100001
100001
100001
100001
315
100001
100001
364
100001
281
242
100001
100001
100001
100001
421
327
100001
100001
349
100001
247
107
264
365
388
332
100001
457
72
206
100001
100001
100001
100001
100001
100001
100001
100001
366
100001
100001
100001
100001
106
100001
100001
100001
100001
191
100001
100001
117
280
100001
100001
265
100001
319
220
278
262
409
337
80
100001
100001
100001
153
150
100001
195
198
321
113
284
100001
422
425
155
100001
100001
100001
100001
100001
258
189
288
282
136
440
100001
299
100001
100001
100001
246
234
100001
231
100001
100001
156
116
100001
100001
222
100001
323
100001
157
100001
100001
100001
43
300
276
324
169
228
268
100001
275
262
216
238
391
100001
100001
124
261
100001
327
100001
226
62
100001
100001
241
163
100001
100001
287
100001
247
100001
396
352
251
324
237
100001
388
100001
122
100001
300
100001
100001
288
100001
100001
100001
100001
100001
434
100001
100001
100001
100001
100001
100001
240
423
100001
255
126
253
100001
100001
270
100001
100001
436
100001
376
297
100001
278
324
100001
37
100001
100001
463
95
416
100001
205
130
121
100001
83
100001
151
100001
248
201
100001
100001
11
365
100001
100001
100001
189
100001
208
100001
100001
100001
100001
184
325
288
100001
66
100001
100001
100001
310
100001
100001
284
100001
217
100001
406
330
100001
227
100001
100001
100001
100001
204
365
180
100001
100001
100001
100001
257
249
100001
100001
100001
100001
100001
100001
18
100001
100001
207
100001
337
68
100001
100001
100001
100001
153
100001
392
100001
44
100001
445
137
231
100001
100001
241
95
318
100001
336
100001
320
100001
100001
125
90
134
437
100001
100001
235
100001
100001
161
100001
100001
100001
349
100001
100001
316
100001
255
100001
100001
100001
206
301
100001
100001
391
100001
149
406
146
353
100001
100001
100001
364
100001
457
100001
74
87
269
164
257
100001
100001
100001
100001
255
239
100001
100001
100001
316
100001
467
177
100001
418
204
100001
172
100001
256
199
100001
102
100001
100001
100001
294
100001
487
407
245
365
427
119
85
100001
100001
100001
100001
100001
100001
246
216
425
100001
100001
300
100001
259
328
181
100001
89
299
320
100001
306
100001
219
100001
100001
157
98
277
113
352
100001
100001
366
227
270
100001
100001
335
100001
364
100001
100001
100001
341
66
244
100001
100001
199
299
100001
114
449
100001
198
178
100001
305
329
100001
100001
222
100001
100001
103
100001
100001
100001
100001
100001
66
251
248
100001
260
300
100001
240
301
299
100001
72
267
264
100001
314
100001
197
279
100001
332
129
100001
1
121
399
419
100001
100001
219
100001
204
339
79
100001
100001
100001
100001
274
307
100001
100001
100001
228
100001
100001
365
100001
212
100001
205
100001
365
291
244
100001
259
100001
100001
405
319
100001
100001
100001
100001
100001
100001
100001
100001
274
394
100001
100001
100001
384
100001
336
100001
100001
292
100001
100001
100001
100001
308
396
248
100001
100001
211
252
296
100001
100001
100001
100001
293
100001
162
144
100001
100001
100001
167
100001
329
283
100001
100001
100001
100001
100001
100001
100001
147
421
100001
445
309
100001
100001
211
100001
190
135
353
100001
386
225
100001
227
100001
374
100001
100001
100001
100001
391
100001
61
252
387
309
100001
100001
97
100001
223
100001
261
256
100001
100001
248
44
100001
100001
100001
100001
100001
356
60
100001
287
311
194
100001
208
147
100001
244
334
301
100001
100001
393
100001
100001
100001
220
254
100001
100001
100001
100001
149
239
100001
100001
205
100001
100001
100001
100001
318
139
100001
164
291
300
100001
117
100001
194
100001
302
100001
240
333
63
100001
100001
156
100001
100001
142
100001
100001
100001
339
100001
100001
100001
141
220
100001
345
253
167
100001
270
100001
207
100001
100001
265
100001
100001
100001
247
100001
411
100001
100001
303
242
100001
100001
240
147
215
92
100001
111
330
100001
293
140
18
100001
100001
100001
340
100001
100001
436
100001
187
312
100001
275
100001
100001
100001
297
242
430
100001
335
152
100001
310
23
100001
136
100001
129
104
100001
159
97
100001
100001
100001
100001
194
100001
100001
451
398
354
100001
100001
170
95
100001
100001
100001
229
100001
203
280
256
100001
100001
100001
100001
100001
100001
100001
114
264
133
452
100001
372
335
100001
100001
290
269
248
218
100001
100001
100001
100001
100001
200
271
100001
311
249
100001
100001
226
100001
290
273
175
100001
100001
100001
100001
100001
100001
258
372
100001
459
100001
152
100001
251
292
100001
100001
189
236
100001
100001
254
100001
100001
100001
316
171
100001
154
343
161
100001
100001
222
100001
262
287
100001
100001
37
100001
100001
326
100001
100001
300
345
100001
387
100001
100001
100001
100001
326
434
202
148
100001
100001
100001
100001
100001
382
200
100001
100001
421
228
100001
322
449
239
246
162
218
100001
286
100001
442
100001
100001
1
204
239
100001
100001
159
100001
100001
100001
209
100001
100001
277
100001
388
246
357
100001
283
100001
230
100001
367
100001
100001
467
191
368
112
230
100001
119
292
100001
314
100001
100001
100001
335
100001
100001
100001
282
100001
294
100001
100001
252
234
100001
86
221
451
100001
386
100001
100001
251
100001
100001
292
100001
100001
136
444
128
352
241
88
177
294
100001
246
89
100001
100001
101
190
288
100001
228
100001
224
228
265
100001
239
100001
100001
213
85
177
165
135
289
279
100001
100001
297
287
100001
322
227
100001
78
358
277
432
100001
100001
281
146
299
100001
275
100001
135
100001
100001
100001
235
100001
100001
118
100001
225
341
108
100001
212
261
228
475
58
262
100001
100001
100001
292
324
315
100001
382
258
100001
159
81
161
109
395
126
100001
100001
100001
203
100001
100001
145
293
138
100001
100001
100001
282
100001
100001
100001
100001
100001
100001
100001
54
238
170
115
100001
100001
100001
100001
235
242
358
145
290
268
141
100001
100001
184
204
100001
100001
132
100001
290
98
100001
176
100001
100001
258
100001
100001
371
349
268
330
271
100001
115
100001
100001
275
100001
205
100001
100001
100001
407
293
100001
297
104
100001
223
100001
468
199
172
100001
100001
100001
100001
100001
100001
100001
19
100001
184
100001
200
133
100001
414
100001
100001
100001
212
100001
320
100001
390
100001
100001
204
100001
100001
100001
244
100001
100001
100001
100001
422
197
180
100001
100001
328
100001
1
100001
100001
100001
424
236
238
100001
100001
100001
398
284
100001
100001
100001
100001
100001
100001
100001
70
100001
100001
257
324
100001
236
233
85
100001
100001
142
100001
286
100001
425
311
100001
100001
100001
100001
282
129
174
291
164
306
241
317
100001
146
242
100001
100001
100001
310
373
190
140
454
100001
100001
100001
100001
367
100001
167
261
318
326
100001
274
371
263
100001
100001
312
100001
376
100001
216
412
211
100001
100001
100001
100001
253
314
100001
100001
100001
229
368
100001
100001
100001
100001
100001
420
218
328
100001
100001
162
275
252
100001
100001
100001
165
38
100001
100001
100001
100001
205
402
100001
278
339
100001
235
100001
200
148
100001
100001
193
100001
406
100001
100001
100001
100001
136
100001
100001
100001
100001
340
100001
100001
301
306
100001
140
100001
190
100001
100001
172
233
100001
100001
100001
100001
100001
211
100001
100001
313
100001
290
426
111
286
129
100001
390
100001
100001
274
100001
484
235
100001
100001
100001
264
100001
154
100001
440
100001
100001
100001
157
100001
100001
100001
366
310
100001
410
100001
41
100001
287
236
100001
219
330
100001
219
133
275
100001
291
181
100001
382
6
100001
100001
100001
100001
100001
100001
157
105
100001
256
100001
100001
100001
145
100001
100001
240
332
100001
100001
360
100001
100001
306
105
175
324
100001
497
241
225
100001
100001
351
326
132
100001
197
370
344
266
100001
63
100001
100001
100001
338
100001
329
239
56
100001
129
267
92
100001
100001
100001
100001
100001
100001
100001
100001
417
100001
100001
100001
100001
100001
100001
100001
100001
100001
304
100001
379
100001
100001
382
100001
69
316
231
337
290
184
100001
186
100001
71
100001
142
370
100001
100001
100001
369
277
256
100001
100001
100001
141
195
100001
110
100001
100001
100001
154
396
100001
260
444
100001
280
146
208
216
208
100001
100001
100001
235
100001
100001
305
100001
100001
471
100001
100001
198
100001
100001
184
100001
397
100001
100001
76
100001
244
100001
41
141
100001
100001
100001
100001
100001
28
303
297
213
228
100001
242
248
100001
448
100001
432
100001
439
100001
100001
366
169
100001
100001
100001
100001
294
224
164
252
100001
259
304
100001
100001
387
100001
100001
100001
250
154
100001
100001
119
100001
100001
100001
268
100001
190
100001
100001
100001
100001
100001
267
82
194
100001
100001
100001
85
414
154
100001
100001
100001
100001
333
100001
363
100001
100001
310
100001
409
274
100001
234
100001
367
396
100001
292
428
100001
108
319
100001
435
100001
100001
281
100001
156
100001
345
361
100001
100001
100001
100001
100001
100001
170
292
100001
100001
100001
100001
390
218
136
244
100001
386
100001
270
319
100001
100001
427
462
110
378
100001
124
100001
100001
100001
100001
100001
354
100001
100001
214
100001
383
432
312
242
237
100001
100001
100001
100001
100001
100001
100001
303
429
249
100001
100001
100001
202
371
100001
100001
401
201
199
113
330
100001
100001
100001
100001
381
100001
332
307
344
100001
100001
100001
279
361
146
112
100001
100001
100001
100001
260
139
100001
387
243
168
100001
98
305
121
100001
186
100001
100001
322
100001
336
100001
100001
426
100001
100001
100001
75
301
100001
321
363
250
100001
100001
100001
100001
198
100001
199
100001
66
100001
100001
437
280
319
100001
174
52
348
100001
341
100001
131
100001
300
167
100001
100001
100001
100001
100001
100001
100001
250
100001
100001
100001
57
210
174
100001
322
330
226
100001
231
104
179
100001
296
266
100001
235
94
120
227
100001
263
100001
362
100001
182
100001
100001
310
148
342
139
100001
204
203
100001
375
168
100001
442
437
100001
180
100001
100001
100001
267
100001
228
237
100001
100001
100001
100001
100001
303
100001
417
188
189
75
100001
117
100001
401
100001
281
277
100001
175
100001
100001
100001
115
100001
100001
334
100001
242
76
100001
100001
191
100001
100001
100001
453
194
100001
100001
402
100001
267
189
100001
332
130
100001
100001
100001
164
100001
100001
311
100001
155
136
100001
201
100001
438
417
349
100001
114
100001
171
100001
100001
231
230
100001
100001
100001
100001
117
292
100001
241
109
100001
100001
100001
100001
100001
100001
100001
100001
258
100001
20
165
272
100001
100001
100001
100001
189
100001
194
100001
471
389
100001
100001
100001
320
100001
100001
430
310
159
100001
100001
371
219
100001
251
286
347
100001
273
326
226
100001
100001
100001
260
100001
100001
200
206
100001
210
310
100001
169
280
303
100001
232
351
358
100001
100001
100001
424
299
213
320
261
320
100001
318
100001
100001
100001
261
100001
248
467
100001
296
100001
100001
100001
100001
124
100001
100001
320
411
234
100001
180
100001
265
174
100001
100001
389
243
100001
100001
431
193
100001
226
278
100001
125
100001
247
251
212
229
100001
100001
100001
401
100001
100001
100001
320
197
142
235
430
100001
100001
100001
132
250
100001
116
100001
356
100001
298
208
255
100001
361
100001
470
200
100001
100001
100001
305
421
100001
100001
100001
136
100001
281
231
100001
343
276
121
210
100001
100001
100001
293
202
352
100001
403
191
162
294
100001
100001
100001
297
100001
100001
204
247
420
100001
100001
100001
100001
257
100001
213
26
381
78
415
100001
100001
184
100001
100001
163
100001
255
100001
458
312
100001
411
419
293
100001
100001
100001
100001
347
100001
100001
100001
100001
100001
402
273
359
100001
305
100001
100001
100001
100001
100001
134
144
290
100001
462
100001
64
100001
100001
100001
100001
100001
141
68
351
100001
379
100001
119
270
268
340
210
100001
169
206
100001
189
282
182
100001
100001
281
100001
323
128
362
469
215
270
100001
100001
387
103
100001
97
100001
100001
100001
100001
274
100001
100001
100001
100001
335
100001
320
212
166
100001
401
100001
350
256
140
446
100001
269
263
469
100001
100001
100001
100001
100001
438
100001
279
100001
100001
301
100001
170
100001
1
100001
295
100001
100001
100001
100001
100001
179
100001
100001
100001
282
100001
100001
100001
338
462
265
100001
376
351
361
100001
180
216
142
100001
267
100001
256
100001
474
100001
100001
100001
100001
119
77
100001
100001
389
191
366
100001
100001
100001
270
100001
100001
250
108
100001
448
100001
100001
100001
100001
100001
264
100001
355
139
168
100001
308
100001
385
58
386
281
100001
100001
92
100001
287
316
155
335
100001
178
100001
100001
100001
100001
196
59
223
172
315
100001
258
170
100001
321
100001
100001
100001
268
100001
100001
129
273
100001
100001
100001
100001
100001
100001
71
100001
100001
100001
225
100001
100001
237
100001
100001
288
100001
100001
321
421
100001
321
100001
310
265
100001
100001
105
100001
407
397
100001
398
100001
348
100001
191
233
161
157
226
230
100001
401
260
100001
100001
100001
212
290
213
269
119
215
57
100001
100001
341
250
100001
448
100001
100001
100001
100001
167
100001
100001
100001
178
342
311
100001
100001
86
316
115
100001
278
100001
213
288
325
145
100001
100001
100001
100001
144
100001
100001
100001
100001
265
100001
203
178
100001
100001
373
236
127
100001
100001
88
247
328
228
238
373
100001
65
368
100001
233
100001
333
216
431
214
100001
311
100001
143
100001
490
100001
100001
239
216
235
100001
100001
100001
100001
93
314
143
234
434
100001
100001
100001
313
129
289
223
100001
232
100001
146
100001
339
123
100001
324
262
100001
100001
481
100001
100001
100001
100001
129
206
45
100001
244
100001
303
220
257
259
218
100001
100001
127
297
100001
100001
374
100001
345
100001
283
100001
100001
310
100001
100001
100001
184
171
100001
161
100001
48
100001
100001
100001
27
100001
100001
164
100001
266
342
100001
180
348
100001
100001
100001
100001
100001
100001
228
383
100001
286
261
100001
100001
317
100001
100001
292
100001
100001
100001
216
146
343
241
100001
100001
100001
100001
310
100001
175
100001
80
200
122
339
100001
87
100001
95
100001
100001
343
100001
228
61
133
100001
100001
58
279
100001
56
136
100001
100001
100001
394
100001
100001
100001
100001
100001
100001
100001
100001
100001
230
100001
328
296
209
100001
361
183
100001
250
241
100001
100001
100001
449
100001
238
293
100001
100001
100001
100001
178
29
100001
100001
100001
100001
100001
100001
257
422
100001
100001
100001
100001
100001
254
100001
100001
324
100001
238
100001
209
100001
100001
153
100001
100001
100001
455
273
143
100001
343
379
100001
100001
267
262
100001
139
28
100001
100001
225
193
100001
167
320
213
331
278
171
450
100001
100001
297
100001
231
100001
228
83
376
100001
325
202
260
52
210
100001
100001
172
100001
274
285
100001
128
311
100001
100001
100001
100001
122
100001
100001
274
351
100001
100001
290
174
72
235
167
100001
100001
152
346
275
190
205
100001
220
382
40
100001
100001
100001
100001
211
100001
136
100001
100001
269
409
100001
100001
100001
100001
349
208
252
100001
420
178
322
100001
341
192
175
192
100001
310
100001
287
100001
100001
316
281
242
395
223
100001
106
100001
100001
284
100001
100001
352
255
100001
395
157
270
100001
100001
167
100001
337
100001
154
100001
100001
100001
100001
100001
112
363
100001
100001
100001
173
243
100001
242
100001
100001
100001
100001
381
251
100001
351
246
100001
100001
140
100001
100001
239
315
100001
100001
100001
248
100001
345
100001
156
269
320
100001
222
459
100001
100001
100001
100001
100001
100001
100001
100001
100001
202
100001
100001
334
333
100001
384
474
100001
239
204
100001
297
257
355
100001
100001
257
100001
295
232
85
100001
195
100001
253
178
100001
377
100001
416
100001
100001
272
198
336
45
100001
100001
100001
100001
338
100001
100001
100001
148
100001
100001
224
100001
100001
100001
180
100001
192
65
100001
376
100001
100001
222
100001
400
161
100001
100001
100001
100001
100001
100001
100001
203
100001
100001
100001
143
338
100001
281
243
205
251
304
156
100001
149
100001
283
100001
354
72
368
338
270
252
100001
315
335
100001
127
100001
100001
354
100001
186
100001
223
100001
416
39
383
277
100001
116
269
378
100001
231
285
162
100001
100001
100001
274
100001
248
264
310
321
157
100001
206
100001
258
291
100001
180
100001
254
100001
100001
248
215
193
439
118
100001
100001
100001
286
180
100001
100001
288
100001
100001
100001
100001
357
308
344
100001
404
100001
175
100001
227
100001
100001
131
63
100001
100001
298
100001
100001
296
100001
100001
151
100001
210
100001
100001
100001
100001
100001
100001
348
356
222
80
100001
100001
100001
100001
100001
235
100001
100001
340
109
100001
100001
82
435
100001
404
100001
100001
170
325
100001
100001
258
199
420
333
100001
337
141
115
100001
266
258
188
123
100001
285
73
379
331
100001
297
100001
100001
390
100001
73
100001
100001
12
329
100001
65
100001
239
76
224
98
100001
100001
237
281
100001
261
100001
225
100001
100001
100001
100001
198
124
100001
100001
35
100001
100001
413
106
338
291
276
100001
100001
100001
100001
237
100001
100001
361
401
73
245
442
100001
100001
100001
310
100001
100001
100001
215
100001
313
100001
100001
100001
100001
100001
63
100001
286
234
335
100001
122
291
257
251
100001
100001
100001
79
233
232
358
100001
100001
100001
100001
248
210
100001
189
359
231
318
100001
100001
239
200
100001
156
100001
100001
100001
237
100001
100001
100001
230
280
251
100001
82
323
393
320
476
312
100001
181
100001
329
100001
323
247
284
254
326
100001
100001
267
202
100001
100001
353
190
329
100001
100001
100001
272
227
100001
100001
100001
100001
395
347
100001
282
234
100001
102
182
298
100001
224
321
282
261
100001
100001
100001
332
162
100001
48
33
100001
100001
381
200
100001
179
174
100001
305
254
100001
100001
100001
440
100001
100001
100001
284
262
100001
184
100001
142
221
210
263
217
100001
100001
100001
100001
291
100001
228
100001
100001
142
351
100001
219
424
100001
100001
205
282
408
59
100001
100001
171
17
100001
100001
350
344
430
223
228
100001
100001
100001
112
87
100001
212
100001
357
271
100001
407
100001
100001
274
122
400
100001
100001
100001
209
100001
311
100001
311
100001
237
100001
173
430
100001
100001
309
229
142
100001
100001
1
100001
255
100001
40
100001
299
364
103
447
258
130
100001
100001
221
92
100001
100001
100001
273
249
241
100001
403
100001
100001
100001
100001
100001
100001
374
100001
100001
411
146
100001
100001
305
68
247
492
310
383
272
390
1
95
100001
100001
114
100001
289
188
100001
100001
301
342
100001
30
329
100001
100001
100001
100001
158
100001
168
309
253
156
100001
100001
265
344
100001
305
299
100001
185
246
278
100001
100001
100001
304
193
400
274
332
429
317
100001
100001
100001
169
100001
398
100001
100001
213
470
100001
243
100001
264
100001
100001
244
100001
120
100001
100001
100001
100001
100001
124
100001
361
173
100001
249
387
341
100001
100001
316
310
100001
249
224
236
335
224
308
100001
100001
100001
178
308
100001
100001
100001
343
379
100001
213
319
168
347
100001
53
84
100001
190
100001
402
246
484
100001
100001
100001
235
100001
100001
143
167
292
133
277
349
100001
177
100001
330
100001
100001
100001
146
100001
100001
303
274
100001
100001
100001
100001
189
100001
170
100001
100001
100001
100001
100001
343
338
341
330
117
184
100001
100001
100001
100001
292
100001
100001
100001
100001
260
100001
100001
190
215
100001
100001
100001
100001
477
100001
100001
100001
257
259
310
100001
327
164
411
63
100001
333
100001
109
156
302
100001
347
241
100001
100001
100001
362
92
100001
263
241
219
217
65
100001
255
298
241
467
100001
315
159
251
100001
392
100001
152
100001
100001
131
100001
243
316
260
100001
100001
100001
319
100001
339
100001
249
100001
100001
66
100001
315
100001
163
100001
151
342
127
100001
100001
100001
100001
100001
314
267
100001
284
259
100001
100001
245
100001
123
242
100001
265
328
100001
100001
209
100001
487
283
100001
82
299
123
449
387
100001
100001
100001
100001
253
100001
100001
100001
241
100001
159
100001
100001
100001
87
100001
277
269
100001
325
100001
218
203
100001
100001
400
193
228
290
100001
100001
100001
162
368
100001
100001
100001
100001
479
167
100001
353
130
100001
100001
238
100001
355
100001
389
100001
100001
100001
100001
100001
100001
97
100001
100001
100001
342
100001
287
100001
100001
100001
100001
287
421
100001
222
220
300
100001
342
100001
100001
188
100001
299
100001
100001
346
100001
388
100001
227
201
100001
100001
184
312
100001
100001
296
100001
198
188
200
100001
100001
100001
100001
100001
351
100001
155
352
100001
100001
264
100001
100001
277
100001
100001
165
100001
250
200
100001
369
100001
94
100001
100001
100001
286
100001
308
100001
100001
201
355
100001
100001
100001
100001
203
100001
100001
100001
368
69
141
100001
100001
100001
240
251
100001
332
100001
152
100001
178
100001
360
100001
347
100001
100001
232
100001
100001
100001
100001
100001
207
100001
68
293
100001
137
100001
100001
108
348
437
288
100001
100001
100001
100001
343
99
218
310
100001
100001
314
105
362
100001
102
100001
356
100001
100001
100001
292
100001
225
305
184
90
100001
176
98
100001
260
364
100001
358
100001
409
100001
161
296
100001
100001
267
100001
429
100001
100001
272
100001
100001
100001
100001
100001
100001
318
168
91
100001
100001
388
100001
100001
386
100001
100001
100001
100001
295
218
100001
100001
100001
100001
175
100001
100001
227
354
100001
100001
100001
227
100001
345
143
172
100001
309
100001
100001
100001
202
100001
319
333
100001
100001
367
100001
167
176
213
257
100001
290
100001
100001
133
304
100001
112
100001
100001
245
370
100001
100001
100001
100001
316
100001
328
267
100001
100001
191
100001
329
298
250
360
100001
381
100001
50
213
100001
100001
100001
100001
100001
100001
218
231
100001
100001
451
160
100001
218
216
323
86
100001
436
87
100001
273
47
252
100001
352
100001
296
100001
374
100001
132
100001
100001
288
182
100001
100001
100001
100001
100001
100001
377
100001
90
328
372
314
253
100001
291
100001
301
100001
216
100001
100001
100001
100001
415
393
100001
100001
72
149
100001
100001
100001
207
100001
90
221
100001
100001
112
100001
100001
309
129
410
100001
100001
53
100001
366
169
100001
100001
257
182
101
291
236
174
100001
244
100001
317
227
278
100001
100001
367
226
88
100001
229
47
100001
100001
453
214
275
100001
100001
100001
100001
100001
429
286
218
100001
374
100001
100001
286
100001
256
261
100001
112
100001
257
100001
100001
155
100001
100001
177
100001
330
100001
408
374
108
270
292
100001
244
100001
100001
100001
98
100001
100001
375
459
474
100001
344
190
100001
100001
100001
100001
100001
100001
100001
100001
317
100001
100001
100001
100001
100001
150
100001
218
289
437
100001
385
281
370
151
154
100001
100001
100001
377
100001
343
369
86
399
126
248
207
100001
100001
333
300
100001
364
100001
100001
100001
375
100001
210
302
254
100001
100001
172
100001
266
100001
327
254
300
100001
100001
144
100001
100001
305
100001
100001
291
100001
87
32
100001
100001
425
100001
100001
54
100001
100001
100001
125
100001
100001
100001
100001
123
208
100001
192
100001
100001
315
100001
100001
211
289
100001
76
100001
137
485
100001
100001
100001
98
100001
285
139
418
232
100001
100001
100001
100001
250
100001
100001
100001
100001
87
371
100001
319
340
100001
100001
34
440
100001
437
395
237
264
118
100001
359
100001
376
100001
304
217
100001
100001
100001
19
100001
153
100001
175
100001
96
84
100001
100001
100001
311
100001
301
260
116
366
70
186
100001
202
100001
273
69
324
100001
100001
100001
95
248
98
231
109
422
263
100001
100001
100001
323
253
100001
301
400
256
331
100001
344
100001
158
100001
315
100001
266
100001
100001
190
100001
100001
351
100001
412
223
292
292
335
100001
203
100001
216
270
160
100001
336
100001
199
294
1
328
460
100001
100001
100001
346
100001
50
100001
100001
170
100001
374
332
337
237
100001
100001
100001
100001
288
392
100001
216
407
100001
109
100001
100001
228
100001
100001
277
100001
231
100001
100001
100001
399
100001
244
100001
100001
100001
338
97
100001
100001
339
100001
100001
100001
100001
295
373
129
100001
100001
1
100001
314
100001
279
354
100001
100001
400
100001
100001
198
100001
100001
100001
100001
228
367
311
100001
100001
381
115
100001
100001
100001
105
351
256
131
100001
455
307
100001
100001
100001
270
171
100001
100001
37
100001
146
100001
151
100001
100001
297
337
100001
161
100001
281
201
100001
308
100001
263
100001
100001
100001
100001
100001
100001
254
333
438
100001
233
401
100001
247
385
100001
100001
1
328
135
168
100001
100001
100001
100001
85
236
202
150
100001
284
166
100001
360
186
100001
100001
220
100001
314
100001
100001
100001
101
100001
24
100001
206
191
319
274
100001
313
100001
257
268
100001
461
204
100001
245
100001
100001
100001
454
224
100001
100001
100001
100001
100001
220
130
194
100001
100001
100001
343
100001
100001
206
100001
260
100001
219
167
360
219
247
100001
100001
100001
100001
306
100001
100001
322
100001
100001
471
100001
100001
100001
285
100001
100001
100001
100001
237
100001
100001
377
193
303
149
354
176
100001
100001
290
100001
100001
74
247
100001
158
337
100001
100001
100001
258
100001
147
85
292
55
100001
278
100001
91
100001
93
100001
270
350
69
100001
412
215
100001
100001
100001
100001
128
293
183
100001
100001
100001
481
43
287
245
372
349
100001
355
308
100001
410
100001
100001
235
100001
100001
95
189
100001
100001
100001
100001
100001
351
398
100001
100001
140
100001
253
100001
347
100001
270
100001
100001
100001
209
100001
230
424
243
386
100001
314
113
100001
100001
157
332
100001
100001
294
209
333
249
100001
197
225
432
209
121
271
100001
100001
231
216
245
171
336
100001
93
405
100001
345
100001
211
231
268
100001
100001
247
100001
107
100001
100001
100001
100001
100001
100001
100001
100001
100001
287
234
100001
216
100001
234
360
100001
404
155
100001
84
95
432
393
100001
238
100001
100001
100001
100001
247
303
100001
245
322
100001
100001
100001
385
100001
131
292
374
186
100001
317
287
114
100001
100001
244
216
100001
100001
100001
100001
326
100001
76
100001
100001
100001
100001
418
361
100001
100001
253
100001
100001
100001
191
100001
100001
100001
222
100001
212
317
100001
100001
100001
233
126
119
200
100001
401
100001
306
324
100001
100001
100001
100001
271
244
100001
231
343
100001
100001
100001
100001
100001
100001
331
133
266
249
100001
208
100001
100001
331
100001
218
338
32
100001
469
100001
356
343
257
313
291
274
374
100001
93
100001
134
100001
81
100001
276
100001
91
306
100001
100001
276
100001
100001
166
100001
100001
100001
100001
100001
100001
291
110
100001
382
100001
100001
62
151
204
361
100001
100001
227
407
135
100001
450
100001
100001
100001
100001
275
100001
416
298
100001
241
242
323
317
100001
195
100001
100001
100001
290
100001
274
100001
358
269
393
100001
262
100001
100001
100001
100001
188
100001
100001
274
100001
113
100001
100001
207
425
269
462
100001
207
100001
151
359
100001
391
100001
100001
100001
228
100001
100001
100001
100001
240
100001
100001
294
100001
183
100001
100001
100001
140
100001
138
321
408
158
297
100001
100001
100001
100001
100001
214
100001
352
89
281
351
233
327
100001
100001
100001
235
100001
341
144
62
100001
260
100001
100001
366
100001
291
366
296
100001
100001
100001
228
100001
343
100001
344
100001
276
100001
159
100001
163
389
100001
100001
100001
100001
338
100001
100001
100001
250
100001
198
100001
259
100001
100001
100001
412
100001
100001
216
230
100001
100001
174
100001
454
100001
324
100001
100001
92
219
248
157
100001
328
168
228
435
100001
100001
61
395
100001
100001
57
100001
100001
86
100001
124
100001
100001
103
100001
154
326
100001
371
100001
292
278
217
360
100001
100001
100001
100001
217
365
100001
100001
100001
157
100001
100001
103
310
100001
140
60
36
100001
122
100001
100001
162
100001
100001
113
196
296
297
100001
297
100001
100001
100001
100001
100001
269
100001
100001
289
133
249
100001
100001
100001
209
432
242
446
313
174
172
292
339
100001
100001
258
100001
100001
100001
100001
210
100001
127
165
322
100001
100001
100001
394
100001
310
302
100001
339
292
301
100001
282
259
289
100001
236
127
129
229
140
100001
100001
100001
118
100001
231
100001
100001
99
204
439
327
429
100001
100001
100001
100001
100001
100001
92
325
100001
51
233
346
100001
100001
49
66
206
257
100001
360
88
64
158
308
1
139
100001
326
267
51
100001
137
100001
100001
396
310
100001
100001
105
94
125
100001
100001
165
262
252
100001
100001
355
139
100001
100001
100001
388
100001
173
100001
100001
368
289
327
246
100001
100001
318
100001
222
205
100001
100001
100001
370
242
100001
100001
100001
100001
412
334
194
425
100001
221
235
147
100001
100001
157
100001
240
100001
245
68
163
100001
278
100001
274
288
100001
124
297
100001
100001
409
100001
119
100001
141
273
100001
100001
228
242
441
100001
100001
222
266
210
151
395
100001
100001
100001
58
320
255
100001
288
100001
100001
100001
100001
447
90
61
100001
100001
291
100001
100001
100001
166
100001
100001
255
343
163
284
423
150
125
100001
157
100001
180
100001
124
100001
124
100001
426
145
333
203
100001
151
213
100001
218
155
100001
100001
100001
284
100001
230
250
239
100001
412
100001
100001
233
321
100001
179
292
391
100001
100001
100001
342
100001
100001
190
201
100001
100001
336
100001
129
137
100001
315
100001
104
149
416
329
100001
137
100001
100001
290
347
100001
441
100001
100001
201
193
132
282
100001
147
100001
100001
100001
100001
261
100001
100001
100001
100001
100001
100001
321
290
105
100001
103
336
100001
100001
100001
89
144
100001
152
316
304
100001
316
100001
100001
252
100001
322
100001
100001
100001
189
388
365
48
359
283
100001
430
100001
100001
209
109
100001
100001
100001
100001
100001
100001
230
100001
100001
272
137
100001
100001
194
100001
284
100001
372
100001
100001
100001
100001
100001
315
100001
347
100001
100001
219
100001
342
100001
91
312
100001
100001
221
100001
211
339
368
100001
100001
466
271
100001
376
207
100001
100001
257
100001
226
309
100001
377
100001
279
358
287
360
453
165
260
100001
100001
100001
100001
100001
205
126
100001
18
100001
100001
100001
100001
100001
100001
150
155
100001
358
41
323
339
178
272
100001
100001
130
274
302
100001
100001
267
100001
128
295
100001
228
100001
100001
350
100001
100001
386
100001
119
100001
233
210
113
270
100001
220
100001
198
100001
361
229
282
100001
100001
337
100001
100001
260
249
114
100001
100001
361
100001
113
303
407
214
100001
100001
100001
382
171
100001
100001
100001
382
100001
100001
401
100001
35
195
100001
100001
142
241
100001
181
100001
100001
453
180
377
100001
408
100001
100001
377
129
100001
100001
100001
100001
100001
298
100001
100001
140
233
100001
156
100001
386
222
362
248
100001
409
366
333
100001
473
197
376
100001
100001
100001
100001
100001
129
271
100001
100001
407
50
100001
100001
167
139
223
100001
1
46
167
242
389
258
304
280
348
100001
100001
100001
363
236
100001
100001
311
284
149
100001
376
100001
100001
100001
100001
183
100001
100001
100001
100001
272
100001
100001
211
121
233
205
124
341
100001
328
453
100001
477
100001
233
157
144
318
291
100001
357
220
263
408
100001
100001
243
100001
189
179
100001
100001
273
100001
260
164
100001
172
100001
100001
100001
374
246
292
358
100001
100001
100001
100001
100001
100001
284
100001
125
100001
100001
100001
246
100001
100001
100001
290
183
100001
215
117
100001
100001
191
100001
174
200
362
288
379
100001
100001
100001
283
293
249
100001
100001
231
100001
1
281
100001
285
376
162
237
100001
100001
100001
323
100001
112
218
130
286
195
100001
226
215
100001
338
361
100001
108
100001
342
100001
100001
100001
100001
100001
100001
259
291
274
100001
265
100001
139
149
100001
100001
100001
100001
255
100001
147
100001
266
100001
181
258
231
283
440
279
100001
25
100001
100001
100001
100001
100001
100001
100001
106
293
100001
100001
272
159
244
231
244
100001
100001
100001
197
100001
100001
100001
85
490
100001
100001
100001
100001
391
243
100001
100001
190
100001
99
100001
213
393
161
232
100001
100001
51
100001
100001
100001
100001
100001
237
92
164
100001
353
100001
100001
290
151
171
100001
100001
100001
99
100001
85
100001
188
243
100001
308
100001
100001
91
100001
200
100001
106
100001
453
187
100001
251
100001
235
170
100001
100001
100001
46
100001
100001
301
100001
108
114
319
381
311
100001
100001
75
100001
100001
423
194
135
100001
195
378
336
100001
211
100001
100001
100001
100001
100001
144
187
141
100001
238
100001
357
47
100001
209
100001
100001
421
202
443
163
223
263
341
100001
100001
469
301
236
235
240
236
175
319
100001
316
100001
100001
100001
100001
207
100001
100001
100001
100001
100001
235
344
253
100001
260
62
223
100001
100001
296
377
379
100001
115
100001
270
85
160
100001
390
302
139
172
100001
100001
313
226
1
100001
173
100001
400
220
255
100001
84
229
100001
100001
236
354
164
100001
286
188
100001
100001
100001
100001
203
133
100001
347
271
100001
100001
318
265
151
100001
100001
100001
237
230
101
100001
100001
100001
100001
269
261
100001
344
198
243
100001
227
100001
237
351
248
100001
100001
100001
100001
100001
100001
200
356
100001
295
100001
381
219
100001
178
100001
266
100001
100001
100001
100001
215
100001
100001
100001
100001
171
424
100001
210
100001
85
100001
257
100001
100001
215
223
265
308
100001
100001
255
100001
100001
265
148
100001
100001
100001
380
100001
100001
100001
266
100001
275
135
100001
100001
116
124
100001
361
100001
67
120
151
260
3
100001
384
100001
100001
167
270
254
100001
100001
100001
101
350
100001
100001
129
298
100001
100001
100001
100001
156
220
233
101
100001
100001
326
85
100001
79
243
121
219
100001
322
299
100001
100001
100001
294
100001
100001
369
100001
100001
100001
205
365
100001
305
100001
100001
100001
303
435
100001
9
100001
421
299
100001
163
100001
390
338
100001
122
100001
100001
297
100001
100001
131
248
100001
100001
427
100001
288
292
100001
100001
100001
100001
100001
282
184
132
325
100001
100001
100001
329
100001
303
238
489
100001
155
197
100001
100001
264
100001
100001
100001
100001
288
135
241
100001
100001
150
264
100001
100001
100001
456
100001
100001
100001
311
373
100001
193
124
100001
100001
182
100001
100001
213
320
206
197
137
100001
100001
100001
267
208
277
100001
100001
100001
128
343
297
159
145
100001
154
370
318
100001
206
260
320
100001
100001
100001
156
100001
234
334
100001
473
413
313
100001
100001
100001
100001
100001
263
100001
100001
114
100001
169
100001
250
78
341
361
201
276
305
289
219
100001
100001
100001
100001
157
278
100001
100001
100001
100001
100001
100001
100001
100001
285
100001
310
429
100001
405
100001
100001
100001
314
145
100001
420
100001
100001
133
309
100001
106
100001
213
100001
100001
333
100001
90
100001
111
100001
100001
301
100001
100001
414
100001
100001
213
100001
100001
100001
416
116
100001
100001
279
376
100001
100001
210
100001
142
100001
100001
100001
281
290
100001
438
87
100001
218
100001
157
136
100001
325
177
146
100001
171
100001
100001
100001
67
345
100001
283
100001
100001
100001
326
100001
292
90
100001
100001
343
100001
100001
100001
128
412
100001
166
280
100001
312
246
400
100001
302
100001
100001
154
288
100001
100001
223
100001
359
168
326
366
100001
100001
100001
100001
100001
269
326
235
100001
100001
379
159
100001
238
243
100001
100001
100001
100001
100001
293
360
128
86
100001
100001
100001
100001
294
100001
100001
100001
100001
171
100001
179
87
69
100001
100001
100001
100001
100001
389
316
100001
216
100001
245
160
100001
100001
100001
473
47
100001
100001
100001
100001
349
100001
419
284
32
100001
228
100001
100001
238
100001
216
100001
472
100001
263
280
301
317
100001
100001
100001
124
100001
253
100001
100001
144
100001
100001
100001
316
237
357
408
278
134
220
100001
380
270
322
386
100001
296
100001
100001
100001
100001
180
111
100001
315
100001
100001
298
182
358
132
77
100001
80
178
299
258
278
100001
100001
176
100001
100001
136
122
100001
261
305
273
100001
100001
323
100001
100001
100001
100001
291
116
100001
100001
385
100001
100001
196
340
73
100001
100001
390
100001
192
166
100001
260
100001
241
100001
189
312
100001
149
376
272
100001
172
189
100001
100001
273
100001
100001
100001
100001
100001
100001
189
100001
100001
100001
93
100001
251
452
100001
100001
100001
267
133
100001
177
252
100001
94
100001
234
451
100001
100001
100001
362
143
217
100001
119
100001
100001
100001
1
100001
394
100001
100001
100001
100001
320
237
1
317
391
301
100001
100001
100001
479
100001
46
185
109
100001
132
100001
100001
393
92
100001
100001
392
80
100001
176
100001
100001
283
100001
100001
100001
100001
100001
401
100001
100001
101
100001
100001
274
293
100001
100001
262
100001
100001
100001
100001
100001
100001
235
100001
82
260
272
102
287
204
325
100001
382
357
144
100001
100001
100001
100001
100001
100001
100001
100001
100001
325
100001
100001
256
100001
247
100001
100001
71
200
100001
100001
100001
100001
160
177
100001
193
283
100001
355
100001
100001
100001
148
100001
100001
383
100001
370
198
293
100001
305
293
229
238
100001
215
429
100001
100001
100001
100001
382
91
66
310
100001
239
100001
51
100001
212
284
100001
100001
100001
338
100001
100001
100001
100001
401
100001
100001
216
100001
413
100001
238
120
100001
100001
281
304
100001
54
100001
270
100001
100001
100001
100001
100001
100001
100001
343
100001
100001
100001
100001
100001
100001
100001
100001
248
100001
100001
100001
117
100001
189
111
327
100001
96
100001
100001
100001
283
100001
100001
100001
348
243
132
155
100001
100001
319
191
100001
206
100001
100001
170
100001
100001
106
100001
428
100001
100001
190
100001
100001
327
289
421
100001
100001
100001
100001
100001
100001
341
100001
100001
100001
292
100001
100001
100001
100001
100001
263
256
100001
100001
100001
308
169
239
82
100001
394
334
325
100001
83
100001
100001
363
147
100001
376
100001
100001
271
222
383
100001
339
100001
175
100001
137
100001
100001
122
100001
296
100001
100001
100001
100001
100001
86
100001
251
230
82
100001
281
287
283
100001
100001
100001
100001
100001
100001
100001
310
100001
100001
100001
96
100001
100001
389
100001
238
100001
256
242
265
100001
88
100001
100001
100001
100001
129
100001
274
100001
100001
316
100001
100001
338
100001
146
100001
247
261
100001
333
100001
100001
196
100001
239
100001
147
313
256
56
435
100001
81
338
255
287
100001
100001
100001
100001
100001
100001
137
100001
100001
100001
293
100001
100001
176
100001
153
123
43
182
251
303
100001
227
100001
197
100001
187
100001
189
100001
436
100001
166
407
100001
100001
100001
298
195
36
226
156
100001
204
100001
100001
132
100001
100001
100001
100001
100001
351
100001
100001
51
100001
416
100001
347
100001
100001
100001
100001
100001
100001
402
249
256
236
411
100001
100001
217
141
127
305
100001
100001
100001
216
293
100001
207
209
184
150
100001
100001
147
461
53
100001
100001
438
100001
240
100001
191
164
100001
199
100001
187
208
132
224
261
100001
329
100001
100001
261
100001
204
100001
100001
416
337
100001
258
100001
100001
100001
100001
100001
100001
100001
226
100001
140
119
100001
100001
100001
277
210
310
227
100001
100001
100001
100001
50
194
100001
349
62
100001
350
100001
100001
100001
404
100001
100001
100001
100001
100001
388
100001
153
100001
100001
360
100001
235
301
100001
100001
333
100001
451
227
234
100001
100001
178
100001
369
161
100001
100001
100001
256
100001
408
100001
112
100001
396
275
322
233
100001
195
100001
100001
359
100001
100001
243
100001
15
100001
392
100001
226
1
100001
191
100001
100001
100001
100001
308
186
100001
203
244
473
100001
100001
436
352
116
100001
55
367
100001
388
229
100001
94
100001
219
100001
100001
100001
314
365
100001
100001
250
100001
1
151
100001
238
100001
100001
100001
266
100001
100001
100001
428
100001
100001
424
100001
342
232
326
100001
100001
1
73
100001
287
100001
135
100001
237
100001
210
100001
100001
100001
234
231
435
306
256
100001
130
336
418
100001
100001
355
244
335
100001
100001
100001
100001
100001
192
134
232
41
100001
214
100001
314
416
100001
297
100001
162
100001
100001
249
287
262
373
320
267
100001
100001
388
100001
100001
88
100001
177
186
327
100001
119
100001
404
188
155
110
332
183
100001
332
65
198
385
267
100001
100001
100001
235
100001
100001
100001
100001
100001
261
258
100001
100001
205
466
325
402
100001
100001
100001
289
470
100001
151
357
100001
259
380
184
380
100001
300
100001
120
100001
321
100001
100001
100001
125
232
152
100001
100001
345
172
100001
233
94
405
289
100001
100001
372
100001
100001
166
100001
100001
98
100001
100001
100001
100001
311
100001
282
100001
100001
438
100001
156
100001
100001
402
165
270
219
100001
100001
100001
242
321
100001
372
100001
100001
429
295
188
410
100001
283
412
424
202
100001
100001
137
100001
432
100001
100001
412
385
378
257
100001
262
100001
100001
424
426
100001
112
175
292
100001
100001
100001
223
100001
100001
100001
100001
100001
343
139
100001
100001
242
144
100001
100001
100001
100001
100001
100001
394
347
100001
100001
338
100001
275
100001
335
100001
366
100001
253
255
355
100001
339
100001
100001
296
188
100001
237
118
359
175
306
19
104
100001
100001
100001
218
219
100001
150
431
100001
242
291
100001
100001
319
100001
245
309
208
128
100001
218
443
100001
220
160
398
254
54
100001
468
100001
100001
244
347
100001
100001
348
161
100001
239
167
100001
100001
100001
313
100001
230
100001
116
278
42
100001
214
100001
100001
300
300
100001
100001
207
100001
239
245
100001
316
310
100001
329
100001
208
100001
100001
222
239
146
100001
353
100001
100001
222
251
447
100001
100001
100001
380
77
424
394
114
100001
188
120
224
100001
243
133
100001
100001
100001
100001
380
100001
274
100001
100001
100001
336
155
100001
100001
218
100001
100001
291
1
300
100001
271
225
100001
246
246
100001
100001
100001
100001
100001
198
238
100001
100001
269
256
296
87
100001
223
100001
100001
100001
100001
287
100001
299
100001
313
196
100001
116
100001
100001
198
100001
273
171
96
246
120
100001
100001
206
100001
100001
100001
54
100001
100001
100001
100001
299
161
100001
100001
100001
100001
235
272
100001
106
100001
100001
100001
100001
100001
283
145
165
100001
376
230
265
174
100001
100001
100001
257
116
186
100001
100001
376
100001
176
143
266
288
441
100001
100001
412
145
100001
100001
257
274
320
104
358
305
100001
100001
199
133
100001
100001
294
338
396
100001
252
100001
327
185
100001
100001
186
100001
275
402
285
43
318
276
253
102
100001
100001
204
208
100001
247
100001
67
100001
100001
100001
351
100001
266
100001
100001
100001
237
115
100001
100001
100001
100001
297
140
200
100001
116
100001
100001
100001
100001
327
193
219
100001
333
312
255
68
100001
336
303
100001
255
301
33
100
100001
100001
100001
100001
100001
384
100001
117
47
100001
364
100001
173
100001
199
100001
134
100001
100001
216
154
257
100001
382
389
100001
220
100001
333
100001
83
204
317
327
100001
100001
121
100001
361
125
168
403
248
405
100001
281
188
211
100001
150
291
100001
253
223
319
54
301
195
100001
100001
159
100001
100001
100001
340
100001
100001
177
100001
429
368
100001
100001
206
100001
100001
100001
270
89
100001
281
292
37
342
207
100001
104
100001
362
324
100001
100001
122
100001
281
100001
100001
450
24
125
100001
283
249
100001
298
100001
249
100001
267
309
100001
261
373
298
281
100001
274
212
239
100001
100001
100001
266
100001
471
436
100001
234
140
100001
100001
100001
100001
100001
100001
290
219
133
304
100001
100001
209
100001
217
100001
100001
401
376
452
351
126
240
250
100001
100001
100001
319
100001
100001
100001
100001
100001
100001
211
254
447
100001
392
100001
100001
212
370
100001
257
334
100001
100001
130
315
100001
100001
100001
100001
433
256
242
241
100001
100001
100001
218
100001
238
265
100001
100001
284
100001
100001
348
195
100001
324
105
393
441
100001
100001
100001
100001
100001
100001
100001
100001
318
100001
376
366
265
100001
165
100001
100001
100001
216
100001
100001
100001
100001
100001
100001
380
366
206
100001
89
303
310
312
100001
100001
99
133
100001
100001
181
65
133
70
100001
100001
100001
242
352
100001
100001
159
100001
381
100001
100001
100001
100001
350
100001
70
362
67
145
404
103
100001
100001
341
250
247
272
100001
269
100001
100001
298
100001
100001
100001
100001
406
191
184
161
100001
100001
404
279
441
100001
100001
350
100001
100001
100001
333
100001
316
350
331
82
104
473
100001
100001
187
397
205
100001
100001
100001
299
181
152
359
100001
214
174
172
396
438
395
100001
100001
170
100001
204
310
455
100001
100001
369
195
277
100001
179
100001
220
447
100001
64
100001
58
309
182
100001
100001
279
447
100001
192
100001
100001
1
332
100001
252
455
100001
382
100001
142
89
100001
268
100001
100001
211
107
100001
188
100001
370
100001
235
338
100001
100001
100001
100001
100001
158
245
211
197
100001
248
285
100001
279
100001
100001
100001
100001
13
100001
166
100001
310
100001
100001
100001
185
100001
374
100001
100001
142
282
215
301
100001
395
100001
239
100001
100001
100001
65
100001
100001
119
100001
306
100001
100001
100001
100001
212
57
100001
358
100001
100001
100001
329
100001
100001
170
1
242
329
100001
100001
100001
155
100001
326
150
203
157
100001
334
100001
100001
100001
100001
100001
100001
150
100001
307
100001
100001
100001
445
100001
80
100001
100001
100001
270
100001
100
318
100001
301
100001
100001
278
100001
100001
100001
338
276
359
29
100001
243
270
100001
208
288
171
282
209
208
100001
100001
219
100001
421
335
235
100001
100001
383
247
100001
370
235
166
100001
100001
100001
100001
254
100001
179
100001
476
284
100001
221
100001
100001
167
266
100001
100001
100001
100001
100001
53
159
100001
100001
100001
100001
251
100001
55
240
100001
342
100001
171
280
100001
100001
81
167
250
100001
100001
100001
73
255
100001
100001
307
119
100001
100001
128
100001
212
100001
258
255
100001
197
155
100001
100001
118
100001
239
258
100001
247
100001
313
358
420
100001
100001
313
100001
151
100001
100001
100001
127
100001
249
100001
100001
100001
100001
100001
100001
100001
100001
106
100001
100001
97
100001
100001
100001
169
100001
234
100001
100001
100001
206
100001
403
274
388
340
256
100001
95
286
384
410
132
100001
100001
100001
289
138
160
129
38
100001
287
100001
147
215
100001
100001
186
100001
100001
352
100001
412
349
271
260
100001
100001
243
304
264
293
399
100001
253
100001
196
292
294
86
100001
127
100001
100001
100001
100001
100001
100001
181
100001
100001
215
100001
100001
323
215
173
203
100001
218
196
100001
100001
100001
100001
313
100001
100001
254
277
100001
257
264
173
293
304
224
100001
424
207
100001
266
112
86
100001
166
100001
361
222
192
113
244
185
368
244
163
246
316
100001
100001
100001
153
100001
423
100001
200
100001
173
100001
345
100001
100001
144
100001
226
135
370
457
100001
18
261
250
146
235
100001
374
100001
139
316
100001
200
231
343
244
100001
100001
71
19
100001
480
100001
233
217
100001
250
275
403
100001
100001
100001
100001
100001
100001
232
144
291
389
240
100001
100001
100001
332
245
100001
100001
219
154
166
218
100001
100001
100001
100001
100001
100001
100001
100001
156
137
100001
278
100001
127
386
297
368
100001
100001
268
100001
62
100001
100001
100001
468
100001
169
100001
100001
360
100001
127
100001
162
100001
100001
249
183
80
100001
417
150
100001
322
100001
147
100001
255
100001
452
270
100001
100001
66
339
162
167
100001
1
366
100001
100001
174
293
288
142
100001
225
190
100001
183
133
237
100001
100001
100001
100001
76
200
380
392
327
100001
267
100001
197
100001
309
100001
381
99
100001
342
100001
100001
100001
262
100001
283
100001
100001
198
327
100001
100001
217
276
405
100001
434
100001
225
100001
100001
100001
100001
331
100001
100001
100001
100001
285
63
130
306
100001
151
100001
288
342
301
327
353
100001
100001
303
326
100001
100001
125
353
100001
219
100001
309
100001
355
100001
100001
439
185
100001
142
124
323
100001
100001
100001
100001
219
100001
139
246
301
262
100001
75
100001
136
100001
100001
178
222
269
89
100001
176
100001
198
303
267
182
100001
100001
100001
100001
90
100001
349
100001
173
100001
95
100001
360
20
100001
100001
100001
313
299
71
100001
205
114
142
246
100001
247
124
262
100001
100001
228
324
100001
331
100001
100001
100001
100001
278
73
295
100001
100001
100001
100001
100001
259
122
100001
214
100001
473
258
344
59
459
208
100001
100001
100001
245
239
184
100001
100001
272
384
100001
100001
100001
100001
1
100001
100001
100001
100001
100001
100001
100001
57
288
203
445
100001
100001
483
100001
100001
100001
214
226
100001
121
311
218
375
137
100001
197
100001
100001
295
414
257
363
100001
173
379
100001
152
100001
100001
316
23
465
280
71
416
176
100001
197
213
100001
100001
119
100001
242
100001
381
100001
100001
100001
100001
389
100001
100001
159
228
100001
100001
407
238
100001
258
143
100001
270
411
242
266
100001
91
141
380
268
100001
113
100001
246
100001
