66
128
40
23
45
120
15
175
162
249
155
107
26
145
117
27
175
36
53
76
5
189
74
175
76
46
5
96
116
10
249
67
10
84
27
205
278
257
283
1
111
77
60
113
188
64
27
148
45
208
219
41
36
127
124
27
44
61
451
32
229
16
66
2
61
52
77
8
159
230
341
95
371
52
148
2
6
285
39
52
160
22
73
84
118
48
114
13
140
10
106
9
81
11
78
23
50
165
75
8
338
21
240
91
64
159
35
41
83
387
330
75
2
188
220
183
26
93
19
60
97
174
4
38
83
134
59
60
255
163
17
140
4
96
34
172
1
75
76
43
30
181
13
141
59
376
57
1
66
65
500
115
282
42
91
28
12
104
66
206
20
121
151
96
32
40
37
43
59
1
62
111
38
112
71
77
142
209
214
205
83
18
142
10
18
155
23
61
21
107
12
30
6
26
45
265
127
23
210
18
43
270
144
184
19
233
58
73
172
153
21
54
177
16
80
83
35
20
28
6
95
86
104
7
11
68
27
279
19
74
70
107
133
14
12
40
38
68
126
58
25
66
54
8
24
24
8
60
66
1
148
26
72
131
122
308
66
45
31
105
36
24
164
4
5
32
69
150
132
16
48
105
126
121
85
168
198
139
418
55
66
128
73
51
81
73
68
146
32
60
37
39
109
127
276
43
8
41
24
39
14
105
382
174
89
33
41
96
38
117
125
46
234
236
113
44
164
140
43
89
8
79
118
19
93
95
331
160
10
94
62
64
108
16
48
49
23
168
91
75
24
138
12
288
2
271
21
12
177
177
368
14
150
5
111
30
47
87
192
53
106
46
41
12
87
28
1
135
50
3
74
24
80
61
423
250
95
31
21
46
53
75
19
60
544
98
87
186
41
469
5
26
88
195
288
95
74
101
40
20
79
26
179
28
147
19
25
79
91
2
15
65
61
307
143
15
19
69
302
143
74
127
206
147
150
36
553
23
160
189
44
208
80
13
55
55
13
215
123
11
42
33
92
218
81
170
76
20
56
289
44
49
237
87
150
85
46
174
5
75
37
16
55
140
21
104
343
32
106
65
171
26
56
27
35
29
22
106
31
137
167
7
121
189
59
94
67
271
6
72
34
280
37
135
13
52
31
183
57
136
16
41
143
57
230
78
11
9
136
1
47
81
86
244
16
11
76
21
42
49
20
175
38
139
1
110
31
1
108
69
27
41
6
16
44
323
373
71
19
33
122
12
13
35
9
35
127
61
38
211
162
312
80
46
52
33
122
39
174
66
44
6
43
69
15
161
41
33
5
28
86
145
282
148
60
93
16
65
76
42
34
34
121
69
114
91
27
206
2
46
6
68
48
20
39
3
13
387
102
205
30
12
175
1
71
74
125
27
143
42
24
7
112
4
21
99
48
125
55
28
20
87
54
285
157
465
80
35
133
93
5
71
3
10
65
45
49
87
95
160
17
239
82
189
19
4
211
117
98
23
130
2
26
106
191
64
29
84
126
81
28
74
3
111
59
31
57
414
131
230
36
190
309
90
62
76
18
88
185
22
311
27
1
34
164
159
51
6
137
30
83
111
4
36
9
51
54
18
10
73
3
8
31
119
183
50
36
43
386
126
16
60
78
31
119
35
133
21
34
74
22
14
118
74
127
296
37
22
74
426
111
39
107
5
273
7
28
44
20
42
106
30
20
70
104
3
143
173
47
31
98
206
91
10
181
66
109
81
262
6
55
144
191
24
56
158
232
52
12
215
16
17
21
10
65
140
65
1
140
88
85
2
91
60
41
20
25
6
46
48
95
14
141
23
116
32
150
205
216
277
4
296
6
73
17
113
8
122
171
250
53
247
302
1
67
75
50
130
209
86
51
64
124
80
12
88
32
172
47
43
11
9
139
3
89
55
104
27
14
15
167
207
73
57
133
73
46
87
40
9
137
429
130
61
120
49
2
385
11
146
5
125
65
152
56
32
74
12
52
24
38
108
17
15
30
11
91
56
32
16
233
116
84
27
104
39
54
120
7
151
2
10
342
155
46
284
126
98
81
58
24
185
117
46
25
223
313
269
297
34
162
88
101
14
29
161
26
203
136
83
33
61
21
10
25
48
21
71
162
88
104
54
99
61
139
173
27
165
103
12
38
215
178
102
28
31
44
68
54
15
6
102
48
2
65
74
118
79
64
5
124
59
104
42
206
36
12
69
23
154
12
172
101
103
66
114
24
90
153
68
56
4
137
225
10
169
171
244
48
141
127
59
32
115
81
79
25
30
59
45
48
145
15
7
25
26
73
40
193
264
34
28
53
72
3
12
35
42
65
11
43
47
112
65
136
11
115
62
54
141
19
54
96
54
16
96
35
137
219
28
4
42
82
91
165
379
94
39
184
11
4
37
5
17
6
22
10
36
230
43
51
115
106
6
32
152
129
48
195
65
76
126
150
110
48
242
71
260
13
21
31
39
280
1
71
233
119
5
65
21
75
138
79
146
35
59
150
14
22
113
95
12
91
5
40
85
47
18
52
32
122
10
191
66
141
19
245
30
95
101
47
6
420
106
127
13
127
220
3
50
20
66
258
24
29
99
48
134
158
5
71
45
55
42
45
167
24
226
95
71
26
15
152
191
5
106
90
218
118
45
362
35
41
60
6
163
55
14
145
256
47
32
28
99
4
122
72
206
116
45
500
146
209
19
49
58
164
242
7
92
109
37
166
51
152
15
17
426
85
57
194
7
7
11
35
42
83
58
60
68
28
66
28
72
183
41
25
40
54
24
43
60
45
20
58
38
506
44
131
12
38
54
39
191
49
127
53
9
50
29
48
98
44
2
66
107
37
27
132
92
64
57
28
90
25
13
11
52
19
106
130
172
27
4
27
14
110
14
95
42
25
25
85
42
14
366
162
21
8
68
212
34
56
12
70
26
109
42
77
37
111
17
170
5
9
21
87
47
151
74
129
122
18
124
150
192
191
58
28
202
389
159
135
35
52
62
39
70
29
18
109
36
178
201
43
6
15
37
59
4
132
3
60
103
74
2
47
43
53
32
134
9
12
23
397
34
7
34
17
75
4
38
1
17
51
178
286
339
63
95
78
43
52
62
12
49
68
69
11
3
35
73
58
39
21
42
65
51
25
24
72
201
233
20
21
321
110
145
103
90
116
9
172
176
127
63
92
23
77
53
61
8
48
25
5
96
6
165
58
90
129
40
29
90
138
231
55
116
70
3
31
26
167
269
483
233
13
19
31
3
66
27
15
9
84
14
129
139
65
349
110
462
34
5
185
38
17
162
12
42
76
47
347
24
60
104
44
1
73
271
55
14
118
8
77
225
114
95
13
163
143
92
15
40
376
100
146
6
30
182
248
22
92
127
42
63
22
19
9
78
23
178
159
189
6
128
199
6
110
38
128
143
34
52
116
172
72
107
142
57
101
15
2
55
10
78
112
124
59
27
46
20
6
24
105
17
266
114
16
68
55
1
27
101
21
24
3
60
4
138
88
72
429
176
51
7
200
237
48
63
73
52
54
169
146
90
175
19
10
107
103
22
93
463
78
36
119
73
39
100
87
160
37
145
17
11
59
75
91
8
192
71
32
14
49
126
16
61
179
35
29
7
152
48
49
8
76
27
21
84
52
61
90
151
53
54
318
14
7
61
3
53
29
21
75
77
143
100
312
257
59
213
58
73
283
37
22
195
228
381
74
176
149
36
190
225
215
57
15
95
18
8
150
106
17
12
126
43
134
2
31
10
121
55
79
88
45
94
194
41
219
253
65
58
14
8
52
22
3
18
22
72
28
9
89
90
114
337
55
20
249
81
115
152
133
156
83
78
223
100
7
46
11
40
235
65
282
369
66
75
96
27
59
7
108
35
25
123
22
33
434
52
62
59
159
248
24
40
7
221
40
32
5
9
213
94
20
16
36
169
69
47
78
76
37
22
178
132
3
96
132
142
122
23
24
153
2
270
4
126
23
31
36
49
29
65
66
37
27
292
215
8
31
70
39
211
77
1
18
195
68
157
34
212
74
29
18
51
51
123
86
329
116
113
35
65
146
48
50
112
34
56
23
103
49
248
34
96
19
189
44
22
91
221
160
98
94
270
74
91
66
265
37
5
15
6
121
87
82
63
10
90
82
5
8
106
181
81
50
88
31
562
91
31
41
95
217
104
195
181
99
15
29
4
357
37
114
99
59
264
20
201
14
45
37
122
266
127
15
152
2
41
225
2
73
82
227
82
12
128
69
90
27
37
55
14
86
34
170
52
109
53
258
3
4
141
24
34
12
14
42
80
13
114
1
428
83
101
43
5
26
65
1
68
149
6
91
26
304
56
64
151
108
2
121
185
160
102
58
11
202
30
25
154
18
4
77
80
104
82
35
157
56
105
7
117
40
16
86
89
63
203
243
55
113
59
219
12
8
53
63
11
37
179
37
43
1
86
318
18
71
8
93
203
14
61
114
10
50
100
83
194
53
2
63
66
5
97
170
25
27
61
176
4
248
30
124
264
36
108
53
82
36
4
177
172
101
289
67
138
91
37
194
182
233
25
78
189
140
3
76
57
92
78
10
231
3
5
348
188
331
230
119
65
67
31
40
133
118
85
17
305
63
119
21
74
93
65
58
52
8
21
84
16
24
64
79
88
203
74
37
5
152
133
2
18
92
28
13
80
74
42
68
11
292
4
77
70
111
6
61
221
18
180
5
17
55
295
30
265
141
108
5
42
53
172
46
238
117
3
449
16
111
136
105
80
29
24
43
124
69
144
107
70
59
30
52
47
148
61
130
8
233
53
24
32
44
179
43
11
85
70
200
103
49
9
111
177
62
330
37
111
71
68
11
296
25
96
61
191
70
37
45
130
98
5
18
39
51
17
158
254
61
29
25
173
126
19
98
35
25
347
2
27
26
78
15
132
189
40
93
71
99
90
96
75
82
41
77
152
37
11
25
41
72
77
362
22
41
13
38
58
17
124
75
20
62
58
4
7
223
44
4
119
29
224
232
110
2
158
137
111
515
21
12
84
89
14
79
38
57
10
363
164
40
194
36
34
183
95
124
64
159
7
55
57
131
137
9
183
11
58
121
30
62
27
229
190
139
31
150
38
158
110
136
4
287
26
32
270
19
16
12
309
91
266
1
21
55
52
68
503
159
8
83
26
36
123
25
61
32
4
93
100
219
208
197
40
33
22
68
5
3
12
67
12
320
33
329
145
36
25
18
387
82
80
107
115
119
60
16
43
3
43
25
185
199
25
34
240
32
7
67
63
183
29
196
115
231
69
311
103
118
9
24
99
47
37
63
12
8
9
29
223
19
395
121
137
29
4
206
3
7
272
74
111
113
32
110
17
24
280
35
39
110
229
56
3
87
7
69
231
36
519
477
29
1
1
150
174
108
15
113
34
73
11
19
262
39
33
164
200
33
66
169
83
44
23
45
70
170
13
30
5
156
35
39
189
639
14
122
96
56
43
38
22
134
6
29
13
79
51
25
130
205
23
49
69
62
17
15
21
97
19
7
172
160
99
169
21
48
39
204
429
83
152
59
140
263
63
120
74
252
15
424
4
31
202
55
63
30
10
47
80
24
12
17
60
299
39
122
39
14
4
139
78
360
26
195
180
18
6
14
113
13
18
352
23
10
261
175
9
31
131
114
77
85
30
54
22
49
77
32
62
84
122
24
101
99
109
63
69
37
36
155
210
13
205
34
27
30
126
69
120
44
11
34
99
114
126
27
346
84
15
30
68
255
111
401
19
89
44
59
123
5
130
116
60
59
2
60
66
8
75
38
244
59
147
11
61
27
40
145
128
16
74
59
121
30
173
172
82
6
18
38
19
44
225
59
670
105
96
251
52
24
16
78
1
136
105
37
351
61
193
6
107
24
44
148
45
236
5
134
84
129
44
28
58
183
76
88
186
10
59
3
12
60
132
44
259
82
127
79
26
137
23
87
91
95
49
157
61
61
166
377
278
56
77
23
45
54
122
80
14
126
27
24
78
171
129
6
68
57
8
204
353
39
37
14
50
349
8
22
33
73
246
42
1
1
46
7
39
78
129
3
8
179
31
37
266
28
2
69
209
16
153
39
564
142
170
4
50
64
48
16
32
51
9
99
84
8
50
21
12
26
62
22
107
23
48
7
33
37
67
15
18
71
137
57
146
68
52
135
62
12
134
54
98
4
40
80
226
163
124
61
59
14
159
32
2
338
152
162
308
140
10
54
204
202
2
23
121
131
45
155
10
250
73
302
164
72
53
81
22
221
24
21
32
437
119
104
143
64
91
1
18
60
5
127
68
150
9
22
17
41
49
26
18
40
10
8
85
13
35
123
309
7
483
5
16
102
39
110
89
24
4
99
192
69
43
106
81
54
103
40
2
245
282
19
7
35
279
210
103
18
24
152
156
45
9
20
65
24
243
49
50
37
50
24
93
58
7
44
30
22
719
17
19
352
125
127
55
101
62
126
47
7
192
295
56
18
101
39
2
55
77
11
23
148
107
140
115
414
70
22
90
95
74
200
140
82
170
60
176
92
174
1
129
35
16
253
119
57
173
261
52
184
95
38
37
31
50
11
80
14
23
5
74
228
184
231
70
65
45
7
285
38
119
174
8
138
86
97
39
12
81
112
44
226
62
125
134
16
27
141
33
30
38
31
51
32
42
2
160
16
33
96
10
9
53
116
133
283
68
7
56
162
26
144
131
7
147
105
121
3
17
2
81
132
55
128
191
117
119
103
118
126
35
13
111
22
162
75
142
279
89
314
12
247
11
79
93
21
23
165
249
20
178
5
231
44
73
31
58
132
77
234
2
26
46
143
33
79
39
142
12
11
20
72
31
152
45
84
56
3
9
4
473
39
90
13
11
3
7
100
93
22
70
15
63
280
333
137
3
30
116
160
55
66
113
53
265
326
6
109
329
1
333
39
144
71
331
100
22
31
65
9
32
45
1
12
30
7
54
49
38
189
30
75
144
56
13
23
184
172
171
149
197
4
24
27
31
41
18
31
7
139
22
44
77
35
199
47
39
18
24
1
40
52
226
96
36
177
33
313
18
328
239
152
16
121
193
24
1
11
193
150
225
52
10
383
101
3
4
2
45
155
233
124
17
155
323
32
57
243
100
159
24
269
168
14
53
22
73
132
32
46
80
117
257
9
161
1
30
100
38
20
12
69
11
24
173
186
72
331
4
27
23
6
127
135
15
84
75
34
38
197
41
2
23
35
112
48
37
56
56
57
55
57
59
76
30
96
52
41
3
105
31
5
15
36
19
205
66
17
104
21
52
281
66
229
97
27
58
76
20
232
123
53
14
115
59
134
110
12
4
65
186
27
97
38
2
91
45
23
26
119
16
88
103
154
162
73
48
15
20
47
6
214
75
238
45
120
132
136
81
137
58
156
18
77
5
83
56
293
19
5
541
2
78
52
50
48
4
19
1
5
29
140
88
117
164
30
237
27
88
12
3
32
6
29
1
145
177
127
2
254
54
46
157
157
11
162
93
2
46
141
31
172
41
23
36
45
35
182
25
75
196
172
68
137
146
12
199
38
152
66
18
68
2
107
213
167
92
23
6
57
136
432
49
108
22
58
100
103
77
23
24
160
48
71
178
138
44
62
23
21
100
91
38
203
16
201
164
104
138
334
124
4
47
148
15
127
67
3
9
204
24
72
5
99
13
110
89
193
38
20
114
108
27
120
24
72
55
90
35
105
212
221
18
370
105
22
33
127
87
79
35
44
55
95
55
7
88
170
33
36
83
307
9
15
105
57
237
25
102
25
8
140
148
155
17
30
363
95
143
45
51
339
65
197
187
47
71
11
43
42
26
132
48
125
33
23
106
5
122
41
12
13
41
39
93
134
5
66
105
7
46
40
28
120
100
13
10
13
100
3
199
30
51
8
14
209
17
160
60
39
4
69
197
75
3
91
9
52
53
19
105
107
129
87
3
144
30
21
225
171
90
142
180
6
51
32
71
32
33
357
6
146
103
50
122
144
3
15
211
464
17
15
3
41
50
331
45
10
80
464
186
169
30
71
107
311
81
66
29
31
43
60
121
119
128
65
83
18
65
126
148
108
176
54
106
44
12
383
47
107
26
81
153
42
30
9
152
459
211
58
48
7
48
188
89
32
12
56
40
187
6
150
56
28
57
13
194
69
156
90
111
68
22
19
7
60
74
2
47
75
7
69
87
83
133
29
44
115
141
119
155
5
120
374
50
199
48
16
325
376
26
16
245
11
2
5
50
121
58
149
188
48
103
6
30
236
248
96
26
104
101
25
180
120
65
126
11
125
52
107
54
75
71
6
60
9
99
500
65
72
194
86
32
37
219
148
45
48
50
50
47
96
26
44
221
202
97
110
130
127
32
46
235
70
55
59
48
201
213
62
84
66
216
39
165
5
478
251
79
48
30
83
73
197
225
36
88
19
158
45
67
121
13
76
3
136
18
94
150
106
248
486
117
121
70
124
23
51
43
29
203
151
44
31
165
87
27
380
214
168
48
5
137
33
15
156
170
97
56
86
164
127
1
99
59
62
206
48
228
60
26
34
125
4
188
80
302
116
95
21
231
33
45
104
74
10
172
3
210
5
47
86
45
18
136
100
114
10
20
69
19
71
79
52
83
141
265
87
171
4
47
3
15
118
18
97
304
37
34
343
48
37
8
335
169
86
67
95
57
47
10
63
100
53
14
189
98
47
34
106
6
87
110
15
96
150
74
307
101
12
23
28
165
199
27
6
248
106
6
174
50
122
45
7
88
14
318
2
49
66
139
128
128
31
4
25
62
193
2
36
284
115
41
272
14
229
6
41
47
21
104
81
163
28
64
99
9
17
128
49
275
179
69
13
11
355
84
24
107
172
8
123
7
4
41
81
519
16
61
34
5
44
176
71
40
8
52
143
65
103
57
53
77
32
444
3
10
95
66
192
85
53
123
239
29
212
57
74
55
189
46
47
103
14
22
170
289
83
26
14
81
263
126
227
62
112
151
56
245
110
106
6
45
118
182
2
174
276
104
46
67
180
2
67
526
50
8
47
96
33
384
206
41
13
242
57
8
22
68
85
97
274
209
215
37
127
32
28
2
159
6
26
240
97
410
26
6
36
45
90
15
112
228
72
56
47
198
115
18
38
63
20
12
120
24
17
10
182
335
36
17
98
155
158
21
128
133
63
29
19
110
33
149
44
26
46
190
75
24
86
69
142
160
102
105
237
10
39
38
11
58
122
61
26
74
36
133
51
278
18
208
61
372
68
158
16
50
10
128
3
95
178
8
229
2
203
86
27
152
146
180
274
41
50
99
20
29
438
238
7
35
7
58
68
355
90
51
27
36
15
46
285
11
21
21
56
193
93
15
211
65
87
10
17
79
40
162
18
74
2
6
9
239
4
75
26
72
64
22
22
45
27
12
68
70
2
98
249
200
85
74
128
342
114
24
88
26
105
179
122
37
216
98
61
108
85
26
60
91
234
62
756
12
69
4
121
119
27
11
43
73
99
107
162
332
90
155
167
7
3
404
521
8
352
230
22
55
137
532
48
16
57
24
183
130
92
10
57
81
17
107
22
458
50
178
1
66
173
33
109
8
91
69
68
38
19
19
15
25
83
127
30
161
13
14
180
16
429
90
153
210
17
13
97
21
35
23
123
2
90
502
8
143
135
96
107
38
94
10
138
136
49
76
101
72
173
99
78
7
149
37
80
6
116
122
16
5
43
92
53
9
45
62
2
71
93
91
23
20
105
62
35
43
92
141
126
80
41
16
82
63
304
149
126
124
26
13
28
29
18
251
280
39
38
272
59
65
39
78
41
142
143
78
39
19
247
45
101
39
1
57
20
134
9
79
16
85
9
64
71
553
45
247
27
141
116
36
88
16
94
52
17
54
32
130
67
90
1
87
43
50
13
23
34
17
79
46
50
57
11
46
72
165
177
100
87
66
156
191
222
185
412
49
171
12
107
2
90
24
20
21
81
45
30
24
140
38
69
2
195
61
4
130
47
66
14
42
56
11
197
18
173
16
55
27
105
174
6
40
143
7
28
125
60
202
78
23
133
125
90
130
182
14
79
134
3
50
47
100
111
214
152
27
24
154
59
14
188
103
27
80
2
11
17
144
12
167
165
214
19
36
102
211
29
28
117
18
41
101
46
50
181
210
74
84
132
49
79
14
25
49
106
20
17
117
63
422
50
292
5
183
191
232
33
21
125
83
123
122
91
68
430
7
19
16
71
67
48
8
140
445
224
10
108
9
189
61
140
35
58
45
57
70
20
65
68
13
76
61
107
532
126
77
171
70
136
104
122
60
27
29
45
15
52
12
61
70
163
80
26
41
23
137
128
17
80
201
69
4
41
184
169
109
107
234
114
118
35
43
138
35
55
140
124
87
23
191
124
69
257
16
205
1
37
50
253
9
387
59
12
76
50
333
1
596
78
31
157
9
161
79
7
6
57
42
49
21
284
19
4
214
2
11
39
17
281
48
51
69
24
120
42
125
66
170
35
9
31
261
58
18
180
101
58
394
69
44
81
91
106
147
32
71
186
28
54
203
59
65
109
191
6
16
53
47
11
29
33
128
74
16
175
48
136
134
371
17
80
149
44
31
100
127
24
142
75
306
58
163
189
12
30
2
35
100
24
15
17
316
18
23
411
291
52
107
47
85
167
124
4
66
80
84
1
325
6
25
162
23
62
7
28
10
137
11
36
4
5
151
34
59
87
28
1
22
1
16
42
23
165
27
70
49
65
30
33
92
414
129
45
80
171
41
56
79
183
107
46
27
2
102
177
34
89
2
77
112
11
23
41
69
219
21
50
13
115
119
84
4
132
63
386
67
75
472
42
83
18
15
62
16
40
56
54
334
31
117
207
182
109
10
59
83
111
11
51
40
40
47
222
6
24
90
68
132
417
109
16
147
53
152
19
153
65
263
74
32
193
66
74
20
5
315
83
46
202
24
128
358
135
130
19
178
77
42
83
149
33
24
57
16
49
36
43
52
67
70
114
40
286
186
1
29
41
59
109
4
16
71
55
137
91
88
159
6
31
9
30
92
59
151
45
47
51
21
75
10
32
35
26
65
18
1
8
86
89
180
166
30
36
166
238
39
18
231
23
59
86
123
32
3
30
51
127
127
67
144
192
148
405
321
28
172
72
147
149
189
80
191
425
337
6
103
30
135
30
18
138
136
27
118
72
21
4
95
164
52
14
58
28
182
363
139
5
164
15
9
80
14
17
117
30
65
25
99
53
150
108
115
34
56
123
74
70
23
15
475
71
298
86
137
3
93
253
46
11
181
321
99
22
175
52
77
39
109
46
1
353
514
9
75
52
8
53
350
118
49
19
93
256
64
16
4
127
9
60
69
66
141
20
188
5
90
175
233
84
212
68
46
121
10
175
1
245
56
7
32
157
56
16
302
64
126
100
16
15
42
26
2
31
54
33
52
54
331
55
80
20
78
75
73
438
175
47
94
63
5
65
60
12
2
28
31
16
303
90
129
159
43
126
81
289
60
119
113
35
386
83
23
43
40
55
87
48
76
102
2
95
20
268
45
86
50
40
175
79
131
189
25
2
41
22
229
204
170
16
42
3
106
20
29
244
135
74
70
117
7
111
91
171
32
149
7
246
161
16
406
40
10
33
102
9
26
12
37
63
175
165
58
296
172
40
9
231
3
35
29
212
70
81
1
197
350
130
77
9
251
10
98
101
118
51
36
2
285
17
123
170
7
72
134
54
66
192
176
11
74
14
103
10
7
105
91
58
195
61
187
155
298
19
11
13
9
28
79
76
131
39
400
22
72
12
66
63
13
74
145
24
106
119
5
28
101
5
23
69
39
142
86
8
6
95
4
161
70
126
123
86
35
62
12
9
32
9
23
44
91
104
31
75
43
41
37
65
70
399
12
5
49
144
6
67
43
80
218
18
1
73
50
204
39
72
44
106
60
199
11
18
77
119
31
79
36
66
128
124
247
78
18
69
58
82
63
97
143
3
262
261
489
120
40
12
145
71
135
67
30
98
121
23
144
140
1
24
101
79
55
132
71
35
83
65
19
90
6
8
385
27
195
77
36
96
39
102
145
319
48
93
34
154
67
40
43
105
83
38
32
182
98
153
35
52
37
78
67
73
256
324
77
49
81
82
66
158
28
6
75
171
3
68
80
9
60
112
36
223
60
30
116
271
5
17
27
19
73
159
35
176
39
147
46
2
7
85
39
21
111
117
119
34
39
28
40
19
40
92
61
122
150
142
148
161
54
86
201
71
65
22
191
34
10
34
229
297
13
79
83
6
30
529
3
44
85
72
55
9
22
20
182
10
13
186
30
77
83
107
2
33
73
60
18
303
1
88
250
130
18
81
29
74
171
24
43
49
33
63
304
37
154
107
147
67
42
29
86
48
34
124
18
31
81
115
157
61
106
31
166
151
39
59
92
183
91
48
35
7
51
13
62
28
6
15
17
164
56
123
295
244
37
79
58
102
320
125
26
49
235
31
3
3
46
2
114
71
32
43
189
63
8
71
127
61
89
2
103
191
47
45
227
198
22
398
15
99
20
437
37
116
140
10
22
125
26
108
45
22
61
1
116
67
34
252
231
19
19
48
167
2
88
71
31
31
17
90
261
121
38
219
94
64
78
9
31
94
12
119
74
42
29
159
38
73
13
208
13
34
230
163
55
173
132
83
84
626
1
36
55
50
497
70
6
53
30
10
38
255
31
137
138
101
262
198
11
21
3
69
22
311
39
59
11
12
249
19
11
48
248
8
71
26
155
104
192
62
49
386
46
171
356
37
201
118
40
12
27
38
117
15
11
127
71
59
50
48
59
124
43
77
61
23
89
71
102
6
109
39
371
99
35
440
43
105
31
273
274
53
134
24
19
23
191
118
32
3
101
166
120
8
16
154
2
51
88
191
38
163
110
28
13
194
116
84
9
13
90
22
8
70
17
30
240
52
195
280
19
76
95
86
119
143
132
6
154
47
153
83
212
72
127
198
47
369
21
135
278
18
5
231
60
70
8
91
73
176
40
47
13
53
113
92
179
12
7
13
72
52
27
55
248
5
203
161
199
85
7
158
226
1
147
64
74
81
17
330
83
4
155
56
51
50
37
78
71
65
127
184
41
173
165
41
255
4
15
57
97
11
201
86
194
61
147
51
73
26
157
23
296
23
17
21
35
65
99
203
113
256
49
58
26
33
97
64
365
41
78
274
76
7
39
65
203
5
139
105
35
104
10
146
1
209
215
60
87
125
12
72
22
5
11
136
39
57
54
72
266
28
64
22
42
50
138
62
202
15
28
325
52
164
187
41
16
43
149
96
12
54
499
71
284
47
26
192
171
121
41
314
31
164
134
6
27
66
38
13
27
34
93
37
6
283
46
61
384
29
113
13
30
323
57
127
183
78
22
27
28
162
39
19
33
30
116
159
81
25
39
122
41
39
83
74
225
42
38
91
38
77
90
13
147
40
83
215
72
126
54
10
62
85
86
25
263
25
20
48
1
7
49
43
2
178
152
56
92
27
184
33
186
32
52
1
57
74
187
9
48
14
3
146
103
36
164
206
116
119
59
214
104
102
165
28
72
202
145
72
50
159
35
110
158
78
16
19
65
2
27
81
49
15
119
7
170
249
15
95
66
94
19
60
135
164
5
2
6
30
88
18
1
124
24
9
104
150
2
10
69
57
39
68
23
257
12
161
58
6
16
5
256
23
134
29
31
90
21
111
212
133
137
29
107
22
14
260
4
11
36
58
203
118
256
110
70
175
21
91
159
30
35
98
38
124
113
4
19
3
4
206
1
337
143
11
62
2
26
15
19
279
36
24
27
4
119
25
41
91
1
116
23
170
115
314
310
144
31
132
16
12
56
57
7
9
71
5
217
59
31
3
88
66
135
102
35
207
9
153
132
14
36
87
96
32
75
44
84
94
116
33
58
178
13
11
100
83
5
47
2
103
229
8
21
44
88
18
4
218
4
35
6
127
100
5
21
49
25
35
9
76
60
1
23
111
121
40
53
116
102
63
5
252
2
7
144
76
42
266
14
96
10
76
59
189
9
88
52
66
30
27
27
118
268
109
10
217
22
196
37
14
55
314
78
42
8
156
61
7
34
74
44
34
204
255
26
42
18
89
37
45
14
274
96
21
226
16
10
87
30
126
25
5
4
14
85
292
24
5
63
59
170
172
174
28
45
146
170
40
182
62
91
90
426
472
6
87
14
259
39
19
92
34
79
158
86
20
109
7
48
48
46
246
171
9
209
54
315
17
150
184
31
82
5
57
231
80
71
165
66
69
148
77
2
152
32
128
29
11
73
6
99
101
34
26
58
25
191
129
70
14
89
24
246
64
2
64
19
172
276
93
6
181
31
24
13
130
75
39
295
8
8
15
39
3
209
97
320
253
129
106
88
52
47
73
149
160
98
27
73
65
104
67
134
184
44
52
106
68
61
48
35
73
81
54
2
214
54
119
60
57
20
164
52
215
15
48
1
128
141
52
19
56
23
46
124
74
296
47
16
31
3
211
1
3
37
197
21
17
3
30
139
87
26
1
154
8
382
154
12
38
51
31
175
1
240
227
41
53
2
6
63
23
90
55
110
4
50
235
40
37
73
113
64
519
112
14
135
80
34
4
182
44
24
54
5
133
199
129
46
393
108
2
149
105
29
31
176
21
155
35
39
89
76
99
3
90
69
62
34
36
15
33
26
23
74
52
176
25
16
8
38
7
6
36
112
85
396
14
89
139
6
59
18
120
174
206
128
2
25
150
1
49
157
117
144
101
50
206
147
42
5
36
36
14
73
44
4
162
119
201
82
66
190
98
135
40
133
59
9
137
163
115
11
43
182
174
16
101
212
297
165
119
336
17
173
15
125
70
41
176
48
64
357
47
61
368
2
34
170
56
110
69
99
137
78
103
193
286
138
4
52
151
20
3
39
26
108
106
46
136
67
3
114
17
12
51
591
86
83
223
93
16
91
105
88
88
127
30
254
14
8
30
78
104
22
104
58
38
202
69
3
36
5
180
220
102
5
5
39
225
99
198
58
88
19
54
15
207
219
149
74
59
256
87
591
70
6
104
131
25
37
7
65
2
88
390
47
43
181
46
47
186
136
44
62
22
31
12
65
60
72
157
45
129
18
66
95
115
65
275
126
428
66
182
158
16
85
152
49
73
51
121
95
23
20
78
103
127
174
348
150
34
8
5
90
157
1
168
340
35
131
218
1
26
48
25
88
78
7
112
18
103
27
154
42
138
65
43
28
64
313
40
373
81
69
132
196
244
83
129
40
34
63
138
178
248
2
121
107
11
4
29
116
107
18
81
145
148
112
5
44
19
37
38
67
6
157
51
56
74
16
27
103
424
167
7
70
16
58
77
55
119
145
226
104
33
73
302
12
14
62
70
342
163
66
77
179
287
3
45
15
223
209
112
32
142
107
8
202
7
55
98
24
27
3
285
67
9
26
59
20
22
35
126
196
56
9
279
23
132
43
81
37
89
212
91
188
2
53
184
7
24
61
69
35
23
229
30
271
49
118
44
255
109
301
66
308
216
14
93
90
177
604
131
219
103
70
21
124
2
58
54
170
19
72
16
68
83
207
125
6
27
29
23
98
119
4
185
46
63
276
4
121
9
12
23
5
182
3
7
49
92
16
110
34
59
57
74
2
9
62
25
531
44
28
12
29
18
63
276
27
27
160
32
336
14
18
39
11
36
134
10
43
40
200
266
67
28
28
165
99
81
182
150
146
133
40
113
126
6
211
120
293
21
97
67
71
63
38
36
70
95
244
24
63
36
13
26
67
22
271
62
63
182
329
18
215
20
191
18
29
47
2
74
139
74
27
2
256
4
6
81
110
9
275
43
107
16
61
360
226
63
41
82
18
36
1
83
56
32
56
82
99
36
103
23
136
11
12
148
57
23
8
66
2
151
154
63
56
96
329
38
306
14
34
43
2
133
352
68
44
189
56
20
50
56
132
84
23
235
43
190
89
106
50
75
100
56
9
33
38
81
170
96
139
247
156
184
2
161
141
1
176
17
106
50
348
339
82
28
107
196
15
11
36
108
24
19
31
25
113
199
8
3
68
35
70
39
118
27
138
220
5
111
61
124
253
45
30
247
32
65
11
81
38
66
22
85
53
14
64
10
7
195
44
29
41
150
31
163
45
33
49
61
16
18
37
98
190
49
3
126
1
119
104
35
61
4
173
33
84
7
171
5
384
104
108
130
26
389
417
8
8
268
8
29
56
50
59
9
8
89
21
37
112
13
103
76
35
49
164
14
46
195
44
290
6
73
67
27
26
37
113
7
17
72
67
33
89
492
147
178
237
65
18
101
113
183
80
20
103
6
257
99
47
58
57
188
69
61
15
62
1
110
33
49
76
69
130
300
21
1
5
2
12
5
91
49
137
112
35
117
58
273
12
56
17
100
33
95
124
9
245
166
43
74
10
179
20
400
136
15
65
247
242
75
468
17
64
58
55
20
30
31
75
17
9
6
51
49
11
182
105
100
26
215
31
32
2
143
67
104
26
98
64
22
34
77
42
63
32
105
58
23
34
252
93
5
9
76
55
9
108
135
26
49
44
19
220
18
32
85
39
114
192
270
10
273
119
29
12
72
206
21
113
22
24
505
10
104
26
6
47
41
124
33
27
121
147
160
23
85
256
8
207
122
204
98
3
40
128
78
54
24
14
129
168
206
236
53
31
5
117
44
64
240
47
90
21
7
13
170
32
211
13
193
362
25
79
22
17
23
33
20
171
93
6
149
136
419
16
67
1
162
594
298
21
146
185
205
100
69
32
95
41
186
39
55
245
32
21
22
303
30
57
13
57
123
528
94
22
2
67
267
58
91
6
79
144
119
175
163
92
129
47
120
62
90
99
190
60
75
23
38
116
58
51
46
35
149
10
78
70
33
4
5
190
88
3
172
149
116
66
272
52
61
38
187
51
210
38
21
47
6
199
15
230
354
52
166
6
61
340
38
17
6
78
134
165
18
132
128
62
202
21
163
59
62
63
2
286
31
33
29
7
195
1
24
94
19
572
60
129
160
579
16
18
26
11
91
61
29
86
50
54
18
223
1
9
159
349
64
144
132
234
193
184
10
92
15
307
75
21
16
28
296
23
36
51
73
126
108
63
15
12
53
42
36
54
186
27
155
11
105
42
519
26
330
10
24
179
30
57
15
372
14
44
257
39
10
21
178
37
297
59
120
102
11
10
84
40
35
1
234
88
66
108
2
73
82
6
69
28
79
130
14
128
67
54
65
48
7
163
15
41
55
114
77
331
157
40
4
3
82
5
41
262
31
273
198
292
38
354
4
67
4
13
357
112
119
243
41
23
6
138
27
118
7
71
7
5
263
262
13
250
248
208
90
1
9
46
3
99
11
8
70
34
15
17
136
73
121
36
3
130
6
57
76
30
52
6
89
39
60
146
17
9
98
12
47
29
4
30
58
172
112
6
82
23
1
28
1
197
12
11
9
151
379
181
145
157
131
9
182
178
90
171
26
31
12
190
14
7
30
34
9
24
9
146
58
142
11
7
20
59
131
58
53
51
340
31
17
84
59
15
114
22
95
155
158
11
12
24
18
117
135
4
100
23
159
168
9
41
175
22
49
151
56
128
47
141
174
10
1
17
70
67
310
37
42
138
3
70
323
169
92
16
83
71
8
37
14
102
22
42
35
21
22
9
28
129
103
132
102
335
214
11
29
46
8
431
119
34
35
212
21
187
66
170
22
125
24
154
22
49
15
48
32
50
149
136
107
1
23
38
29
17
123
106
53
44
147
87
36
163
15
22
52
24
33
67
178
66
78
112
285
7
65
2
180
63
70
208
50
60
13
24
10
146
183
40
27
5
145
74
16
32
30
58
11
200
58
162
21
70
91
493
404
122
115
229
104
101
195
19
112
100
53
88
164
69
116
177
130
113
3
13
102
30
62
41
58
106
297
108
32
93
60
3
33
207
189
81
26
118
132
7
64
17
224
50
52
46
98
17
44
25
44
17
6
7
37
463
67
7
95
113
207
52
253
28
51
8
34
18
9
13
59
18
108
12
15
17
15
87
49
2
101
9
8
194
357
52
151
179
48
66
162
47
430
51
55
59
41
10
94
9
50
14
26
66
142
84
157
38
243
121
17
177
6
40
51
130
113
17
17
25
28
182
86
38
42
13
189
45
335
47
37
74
161
27
58
14
181
44
191
76
178
20
6
30
141
11
56
37
151
157
161
44
70
238
28
18
18
9
118
55
290
99
14
126
58
267
227
7
123
183
130
181
48
108
73
24
522
160
57
123
168
1
345
326
181
65
327
93
16
190
14
41
29
15
142
266
113
145
33
15
1
73
9
108
25
21
8
3
72
56
44
352
120
16
123
68
93
22
228
55
44
135
148
1
55
40
202
6
60
55
93
31
16
288
57
2
111
20
41
25
235
51
294
96
20
25
75
55
10
36
103
15
2
118
22
5
153
83
347
54
237
70
37
34
216
36
8
164
15
29
109
13
173
179
145
92
66
477
125
25
270
124
169
143
226
115
3
40
29
37
63
33
35
36
24
273
14
13
5
284
89
113
2
24
142
129
82
115
174
95
10
7
92
143
160
18
181
14
27
8
128
55
75
342
456
44
36
132
41
26
96
349
30
250
107
244
84
23
23
28
68
28
41
13
58
71
126
34
144
77
46
129
56
140
37
27
23
116
43
20
43
337
28
163
78
28
44
248
97
20
125
16
23
161
31
82
38
225
58
303
45
9
115
52
393
36
2
11
15
44
48
180
14
179
43
166
50
42
2
51
135
164
211
41
71
132
168
75
152
68
169
46
70
142
1
63
146
52
125
319
56
85
33
10
74
14
146
18
9
83
34
35
86
91
226
55
94
20
141
1
135
106
82
106
1
142
22
68
181
7
124
13
17
11
23
36
398
138
23
5
44
33
45
45
40
74
117
38
134
67
26
150
190
68
85
63
44
141
272
34
129
11
4
63
42
85
76
111
2
50
90
60
3
1
5
4
10
22
16
93
10
1
174
85
9
104
259
58
125
299
125
286
52
6
26
108
160
133
310
61
112
23
115
117
59
76
81
319
116
55
123
43
182
225
197
8
127
1
209
244
272
174
116
14
125
60
83
111
21
41
27
27
164
15
61
274
26
108
26
253
41
30
183
55
52
6
45
83
41
31
27
235
194
107
161
52
33
37
53
156
25
3
92
16
3
16
4
70
82
115
31
85
102
189
18
31
27
21
45
126
18
346
65
105
3
130
48
140
41
144
17
55
16
8
166
42
66
122
118
79
126
6
2
78
127
4
262
103
84
115
115
78
50
21
72
43
178
30
60
93
45
91
32
350
3
244
7
49
204
25
80
24
92
147
256
103
101
93
69
285
57
155
25
114
2
187
92
95
152
23
93
66
31
9
42
71
150
98
6
82
28
167
65
50
78
35
25
89
84
75
111
6
222
241
91
1
53
41
134
33
15
215
241
58
92
35
44
47
116
257
130
44
79
62
33
121
274
66
32
61
23
35
109
101
150
8
8
68
67
10
4
83
95
166
21
181
98
24
13
30
148
10
196
91
111
83
38
107
259
109
214
313
191
30
7
7
13
131
85
18
124
210
205
184
24
215
45
31
77
29
19
99
62
28
161
12
105
86
88
143
126
170
158
3
265
16
46
24
109
151
216
103
40
251
30
88
59
19
70
82
487
12
54
6
64
97
53
114
334
65
80
167
66
16
271
104
82
82
309
18
82
109
237
85
168
27
8
21
73
15
30
34
43
56
11
140
8
157
79
35
31
19
163
2
6
136
16
58
54
13
5
38
163
345
81
141
31
115
5
51
133
55
8
36
78
121
1
4
43
80
63
43
50
191
58
69
25
34
141
22
476
276
123
37
111
23
152
45
38
213
211
1
239
19
123
167
128
18
6
40
4
38
113
91
111
116
198
25
15
108
37
347
39
97
117
31
12
38
143
9
31
20
64
55
72
128
27
63
4
8
35
111
389
28
9
13
61
90
227
111
14
237
1
282
152
93
167
35
66
282
118
15
27
177
44
222
10
149
68
155
70
106
116
37
219
1
203
27
68
69
2
37
156
22
4
144
35
149
43
522
24
181
38
54
44
125
18
15
67
20
28
19
39
36
25
385
1
47
83
46
120
82
30
280
17
7
235
97
25
17
4
35
1
24
61
43
22
25
188
10
279
53
296
156
39
88
63
97
412
3
101
18
86
6
62
92
16
74
11
146
94
36
15
11
25
5
81
150
3
24
283
102
22
52
52
110
42
55
150
61
139
453
56
51
42
85
321
33
3
147
70
124
1
147
90
16
78
41
10
22
25
25
40
302
220
8
10
6
102
73
68
72
159
69
66
81
44
63
47
77
91
23
84
98
53
61
43
14
81
368
47
48
102
29
16
88
73
93
59
86
41
225
177
22
141
10
37
95
212
72
32
27
130
99
101
131
68
6
115
34
92
284
27
158
3
182
69
246
44
28
83
8
20
25
287
22
326
3
43
277
24
37
34
183
80
67
150
38
37
14
72
68
18
121
69
62
235
198
170
106
204
63
33
61
210
87
10
87
21
141
16
6
82
15
5
147
78
77
25
259
26
115
25
53
6
103
138
25
18
34
25
73
43
302
12
50
22
3
34
20
2
13
9
112
37
119
412
44
25
72
6
146
96
15
7
35
149
133
35
4
211
18
86
102
123
93
31
97
31
21
24
54
150
243
22
214
17
13
33
46
34
23
36
42
24
45
73
109
164
10
18
186
83
18
30
80
211
28
22
112
278
30
15
14
126
46
139
2
99
21
170
32
114
43
142
108
60
104
31
23
252
197
157
410
72
53
74
49
33
146
24
99
25
41
159
331
218
75
34
25
99
129
138
28
13
167
30
30
258
111
35
43
90
41
250
61
62
82
255
13
200
144
583
325
157
140
28
39
67
47
311
53
75
6
235
10
47
72
158
242
91
14
58
49
219
58
26
27
6
58
126
31
28
69
10
13
13
52
13
9
95
157
60
55
16
83
90
22
51
224
153
44
89
42
100
8
55
13
18
86
6
57
272
118
50
217
8
1
41
335
165
30
13
6
28
54
93
58
2
41
11
7
11
199
28
269
8
13
38
141
10
64
98
144
13
7
47
170
110
26
75
37
76
6
1
2
58
5
183
103
46
54
140
2
143
98
82
25
35
8
25
132
103
1
4
36
7
11
86
103
32
44
36
16
150
18
142
39
42
11
99
80
92
20
77
179
16
49
93
239
161
37
57
263
43
5
71
60
8
24
65
132
25
128
16
85
116
128
11
3
120
264
71
200
257
54
200
56
26
99
54
116
32
3
103
36
12
18
1
75
23
11
61
57
42
87
216
17
39
44
30
194
59
123
20
87
23
12
63
818
52
271
56
22
2
234
5
3
26
39
23
45
47
53
26
65
6
226
296
65
68
140
243
33
163
45
1
37
10
41
38
158
81
4
54
18
2
171
128
25
66
4
48
11
14
50
20
42
113
59
140
28
58
5
19
241
77
20
63
221
12
125
97
117
13
76
32
277
114
16
27
296
100
207
36
29
1
51
4
34
14
32
4
38
4
39
23
52
42
21
78
103
74
152
9
37
91
153
121
15
312
168
84
5
2
64
13
280
43
80
15
69
227
48
83
20
72
7
77
27
41
6
32
80
95
125
17
38
21
107
439
33
137
69
1
30
80
161
6
4
40
56
95
97
71
282
116
24
100
23
33
64
228
116
39
175
179
50
85
45
8
100
61
68
10
52
16
19
367
59
240
16
104
35
5
8
30
24
56
16
43
22
60
26
46
119
78
68
379
302
3
51
43
23
32
40
5
13
141
35
83
14
191
108
139
34
63
91
120
54
71
72
72
378
13
252
284
5
5
17
65
213
60
12
150
5
9
46
26
181
146
25
79
27
8
151
32
86
100
306
3
11
176
52
69
101
85
62
239
199
257
17
5
152
153
159
20
128
7
88
8
252
41
32
52
80
80
53
36
119
375
291
32
38
13
52
35
381
14
272
119
98
246
12
39
89
222
56
49
45
13
55
77
4
4
9
39
2
218
107
108
10
37
61
190
153
86
11
17
185
13
234
8
31
234
22
290
43
59
60
34
82
1
3
96
73
50
112
137
53
294
44
48
27
94
26
48
29
27
17
46
150
111
29
11
66
225
118
59
122
214
69
35
33
15
40
223
14
224
189
150
6
20
53
43
337
172
31
65
124
96
317
227
256
5
1
24
33
73
18
1
20
78
323
167
44
39
15
6
293
130
101
121
79
118
48
26
65
86
256
197
68
50
132
96
84
47
22
139
92
14
90
65
71
38
186
80
32
113
9
8
50
30
50
308
96
2
113
13
7
100
5
71
160
61
136
45
218
142
162
130
11
123
12
41
26
67
200
66
126
47
200
43
13
9
120
211
14
28
25
171
149
68
22
45
108
22
39
142
125
16
47
91
121
65
12
13
60
52
12
87
86
38
119
63
258
88
233
10
25
88
394
21
38
44
154
2
21
20
344
223
153
154
104
344
13
140
2
11
11
61
10
54
44
102
158
2
70
23
120
50
11
54
4
13
19
88
62
285
168
