221
30
15
8
1169
255
39
497
405
531
11
51
211
252
16
199
4
269
422
55
64
45
135
77
13
253
10
210
64
179
168
4
31
184
140
102
61
87
24
212
94
209
50
14
254
136
53
604
74
96
290
522
36
5
42
75
41
204
215
80
68
54
143
79
43
67
368
276
29
22
25
9
542
236
25
188
97
236
26
117
9
3
147
1
42
40
60
68
98
75
21
6
439
9
211
14
166
942
26
11
27
140
47
19
39
98
92
27
1773
83
90
42
220
163
25
186
52
142
90
300
79
78
21
101
146
467
12
377
254
37
155
225
110
161
132
84
155
52
301
387
101
255
2
133
185
86
117
15
221
7
35
199
165
43
318
139
264
130
212
109
66
83
434
408
40
94
404
55
16
74
62
5
406
47
92
35
354
115
67
355
98
20
39
271
91
260
312
101
92
145
37
3
109
123
186
74
209
2
38
133
9
120
255
226
121
532
194
73
393
400
307
66
102
424
17
98
25
103
256
3
140
149
515
6
157
423
108
221
339
93
14
28
30
258
507
164
318
109
97
347
138
155
655
145
1
171
105
34
78
12
22
4
225
214
116
325
146
62
374
97
59
471
16
21
224
138
34
108
46
39
11
154
360
90
26
34
257
311
83
152
41
195
126
120
378
505
50
253
13
114
58
106
5
148
137
210
41
200
24
915
16
88
216
362
310
72
117
50
235
665
63
81
138
132
50
16
18
16
28
76
298
594
177
8
50
978
40
60
10
94
77
75
90
220
123
40
398
15
129
12
92
120
10
181
218
32
35
80
7
29
107
10180
162
215
1
21
36
27
1314
90
38
154
1
32
18
26
141
79
274
37
64
316
145
732
196
146
170
434
825
80
42
107
92
196
80
74
107
57
354
193
238
878
103
4
121
1049
51
56
34
455
80
122
128
19
27
19
210
147
124
49
123
47
151
151
214
140
47
113
11
151
193
152
281
47
110
1
445
181
133
36
269
133
38
100
40
32
74
47
101
34
63
160
93
70
167
19
153
29
263
33
536
106
67
404
275
12
255
365
387
154
108
409
16
56
117
151
232
147
157
60
7
162
71
27
192
149
65
13
148
508
73
33
104
155
153
180
110
141
638
179
93
217
328
103
172
30
25
542
102
27
36
79
157
59
29
33
424
287
61
172
32
92
245
465
99
344
197
255
321
35
19
137
221
38
157
131
39
7
59
50
16
85
9
165
140
133
21
30
45
244
1037
14
100
27
179
107
54
159
473
52
197
228
314
165
77
93
55
69
27
42
15
109
283
95
4
55
46
40
89
42
24
65
148
51
3
246
95
8
95
94
1097
8
19
127
8
20
34
36
5
83
108
8
13
159
251
237
6
107
146
120
266
148
147
162
69
142
81
121
110
54
224
627
71
42
23
11
370
200
156
300
71
98
118
240
104
23
220
14
218
45
37
12
42
180
14
308
358
83
46
175
52
42
179
81
103
55
41
48
143
240
136
135
66
76
94
474
24
250
42
293
150
157
22
48
25
49
11
14
348
19
11
101
242
228
1583
423
24
22
127
350
31
270
182
56
174
14
213
40
35
378
12
104
44
44
34
14
259
205
195
46
130
44
35
121
22
125
20
8
284
108
133
6
143
45
230
283
56
12
150
121
341
74
83
104
113
61
217
311
72
169
197
795
106
615
9
101
359
72
219
184
117
298
87
64
178
298
72
22
35
332
403
39
194
39
22
425
45
484
187
116
112
89
86
389
133
73
1054
19
219
202
23
103
402
365
89
1252
46
22
208
295
279
111
66
303
206
77
668
14
29
115
217
11
59
124
165
76
46
129
17
104
294
134
217
339
88
470
8
42
51
81
97
134
377
123
17
138
9
102
90
144
70
356
75
20
230
77
56
150
74
330
9
133
120
24
104
140
242
177
60
98
32
19
154
395
137
37
80
48
74
224
15
39
8
144
44
226
232
13
120
87
42
448
25
7
210
22
70
323
5
334
19
275
113
140
14
268
523
154
170
299
74
72
82
19
131
281
125
428
57
49
302
25
1
237
205
95
13
28
196
35
4
108
40
87
143
271
288
22
184
152
77
369
6
347
358
163
52
161
78
290
96
115
25
362
130
69
6430
35
5
269
461
73
88
158
45
62
269
122
66
221
392
21
140
136
51
147
102
109
38
115
162
25
180
178
653
76
149
192
32
193
305
19
186
53
23
180
47
47
306
21
17
21
68
113
122
5
15
44
61
141
142
8
690
120
71
256
222
1
69
83
216
16
24
77
99
154
110
274
158
174
95
113
45
83
51
115
36
366
287
361
84
132
176
28
161
475
103
480
76
144
85
240
269
217
2
102
68
105
337
142
326
96
88
26
223
35
24
84
233
89
108
12
70
91
146
131
31
86
701
106
86
182
47
159
65
435
61
48
126
71
140
137
329
108
749
109
39
126
75
867
29
228
141
42
132
183
203
87
3
66
215
23
346
42
259
1
185
52
54
51
22
33
25
140
88
166
205
65
14
536
73
35
15
1247
195
44
15
264
161
60
495
518
216
99
77
77
7
130
179
171
39
268
262
32
236
47
82
66
16
476
114
111
113
93
30
70
85
178
161
180
239
230
196
335
123
15
15
125
28
172
327
253
53
75
57
12
577
222
116
12
100
382
179
242
44
32
233
55
352
200
102
386
23
13
27
52
106
176
228
5
64
30
108
30
1084
24
329
16
33
47
56
167
500
225
46
166
12
13
107
38
199
116
276
566
74
80
390
22
36
297
123
157
52
187
307
357
28
86
2841
71
65
102
41
81
18
10
29
210
1
20
951
145
31
651
14
95
367
102
17
410
17
199
251
104
352
54
34
248
17
47
87
74
38
49
443
324
297
12
220
363
562
104
33
384
14
501
621
123
36
1706
61
68
111
283
159
338
175
31
70
31
3
40
414
2
70
2
469
79
42
401
74
10462
37
26
38
70
132
7
809
52
61
20
23
167
42
573
383
52
68
422
42
40
78
280
93
45
95
145
11
56
1
37
3
22
191
54
148
64
48
122
83
59
64
7
130
19
81
65
122
189
128
318
45
31
171
10
50
169
49
55
74
186
245
120
179
36
188
25
111
217
17
118
55
58
43
9
55
62
44
405
52
203
1
68
332
161
210
2
26
25
189
161
251
60
187
38
411
53
20
684
35
14
342
66
26
74
244
39
44
92
306
213
53
202
5
1
3
128
45
157
14
166
231
201
198
202
104
127
40
318
52
71
5
104
123
7
493
154
114
81
110
20
159
140
36
86
68
99
14
105
169
174
29
132
65
284
201
134
410
180
38
101
332
3
330
68
32
101
138
25
242
94
11
155
1013
96
524
60
52
31
49
98
1
676
39
173
32
141
35
12
191
86
12
10
100
15
223
109
28
106
509
40
123
488
80
88
44
57
66
198
134
152
18
121
186
10
74
56
15
72
6
29
8
156
133
82
115
10
108
4
28
518
270
23
324
351
110
293
17
73
35
231
327
104
1
241
14
95
106
179
30
24
24
292
125
35
92
67
30
80
210
546
3009
420
15
3
146
49
106
37
97
7
129
15
51
20
174
81
156
221
76
82
26
16
332
384
50
22
64
112
86
47
334
44
87
28
4
4
244
97
289
276
393
68
25
158
98
212
266
29
175
101
13
181
117
42
70
96
309
502
210
226
30
202
11
94
372
9
67
32
161
175
273
58
25
27
454
115
7
207
32
97
33
64
30
13
219
29
67
296
11
162
8
132
93
20
326
227
63
73
53
295
34
136
91
176
112
481
336
210
45
115
523
167
101
77
23
244
7
23
103
60
96
9
81
97
94
12
184
20
33
179
133
90
202
30
113
189
52
42
1162
106
88
178
71
91
107
17
336
247
6
25
47
148
66
143
231
103
222
115
105
185
13
2
261
23
498
412
44
85
45
291
692
61
44
82
131
238
151
85
70
278
133
38
296
119
69
277
66
169
107
12
87
56
78
123
8
16
140
112
72
19
46
8
164
148
144
14
45
223
147
139
21
284
120
263
94
94
40
164
488
33
74
187
142
83
43
23
74
56
15
564
85
19
146
2
30
41
191
167
220
64
180
28
113
31
65
197
137
142
120
53
74
7
122
20
13
9
28
276
11
156
127
133
16
213
253
175
39
212
69
39
57
36
214
210
41
164
205
164
24
18
196
40
275
643
55
138
8
1
409
21
35
85
78
572
174
55
2
435
129
61
39
114
67
378
33
124
2033
25
169
15
246
50
190
41
162
46
93
26
147
41
57
16
359
31
6
387
98
1
59
295
17
180
89
116
39
565
151
332
2
733
41
238
7
22
159
22
98
28
92
221
13
51
140
139
40
70
120
65
100
84
595
120
222
150
55
22
240
84
22
179
362
68
176
112
5
17
275
106
5
36
50
200
39
3
22
239
20
38
574
21
231
136
50
68
252
130
39
109
325
65
7
63
109
209
47
282
238
207
58
118
50
250
91
223
10
264
210
54
151
65
62
26
437
12
53
121
446
177
58
209
1803
35
533
103
36
24
8
205
342
37
119
55
405
39
41
12
384
27
239
142
33
276
54
37
145
474
112
25
1
76
7
58
276
34
174
12
48
11
35
61
399
156
38
19
217
24
223
119
10
103
73
245
114
172
26
83
81
266
66
58
249
114
163
13
107
46
115
420
14
128
665
11
233
219
129
204
84
203
63
273
71
11
55
55
147
408
1221
147
193
220
159
66
28
37
13
70
14
42
198
537
177
3
130
158
91
3
31
104
35
16
140
151
73
111
63
48
113
95
4
30
10
47
45
89
134
184
119
240
122
2
5
161
23
397
37
58
129
98
22
151
98
2
150
120
17
241
9
39
296
280
21
147
237
80
285
51
217
296
424
88
347
21
96
98
57
294
304
87
22
177
330
11
8
66
84
83
137
221
100
6
757
532
311
15
67
81
60
167
1
24
58
150
53
42
158
79
257
264
22
185
274
1
31
146
159
11
47
148
171
282
22
76
257
139
239
10
180
24
67
114
208
334
6
83
197
154
18
9
37
53
83
18
359
155
50
121
38
101
282
33
132
55
29
195
46
85
141
369
154
81
410
182
6
302
68
348
550
642
331
140
28
12
59
168
84
55
41
236
56
36
68
112
14
5
66
50
16
272
238
204
407
45
18
436
91
165
1
27
187
45
3
64
86
10
92
34
24
212
181
473
126
105
121
257
358
119
10
26
20
70
3
85
187
27
363
49
145
323
19
226
118
603
16
61
250
41
123
276
201
158
452
165
344
34
29
6
25
11
91
114
265
10
60
46
197
35
139
153
167
374
41
25
107
63
99
216
36
26
126
283
355
132
106
136
11
51
177
400
106
50
553
33
61
74
38
24
201
98
58
139
29
111
27
422
19
53
75
71
316
259
66
94
323
61
32
303
45
327
54
160
7
1
252
17
136
86
304
162
70
327
294
39
105
16
131
233
91
214
3
117
175
23
184
83
168
336
31
284
99
184
133
75
15
116
346
75
122
106
32
127
341
12
63
193
23
137
37
51
82
81
14
23
52
74
41
18
174
115
370
341
140
227
271
119
238
112
74
220
100
115
34
232
28
277
5
68
32
214
192
787
530
26
156
147
231
56
9
38
75
42
30
193
115
88
46
26
53
78
88
103
475
30
235
161
108
25
209
39
91
156
111
24
10
76
99
67
296
221
90
90
14
16
50
25
67
210
6
52
250
327
214
13
253
160
263
168
55
305
80
37
49
64
18
462
9
98
270
45
76
22
28
113
72
537
7
128
153
38
110
568
190
685
294
23
617
155
241
224
100
239
301
122
12
302
10170
97
10
68
404
713
364
43
94
158
225
85
125
31
196
5
25
64
25
77
37
73
126
36
81
50
116
287
11
92
218
206
148
83
62
298
8
113
37
73
32
219
14
29
492
65
19
18
232
220
373
26
115
434
91
202
19
18
324
74
235
88
43
6
345
4
10
46
442
135
55
214
307
55
140
121
120
202
240
88
6
121
91
419
56
125
38
117
127
133
384
57
88
438
55
110
42
106
110
140
82
4
30
98
138
74
81
419
33
101
54
3
71
150
300
95
130
7
332
117
207
423
194
85
111
55
15
327
106
239
303
205
33
103
14
66
31
228
199
7
43
13
260
95
85
21
74
66
114
8
65
124
586
132
24
232
39
210
15
29
69
101
166
299
104
62
209
186
329
175
8
156
10
6
156
44
139
132
350
5
148
137
213
818
411
23
196
271
61
141
1
127
264
11
333
295
51
178
318
148
255
137
18
349
382
3
47
182
82
194
60
333
96
19
18
108
158
65
675
64
149
105
128
193
52
53
2
14
199
140
202
265
157
23
195
17
40
310
144
142
67
23
187
54
385
211
17
11
88
134
15
143
26
289
358
30
160
353
69
250
375
65
24
47
22
19
7
25
72
58
56
64
348
38
44
79
307
233
170
81
300
153
20
123
39
128
38
34
32
81
121
59
266
72
118
41
47
24
130
31
36
190
56
281
133
14
301
152
91
54
31
21
102
63
18
381
296
101
102
75
143
225
68
198
33
127
52
13
45
52
62
54
316
359
385
42
48
128
157
58
9
11
333
14
166
489
164
8
9
7
19
101
124
261
165
29
177
245
41
22
10
173
15
20
110
43
221
22
1336
109
181
157
6
113
125
157
9
96
64
161
24
81
361
325
16
2
80
169
137
68
359
62
88
87
49
5
34
100
5
38
73
5
196
312
226
2
85
138
110
3
299
70
101
60
30
250
7
106
138
4
227
116
199
44
482
242
37
37
224
363
10
11
30
20
16
51
70
212
78
79
227
70
310
107
7
1359
42
105
65
127
669
32
113
335
356
24
355
2
46
225
175
166
51
144
120
175
19
135
29
106
45
134
186
53
12
8
7
173
80
197
230
29
216
89
20
82
16
98
51
375
1
22
147
109
108
22
1598
224
4
23
4
144
56
154
304
217
306
205
5
94
2
190
23
7
96
78
33
14
336
290
53
12
32
6
26
66
423
2
1
25
79
156
95
3
14
210
441
193
86
112
247
65
276
59
58
42
178
183
61
136
55
83
44
50
318
398
299
6
427
122
11
18
381
579
64
107
80
93
21
130
54
81
308
36
418
237
41
117
69
138
350
60
71
324
201
85
266
266
105
280
140
421
241
46
88
118
128
8
80
29
14
350
241
10173
172
102
27
240
188
73
192
149
24
107
689
69
26
164
209
98
159
2
112
263
77
390
6
104
58
20
300
211
101
150
11
175
182
381
98
55
68
60
149
122
290
13
123
147
157
123
102
41
27
51
638
135
525
309
295
1003
69
159
353
79
87
90
30
146
5
202
206
174
14
83
3
16
137
108
154
41
584
35
191
133
497
136
11
17
3
8
271
15
127
45
178
68
182
7
1
203
94
225
95
27
9
58
256
193
50
123
148
245
58
10
191
44
93
187
13
182
50
337
1
390
61
117
40
340
127
154
27
4
2135
148
24
52
42
38
28
154
135
32
285
236
28
62
51
518
221
134
94
154
243
402
26
63
87
390
90
95
62
22
23
462
4
136
64
101
5
99
43
56
250
49
435
92
105
149
264
72
95
57
245
353
61
181
57
84
36
94
76
61
10
9
133
181
100
62
3
126
164
92
146
50
25
59
76
136
49
280
61
211
111
6
63
240
43
278
31
145
311
59
67
32
192
57
116
165
285
70
70
485
67
20
28
90
29
148
315
37
62
39
68
66
103
137
360
122
3
6
280
298
238
350
48
16
338
54
265
48
128
79
18
51
129
97
125
98
45
57
5
80
43
62
107
214
14
160
13
37
48
113
33
87
82
63
189
113
66
261
248
153
68
104
27
59
146
201
38
379
129
16
94
433
126
78
69
190
6
82
14
159
125
19
26
55
144
159
162
13
77
220
110
7
155
264
61
63
14
132
230
205
48
394
81
86
276
71
135
166
91
511
10764
115
256
91
87
145
95
437
38
9
80
354
31
378
86
1
418
55
58
4
61
351
30
4
47
59
4
413
9
438
24
67
109
118
2
13
95
199
298
91
209
131
319
198
6
111
28
81
72
390
113
67
28
130
5
162
196
39
208
107
163
49
123
531
83
209
59
242
54
64
193
25
328
414
218
6
77
97
244
19
217
43
575
6
186
141
39
34
683
64
135
35
67
52
1
19
50
289
215
279
19
72
434
9
102
334
268
182
210
93
60
92
2
25
42
269
12
39
386
89
298
147
292
162
212
22
100
70
147
14
307
684
79
227
113
92
66
87
308
66
325
116
122
124
57
148
86
292
7
62
23
49
49
519
205
65
90
58
48
63
150
147
121
61
128
207
300
209
296
52
13
726
26
617
417
12
177
563
75
3
196
83
144
81
123
53
82
155
222
21
132
504
58
10
79
393
9
51
76
160
192
132
162
45
52
99
19
24
34
227
30
335
75
36
127
112
1600
200
65
69
266
251
28
40
22
197
158
33
75
94
19
113
195
25
62
37
260
414
136
196
10
117
17
17
175
129
41
30
35
15
13
106
169
114
162
93
105
5
280
141
298
31
469
9
92
447
192
165
410
216
10
226
67
97
2
18
274
113
104
675
61
270
3
54
327
143
141
71
229
510
490
263
24
23
65
95
69
7
218
20
62
30
203
554
18
82
10
228
211
32
134
92
366
9
418
165
21
71
20
173
171
190
49
80
209
56
4513
32
13
401
178
7
18
21
274
72
55
78
82
415
247
157
67
214
37
13
65
169
111
54
1
343
122
56
560
19
60
68
44
89
10
2
5
31
64
86
175
263
23
891
300
15
133
105
15
61
26
153
53
32
205
4554
56
104
78
254
23
363
3
41
103
415
36
7
30
337
19
108
54
34
329
129
83
9
18
194
117
49
32
107
59
62
159
224
29
22
97
85
53
125
73
236
10
7
106
52
221
171
71
32
162
105
303
106
345
61
17
27
23
70
15
61
180
89
197
28
215
1
125
193
95
29
101
89
11
103
183
345
12
39
138
88
277
22
71
15
36
65
79
71
17
86
149
214
55
312
8
422
198
853
90
22
224
514
120
84
7
25
300
52
7
43
166
92
170
625
169
58
16
83
459
95
1
104
123
14
272
54
37
215
596
435
13
33
30
24
575
66
216
316
281
24
240
1
130
215
9
91
343
115
119
158
217
84
43
285
100
197
51
262
153
318
301
64
26
212
131
344
1256
174
84
14
79
306
48
22
1462
139
11
183
50
41
317
45
124
10
361
156
46
15
209
77
30
132
187
252
144
9
105
66
89
78
41
160
237
21
273
87
149
497
23
431
26
60
8
54
149
24
45
808
96
79
130
29
1
67
512
92
1
28
210
278
131
160
36
11
100
58
55
66
548
215
40
226
15
11
127
93
5
109
106
378
2
92
191
90
106
176
1093
3
29
93
99
46
123
157
32
83
75
33
441
1345
192
227
63
61
22
18
27
74
805
49
49
113
105
290
23
166
29
43
200
106
411
140
165
340
104
14
141
12
49
78
99
245
76
337
204
373
141
112
17
76
53
128
16
177
20
65
288
252
265
313
1296
395
253
117
124
20
22
134
200
58
21
260
18
106
458
45
97
109
168
163
15
75
235
257
47
86
153
159
483
159
44
65
34
111
218
20
172
24
230
92
77
530
726
125
204
28
119
26
45
449
34
220
391
281
429
56
58
505
79
561
19
26
148
102
157
65
73
7
41
349
353
102
269
105
1
142
1301
41
65
541
56
69
31
128
233
36
174
172
568
136
122
136
8
7
389
131
86
12
23
77
785
135
126
61
44
688
322
338
271
95
61
29
3618
160
69
3
383
118
2
360
134
24
43
144
42
38
117
262
39
667
207
462
289
35
77
231
10
32
164
386
91
118
269
52
46
53
238
643
485
192
79
72
65
16
10
516
136
15
220
224
65
147
106
10190
9
73
358
28
5
10
37
10
185
147
121
379
11
40
67
12
138
166
116
154
260
195
349
200
102
143
41
25
94
2
43
193
125
43
11
3
103
164
229
125
17
25
136
256
56
431
15
28
22
216
17
117
124
545
66
74
315
79
13
53
225
87
56
220
55
86
137
76
125
94
50
269
199
321
30
86
29
205
57
322
95
38
65
263
121
181
462
81
10375
130
197
17
10
21
55
58
237
586
201
152
4
328
90
126
60
141
106
276
301
100
109
100
116
22
64
224
201
162
65
3
244
37
49
238
253
172
406
88
219
3
92
38
32
3
47
88
25
20
198
98
116
276
38
99
5
120
141
214
108
4
180
8
149
210
258
293
83
24
8155
78
109
141
679
4
71
168
240
29
58
1353
123
20
249
187
183
239
39
809
6
271
404
4
5
43
21
136
411
89
114
303
124
2
165
13
58
38
23
31
220
162
55
138
4
311
32
70
49
58
60
3
614
84
109
22
41
110
98
286
9
9
183
72
164
35
22
136
78
41
248
114
59
57
20
4
46
230
115
350
13
84
15
92
303
110
2
244
21
125
257
206
35
68
11
132
70
158
8
180
136
45
165
243
159
76
54
113
36
42
37
13
4
25
68
40
593
52
164
9
195
39
45
118
117
116
107
61
40
564
2
99
8
45
299
11
32
225
216
318
26
66
39
10182
10
31
250
209
68
12
28
62
3
38
10178
165
57
6
60
55
251
259
47
277
12
246
7
89
193
1
57
227
61
54
15
124
19
116
41
57
349
5
48
162
241
25
86
9
972
192
499
48
22
32
181
2
459
61
124
64
6
6
8
186
31
132
156
47
38
198
102
44
142
46
468
77
32
30
180
132
7
71
180
293
345
87
379
62
278
124
2
103
350
20
144
25
40
72
138
182
166
171
459
172
257
222
68
8
119
80
103
57
452
448
153
107
91
107
87
10157
46
12
72
2
86
123
38
58
30
32
478
148
23
227
50
321
36
56
53
238
29
183
253
135
85
18
330
111
29
121
75
60
47
59
201
65
479
311
6
144
116
98
233
36
96
201
86
51
17
109
587
62
118
144
277
96
35
206
732
69
133
102
178
163
342
21
321
195
241
13
157
10
1573
10156
1782
11
626
173
5
292
275
46
44
10
110
3
91
10094
331
19
204
19
144
17
38
96
115
85
127
62
44
54
20
176
11
21
49
152
38
260
207
104
89
6
126
83
76
26
63
183
31
103
59
55
75
24
228
299
126
216
33
117
195
142
117
23
270
82
67
2
104
64
223
23
16
94
167
145
122
89
15
105
43
76
550
156
71
11
218
34
71
222
172
95
58
245
3
47
156
215
26
223
44
110
23
39
44
89
93
82
164
118
84
127
29
52
56
25
69
25
353
29
24
171
39
195
159
212
40
141
55
132
116
272
12
6
13
179
136
100
88
2
92
30
340
81
45
79
27
66
63
79
109
22
159
289
519
44
34
39
356
76
29
8
238
491
200
21
93
83
1
274
9
168
2
495
171
53
67
327
70
557
140
2
42
27
366
34
618
39
260
166
111
68
24
413
84
2
153
415
34
15
143
831
43
56
200
31
274
236
159
163
359
216
107
4
252
26
242
206
5
146
7
425
86
62
258
37
155
79
11
263
191
49
170
53
229
88
70
40
74
124
32
11
21
80
77
207
54
253
205
456
128
82
38
31
12
83
13
16
73
6
192
73
387
60
10
2
247
12
44
54
281
34
318
111
157
30
70
241
11
17
509
147
277
135
75
124
329
105
45
12
45
275
80
71
148
296
77
199
73
302
66
97
7
540
141
43
153
172
183
154
73
60
188
47
30
143
77
96
24
7
285
381
28
11
68
66
17
328
35
123
127
372
71
8
186
182
51
48
18
10
202
25
161
22
143
62
19
289
7
5
277
87
177
128
441
235
378
24
100
19
98
16
503
92
41
61
88
88
224
340
475
19
45
8
134
37
5
75
22
138
2
10759
48
121
428
85
12
190
273
28
91
48
31
34
27
321
174
77
64
178
2
412
384
28
75
204
160
252
15
60
22
219
396
383
194
27
76
97
69
205
108
286
404
40
165
35
112
48
755
219
73
123
204
25
118
20
280
352
26
340
243
1442
80
70
18
355
419
318
6855
74
68
78
11
83
11
243
292
205
45
12
167
156
318
67
246
251
62
8
632
81
10
45
357
274
198
59
51
90
6
13
165
53
4
60
12
444
175
312
311
173
78
39
155
79
42
198
3
111
269
80
97
191
144
4
128
27
190
150
26
120
51
21
18
285
7
147
99
292
7
63
8
17
10
18
307
79
74
143
588
35
139
24
97
33
94
246
6
248
87
308
19
4
179
322
260
533
26
53
81
911
341
327
2
164
15
132
41
43
160
76
3
90
651
481
38
65
166
420
165
90
116
20
93
76
132
47
372
132
42
37
160
72
97
879
51
35
157
96
95
37
199
432
347
460
85
13
390
12
373
4
5
124
1
92
113
175
395
12
5
136
21
46
49
52
133
54
73
35
7
91
172
291
283
295
318
22
349
15
112
331
61
72
23
1
30
67
53
21
22
152
154
198
359
219
103
44
29
12
26
262
56
126
213
305
35
371
114
7
3
206
37
35
21
223
183
24
59
534
15
3
67
153
38
75
77
80
98
200
81
75
111
29
11
358
44
178
4
100
316
24
72
184
381
22
252
129
134
51
101
130
36
106
73
15
3
155
360
351
152
74
291
10
243
40
172
103
265
36
150
67
12
117
58
52
105
12
120
32
20
20
201
10280
71
19
438
14
48
3
232
24
171
157
420
380
21
75
168
54
213
45
5
208
207
112
4
116
59
11
18
145
17
109
591
110
31
78
79
90
174
137
81
160
138
201
367
46
50
641
237
113
75
469
94
102
90
69
208
17
226
400
61
43
101
280
148
49
205
40
96
104
440
141
448
19
11
25
207
232
47
39
15
10
418
63
20
2
57
173
27
25
51
264
334
32
99
66
65
170
185
61
93
210
10306
49
113
57
7
95
48
377
96
80
2518
3
35
46
32
87
26
135
228
10261
61
77
109
254
8
92
106
22
433
30
96
2422
211
29
1
105
47
166
103
365
97
13
116
278
373
84
132
328
94
78
156
40
47
74
223
297
442
97
250
449
279
57
291
24
311
184
326
79
188
179
55
387
191
57
14
56
350
171
213
174
378
172
55
67
81
19
121
83
10
123
121
1560
327
139
96
24
404
8
79
238
222
398
145
3
37
89
681
64
363
128
12
159
404
95
930
127
79
326
61
5
77
57
35
71
370
92
77
131
44
77
83
136
24
108
335
328
163
184
34
141
9
22
7
209
33
80
69
74
6
844
61
56
145
311
190
154
273
3
22
111
196
1046
332
269
94
145
10
24
171
193
89
282
236
402
33
324
247
151
45
347
46
27
11
6645
215
210
82
76
66
13
306
160
364
647
3
291
329
27
99
138
242
168
73
240
95
516
94
103
69
72
36
1
396
346
204
275
387
190
131
33
177
478
285
108
38
5
199
165
3
177
41
4
223
5
100
199
62
92
302
53
157
127
174
166
17
3
380
44
526
134
267
66
22
134
136
178
86
71
326
184
170
1132
60
13
316
286
547
75
364
24
41
245
111
493
59
146
5
107
28
51
189
14
82
98
11
213
56
429
177
111
264
18
89
136
127
40
491
227
195
92
209
59
326
155
78
86
18
10
1332
265
57
91
241
66
100
230
98
7
97
45
204
31
1130
114
49
693
331
106
60
51
131
137
21
123
244
176
312
195
56
61
12
499
282
261
192
290
227
5
144
136
18
437
151
174
171
594
23
35
1
60
25
28
848
32
292
199
206
27
354
44
81
93
59
166
50
79
45
1
311
47
144
276
320
86
250
292
119
116
205
222
270
140
18
13
143
183
23
67
17
147
41
9
26
5
200
81
131
94
145
68
111
129
27
244
42
430
48
50
5
300
45
158
138
197
428
408
438
135
353
150
43
51
50
15
24
149
420
148
325
184
308
249
32
283
215
150
55
17
4
96
126
389
257
274
51
49
200
59
42
510
99
10
155
16
8
243
219
121
34
111
129
39
17
17
13
221
22
581
826
34
124
79
187
135
25
140
41
215
10
1
114
105
162
17
100
126
9
545
105
320
12
198
11
204
21
4
149
28
31
112
224
72
14
224
109
47
104
144
211
360
220
9
412
460
51
31
323
201
53
519
21
48
153
39
25
204
22
323
86
112
210
70
16
203
115
147
35
123
123
126
463
49
53
53
249
32
23
74
56
88
84
227
41
19
257
73
165
109
130
198
201
103
142
75
67
26
19
45
32
106
59
31
42
90
90
276
4
126
78
4
6
39
126
140
153
200
33
126
8
270
171
144
125
13
178
171
175
13
84
8
269
410
27
271
48
34
136
144
491
154
606
41
165
37
75
7
121
58
147
74
157
172
43
95
16
148
186
94
112
283
67
47
50
79
334
265
33
149
290
14
59
42
12
95
11
167
296
153
242
214
157
331
10
41
176
45
18
184
120
31
70
162
276
332
178
73
75
50
123
132
170
100
54
15
12
55
65
30
229
24
50
142
162
34
243
110
228
6
1
109
132
208
228
147
50
18
21
121
71
499
4
29
83
190
182
266
218
171
34
71
187
28
66
57
57
74
132
27
193
7
83
27
287
87
342
39
367
55
281
154
209
98
94
13
33
1149
10
90
209
142
135
52
179
70
484
52
77
213
23
3
83
258
421
90
11
254
576
328
184
436
126
28
290
130
375
378
175
334
17
13
242
332
64
7
12
111
123
98
206
8
45
94
248
1075
23
135
88
86
517
9
24
77
225
17
376
102
119
397
304
65
28
64
82
30
67
159
101
10467
33
362
339
101
24
194
135
133
251
157
376
333
258
61
394
61
247
213
63
96
46
980
58
59
41
30
50
93
5
51
214
83
168
14
74
21
206
146
7
27
124
57
141
51
110
28
44
17
289
296
268
269
425
203
70
3
357
147
161
13
116
163
28
92
31
306
136
17
395
25
494
174
95
84
8
82
287
150
125
45
81
425
24
22
52
464
224
242
133
89
49
199
27
198
35
491
157
136
163
15
58
397
191
102
66
417
39
37
168
286
68
61
145
2
545
213
174
95
112
92
30
622
66
223
287
17
540
120
82
139
433
14
63
272
473
8
438
61
109
108
19
24
19
102
108
30
25
101
79
29
50
75
330
25
62
61
9
22
338
35
59
248
21
74
148
64
74
11
102
128
26
57
86
139
471
29
89
66
248
51
1
61
138
128
71
248
10137
32
20
9
40
186
33
69
8
50
7
34
46
39
565
254
71
53
162
171
256
411
107
44
198
214
353
127
209
118
15
54
197
7
3
63
68
277
442
99
205
12
18
103
161
2
172
108
74
61
504
70
501
32
6
125
61
70
164
90
76
82
146
163
52
36
272
329
274
157
223
27
3
434
160
35
48
47
16
475
108
150
32
53
247
59
124
303
324
82
141
49
46
133
96
254
11
62
38
32
276
132
152
34
16
5
201
69
112
1
38
235
127
22
84
122
1302
18
351
264
84
44
493
414
30
198
34
515
243
102
122
74
106
175
66
139
177
81
126
22
209
192
90
240
200
113
193
84
2352
257
49
118
90
158
27
202
132
232
62
67
863
546
103
147
36
48
98
122
95
102
24
177
19
160
126
18
189
52
36
170
38
85
35
9
119
234
59
269
34
313
131
259
77
232
301
76
31
45
63
2
25
56
80
12
1869
429
261
266
189
408
79
266
42
190
91
54
82
92
61
145
53
11
59
22
259
10238
256
132
493
44
137
61
151
251
17
65
313
58
121
248
34
266
14
21
92
32
323
23
56
6
7
52
1
86
76
636
41
269
163
88
38
140
199
157
69
112
98
3
35
391
166
41
173
344
44
465
173
10249
157
28
145
927
170
38
557
1
80
83
28
192
112
49
324
113
35
231
126
48
2734
130
40
118
11
43
33
34
64
99
49
256
233
55
112
195
167
45
130
13
55
7
224
121
97
153
31
537
18
597
106
303
48
44
94
205
30
200
52
377
133
71
4
57
44
68
141
278
152
109
78
78
68
89
14
155
189
58
17
264
20
132
16
155
42
282
75
332
80
86
71
129
110
13
96
22
17
106
130
22
22
68
57
381
177
208
146
53
227
60
5
22
6
43
52
139
46
275
204
308
8
294
106
58
140
262
217
1
36
88
46
221
71
1
39
102
47
86
269
81
33
216
12
372
102
139
145
83
114
41
47
96
462
106
75
206
264
47
125
3
12
121
53
61
11
38
84
281
124
5
191
87
239
46
10
65
99
41
76
5
72
110
37
160
114
253
84
115
285
30
100
12
54
19
17
24
121
272
34
101
69
21
125
78
8
365
25
289
319
30
339
20
16
21
228
52
27
192
21
337
199
35
81
39
45
340
21
48
28
223
115
339
122
62
14
26
74
17
14
8
48
764
212
372
10
114
39
39
201
192
52
241
37
48
1769
113
345
15
17
127
49
83
106
113
201
35
77
41
71
8
218
33
121
31
108
128
182
126
792
29
9
6
81
80
64
202
354
310
27
330
35
42
34
61
390
164
71
32
102
274
9
425
14
171
593
160
166
81
47
76
66
34
100
1130
288
6
2
173
20
228
163
259
7
11
37
256
95
158
94
590
38
90
48
47
442
13
70
507
24
29
19
71
4
73
25
347
10
139
225
231
502
30
5
277
9
96
99
64
76
383
188
91
51
584
26
607
433
558
102
34
225
143
258
55
311
51
290
159
92
100
9
106
157
17
161
329
49
176
58
23
352
104
131
143
378
76
335
19
173
65
54
272
186
154
194
49
7
23
249
250
55
270
132
74
23
140
36
203
254
118
66
225
390
151
106
17
381
86
64
471
45
1
200
238
4
14
11
120
218
7
29
122
39
105
74
18
297
50
304
11
101
187
5
218
16
295
21
219
10
44
154
14
75
120
437
160
185
474
29
122
71
219
175
150
208
65
6
43
21
30
204
82
40
79
58
73
179
7
61
61
46
153
38
133
1
388
112
91
135
9
119
279
89
202
105
77
645
352
384
187
353
64
25
7
48
7
59
1
321
56
439
333
77
61
18
87
180
11
1
64
6
224
23
181
116
370
80
31
902
84
31
2
56
144
1429
22
6
183
86
56
232
72
182
216
7
97
228
238
225
47
118
74
3
78
52
352
396
33
22
195
41
106
122
73
345
116
241
108
284
449
450
242
453
93
93
194
2
2
103
424
146
97
97
63
59
22
78
113
847
88
104
146
215
410
176
38
138
197
9
83
79
193
246
75
92
31
131
17
35
77
8
296
81
5
430
263
160
46
263
160
184
59
116
58
51
5
107
346
78
51
243
238
24
36
119
147
86
52
106
43
126
112
136
12
152
30
269
58
471
652
76
435
93
274
22
16
88
258
25
494
202
127
117
111
11
51
176
148
98
24
96
416
280
54
60
39
131
129
86
174
176
46
89
131
11
10
208
29
54
16
42
6
96
33
313
82
35
24
14
37
703
132
14
91
230
224
33
61
4
23
230
96
291
54
53
23
151
125
211
644
63
28
34
26
570
74
19
397
78
216
1
8
174
12
686
10
412
93
26
48
53
85
62
137
9
167
267
378
195
36
3
202
40
145
81
481
81
240
51
129
70
25
80
196
77
62
269
38
238
5
444
6
50
80
3
173
4315
10247
352
21
415
18
49
26
281
330
89
221
212
451
233
89
881
59
133
153
50
34
147
238
114
155
104
36
95
372
111
148
107
22
12
229
151
47
15
211
369
149
233
140
214
19
120
85
489
471
114
193
121
88
185
522
8
14
9
42
12
11
24
160
239
58
104
111
56
33
67
101
260
39
151
102
134
40
17
79
84
279
206
56
30
221
33
108
98
68
128
419
3
18
93
215
24
11
190
16
175
116
112
51
253
145
16
263
104
87
224
558
630
73
354
192
108
394
138
23
1284
84
184
26
13
117
6
87
49
191
465
109
131
99
51
45
362
106
40
33
63
16
199
288
671
145
61
71
191
123
68
22
8
250
41
75
28
93
78
171
48
86
152
161
26
286
305
207
5
70
92
121
509
7
217
167
76
45
111
123
301
163
89
69
1419
4294
225
70
153
147
31
193
9
165
20
651
2
69
71
5
23
34
19
176
71
32
277
229
55
394
72
60
36
54
5
71
6
135
165
208
90
2
220
279
190
88
10
671
275
73
67
33
91
288
189
206
40
1
179
70
192
72
79
57
4
151
118
58
159
77
9
101
120
155
71
242
10
58
26
184
74
3
42
87
350
4
187
211
86
44
151
104
47
75
151
186
242
1
122
178
72
366
29
16
19
183
481
167
58
52
197
47
52
357
117
446
149
17
17
23
95
132
34
51
179
5
4
12
182
195
48
78
86
67
25
6
23
102
276
51
116
365
205
31
647
22
318
54
218
79
145
439
336
46
76
149
2
85
132
406
2
44
32
183
553
483
67
312
59
151
32
105
120
196
227
77
13
77
14
90
335
181
36
656
43
179
127
1
117
35
39
23
112
41
5
201
200
242
150
82
163
79
43
9
272
386
68
393
32
7
209
51
373
105
7
22
34
175
225
83
162
9
10
39
66
108
139
62
18
212
116
50
228
115
17
284
74
22
485
20
77
70
114
4
1159
112
189
136
110
115
1
156
386
37
232
41
857
45
505
10110
204
204
226
12
76
24
178
101
89
138
65
589
169
436
170
13
30
60
102
74
227
115
120
245
69
186
39
190
210
86
83
124
100
120
236
60
160
104
322
101
85
322
48
183
294
48
67
619
127
210
133
43
63
30
64
76
31
46
177
204
92
447
52
35
169
19
28
326
151
56
44
19
237
270
8
283
1
243
282
14
44
31
29
98
29
312
75
31
204
65
178
63
429
103
181
202
2
406
479
239
111
161
255
164
12
51
493
24
46
173
408
21
438
79
116
386
379
92
290
8
475
291
128
77
162
27
58
89
173
59
68
247
299
39
43
29
279
27
378
113
30
2
298
9
19
100
233
178
138
100
34
285
183
121
308
104
68
52
161
273
40
213
7
12
7
264
63
81
42
93
11
45
60
19
205
10
2
51
51
79
152
23
84
42
34
84
54
53
64
69
200
112
90
41
204
47
52
57
7
67
18
296
69
11
124
17
376
13
4
10
109
63
77
12
116
36
170
289
181
120
270
55
66
245
132
2
39
43
120
327
40
7
18
248
128
26
84
47
148
132
42
1
335
108
64
159
120
37
6
278
38
181
26
59
368
27
423
146
277
74
79
1
489
138
227
568
129
266
384
6
433
58
64
15
193
229
218
101
113
92
239
7
30
238
52
163
11
108
26
4
36
92
788
224
111
149
69
284
95
48
502
436
55
38
28
210
52
137
79
46
32
485
89
278
46
1
73
117
86
58
416
59
118
317
109
54
106
73
382
236
68
384
3
377
131
75
130
384
65
285
23
147
73
69
201
658
97
86
133
7
108
16
309
27
81
161
5
8
109
75
103
73
78
124
11
160
90
102
139
15
5
257
257
209
311
81
240
89
2
221
100
85
269
218
114
160
194
171
10266
271
22
256
186
21
59
47
49
65
182
15
198
136
64
16
86
27
82
107
37
116
124
66
259
59
1
60
504
44
116
28
63
109
75
161
79
20
301
33
31
92
30
26
37
227
70
234
120
44
311
266
202
86
452
30
37
187
608
21
179
35
60
231
44
324
75
183
100
297
147
98
95
13
14
278
42
120
20
72
17
17
45
32
4
15
335
24
223
66
1
10
211
44
110
38
61
27
154
257
557
2
96
189
24
25
6
76
262
39
360
66
383
15
120
294
27
108
197
18
101
266
347
35
40
122
58
459
41
99
152
150
95
170
466
25
70
101
6
108
73
705
46
65
96
40
137
179
97
594
7
9
159
37
39
267
57
217
109
94
157
63
149
82
226
71
84
89
54
114
194
38
164
58
195
115
2
1
74
298
37
299
324
701
12
32
121
234
700
217
32
106
70
159
102
18
96
168
40
129
89
102
349
299
68
11
489
72
64
118
97
46
24
68
59
20
101
37
135
92
25
87
117
355
144
43
120
227
42
413
155
11
118
91
125
9
20
11
8
16
47
41
534
13
56
105
89
43
8
141
24
10
2
3527
169
23
145
219
190
303
313
20
163
304
433
465
603
45
354
124
81
146
212
230
146
131
50
273
19
35
46
26
26
521
314
7
81
59
66
139
79
88
193
85
29
117
21
95
210
317
3
279
171
52
112
391
67
88
186
84
34
434
200
68
370
56
40
57
58
35
4
86
311
24
37
175
1045
97
97
180
251
121
225
21
33
316
521
35
88
142
311
67
97
151
92
8
11
82
156
190
151
148
71
57
334
122
80
360
370
134
18
81
51
75
26
114
25
63
40
117
49
78
140
7
367
304
90
111
106
62
7
68
37
5
251
429
16
96
885
18
174
139
236
22
226
68
187
86
107
159
578
34
297
146
98
88
134
156
75
44
46
196
4
373
85
122
64
26
14
39
330
26
69
28
419
16
127
92
99
123
38
12
192
102
65
72
6
50
220
147
41
124
16
14
79
46
163
758
151
491
7
3
119
61
142
32
566
34
2
48
226
402
38
12
8
40
277
27
90
18
13
78
158
129
660
17
282
250
529
20
64
4
17
57
255
77
14
134
16
130
207
147
202
32
88
10159
446
86
46
63
12
126
100
43
325
38
261
65
216
31
40
106
124
39
68
96
125
267
152
194
151
462
67
59
261
222
85
2
34
85
64
358
90
151
54
134
21
19
669
460
629
223
97
34
17
117
24
42
76
229
68
97
461
42
154
52
167
170
260
66
408
64
54
77
525
331
6
177
225
16
47
407
155
307
376
24
75
192
79
141
41
119
19
49
25
119
143
110
266
558
65
120
136
96
512
233
54
34
89
262
34
92
22
139
124
113
110
152
206
86
196
214
221
48
41
29
142
22
70
332
70
74
65
80
37
35
4
57
42
140
200
30
163
145
4
63
123
109
159
233
75
57
38
187
12
701
32
20
22
16
38
53
201
20
351
139
8
41
160
133
120
208
130
36
129
24
82
14
12
111
321
147
62
340
168
72
190
80
185
51
89
33
30
196
99
224
34
318
238
111
65
20
158
2
243
5
62
9
102
260
37
288
204
441
274
157
228
132
265
38
192
334
73
105
4
37
406
37
72
134
457
101
32
172
10
234
76
48
137
227
4216
201
2
221
41
175
111
16
42
149
16
4
2006
10
159
65
48
193
42
1743
581
10
262
39
144
54
117
596
617
75
178
500
119
156
80
322
72
507
17
164
115
627
69
46
20
150
30
720
310
43
260
96
15
105
60
108
141
317
31
59
78
11
284
48
171
120
131
213
70
254
36
105
74
59
19
4
62
136
148
6
121
107
160
16
66
8
3
71
13
75
305
257
64
16
142
8
259
149
31
242
213
87
56
146
9
184
249
177
18
161
12
221
148
151
310
150
376
622
59
449
191
11
74
362
39
181
86
336
78
119
10
134
55
19
181
47
262
404
25
7
199
347
15
90
72
7
154
51
170
7
12
12
162
62
322
27
271
18
274
211
11
160
150
55
69
5
61
30
78
131
13
31
168
100
47
169
333
146
52
22
19
245
415
11
225
42
51
19
106
67
313
40
1
416
83
156
422
3
130
165
140
308
207
63
174
426
20
11
269
19
10
51
69
62
130
14
99
63
214
156
514
195
302
226
24
66
46
430
36
329
568
1
66
50
138
82
613
157
279
159
111
72
136
5
481
310
23
22
124
22
279
405
5
35
2
153
42
140
32
173
130
65
128
17
246
57
1
22
21
17
97
42
123
151
85
256
79
120
86
153
12
399
147
26
457
217
3
23
73
390
132
40
156
38
13
6
236
52
484
26
342
33
190
298
146
151
36
597
28
253
397
88
135
195
28
4
67
276
695
254
66
66
29
301
73
158
404
38
34
408
148
14
23
107
3
151
58
271
25
463
69
194
141
265
14
90
85
95
87
75
657
10
74
111
34
231
55
216
139
316
113
16
129
278
71
118
83
15
247
35
40
3364
74
252
265
151
221
319
85
55
89
504
70
78
66
64
33
116
68
418
74
349
487
331
5
124
13
458
9
148
46
91
60
209
224
10
106
440
58
79
50
497
741
181
84
24
2
16
58
102
13
156
39
26
30
206
395
377
33
92
310
37
316
72
134
10
475
55
214
4
45
4
24
28
63
29
16
255
34
43
154
55
185
23
164
10
163
135
21
175
253
112
33
79
33
472
130
125
468
126
94
44
51
32
262
116
259
72
59
173
39
46
167
148
62
135
89
127
238
22
26
133
20
260
76
43
6
145
60
122
122
536
102
19
16
325
271
58
458
25
33
81
268
137
81
51
68
39
90
34
111
300
589
124
82
146
314
89
94
70
17
427
83
127
251
1
142
199
321
84
389
37
103
272
209
28
237
126
366
136
6
77
143
72
66
54
72
316
35
166
30
39
83
41
68
378
77
6
38
75
296
76
25
292
53
673
9
29
116
24
115
103
163
208
18
317
124
105
40
222
186
1224
27
289
333
116
152
179
28
287
60
3
232
120
45
81
9
136
132
81
322
9
43
34
75
286
253
90
103
62
23
72
159
143
698
23
163
435
148
192
41
253
8
2
124
45
156
108
251
130
21
300
34
195
225
121
57
51
111
138
153
115
282
116
282
144
31
69
196
79
45
20
180
13
5
10
81
12
88
84
82
158
36
23
276
39
122
349
70
135
203
99
8
5
97
58
139
5
