492
100001
100001
264
711
394
377
979
100001
100001
100001
100001
100001
100001
425
100001
100001
100001
100001
437
100001
534
100001
294
653
621
100001
636
555
100001
100001
155
510
252
546
727
100001
687
100001
390
912
291
100001
534
967
100001
100001
591
727
722
755
866
100001
676
702
360
100001
765
559
100001
315
100001
100001
100001
711
100001
100001
602
234
100001
615
503
495
737
820
162
600
100001
803
100001
305
458
359
100001
100001
780
100001
100001
410
259
535
100001
641
100001
505
769
876
100001
65
467
100001
748
170
100001
100001
869
100001
495
100001
472
711
100001
668
100001
291
359
811
468
626
856
191
234
552
100001
100001
100001
100001
531
100001
100001
464
363
698
100001
820
437
100001
727
759
100001
100001
100001
304
426
390
100001
535
532
100001
100001
100001
581
458
100001
328
357
576
927
100001
100001
961
100001
624
100001
418
100001
337
673
100001
280
100001
136
518
226
100001
305
868
100001
100001
100001
341
657
361
100001
40
735
164
616
100001
323
376
151
886
516
385
828
828
100001
821
100001
100001
754
680
862
387
507
255
100001
100001
680
587
100001
100001
100001
625
100001
100001
100001
100001
100001
100001
693
100001
231
100001
422
274
719
402
100001
100001
113
585
866
734
100001
100001
100001
304
100001
280
747
650
100001
377
100001
100001
478
452
416
100001
822
100001
100001
100001
100001
100001
435
100001
100001
100001
546
586
100001
472
100001
461
100001
100001
100001
660
100001
100001
100001
369
417
365
593
830
142
100001
100001
490
425
100001
100001
100001
100001
100001
100001
417
100001
482
100001
642
100001
589
885
755
100001
100001
100001
100001
494
100001
142
100001
253
100001
443
426
100001
100001
100001
575
100001
100001
370
100001
329
457
343
906
100001
100001
518
100001
386
489
100001
694
100001
100001
425
521
100001
483
100001
226
100001
474
100001
525
465
100001
327
458
580
100001
100001
920
100001
403
458
100001
175
100001
100001
87
467
545
476
496
305
381
630
784
100001
480
806
250
474
355
100001
100001
100001
100001
524
100001
100001
365
100001
100001
100001
100001
458
317
780
116
100001
100001
656
100001
100001
715
486
74
100001
100001
367
535
100001
100001
100001
564
805
100001
437
627
657
100001
430
316
816
100001
543
100001
492
608
100001
371
583
343
100001
665
470
100001
100001
324
100001
700
100001
555
85
100001
100001
370
426
627
551
100001
100001
100001
576
100001
362
100001
100001
531
360
121
265
100001
783
100001
838
763
642
308
100001
303
619
100001
100001
588
397
270
100001
907
954
688
100001
374
470
627
416
816
370
369
107
100001
100001
100001
872
100001
100001
100001
100001
100001
543
270
100001
169
612
100001
100001
836
389
100001
100001
598
100001
100001
206
100001
857
100001
100001
500
100001
313
100001
100001
727
467
212
100001
163
100001
100001
100001
767
100001
100001
100001
293
361
222
100001
491
100001
731
100001
423
618
657
100001
397
758
304
100001
100001
841
100001
232
100001
100001
503
336
100001
695
100001
100001
100001
686
593
905
100001
100001
100001
495
100001
755
100001
322
100001
100001
100001
526
100001
100001
633
444
100001
721
100001
424
100001
100001
100001
100001
100001
466
532
736
637
424
586
100001
100001
100001
100001
127
377
100001
142
100001
100001
100001
719
763
100001
100001
100001
100001
100001
100001
399
100001
100001
667
707
100001
100001
100001
817
100001
527
482
490
100001
100001
100001
307
513
100001
100001
100001
100001
100001
239
595
440
464
100001
609
100001
100001
100001
100001
248
100001
442
100001
100001
100001
126
100001
547
100001
100001
486
830
100001
100001
304
402
100001
100001
325
100001
670
500
100001
591
405
965
216
100001
681
397
100001
713
286
230
831
32
100001
100001
65
470
272
100001
446
100001
478
100001
100001
100001
100001
100001
181
100001
100001
138
447
327
439
100001
232
100001
258
541
100001
100001
464
760
100001
100001
108
637
100001
100001
100001
607
810
936
100001
100001
100001
100001
144
100001
100001
100001
418
242
249
351
100001
100001
327
100001
287
100001
100001
511
411
794
100001
692
169
100001
100001
676
100001
539
205
100001
697
100001
100001
100001
100001
100001
963
901
100001
100001
338
100001
100001
551
490
100001
190
431
100001
100001
100001
100001
147
100001
100001
100001
100001
770
575
100001
100001
100001
673
100001
312
274
629
189
100001
100001
732
449
100001
433
100001
537
359
100001
100001
847
100001
1
100001
578
100001
100001
579
100001
577
315
100001
100001
100001
555
540
329
632
648
202
100001
604
349
100001
330
100001
470
100001
100001
100001
356
100001
100001
636
100001
565
24
100001
819
100001
880
100001
904
718
100001
100001
45
642
100001
100001
100001
655
100001
375
100001
297
100001
100001
100001
100001
100001
717
100001
848
263
418
100001
100001
100001
348
100001
100001
517
388
100001
332
100001
916
100001
100001
598
100001
443
100001
100001
100001
559
100001
100001
523
557
533
100001
100001
100001
588
170
100001
378
100001
100001
337
100001
100001
315
100001
100001
391
100001
771
512
243
283
183
100001
100001
100001
100001
321
100001
224
100001
734
100001
100001
100001
100001
429
665
100001
100001
839
555
559
891
100001
100001
666
597
100001
100001
100001
561
100001
685
840
293
394
330
100001
100001
100001
612
100001
374
100001
100001
100001
40
610
100001
100001
445
620
100001
649
100001
100001
100001
277
336
216
100001
523
711
100001
100001
711
100001
520
100001
100001
541
122
964
100001
100001
100001
334
419
100001
464
292
423
100001
395
100001
562
591
100001
288
100001
100001
486
453
100001
523
726
396
100001
100001
385
100001
100001
100001
100001
100001
100001
430
100001
100001
100001
399
637
100001
669
100001
100001
100001
100001
319
100001
100001
476
412
100001
100001
360
100001
100001
734
504
224
100001
100001
100001
100001
370
100001
364
518
608
825
576
100001
100001
100001
100001
655
100001
257
558
100001
100001
900
368
100001
100001
714
579
321
100001
100001
100001
299
529
563
550
100001
100001
420
100001
350
100001
588
695
100001
604
349
610
560
100001
100001
555
100001
100001
217
100001
100001
455
100001
411
513
623
100001
599
750
100001
250
100001
100001
100001
100001
100001
100001
755
476
100001
100001
66
100001
483
100001
100001
485
785
575
100001
527
625
100001
722
100001
350
100001
502
100001
500
72
304
100001
89
653
100001
466
100001
416
446
100001
202
100001
389
931
100001
100001
100001
368
100001
470
100001
510
758
143
134
567
388
100001
383
154
100001
100001
100001
794
446
100001
408
100001
484
100001
100001
703
552
100001
133
314
100001
100001
610
615
578
465
100001
389
100001
100001
725
100001
100001
100001
503
509
100001
363
267
227
100001
100001
100001
100001
501
206
100001
100001
384
411
742
100001
100001
436
100001
509
100001
456
789
100001
100001
333
368
100001
873
100001
232
100001
100001
100001
255
100001
100001
100001
682
521
299
100001
100001
416
524
578
343
331
100001
850
658
100001
389
100001
100001
955
100001
678
100001
100001
412
340
268
100001
725
100001
100001
348
100001
472
906
436
100001
382
282
100001
576
100001
369
498
100001
429
100001
100001
775
465
100001
691
562
100001
657
758
100001
100001
100001
100001
276
100001
100001
357
646
100001
387
288
482
388
100001
916
782
100001
100001
100001
100001
100001
856
100001
100001
974
100001
700
100001
920
204
100001
100001
947
613
100001
186
263
504
333
100001
100001
100001
100001
186
100001
457
100001
173
100001
326
262
100001
421
100001
686
720
623
743
100001
391
100001
100001
100001
473
100001
315
400
100001
100001
100001
100001
304
100001
321
760
100001
100001
679
486
100001
100001
174
100001
631
100001
171
165
409
564
100001
1
963
100001
100001
518
476
361
100001
100001
100001
589
100001
100001
100001
569
100001
609
440
100001
515
263
100001
750
100001
746
100001
100001
490
698
100001
225
100001
100001
100001
818
100001
525
100001
182
532
100001
642
665
670
457
100001
540
100001
505
100001
100001
100001
628
100001
565
139
189
100001
328
464
100001
484
100001
578
794
357
100001
100001
232
100001
529
100001
782
817
100001
324
100001
548
100001
100001
150
100001
100001
100001
100001
100001
100001
432
100001
556
562
527
150
100001
435
100001
100001
518
100001
314
659
100001
100001
457
100001
314
100001
100001
126
100001
100001
262
415
302
100001
100001
100001
481
646
100001
270
100001
413
100001
587
371
100001
380
526
239
100001
556
770
568
467
455
473
100001
747
100001
185
485
100001
100001
100001
369
100001
498
675
322
716
100001
100001
128
100001
100001
100001
100001
100001
100001
100001
261
466
100001
100001
100001
514
435
842
100001
521
100001
749
100001
100001
100001
554
252
100001
119
398
494
100001
238
100001
453
100001
578
100001
445
100001
476
100001
100001
364
100001
452
100001
662
100001
355
114
100001
100001
550
100001
597
302
100001
732
100001
499
100001
100001
100001
100001
109
100001
100001
100001
545
100001
21
100001
483
100001
454
466
100001
100001
601
606
553
100001
414
100001
763
169
100001
100001
572
627
100001
890
173
836
100001
100001
100001
100001
100001
100001
100001
437
535
100001
431
100001
422
100001
100001
100001
283
638
542
604
385
619
100001
100001
339
226
123
100001
100001
100001
100001
664
100001
100001
100001
479
100001
561
100001
653
100001
542
850
333
248
100001
100001
259
100001
100001
339
471
100001
100001
717
100001
100001
100001
100001
100001
665
490
556
656
100001
100001
100001
391
100001
100001
417
100001
100001
602
476
100001
100001
819
100001
575
100001
528
100001
592
100001
432
100001
100001
569
100001
135
100001
100001
553
100001
100001
357
295
368
100001
652
100001
100001
100001
100001
100001
364
100001
100001
100001
100001
100001
202
100001
100001
743
685
406
100001
100001
824
624
617
100001
445
533
321
90
100001
922
493
100001
100001
100001
100001
87
90
741
100001
624
137
100001
384
100001
783
654
716
202
583
869
100001
100001
316
265
100001
506
100001
507
370
100001
100001
597
100001
623
498
529
308
100001
100001
100001
173
100001
604
179
739
100001
432
100001
100001
604
100001
463
100001
434
106
438
619
233
100001
100001
631
85
543
100001
244
543
100001
100001
368
100001
564
568
100001
90
100001
100001
100001
492
100001
100001
751
377
100001
723
409
152
537
816
100001
100001
791
100001
100001
413
618
100001
334
607
629
100001
555
422
100001
100001
100001
100001
584
674
100001
226
453
469
100001
427
100001
289
568
100001
48
507
100001
785
490
100001
100001
100001
236
100001
624
483
100001
175
602
100001
100001
339
100001
678
460
495
100001
100001
587
674
656
100001
100001
100001
850
407
100001
100001
100001
683
422
791
297
528
311
376
601
623
261
515
100001
522
100001
153
100001
201
533
684
100001
100001
630
100001
100001
100001
100001
100001
548
100001
100001
768
100001
100001
100001
245
665
100001
100001
100001
384
100001
458
100001
473
100001
100001
100001
100001
100001
479
100001
348
356
567
742
302
100001
100001
100001
100001
100001
431
652
795
100001
274
100001
100001
100001
100001
861
833
100001
184
100001
100001
793
336
721
100001
356
100001
100001
100001
188
100001
362
408
100001
100001
100001
510
100001
100001
341
100001
490
100001
401
100001
100001
100001
565
100001
940
418
100001
791
100001
100001
317
180
698
245
595
100001
244
100001
676
100001
100001
100001
100001
100001
660
100001
332
744
364
579
284
100001
100001
510
100001
662
305
454
684
100001
100001
633
707
100001
739
100001
323
100001
100001
121
100001
100001
100001
100001
540
592
250
791
409
227
100001
225
100001
100001
100001
447
100001
508
563
100001
494
306
100001
172
100001
834
100001
768
100001
304
100001
100001
100001
100001
405
738
100001
100001
374
100001
100001
100001
100001
301
100001
335
446
770
100001
539
541
753
100001
694
100001
463
334
64
100001
569
648
100001
319
100001
100001
228
100001
419
100001
100001
100001
639
100001
411
100001
513
372
720
100001
429
100001
100001
100001
100001
100001
477
416
100001
100001
678
100001
100001
690
100001
777
538
644
565
100001
530
100001
361
492
717
531
100001
521
505
183
309
629
100001
425
100001
498
546
416
100001
548
100001
100001
620
502
100001
644
367
225
355
416
100001
875
100001
532
100001
100001
705
142
398
100001
100001
100001
295
899
338
100001
624
100001
100001
621
548
100001
288
100001
178
100001
100001
100001
100001
100001
100001
498
100001
119
100001
491
100001
170
100001
100001
407
212
100001
372
100001
100001
674
607
100001
527
450
100001
593
651
573
481
638
343
100001
719
586
607
100001
641
562
365
100001
100001
355
100001
617
100001
100001
573
678
673
100001
100001
100001
588
829
100001
623
770
100001
100001
531
100001
312
522
100001
639
686
497
100001
100001
536
620
733
100001
100001
148
676
100001
100001
1
100001
100001
100001
857
325
100001
677
304
562
100001
735
100001
100001
541
587
100001
100001
100001
512
427
552
761
100001
139
100001
100001
100001
100001
350
100001
564
100001
236
100001
675
100001
635
100001
100001
100001
594
100001
100001
100001
277
100001
100001
722
721
100001
312
100001
100001
100001
100001
145
100001
612
23
100001
100001
743
100001
100001
79
100001
180
100001
398
100001
100001
100001
100001
100001
100001
100001
100001
399
100001
100001
896
100001
100001
445
600
511
396
181
688
100001
237
100001
650
100001
100001
100001
737
580
616
463
358
100001
100001
763
100001
117
500
100001
603
100001
100001
100001
516
100001
727
100001
162
900
100001
358
911
100001
100001
576
724
100001
100001
355
100001
100001
765
471
303
566
100001
100001
100001
100001
258
100001
100001
100001
100001
100001
839
333
731
287
592
100001
647
100001
487
100001
100001
189
100001
100001
234
179
428
100001
100001
545
337
100001
374
100001
100001
100001
377
100001
100001
744
100001
100001
485
100001
100001
100001
280
100001
100001
100001
844
460
100001
649
549
100001
444
700
728
532
100001
100001
382
580
100001
573
100001
100001
100001
367
100001
100001
528
320
423
100001
100001
100001
100001
100001
100001
100001
100001
395
100001
712
191
105
350
100001
949
391
100001
318
100001
92
100001
537
100001
476
100001
100001
100001
178
100001
515
128
220
100001
100001
437
100001
550
664
511
100001
100001
100001
362
119
100001
100001
100001
100001
100001
725
100001
100001
117
100001
584
100001
100001
788
512
423
100001
723
583
100001
100001
100001
100001
100001
100001
736
100001
892
495
100001
473
512
793
100001
658
100001
100001
564
83
100001
100001
100001
649
765
100001
516
769
943
100001
554
397
752
486
100001
615
297
133
100001
100001
100001
457
310
100001
100001
100001
601
100001
427
100001
280
100001
300
100001
462
647
100001
100001
100001
100001
303
236
748
100001
566
555
100001
100001
100001
671
773
100001
100001
100001
100001
430
100001
100001
406
100001
399
558
100001
100001
100001
519
100001
555
761
100001
128
100001
625
100001
100001
100001
526
458
100001
100001
100001
310
450
409
733
100001
594
109
100001
100001
475
718
100001
100001
493
100001
100001
100001
100001
322
100001
100001
100001
343
393
497
291
100001
100001
100001
100001
301
580
100001
643
100001
100001
100001
227
754
100001
100001
579
100001
100001
433
426
463
100001
531
100001
100001
517
440
100001
486
301
558
100001
100001
837
100001
387
100001
543
783
100001
319
384
100001
97
100001
715
736
295
255
100001
100001
100001
100001
659
100001
719
100001
502
412
292
100001
100001
514
100001
641
889
100001
462
100001
232
100001
100001
592
634
100001
100001
366
507
100001
100001
611
901
100001
521
717
477
410
386
698
100001
588
100001
100001
100001
100001
399
100001
393
180
100001
100001
547
771
626
100001
160
596
100001
100001
100001
100001
685
124
634
205
100001
100001
100001
100001
542
425
731
100001
100001
100001
100001
100001
732
100001
100001
895
36
100001
598
746
100001
100001
100001
100001
620
280
100001
586
204
413
318
100001
100001
470
725
877
100001
423
100001
100001
100001
100001
100001
655
100001
100001
830
100001
100001
100001
100001
100001
100001
100001
213
100001
492
100001
408
100001
100001
100001
796
100001
292
100001
100001
228
100001
687
100001
495
100001
583
100001
100001
558
100001
100001
100001
100001
100001
312
100001
907
100001
100001
598
357
470
406
441
680
156
100001
552
476
100001
100001
891
664
100001
100001
822
100001
100001
100001
100001
710
100001
100001
413
100001
334
329
100001
100001
100001
100001
100001
459
100001
419
524
100001
100001
100001
100001
888
100001
100001
100001
559
418
100001
100001
832
322
100001
100001
100001
361
100001
441
100001
100001
598
100001
782
562
100001
100001
864
780
100001
65
100001
100001
449
100001
451
100001
500
100001
100001
540
753
531
801
100001
380
538
730
415
100001
782
406
100001
100001
294
624
383
100001
724
54
637
606
275
100001
100001
100001
100001
839
100001
428
710
100001
100001
100001
539
225
543
717
100001
308
265
285
563
514
324
524
100001
100001
582
100001
100001
100001
100001
201
517
100001
100001
310
100001
100001
100001
669
100001
100001
100001
286
100001
448
715
213
100001
765
100001
453
436
99
714
730
100001
100001
307
596
53
393
585
347
100001
100001
644
100001
100001
100001
451
596
151
100001
100001
100001
100001
100001
100001
100001
672
100001
100001
100001
481
510
100001
100001
100001
100001
630
321
549
100001
100001
100001
452
100001
100001
694
518
501
100001
100001
409
100001
100001
100001
152
100001
100001
100001
100001
100001
32
691
532
577
100001
282
100001
100001
100001
100001
352
100001
100001
100001
100001
428
100001
564
519
100001
486
353
100001
100001
255
100001
100001
100001
639
231
100001
890
100001
100001
100001
100001
748
300
100001
546
100001
100001
100001
100001
444
100001
100001
765
100001
331
383
620
100001
100001
100001
549
517
100001
100001
100001
42
454
100001
100001
583
714
100001
678
100001
482
639
428
579
100001
100001
100001
625
575
414
461
100001
397
523
100001
691
100001
161
100001
100001
100001
100001
342
100001
560
286
461
672
431
513
100001
505
450
705
594
407
100001
645
100001
100001
429
653
100001
100001
802
100001
100001
100001
715
100001
100001
671
100001
639
870
363
485
497
536
100001
100001
703
100001
100001
100001
100001
714
100001
243
375
590
591
543
807
100001
100001
738
767
198
463
100001
658
100001
100001
794
304
585
100001
670
235
100001
100001
1
100001
100001
100001
683
100001
695
434
100001
100001
468
494
100001
270
691
553
413
282
100001
100001
100001
527
100001
100001
100001
509
575
100001
376
349
100001
100001
476
100001
216
100001
100001
100001
510
566
311
100001
100001
100001
100001
391
100001
100001
100001
100001
100001
100001
329
585
438
100001
504
100001
100001
272
100001
100001
709
788
710
429
100001
100001
483
627
150
610
100001
100001
704
100001
735
100001
925
100001
100001
100001
100001
364
688
100001
100001
100001
864
581
100001
466
100001
648
531
285
100001
100001
533
369
100001
100001
100001
54
100001
100001
100001
646
100001
100001
777
100001
221
748
100001
100001
816
100001
551
448
100001
545
100001
100001
708
257
661
100001
361
100001
809
234
614
127
100001
503
738
100001
100001
614
100001
100001
384
100001
100001
100001
100001
286
366
100001
438
100001
100001
326
100001
100001
541
196
100001
100001
100001
713
718
100001
434
100001
771
267
100001
472
420
296
687
100001
100001
395
379
707
100001
100001
431
246
100001
100001
100001
286
596
834
100001
100001
100001
100001
100001
100001
100001
100001
100001
312
100001
100001
100001
100001
808
100001
833
100001
637
411
724
605
100001
452
100001
100001
100001
100001
421
667
642
243
584
373
100001
350
239
100001
100001
259
230
246
100001
100001
420
100001
100001
100001
100001
100001
100001
464
100001
100001
149
100001
100001
670
960
100001
100001
405
194
100001
379
100001
458
100001
100001
136
147
429
651
100001
100001
275
100001
567
633
100001
100001
100001
510
100001
100001
252
532
100001
100001
100001
100001
100001
100001
100001
450
773
484
100001
718
360
250
100001
100001
100001
100001
100001
100001
100
100001
100001
509
449
37
100001
303
685
363
100001
528
100001
43
183
291
791
100001
100001
514
100001
414
100001
100001
690
100001
100001
416
845
564
235
196
386
754
100001
100001
100001
100001
916
565
100001
100001
666
259
399
100001
100001
100001
100001
100001
519
611
338
100001
218
645
100001
100001
468
742
1
100001
501
630
100001
706
668
376
100001
100001
100001
259
324
100001
100001
100001
761
100001
849
460
100001
100001
604
781
458
100001
581
765
382
694
348
100001
515
100001
616
305
100001
100001
100001
744
100001
100001
100001
100001
100001
523
338
554
760
100001
100001
100001
100001
100001
395
100001
100001
100001
100001
100001
100001
648
100001
608
502
404
100001
100001
803
100001
100001
100001
100001
223
100001
778
100001
465
100001
420
286
100001
569
264
447
200
100001
100001
897
355
100001
100001
550
100001
546
100001
424
100001
482
100001
270
703
100001
100001
564
100001
626
365
537
408
593
100001
100001
100001
100001
469
100001
100001
100001
100001
459
429
586
100001
822
213
334
100001
336
100001
100001
100001
578
487
100001
100001
100001
100001
100001
471
100001
100001
477
100001
257
100001
519
100001
421
630
663
100001
100001
636
100001
100001
662
100001
100001
389
848
100001
100001
284
828
466
500
451
100001
307
100001
750
568
526
100001
100001
100001
928
68
100001
100001
100001
223
675
100001
291
100001
100001
708
621
472
100001
390
100001
374
100001
100001
436
100001
632
100001
100001
753
387
397
534
787
100001
100001
100001
100001
100001
284
100001
544
100001
611
700
529
615
642
100001
403
100001
100001
100001
100001
603
388
515
21
100001
100001
458
213
457
645
100001
278
100001
100001
495
712
265
788
100001
313
396
929
497
546
100001
721
100001
100001
100001
713
100001
100001
523
673
406
382
632
405
100001
695
100001
532
315
537
219
100001
199
746
100001
143
739
612
100001
100001
180
100001
100001
100001
100001
251
819
265
100001
32
100001
100001
495
825
100001
100001
307
100001
100001
707
100001
100001
100001
683
837
403
495
523
370
100001
100001
100001
100001
463
336
100001
803
100001
881
460
100001
845
100001
193
100001
481
100001
375
100001
405
100001
751
307
311
468
100001
100001
100001
100001
402
100001
100001
106
784
718
318
460
903
100001
100001
100001
100001
398
568
723
666
145
532
517
100001
587
461
417
100001
364
599
367
888
869
773
194
497
100001
100001
100001
100001
100001
100001
867
703
100001
491
100001
100001
100001
100001
569
100001
100001
100001
100001
100001
745
380
210
100001
623
100001
100001
379
585
920
436
100001
264
267
100001
100001
808
100001
731
338
100001
499
749
518
378
500
816
598
100001
100001
715
246
100001
740
569
100001
100001
100001
266
380
100001
208
476
100001
553
636
100001
100001
269
871
244
307
100001
373
596
651
694
100001
100001
723
100001
876
738
918
100001
100001
501
333
574
423
98
329
737
344
100001
100001
431
100001
100001
100001
369
250
823
100001
100001
100001
69
421
372
606
100001
608
100001
100001
100001
573
359
346
100001
502
262
100001
100001
495
677
100001
100001
100001
426
743
100001
100001
100001
652
284
202
582
100001
100001
793
100001
434
405
100001
127
100001
100001
100001
453
100001
100001
278
777
100001
100001
686
227
100001
100001
100001
206
591
100001
755
649
328
512
343
496
100001
173
100001
541
446
100001
100001
100001
612
462
100001
100001
100001
606
695
377
107
541
100001
591
100001
100001
100001
498
100001
345
100001
773
100001
297
291
100001
725
659
100001
100001
100001
100001
204
127
100001
100001
802
100001
100001
100001
100001
100001
675
100001
100001
100001
579
100001
476
297
100001
1
100001
100001
784
100001
100001
526
100001
100001
100001
100001
506
100001
51
710
451
100001
100001
100001
589
100001
100001
100001
100001
100001
100001
100001
115
399
100001
488
296
396
100001
542
100001
693
546
532
820
845
529
466
386
642
170
63
100001
100001
409
100001
857
648
100001
100001
100
100001
498
686
100001
89
453
100001
100001
631
657
100001
100001
100001
508
660
460
679
100001
608
671
208
586
100001
100001
587
323
79
354
108
100001
100001
448
424
932
284
100001
308
100001
100001
486
100001
555
100001
100001
100001
651
496
908
100001
360
100001
421
100001
654
340
100001
100001
682
300
362
775
302
552
488
100001
566
100001
226
639
933
100001
879
100001
100001
902
896
100001
100001
100001
100001
100001
550
354
100001
611
100001
100001
100001
557
100001
100001
100001
100001
100001
100001
503
575
100001
100001
875
243
100001
100001
100001
100001
100001
100001
833
100001
207
100001
473
100001
100001
100001
100001
460
100001
100001
100001
100001
100001
608
482
455
100001
200
100001
730
507
926
100001
100001
457
100001
619
702
100001
100001
366
100001
100001
100001
100001
100001
204
100001
100001
319
314
298
279
194
100001
457
277
100001
366
100001
100001
274
538
100001
358
473
100001
100001
100001
100001
100001
542
531
445
769
481
100001
100001
413
715
100001
100001
920
412
100001
711
607
100001
511
762
100001
600
510
633
283
100001
100001
100001
100001
664
466
8
561
695
100001
100001
100001
594
306
922
657
247
668
100001
100001
100001
306
783
100001
365
100001
523
100001
100001
545
379
689
100001
100001
100001
439
100001
395
100001
221
100001
308
806
638
100001
100001
459
493
100001
100001
649
382
100001
100001
581
799
100001
235
100001
838
487
100001
100001
100001
423
100001
100001
100001
531
100001
100001
100001
100001
530
262
100001
100001
100001
516
568
696
546
928
100001
100001
599
265
340
100001
441
100001
100001
423
100001
100001
428
622
285
676
682
645
100001
100001
100001
100001
100001
100001
359
100001
100001
815
236
162
100001
153
100001
768
321
100001
656
284
100001
656
100001
381
100001
647
100001
100001
515
209
341
437
100001
100001
576
946
100001
100001
100001
518
100001
100001
645
458
356
351
282
247
698
401
306
100001
100001
100001
100001
100001
328
340
375
70
100001
100001
100001
718
23
100001
709
100001
100001
100001
491
100001
100001
100
596
623
535
100001
100001
665
805
456
338
100001
755
211
553
100001
100001
553
422
131
770
100001
100001
508
100001
546
61
100001
424
100001
100001
513
624
100001
759
100001
100001
100001
170
647
336
539
838
100001
100001
100001
100001
531
100001
100001
807
100001
346
100001
306
100001
763
517
450
401
100001
352
813
372
100001
100001
64
879
530
433
100001
100001
100001
484
802
359
567
100001
324
235
100001
100001
362
100001
705
61
634
700
570
448
100001
100001
375
713
305
100001
100001
100001
304
100001
100001
722
100001
100001
121
100001
243
284
707
845
100001
685
100001
100001
100001
886
100001
444
338
100001
100001
766
100001
100001
373
100001
373
100001
615
100001
100001
100001
462
582
100001
100001
100001
417
763
100001
752
859
100001
563
377
100001
100001
100001
100001
100001
642
495
740
100001
100001
100001
100001
100001
100001
100001
100001
100001
712
100001
647
72
317
525
100001
100001
100001
500
737
340
429
615
612
100001
624
100001
294
727
100001
387
100001
100001
100001
312
585
100001
100001
100001
471
100001
462
289
100001
100001
413
711
100001
100001
244
868
100001
883
100001
100001
100001
100001
100001
100001
100001
606
739
79
558
100001
829
355
234
100001
100001
100001
100001
100001
449
100001
609
613
100001
100001
100001
817
491
100001
100001
100001
100001
100001
721
296
100001
371
626
100001
206
478
100001
100001
708
673
100001
100001
100001
100001
100001
590
635
944
652
100001
202
737
100001
725
749
678
100001
548
100001
100001
100001
100001
100001
849
100001
100001
399
903
100001
100001
509
588
100001
100001
509
100001
100001
100001
100001
497
100001
100001
513
500
100001
312
100001
311
100001
432
100001
767
100001
100001
88
100001
819
343
100001
100001
100001
100001
100001
100001
468
100001
100001
635
27
619
772
100001
351
673
100001
699
100001
654
100001
418
413
100001
100001
388
100001
329
284
100001
952
100001
556
100001
100001
100001
100001
382
100001
795
100001
340
754
100001
100001
525
100001
100001
637
100001
798
100001
499
346
671
100001
459
100001
368
471
100001
100001
288
100001
100001
100001
100001
100001
437
345
551
751
100001
435
100001
100001
679
555
100001
370
425
37
170
775
100001
100001
630
100001
594
100001
518
100001
100001
100001
100001
100001
100001
100001
100001
100001
722
100001
62
100001
100001
564
230
387
374
100001
100001
100001
616
100001
834
401
100001
100001
100001
345
100001
505
100001
100001
466
584
100001
531
100001
529
293
316
100001
684
100001
639
100001
821
522
100001
692
100001
589
402
100001
100001
482
724
141
100001
100001
100001
100001
100001
669
368
100001
504
100001
507
497
100001
279
100001
456
100001
100001
100001
315
100001
100001
275
100001
100001
601
100001
100001
100001
100001
100001
607
368
100001
508
100001
100001
323
100001
100001
100001
100001
494
100001
200
100001
472
100001
541
100001
314
100001
100001
100001
100001
309
434
100001
576
100001
100001
664
714
510
100001
624
100001
100001
255
100001
100001
351
100001
274
556
38
474
100001
100001
100001
482
549
456
138
271
100001
100001
437
100001
385
100001
849
357
845
100001
116
100001
100001
100001
315
100001
497
704
517
100001
403
426
100001
531
100001
100001
100001
100001
326
100001
100001
100001
778
100001
770
100001
100001
833
100001
691
100001
623
384
100001
100001
100001
100001
100001
100001
100001
100001
100001
290
387
697
339
626
100001
100001
394
100001
649
100001
580
100001
100001
832
100001
100001
132
574
348
564
100001
100001
100001
100001
100001
620
100001
100001
100001
100001
100001
100001
100001
746
100001
400
485
499
100001
100001
100001
100001
100001
100001
100001
497
100001
763
100001
272
100001
100001
313
100001
301
766
100001
622
100001
100001
614
100001
100001
100001
477
100001
485
100001
100001
416
100001
100001
100001
856
100001
100001
100001
100001
100001
574
100001
100001
100001
288
100001
645
100001
100001
100001
732
422
244
100001
554
100001
736
814
100001
656
100001
100001
763
100001
438
100001
356
440
347
100001
100001
493
710
100001
440
422
273
100001
100001
100001
100001
100001
819
100001
499
466
100001
100001
742
657
100001
100001
852
100001
100001
100001
751
100001
362
533
514
100001
100001
401
617
100001
523
100001
100001
100001
100001
100001
100001
541
421
482
100001
100001
100001
630
689
734
624
100001
756
641
100001
100001
100001
100001
100001
613
283
400
100001
354
151
100001
761
641
758
190
271
100001
95
100001
401
100001
190
882
100001
100001
496
631
188
100001
100001
100001
247
100001
577
276
100001
737
350
100001
100001
467
100001
100001
100001
100001
100001
100001
307
419
100001
850
439
100001
295
496
100001
100001
100001
100001
100001
290
100001
100001
295
494
100001
100001
79
684
403
354
100001
100001
739
617
208
100001
100001
843
519
731
100001
661
100001
100001
497
778
883
610
100001
100001
100001
100001
897
279
100001
798
479
100001
417
852
502
824
396
100001
330
216
100001
432
509
469
312
278
505
100001
230
389
100001
745
471
100001
100001
100001
556
100001
100001
854
76
100001
100001
258
100001
100001
100001
326
100001
439
100001
100001
100001
100001
779
100001
822
534
256
100001
643
100001
100001
100001
308
218
100001
690
100001
100001
780
394
532
100001
807
467
100001
742
100001
609
100001
529
310
724
100001
100001
246
522
100001
229
470
314
100001
100001
100001
100001
335
431
698
664
747
458
619
100001
100001
362
100001
499
360
100001
100001
100001
100001
100001
202
400
738
224
408
503
100001
100001
100001
100001
515
280
100001
100001
100001
100001
663
644
100001
100001
100001
100001
100001
653
100001
100001
100001
1
100001
100001
100001
100001
432
65
100001
100001
266
621
100001
653
645
100001
440
132
100001
532
100001
100001
100001
100001
100001
688
100001
100001
419
100001
390
542
100001
699
512
486
417
269
100001
100001
431
100001
100001
631
498
100001
232
680
277
391
567
819
100001
405
872
495
100001
100001
464
100001
788
204
100001
100001
100001
766
772
100001
100001
664
386
100001
100001
479
712
100001
434
100001
100001
100001
405
100001
100001
100001
100001
383
444
705
100001
100001
602
100001
100001
100001
586
100001
100001
599
100001
536
100001
742
100001
100001
100001
100001
542
515
502
100001
704
664
514
734
635
100001
100001
821
100001
518
512
480
100001
135
303
100001
100001
710
100001
100001
464
672
100001
100001
100001
100001
100001
100001
668
100001
100001
677
100001
530
100001
523
299
353
617
301
234
112
100001
100001
174
100001
100001
390
100001
223
100001
100001
492
203
490
597
256
100001
100001
100001
336
100001
665
704
100001
664
101
159
100001
527
603
100001
259
729
100001
367
274
442
100001
321
100001
387
437
100001
100001
892
463
100001
100001
100001
100001
100001
427
100001
464
676
373
460
625
856
107
100001
100001
864
100001
100001
100001
100001
472
842
580
348
100001
228
100001
176
100001
232
476
549
281
100001
100001
668
68
100001
100001
855
100001
777
318
100001
100001
634
218
564
533
100001
599
100001
100001
584
578
100001
100001
460
100001
100001
100001
302
100001
674
100001
722
100001
537
100001
100001
100001
245
201
100001
99
623
551
100001
100001
100001
815
100001
469
100001
100001
100001
395
100001
374
100001
100001
571
100001
100001
179
100001
591
100001
341
100001
100001
529
100001
100001
600
100001
432
109
100001
733
100001
292
100001
100001
473
100001
100001
100001
100001
377
100001
116
100001
100001
641
863
100001
100001
100001
592
100001
978
694
100001
100001
437
100001
683
100001
100001
100001
468
646
600
713
100001
100001
100001
100001
256
100001
788
100001
100001
100001
449
100001
100001
445
538
100001
100001
100001
650
100001
100001
100001
605
550
623
100001
100001
100001
100001
191
100001
100001
381
100001
639
100001
100001
100001
100001
464
392
615
245
390
433
538
352
563
100001
535
100001
694
100001
100001
100001
564
100001
458
316
466
100001
100001
100001
684
100001
100001
100001
471
100001
100001
228
100001
100001
100001
484
100001
100001
100001
100001
100001
100001
359
100001
509
234
100001
100001
100001
100001
100001
474
495
100001
280
100001
100001
100001
100001
100001
100001
599
100001
608
100001
291
100001
667
121
889
100001
507
100001
100001
100001
563
497
100001
100001
615
100001
100001
100001
506
350
100001
504
491
100001
173
100001
100001
509
100001
100001
100001
100001
100001
100001
100001
100001
430
100001
100001
267
789
100001
100001
434
390
556
797
906
100001
485
626
824
100001
100001
237
100001
440
100001
255
100001
228
538
560
100001
100001
100001
311
730
100001
100001
899
100001
100001
100001
100001
604
575
615
100001
100001
338
100001
100001
100001
646
100001
379
100001
307
626
100001
273
100001
100001
100001
100001
100001
100001
1
100001
785
775
100001
426
100001
282
100001
100001
289
100001
100001
623
100001
460
687
100001
416
405
697
100001
100001
100001
638
546
147
582
100001
100001
849
694
355
360
100001
760
32
335
100001
100001
100001
345
100001
309
692
310
100001
100001
649
100001
100001
863
226
495
738
663
100001
721
100001
100001
100001
100001
874
100001
517
100001
414
100001
100001
100001
100001
100001
100001
528
540
100001
823
100001
449
638
38
777
100001
497
24
100001
100001
511
100001
648
100001
100001
100001
947
100001
692
293
100001
543
430
518
613
417
100001
100001
554
323
100001
336
100001
457
100001
100001
534
826
100001
99
100001
100001
100001
584
328
100001
266
448
100001
401
757
100001
278
100001
360
100001
100001
841
100001
492
239
100001
440
634
344
100001
100001
100001
415
100001
538
213
100001
100001
781
100001
693
569
100001
295
100001
100001
100001
100001
361
934
100001
420
216
76
100001
100001
554
425
517
309
352
100001
476
492
788
544
335
100001
750
433
100001
100001
100001
100001
100001
555
758
753
100001
327
507
930
401
875
100001
100001
100001
454
100001
100001
757
100001
335
100001
494
100001
100001
100001
100001
100001
354
460
397
606
388
440
258
424
100001
100001
100001
554
258
100001
641
100001
368
803
415
879
100001
332
792
100001
100001
551
100001
100001
100001
100001
100001
961
263
100001
573
474
100001
441
293
289
100001
551
100001
703
777
100001
475
474
100001
100001
877
479
503
100001
100001
705
909
223
703
587
197
757
349
373
463
274
100001
100001
100001
100001
403
320
100001
100001
100001
686
683
100001
100001
271
100001
100001
100001
752
100001
100001
181
521
361
100001
148
442
100001
100001
100001
827
439
45
100001
100001
100001
100001
100001
869
492
409
100001
100001
604
433
570
525
100001
660
100001
301
280
583
749
517
353
100001
100001
100001
100001
797
431
660
469
100001
460
547
728
100001
100001
142
542
100001
411
100001
171
100001
100001
100001
100001
750
100001
651
100001
100001
418
797
388
284
100001
100001
594
725
100001
238
100001
100001
100001
479
651
100001
436
645
617
808
100001
100001
100001
751
511
880
100001
100001
100001
745
543
54
300
100001
100001
100001
431
100001
100001
100001
595
100001
100001
851
100001
658
100001
100001
621
736
787
100001
791
100001
900
398
100001
100001
100001
100001
453
711
100001
518
100001
94
100001
375
796
100001
100001
626
263
427
48
100001
727
100001
854
100001
100001
100001
293
100001
100001
100001
616
100001
100001
492
627
786
720
466
613
100001
100001
100001
513
534
349
148
100001
417
327
333
100001
297
100001
623
331
367
100001
100001
705
492
473
267
100001
636
100001
895
100001
100001
275
100001
385
685
100001
100001
100001
365
173
100001
100001
505
100001
593
566
100001
100001
100001
466
583
452
100001
568
100001
100001
658
451
100001
737
316
100001
100001
258
635
528
535
100001
100001
657
100001
100001
100001
100001
100001
470
356
100001
100001
245
100001
100001
100001
682
100001
124
764
100001
706
100001
100001
294
100001
100001
100001
100001
750
678
509
100001
798
222
100001
766
756
150
136
100001
100001
908
100001
589
696
100001
100001
577
100001
100001
480
365
782
100001
583
100001
100001
100001
487
748
100001
100001
491
100001
236
100001
100001
767
100001
100001
671
100001
596
518
100001
100001
448
418
207
243
857
459
100001
100001
100001
325
661
155
100001
100001
518
100001
100001
100001
542
575
100001
305
476
637
479
829
100001
454
602
100001
639
606
119
100001
100001
646
100001
688
944
100001
328
100001
100001
100001
509
532
423
305
100001
187
361
749
656
100001
100001
100001
100001
100001
542
810
705
100001
257
166
455
405
455
100001
402
100001
100001
403
100001
100001
491
378
100001
100001
613
66
834
575
100001
175
507
666
585
84
100001
365
560
498
579
921
100001
100001
420
100001
690
491
822
493
149
100001
866
547
395
226
100001
100001
100001
293
204
100001
100001
457
674
100001
100001
448
716
100001
100001
100001
100001
406
100001
100001
677
100001
100001
492
196
530
243
100001
410
605
100001
100001
100001
100001
445
100001
927
100001
929
367
658
100001
445
401
100001
100001
805
739
100001
100001
660
676
649
328
100001
354
183
100001
100001
229
100001
308
100001
539
575
722
830
100001
862
475
100001
146
944
100001
100001
280
100001
100001
496
100001
461
100001
100001
100001
100001
100001
100001
515
100001
539
100001
100001
100001
124
603
331
810
445
100001
100001
450
100001
573
514
586
100001
100001
614
100001
100001
100001
604
100001
455
100001
100001
305
100001
100001
655
100001
100001
100001
459
100001
100001
100001
100001
100001
226
568
656
100001
897
573
100001
100001
100001
100001
161
100001
100001
100001
405
503
521
100001
493
100001
100001
100001
515
787
553
100001
302
204
100001
100001
100001
496
805
485
643
100001
299
100001
31
447
100001
519
479
782
207
100001
316
100001
374
543
100001
824
100001
100001
100001
391
514
100001
357
568
100001
100001
560
100001
100001
452
748
223
100001
100001
100001
100001
732
100001
554
601
100001
723
417
133
664
795
595
349
100001
394
491
100001
100001
100001
100001
655
504
506
100001
170
305
641
537
500
100001
50
100001
337
100001
100001
100001
298
313
100001
242
463
511
644
363
100001
311
100001
100001
275
329
615
100001
100001
371
100001
100001
100001
100001
610
415
100001
100001
555
898
100001
100001
100001
396
473
100001
22
561
433
100001
100001
851
749
100001
100001
100001
100001
100001
836
100001
100001
100001
282
510
510
100001
100001
366
717
100001
653
519
404
346
200
100001
662
100001
616
807
351
608
530
475
215
204
100001
553
299
100001
471
100001
741
100001
393
252
100001
506
479
938
100001
100001
800
700
268
100001
100001
592
100001
699
100001
318
100001
100001
456
100001
100001
100001
100001
100001
100001
631
100001
558
531
100001
417
147
100001
100001
100001
508
100001
512
100001
100001
100001
100001
100001
100001
407
100001
603
378
199
100001
100001
693
505
658
535
100001
271
100001
773
363
100001
100001
633
581
676
100001
100001
536
100001
138
100001
100001
825
100001
100001
100001
100001
100001
583
100001
100001
100001
482
574
481
658
571
100001
100001
100001
434
658
720
604
100001
100001
100001
603
100001
100001
100001
432
100001
297
100001
100001
426
938
100001
564
100001
100001
100001
414
100001
100001
451
551
100001
100001
100001
710
100001
100001
100001
468
100001
100001
172
314
588
235
100001
100001
275
100001
100001
100001
124
298
100001
100001
843
100001
568
100001
100001
100001
646
100001
423
226
100001
100001
100001
100001
100001
615
100001
100001
348
100001
148
100001
100001
100001
193
100001
100001
818
100001
680
554
100001
800
100001
720
100001
100001
430
479
100001
680
627
100001
319
435
100001
100001
100001
100001
100001
100001
603
100001
957
740
100001
715
100001
294
100001
473
100001
599
100001
100001
100001
623
454
100001
100001
681
500
526
684
293
215
100001
658
100001
671
100001
516
100001
100001
100001
399
100001
100001
100001
612
246
100001
716
100001
100001
100001
696
100001
549
212
100001
336
513
100001
100001
259
100001
100001
108
100001
100001
314
310
552
100001
100001
100001
711
517
100001
100001
100001
747
320
456
737
439
388
100001
70
803
395
842
100001
100001
854
496
514
100001
100001
785
498
454
372
100001
774
611
447
100001
100001
100001
866
100001
100001
680
100001
100001
530
513
100001
100001
425
100001
100001
100001
100001
601
435
100001
100001
100001
100001
819
100001
329
100001
100001
100001
100001
705
100001
499
932
100001
490
100001
100001
113
100001
100001
700
413
100001
100001
669
265
100001
100001
433
100001
100001
100001
100001
100001
100001
109
266
100001
424
646
100001
100001
315
100001
100001
100001
100001
799
100001
539
100001
379
100001
100001
100001
700
116
511
617
540
100001
100001
100001
100001
100001
666
100001
398
100001
344
100001
874
168
100001
100001
486
808
100001
100001
100001
455
100001
100001
253
100001
100001
100001
100001
100001
369
100001
459
100001
100001
261
512
100001
100001
342
100001
100001
471
446
466
100001
100001
100001
100001
100001
758
623
100001
100001
100001
100001
100001
347
100001
758
388
100001
790
100001
100001
649
409
100001
260
673
554
100001
509
100001
661
100001
397
100001
100001
353
660
100001
100001
100001
100001
667
458
320
311
474
100001
632
771
481
238
100001
100001
509
100001
100001
617
100001
469
457
100001
628
100001
282
267
563
912
705
550
275
139
100001
269
100001
362
664
159
543
653
489
914
100001
100001
100001
224
100001
100001
100001
350
531
100001
100001
480
100001
379
622
411
399
100001
514
705
100001
448
358
268
476
621
520
381
533
100001
100001
393
100001
100001
364
100001
363
497
535
441
100001
100001
100001
726
311
100001
100001
875
100001
351
100001
100001
100001
100001
281
100001
725
576
701
820
722
281
740
100001
100001
728
781
100001
100001
100001
624
486
431
483
792
100001
359
303
100001
100001
100001
100001
100001
100001
100001
456
100001
100001
100001
471
100001
543
100001
100001
100001
100001
103
535
573
100001
516
100001
100001
374
100001
337
100001
899
100001
100001
596
440
411
100001
486
100001
523
100001
100001
590
346
100001
100001
100001
100001
100001
100001
913
246
100001
100001
100001
481
496
100001
769
691
100001
100001
584
100001
795
442
343
100001
627
239
508
372
100001
100001
100001
100001
100001
829
942
427
100001
100001
100001
582
197
558
100001
537
450
100001
444
335
100001
100001
100001
404
703
100001
100001
100001
811
606
566
100001
425
419
450
100001
100001
100001
100001
100001
100001
266
342
581
100001
188
100001
865
100001
427
100001
100001
641
100001
100001
298
100001
100001
497
100001
608
590
100001
100001
100001
100001
100001
773
650
204
100001
427
100001
574
100001
100001
100001
678
100001
100001
100001
548
100001
285
755
553
409
363
825
100001
100001
100001
383
186
549
100001
100001
506
100001
100001
283
387
807
593
361
25
100001
648
570
759
666
100001
897
715
323
625
100001
335
455
654
100001
100001
100001
100001
100001
100001
280
239
100001
584
100001
380
100001
476
100001
100001
533
100001
507
330
490
100001
700
100001
100001
100001
257
500
466
441
667
749
100001
499
100001
100001
505
290
100001
100001
135
100001
318
298
100001
100001
494
812
100001
805
245
100001
770
100001
516
594
285
465
529
234
100001
880
100001
416
268
661
627
100001
775
229
100001
171
100001
480
100001
170
100001
266
100001
364
530
100001
100001
100001
100001
100001
100001
100001
100001
100001
410
475
209
100001
167
909
612
100001
735
100001
100001
100001
100001
100001
100001
100001
806
100001
423
431
100001
453
738
100001
100001
644
100001
650
100001
378
648
100001
564
100001
462
100001
100001
764
451
100001
100001
808
100001
100001
436
100001
100001
383
100001
100001
100001
591
525
100001
343
100001
268
100001
314
100001
100001
719
100001
100001
788
308
100001
501
399
323
100001
100001
100001
406
100001
694
928
100001
305
100001
100001
509
100001
100001
100001
402
100001
100001
730
586
100001
477
100001
100001
100001
100001
100001
399
260
519
477
100001
100001
419
302
100001
196
306
100001
100001
100001
100001
65
198
561
100001
100001
100001
927
706
100001
837
680
100001
100001
100001
100001
100001
100001
394
100001
603
506
645
573
243
100001
100001
100001
100001
629
100001
100001
656
522
100001
240
100001
418
592
389
434
100001
166
100001
100001
179
701
261
100001
100001
271
100001
100001
143
100001
524
100001
413
576
100001
225
100001
549
100001
100001
469
100001
100001
100001
608
609
100001
100001
100001
337
415
100001
678
626
953
555
348
100001
100001
100001
192
100001
100001
100001
100001
100001
100001
100001
419
561
732
100001
797
247
383
144
958
100001
100001
100001
136
676
616
621
687
81
458
100001
100001
100001
100001
100001
100001
100001
575
357
100001
507
100001
821
712
633
599
545
100001
100001
427
100001
100001
100001
564
855
341
100001
100001
828
739
765
129
882
732
282
100001
647
522
100001
100001
759
100001
100001
100001
100001
375
100001
377
576
100001
565
674
100001
100001
695
392
702
217
100001
488
100001
100001
100001
100001
100001
100001
668
100001
100001
100001
261
563
782
398
100001
285
381
518
100001
601
100001
554
100001
100001
486
100001
805
377
100001
100001
100001
100001
472
100001
544
100001
497
520
100001
100001
100001
100001
100001
193
100001
121
100001
608
100001
114
100001
100001
100001
628
100001
469
655
100001
630
100001
100001
100001
839
100001
100001
416
100001
100001
100001
100001
507
229
100001
374
510
560
482
100001
100001
100001
107
100001
646
520
476
795
100001
100001
380
235
75
476
100001
68
727
629
813
93
100001
479
100001
577
100001
377
209
100001
100001
100001
777
525
100001
503
100001
484
100001
100001
100001
100001
100001
100001
100001
100001
562
495
100001
385
506
732
100001
653
100001
698
278
100001
232
100001
527
453
100001
950
545
100001
100001
100001
100001
100001
757
100001
100001
100001
100001
100001
268
100001
200
100001
499
100001
100001
503
100001
753
100001
100001
100001
231
100001
172
539
470
765
500
383
781
100001
294
729
100001
436
100001
100001
100001
441
463
693
100001
802
633
100001
507
594
262
416
765
100001
100001
100001
451
796
100001
100001
437
513
261
852
100001
100001
100001
311
259
100001
395
149
100001
329
100001
177
100001
100001
230
790
401
788
225
733
100001
100001
631
409
616
100001
100001
100001
675
100001
100001
511
569
431
797
100001
100001
100001
100001
100001
100001
100001
277
350
100001
512
624
100001
100001
100001
100001
100001
212
100001
100001
454
100001
268
328
100001
405
620
100001
100001
558
100001
100001
100001
100001
100001
100001
399
100001
100001
100001
100001
457
538
100001
183
317
634
100001
266
392
521
100001
100001
100001
100001
361
100001
291
100001
100001
100001
100001
430
326
400
518
686
286
100001
585
464
100001
100001
528
767
357
100001
779
100001
677
675
313
100001
638
461
532
762
100001
100001
647
100001
363
100001
100001
553
100001
100001
63
100001
176
759
500
100001
410
100001
100001
100001
100001
832
100001
100001
395
436
369
356
602
106
100001
100001
191
100001
100001
100001
100001
267
100001
100001
395
100001
100001
100001
100001
100001
100001
601
100001
100001
100001
100001
100001
395
100001
100001
100001
328
100001
606
651
438
100001
279
100001
100001
314
388
335
625
151
100001
100001
100001
100001
100001
305
167
100001
100001
440
100001
629
302
100001
100001
137
100001
754
226
100001
100001
265
561
100001
200
100001
420
415
729
100001
385
100001
687
408
100001
100001
100001
100001
716
436
686
100001
100001
694
100001
100001
582
556
660
743
100001
271
100001
100001
770
330
100001
240
100001
100001
513
100001
269
825
681
656
100001
100001
100001
100001
100001
366
100001
583
100001
238
124
100001
100001
100001
100001
858
100001
698
374
100001
787
100001
510
100001
100001
100001
509
100001
100001
420
100001
100001
556
498
545
100001
100001
100001
435
100001
291
513
393
331
710
100001
638
100001
453
100001
249
100001
100001
256
100001
100001
292
375
100001
100001
100001
100001
100001
524
427
100001
789
100001
100001
100001
100001
100001
100001
735
100001
200
100001
100001
383
100001
710
100001
100001
100001
100001
100001
100001
340
100001
501
100001
100001
323
100001
100001
100001
330
331
208
332
448
634
100001
100001
606
92
410
100001
315
504
100001
823
100001
347
865
342
272
100001
100001
388
100001
100001
100001
100001
100001
870
720
100001
163
100001
100001
718
353
181
390
258
100001
313
100001
936
214
355
100001
661
100001
290
100001
100001
100001
434
262
517
100001
676
672
100001
645
100001
100001
100001
100001
100001
475
100001
100001
320
593
705
100001
100001
209
669
529
659
870
489
599
115
100001
100001
577
100001
100001
100001
100001
750
56
15
100001
100001
100001
100001
100001
533
526
778
100001
100001
100001
175
88
528
100001
100001
100001
100001
79
248
100001
585
493
100001
350
953
100001
710
100001
100001
282
100001
100001
198
367
100001
850
100001
164
839
100001
100001
100001
100001
529
881
632
498
313
100001
100001
100001
167
294
665
100001
311
508
471
644
100001
100001
391
100001
100001
100001
100001
100001
902
100001
654
100001
100001
100001
100001
666
304
100001
743
614
866
100001
748
766
338
529
100001
495
100001
472
100001
429
100001
100001
100001
631
100001
100001
100001
150
625
917
517
100001
468
100001
100001
100001
100001
638
100001
100001
100001
100001
678
147
943
100001
389
172
433
100001
100001
100001
686
579
546
100001
100001
222
100001
100001
210
521
811
100001
923
100001
253
100001
100001
100001
774
334
100001
508
333
100001
100001
518
100001
100001
903
100001
280
427
373
353
335
358
366
100001
847
100001
100001
100001
100001
596
721
648
100001
753
827
464
608
100001
100001
100001
100001
512
633
100001
556
501
100001
100001
100001
100001
100001
100001
100001
285
566
582
466
100001
427
100001
100001
307
309
523
445
248
687
835
100001
493
284
195
100001
100001
711
369
100001
861
388
670
95
100001
340
100001
326
122
137
879
313
100001
100001
100001
424
725
265
100001
444
60
347
568
100001
100001
100001
464
100001
100001
100001
100001
643
100001
100001
100001
357
100001
514
377
322
775
235
598
100001
100001
100001
100001
579
514
339
100001
100001
100001
666
100001
388
162
100001
100001
100001
100001
100001
100001
100001
100001
100001
100001
100001
116
100001
246
553
340
537
100001
100001
128
100001
580
100001
710
692
100001
100001
571
821
748
100001
464
624
296
100001
100001
569
636
100001
100001
100001
830
806
498
100001
100001
100001
100001
716
476
100001
479
100001
100001
100001
100001
31
100001
100001
375
100001
645
100001
356
750
447
244
652
264
329
328
100001
422
579
103
100001
732
598
180
190
115
100001
502
181
100001
100001
100001
473
100001
407
535
472
501
100001
110
404
425
100001
564
100001
100001
100001
100001
100001
430
100001
100001
594
576
100001
100001
100001
57
542
505
539
140
100001
119
100001
618
100001
233
859
100001
100001
100001
449
100001
697
100001
305
100001
100001
547
100001
82
100001
100001
478
100001
100001
100001
100001
766
100001
100001
100001
100001
42
548
100001
100001
100001
100001
100001
100001
756
322
81
100001
100001
707
506
788
954
100001
825
631
759
100001
100001
100001
100001
606
343
100001
100001
100001
100001
798
579
618
284
314
398
320
100001
845
100001
681
100001
100001
100001
100001
314
100001
100001
538
525
100001
266
100001
662
188
353
524
206
100001
371
100001
100001
100001
100001
206
100001
100001
591
325
221
100001
100001
100001
504
100001
100001
100001
100001
143
796
100001
399
100001
100001
100001
100001
455
100001
100001
100001
100001
452
100001
530
420
100001
100001
100001
100001
100001
486
485
100001
466
632
791
81
591
602
100001
151
100001
100001
195
100001
366
586
287
100001
371
173
100001
816
100001
238
100001
100001
903
406
610
765
100001
463
100001
100001
319
812
547
100001
642
659
100001
100001
198
197
100001
100001
100001
936
364
100001
682
274
594
100001
100001
100001
522
587
656
100001
718
312
100001
100001
100001
100001
673
100001
550
543
349
405
661
100001
436
682
753
388
100001
120
100001
100001
426
100001
100001
100001
100001
565
281
100001
251
100001
613
259
460
298
473
100001
100001
400
650
100001
100001
273
100001
354
100001
433
595
477
100001
100001
569
754
533
100001
100001
100001
100001
100001
469
308
184
715
100001
100001
455
100001
769
100001
100001
100001
49
100001
613
100001
342
419
100001
100001
371
168
100001
299
100001
100001
387
100001
100001
391
420
609
100001
638
347
100001
587
597
566
345
364
689
722
100001
678
100001
805
407
530
100001
605
100001
100001
100001
100001
100001
893
438
100001
100001
528
100001
100001
302
601
100001
713
100001
100001
333
100001
383
420
100001
428
724
100001
100001
100001
100001
100001
100001
486
100001
100001
350
100001
234
100001
767
521
203
100001
627
100001
292
100001
443
557
100001
100001
212
100001
468
591
495
506
584
350
100001
284
100001
608
100001
827
100001
568
100001
100001
533
700
192
846
464
765
146
100001
704
100001
100001
100001
426
316
100001
100001
100001
470
100001
100001
461
699
100001
100001
100001
479
100001
384
167
697
100001
289
595
125
100001
792
654
100001
691
100001
649
36
148
935
327
36
100001
100001
100001
581
100001
100001
100001
100001
100001
100001
100001
498
238
624
827
100001
531
739
586
503
100001
600
759
100001
100001
100001
100001
691
580
666
71
100001
549
349
100001
513
729
506
721
100001
534
344
100001
100001
399
590
940
100001
100001
100001
100001
100001
613
577
82
714
603
100001
772
759
100001
395
100001
217
100001
100001
289
840
100001
632
299
100001
100001
4
500
381
277
716
494
734
100001
253
100001
100001
731
100001
100001
409
100001
100001
100001
474
760
412
100001
862
100001
135
165
476
100001
100001
100001
398
548
100001
100001
100001
100001
495
361
345
272
100001
562
484
859
100001
502
481
100001
695
743
783
648
100001
653
731
335
479
100001
100001
598
590
655
100001
100001
117
647
624
463
100001
100001
100001
318
100001
608
100001
100001
100001
195
100001
100001
100001
464
530
100001
591
367
675
100001
530
210
618
717
651
737
100001
702
366
100001
729
308
700
342
100001
892
602
399
100001
100001
100001
100001
514
397
676
601
594
326
