77
18
31
19
19
43
58
1
22
81
55
37
73
19
216
78
172
25
99
12
255
157
72
1
21
76
60
55
80
53
73
171
46
31
108
87
37
72
18
29
82
159
18
27
31
9
65
94
47
27
146
35
105
14
14
33
29
22
25
6
57
13
63
173
83
14
5
107
14
30
59
44
138
54
46
343
27
27
12
54
172
12
39
186
16
33
17
164
1
355
102
77
262
44
52
107
81
23
224
43
64
27
121
26
151
37
57
58
27
78
25
70
45
69
46
280
131
52
50
22
16
67
52
107
64
95
84
62
11
193
4
63
258
12
83
13
32
67
26
156
97
27
16
119
43
83
144
16
41
4
11
123
13
61
102
6
54
85
10
19
39
177
98
15
150
75
1
18
1
5
71
15
62
130
62
65
94
97
303
54
41
8
8
49
232
55
125
47
66
28
25
51
142
34
221
23
11
67
43
94
114
61
51
20
101
9
19
26
53
10
23
161
41
239
1
91
80
3
41
58
35
233
20
152
87
19
565
201
2
20
50
69
2
36
100
27
18
118
51
23
4
12
36
26
36
20
66
86
60
2
55
1
48
38
152
153
4
105
53
62
57
83
41
32
81
19
26
20
21
3
130
38
96
4
19
2
33
2
84
66
3
146
30
23
116
31
13
87
41
74
20
72
52
4
67
23
77
92
89
82
40
10
75
36
25
32
31
31
43
6
19
10
36
69
50
31
3
74
23
29
24
66
102
25
139
22
12
62
50
53
1
26
124
42
66
112
61
32
14
14
64
34
178
75
113
251
269
28
140
104
24
131
29
95
668
159
22
10
96
32
84
10
79
75
23
18
27
60
32
127
61
91
54
95
1
2
35
48
474
134
61
87
164
9
149
38
106
181
54
113
80
124
109
60
70
4
92
1
224
6
18
33
24
13
238
25
52
119
20
24
72
75
42
69
23
94
14
14
19
4
504
67
141
163
50
52
32
14
36
38
131
77
71
27
120
31
70
51
121
13
78
177
69
71
18
37
51
121
129
102
13
10
39
94
99
15
240
170
2
49
177
9
56
106
3
17
36
41
83
2
27
43
383
108
6
57
208
95
1
63
27
59
154
83
5
69
52
4
26
105
127
215
168
85
54
74
32
11
130
28
73
72
30
37
56
107
54
25
41
118
12
13
7
7
78
19
40
22
177
15
10
29
19
131
1
179
63
85
73
62
79
2
63
64
52
113
28
78
118
6
22
12
11
3
53
66
17
23
22
22
13
147
2
41
44
70
38
54
68
21
7
438
107
107
63
83
17
29
7
51
1
48
4
121
68
280
15
30
32
66
62
81
150
61
106
4
55
95
14
80
82
104
123
159
62
12
74
2
6
79
26
6
105
24
97
89
228
36
48
53
79
8
62
21
24
81
143
51
1
41
12
28
51
33
81
22
167
9
63
1
212
46
48
46
27
14
120
122
169
127
22
15
3
288
89
120
55
131
146
122
81
10
113
61
68
32
27
60
266
60
140
2
23
71
72
6
17
32
271
8
119
16
62
63
1
63
65
10
57
10
18
59
139
195
1
28
7
24
29
139
35
27
48
54
38
108
61
45
52
150
2
11
197
12
35
22
29
74
13
5
43
178
57
18
73
295
103
87
51
39
213
32
40
66
20
134
18
96
155
89
37
20
44
34
17
58
112
182
6
78
160
88
35
52
24
149
9
8
18
77
3
69
26
45
29
14
44
20
26
76
75
50
142
46
67
132
162
142
87
48
58
80
105
94
187
73
99
88
60
9
86
19
8
6
150
10
3
177
203
29
92
64
105
57
8
26
58
42
30
73
23
87
39
36
101
28
13
41
256
6
55
97
40
43
18
25
8
24
87
68
100
69
43
131
39
116
140
65
22
40
10
34
150
120
93
8
112
45
39
20
57
71
140
14
116
53
31
69
12
4
29
33
30
68
15
2
68
8
39
7
59
21
6
101
8
161
24
47
21
2
25
9
26
33
24
4
60
21
53
63
21
2
33
68
4
38
31
116
50
86
406
149
530
8
48
140
108
279
33
64
31
40
2
34
5
11
53
14
109
19
16
13
116
156
5
25
19
59
22
50
55
75
63
311
38
75
11
20
65
17
1
4
97
14
198
155
55
69
246
26
60
123
45
1
68
44
71
26
135
102
74
19
30
225
4
26
44
73
52
53
5
4
98
507
80
5
28
10
29
7
107
50
18
150
41
52
75
63
11
156
82
150
97
13
20
76
61
44
33
26
8
62
191
136
51
109
24
65
189
135
8
13
23
65
43
3
237
50
181
34
254
8
12
48
88
10
33
48
94
4
60
76
42
10
170
16
67
172
34
139
81
24
176
46
47
16
136
58
11
40
36
77
41
494
30
87
13
7
333
12
83
26
118
11
41
56
108
36
330
252
60
138
80
104
29
66
85
4
31
73
1
109
3
15
62
54
104
17
89
59
72
5
8
52
44
54
142
34
101
9
3
176
59
42
63
15
82
30
112
125
28
27
28
31
114
10
29
6
148
48
47
61
31
123
52
136
3
67
160
59
18
2
71
12
62
511
89
25
77
24
21
10
25
9
3
15
72
212
26
18
167
43
19
49
94
43
57
7
1
5
1
65
146
274
64
257
88
18
15
17
53
6
127
1
2
9
16
12
30
1
21
9
27
60
7
63
114
86
26
79
75
27
3
34
95
53
26
33
58
96
17
103
29
85
9
21
70
52
50
111
142
80
36
3
49
18
16
59
22
53
16
71
34
3
30
89
89
26
5
32
28
21
23
381
18
14
43
4
62
3
130
34
78
6
175
212
71
15
150
31
52
127
2
64
78
10
17
104
53
84
5
70
3
42
23
100
195
3
16
7
36
104
65
78
169
18
22
27
9
1
8
12
112
29
33
313
12
84
4
55
47
99
128
36
200
4
68
76
5
42
20
37
36
103
232
4
79
132
2
70
75
12
213
14
20
25
1
24
14
61
15
64
59
90
29
105
86
24
39
10
4
52
86
121
72
136
216
1
9
200
94
13
138
48
92
663
38
41
8
71
128
24
56
149
11
25
49
27
237
21
82
7
28
11
35
4
308
95
43
3
46
1
172
20
14
43
19
22
32
29
8
39
76
8
68
51
26
2
58
71
4
42
13
31
26
192
51
125
141
12
4
28
7
18
187
130
54
114
74
200
74
21
80
35
48
55
68
4
20
34
42
38
4
9
13
60
40
108
130
17
104
35
143
357
449
7
25
47
8
97
140
38
22
1
19
39
36
41
84
16
61
74
44
134
18
32
103
70
58
70
33
263
4
54
62
143
13
61
72
63
38
84
25
3
26
70
124
460
10
5
116
58
58
28
67
76
82
1
433
56
13
7
33
56
113
217
70
105
35
6
33
65
46
3
26
43
78
29
54
50
120
6
15
113
116
13
55
22
2
95
1
8
5
213
99
38
196
41
5
10
93
248
34
12
157
95
68
28
37
14
14
137
4
29
3
23
58
8
11
59
71
118
49
198
45
63
37
232
1
325
162
35
47
90
121
116
229
8
130
209
59
146
12
18
8
78
142
128
1
68
13
53
22
1
21
4
48
98
152
107
13
58
26
319
15
43
109
80
8
34
30
3
56
49
99
202
26
15
95
5
65
12
210
14
13
46
22
82
59
4
3
14
97
134
118
27
13
5
84
323
5
11
69
63
21
132
102
98
50
13
17
135
17
548
9
34
39
36
226
31
6
69
1
7
3
33
164
17
9
106
189
50
36
1
187
34
85
156
42
90
1
13
7
29
377
1
6
5
41
59
41
5
150
45
101
7
11
29
123
30
4
20
65
48
107
10
249
45
30
49
86
67
176
17
58
53
82
105
3
14
82
82
10
41
46
63
25
22
35
9
122
48
67
80
6
5
45
51
17
229
41
46
60
178
27
98
341
19
429
126
151
14
49
283
132
71
27
127
25
45
169
9
79
23
255
180
30
67
149
2
9
42
24
145
89
71
161
185
51
1
9
154
102
12
39
5
28
45
488
1
36
33
8
169
203
130
72
4
27
51
31
36
27
35
26
35
99
64
93
99
34
125
95
82
55
72
22
87
169
80
53
4
39
22
106
25
18
2
64
8
33
4
121
20
156
194
19
53
18
34
215
58
3
56
142
61
10
21
14
4
16
2
20
56
6
14
115
84
57
12
105
60
11
10
54
48
18
32
1
1
21
10
28
63
17
164
44
31
55
10
59
271
86
2
96
20
111
49
204
54
9
20
51
16
124
126
93
19
6
75
78
5
10
124
81
53
23
94
2
3
2
12
6
7
46
57
26
76
33
61
71
91
35
11
178
85
65
28
21
63
35
57
22
25
80
19
66
84
22
70
52
55
177
26
27
204
66
21
2
202
25
81
75
10
34
58
10
63
4
82
8
62
24
75
35
118
50
66
15
13
38
132
35
125
145
64
13
7
23
11
43
9
58
51
150
21
38
241
4
131
148
52
24
81
7
16
50
144
102
31
40
27
243
32
18
281
272
85
24
56
12
113
101
60
19
13
44
208
45
28
1
69
66
5
32
52
20
4
6
17
50
26
129
167
73
57
3
71
126
73
11
9
19
56
41
37
5
176
23
12
35
68
96
15
66
7
60
29
7
85
65
32
32
176
24
34
5
46
142
68
6
294
39
226
3
86
47
2
10
16
9
11
28
159
15
22
5
71
36
166
6
7
1
64
56
18
4
12
50
7
127
7
47
15
25
225
2
4
39
37
50
10
71
10
70
16
3
15
96
44
96
6
25
2
71
17
74
25
6
74
41
51
37
24
12
99
85
2
22
6
592
146
20
68
49
73
13
215
241
13
81
13
43
82
15
331
121
60
7
62
37
3
37
3
4
103
50
12
25
64
13
39
21
13
10
34
14
46
38
208
29
56
58
39
36
121
63
221
5
11
8
11
70
22
3
4
87
206
103
74
144
95
27
70
14
55
18
19
76
34
19
70
52
12
11
120
49
42
54
5
101
58
42
12
154
38
84
2
20
18
75
66
105
1
66
15
64
26
18
41
483
6
58
39
19
276
45
108
201
32
97
11
65
61
168
4
30
16
25
32
108
35
12
108
66
65
5
78
9
99
220
217
79
12
29
47
132
12
42
83
94
62
96
59
55
269
8
187
6
9
21
128
74
157
116
4
5
12
18
49
46
90
311
83
45
412
56
11
20
10
40
50
5
316
103
81
10
115
34
74
79
21
16
8
39
124
1
31
228
131
1
24
99
131
94
19
26
8
31
174
39
15
40
8
186
100
9
35
15
124
70
53
40
54
87
31
87
168
79
109
8
36
141
19
42
86
118
94
85
104
266
102
20
8
49
6
12
10
37
51
10
4
50
132
6
108
5
19
77
98
22
5
78
4
73
36
26
94
33
39
94
44
107
16
56
269
69
181
109
36
237
42
102
7
123
257
67
367
6
63
229
56
86
30
13
38
139
83
65
48
138
52
121
124
100
27
34
36
163
11
229
1
9
2
22
96
34
64
224
242
89
58
25
79
37
37
22
249
46
137
304
57
17
59
87
79
200
61
39
60
32
25
344
28
48
38
94
59
28
233
38
13
27
22
59
8
86
8
41
37
14
16
24
83
16
222
71
42
18
87
122
9
21
48
77
102
80
95
97
106
14
23
19
113
82
30
96
32
24
76
71
38
9
114
48
12
65
24
79
55
124
1
21
1
253
18
4
18
71
15
79
35
14
69
76
3
1
147
84
24
175
7
8
44
64
35
18
82
17
223
149
34
2
45
160
81
81
55
123
76
103
66
46
20
131
44
29
157
3298
9
43
194
49
26
158
68
13
115
76
30
149
90
132
20
8
125
170
83
32
28
3
63
177
164
11
142
12
38
9
82
403
4
81
6
43
43
37
39
31
22
150
29
71
42
19
50
299
167
3
126
149
91
120
5
43
32
8
74
34
13
150
23
26
97
100
87
5
17
140
8
49
158
215
116
42
63
10
148
33
82
30
22
38
94
9
17
47
289
3
29
72
65
108
82
42
177
115
185
4
56
38
326
128
25
6
105
3
75
113
195
20
95
73
179
213
133
1
75
81
87
180
98
68
13
38
31
9
7
5
3
46
8
47
6
39
42
4
99
115
84
209
26
242
86
63
10
38
13
10
84
5
7
40
13
271
76
12
4
36
8
50
6
66
53
44
31
165
22
76
111
26
1
8
5
10
165
50
93
11
144
11
1
28
54
4
69
143
47
2
41
9
50
14
14
105
2
44
77
8
55
76
28
48
95
34
13
8
155
147
28
18
238
173
149
23
30
43
61
109
62
45
69
76
119
5
113
34
37
1
4
1
60
83
65
275
81
15
64
30
101
1
7
183
158
37
7
56
57
22
178
26
120
106
5
56
13
115
41
85
27
236
24
159
16
97
110
40
154
70
58
29
726
4
164
87
82
21
40
53
30
73
133
139
14
44
139
17
187
11
6
48
219
63
6
24
42
152
73
35
72
84
83
16
98
46
29
11
26
88
76
359
42
73
35
128
334
106
12
28
305
125
218
9
58
19
4
13
56
51
34
51
4
73
48
157
61
1
26
28
30
11
12
69
61
77
50
51
71
3
252
178
105
22
11
8
23
82
98
33
23
54
159
61
243
23
99
38
4
3
169
81
83
163
62
10
21
4
18
44
269
64
91
70
46
78
45
34
13
28
2
103
22
34
72
20
2
16
43
52
1
7
73
40
14
51
63
123
8
99
132
101
167
55
33
61
19
23
261
46
125
14
59
21
31
53
66
10
22
17
94
28
42
132
37
17
220
140
17
33
24
14
50
43
26
61
8
12
2
3
194
117
72
89
125
190
61
78
24
34
102
111
34
32
105
31
71
34
44
119
77
119
2
30
18
103
31
368
31
88
45
12
87
108
94
8
336
34
18
37
193
89
59
40
28
38
26
5
18
37
88
133
221
16
13
76
64
53
48
197
13
41
45
133
39
147
124
31
121
19
106
79
17
107
245
60
35
50
25
69
45
20
71
1959
30
9
38
30
211
6
13
37
74
55
8
1
37
368
33
46
15
51
64
50
6
36
100
20
4
56
47
53
32
19
12
135
12
152
4
127
55
6
134
35
55
27
37
8
107
140
20
16
71
10
34
9
54
40
35
339
11
38
173
24
59
73
52
144
71
91
19
13
23
27
58
194
1
63
98
32
12
149
42
52
61
71
13
99
34
23
98
203
38
204
400
400
4
87
87
62
46
7
90
11
12
20
1
2
14
33
122
18
2
7
76
18
41
34
99
26
73
119
148
8
84
87
59
96
162
123
62
8
46
258
28
77
18
11
27
13
51
24
578
126
16
41
27
282
162
1
45
31
54
4
139
11
33
85
7
14
21
26
221
12
17
132
6
173
24
58
34
44
36
73
4
68
246
52
112
90
222
121
104
17
80
48
6
261
75
6
97
76
20
78
5
64
27
11
32
14
59
35
75
50
10
27
19
11
52
42
108
357
40
87
33
4
56
130
187
6
17
31
137
49
2
48
180
5
221
13
406
94
58
25
31
38
19
10
33
128
126
71
84
145
142
27
24
74
152
164
51
75
79
159
175
40
151
1
109
156
339
31
22
57
146
54
25
32
52
68
77
11
179
21
50
167
147
33
39
64
47
137
24
23
37
156
58
3
78
331
132
66
76
26
77
22
42
40
46
37
145
200
36
15
67
299
90
139
38
5
12
11
101
76
24
7
32
43
33
21
39
104
151
24
52
57
60
64
18
2
240
14
65
134
193
20
30
61
1
49
203
4
592
50
59
1
46
22
32
35
19
118
61
278
159
35
39
68
25
6
1
99
30
119
53
62
57
78
47
21
39
11
13
124
29
65
25
136
70
77
22
20
20
22
52
62
14
188
98
43
162
20
117
5
29
9
4
3
160
192
153
79
53
202
78
109
32
60
13
79
153
77
102
34
9
163
39
11
20
64
16
79
104
60
84
159
111
110
32
88
125
47
49
21
125
22
33
73
147
158
57
21
31
207
305
52
8
22
121
10
81
17
21
130
2
9
130
35
100
110
19
36
37
103
8
47
56
97
1
235
149
28
70
48
8
215
76
90
211
34
107
103
103
2
89
22
23
105
21
16
38
27
46
51
132
165
140
25
17
109
8
23
39
55
158
25
26
6
65
101
12
78
87
6
115
4
51
11
69
72
19
100
38
28
174
34
33
85
1
139
54
137
68
25
78
67
25
32
26
24
27
87
66
60
132
1
9
58
59
1
26
2
19
49
95
8
35
7
136
15
9
74
72
160
5
116
24
48
135
2
79
75
18
45
113
108
188
26
5
16
95
59
62
155
126
133
75
76
14
23
152
125
3
14
37
1352
20
8
14
2
123
16
115
41
134
20
5
119
6
12
84
15
35
89
67
43
41
12
43
11
109
51
73
164
7
39
26
43
74
78
85
27
20
92
89
12
3
13
30
71
149
109
49
89
25
110
22
19
2
79
60
77
13
6
53
72
11
56
34
44
34
15
148
4
72
190
3
16
32
10
22
72
70
13
192
105
12
101
49
6
5
68
178
9
113
58
232
101
6
5
24
149
141
54
25
192
82
136
60
8
70
7
35
77
77
23
3
31
31
27
196
27
56
12
30
37
153
39
85
4
8
48
10
19
54
63
5
71
72
57
24
34
286
20
37
46
13
91
14
111
2
72
67
24
60
212
6
8
10
29
10
36
9
13
30
24
100
66
109
108
10
11
65
6
26
2
2
49
6
46
21
37
9
48
178
11
57
131
38
10
120
85
17
25
30
117
35
98
9
87
189
35
3
82
26
31
59
112
103
57
20
19
14
50
19
48
109
71
22
59
33
89
27
5
65
75
125
163
141
74
42
35
25
1
16
283
15
68
65
23
94
91
128
81
159
30
93
75
68
90
85
86
41
79
92
102
73
3
67
19
7
15
57
11
60
67
70
102
45
53
90
477
61
13
103
21
107
68
41
62
49
22
93
51
39
31
159
36
17
132
11
27
9
12
13
38
32
92
141
47
69
25
7
31
78
131
137
51
17
55
56
12
179
7
68
63
45
48
50
90
4
31
24
107
85
27
14
59
33
77
7
307
79
102
110
72
11
286
40
180
40
129
102
115
35
9
74
31
19
33
321
72
7
70
71
34
66
1
47
57
92
51
16
56
78
21
79
163
34
187
59
10
7
68
113
277
3
18
35
52
117
89
25
122
39
3
72
201
84
3
25
41
64
36
29
1
212
5
56
27
52
12
5
72
6
27
135
64
96
116
52
11
58
33
8
216
29
72
178
38
33
53
36
131
151
33
57
2
131
49
58
16
9
15
143
22
102
83
56
119
161
96
19
9
22
42
53
52
59
109
154
75
50
72
49
101
133
110
96
196
18
119
231
56
101
2
43
2
6
47
52
42
153
144
7
50
2
28
181
20
13
90
3
9
47
141
43
104
11
96
64
64
54
60
140
76
58
50
94
66
97
52
70
141
17
74
299
71
5
12
167
108
6
28
106
36
34
127
8
120
182
91
64
9
94
109
123
1
6
14
56
103
3
5
38
107
20
638
15
8
389
11
88
46
1
34
21
118
169
543
421
46
3
39
31
33
33
2
3
2
120
92
123
23
63
219
18
348
57
128
55
1
8
37
29
52
4
55
132
52
18
34
113
53
47
58
100
4
15
134
10
237
37
4
2
8
28
60
1
75
14
19
224
51
6
47
44
17
90
34
32
9
40
14
142
38
88
43
36
39
141
60
190
124
4
89
139
273
178
142
26
1
49
9
14
46
127
27
192
45
16
32
31
26
20
17
3
46
67
18
54
22
26
16
2
128
157
12
35
335
139
47
3
103
101
103
278
166
125
5
163
6
47
131
23
4
11
17
149
74
20
11
5
35
8
10
22
266
168
165
39
78
136
13
146
155
58
28
90
45
86
36
91
10
16
45
134
84
130
71
80
6
12
75
18
3
63
53
7
23
195
33
72
265
2
381
82
8
129
99
1
65
85
21
11
1
31
1
71
36
87
43
10
5
4
175
13
173
85
38
4
10
62
115
103
8
119
7
45
16
2
41
107
22
9
31
1
77
40
13
32
111
19
52
15
2
10
54
119
65
43
98
508
71
11
28
24
69
83
82
8
54
4
33
48
39
49
2
84
73
9
21
30
2
22
14
4
11
93
91
37
2
20
18
132
77
5
13
80
49
30
11
29
204
7
3
30
10
4
110
91
45
21
4
137
26
21
21
25
93
4
39
38
45
74
1
143
2
96
33
53
45
135
38
38
15
95
16
136
27
14
75
3
84
77
88
78
193
127
303
25
6
69
91
147
89
129
37
42
9
91
21
60
41
146
247
7
147
71
185
9
89
72
118
56
21
25
78
36
48
196
10
100
73
27
17
18
101
94
88
133
64
107
52
31
21
28
31
89
7
134
85
131
111
43
3
25
6
16
155
128
86
161
53
44
9
45
44
36
2
125
48
231
65
105
70
14
94
53
49
109
46
63
53
98
42
30
3
91
30
14
54
52
67
12
78
142
84
29
85
6
118
9
108
212
116
73
86
46
13
30
31
87
15
174
5
80
223
19
76
117
101
62
10
43
105
18
48
44
54
4
22
43
88
98
226
16
29
49
46
31
42
46
27
63
30
89
5
25
41
88
334
37
6
25
100
144
70
42
301
237
39
26
30
2
106
34
15
11
13
102
20
38
5
152
53
48
45
108
1
60
12
21
29
4
61
15
208
69
92
20
59
38
20
22
25
229
24
7
25
106
59
7
20
31
15
124
53
298
105
16
22
4
31
38
137
20
61
44
5
102
17
59
69
75
70
173
44
18
14
26
60
15
93
114
33
18
2
264
23
144
119
147
135
154
80
84
115
53
244
66
18
100
93
6
101
67
28
93
79
20
48
9
43
257
104
65
42
112
67
192
36
49
39
42
23
8
138
296
127
91
104
126
97
3
47
251
111
86
130
9
23
109
180
21
153
66
111
28
53
472
66
18
144
17
28
50
293
3
19
14
90
64
15
10
54
88
126
12
27
57
49
31
70
87
109
45
63
28
50
11
26
22
47
67
59
21
114
42
24
188
19
34
8
26
81
90
93
12
78
1
239
85
65
17
11
2
9
101
54
10
22
268
142
80
293
151
22
56
42
15
137
164
166
75
77
60
4
45
34
144
17
30
23
118
29
88
7
44
108
133
30
59
32
10
8
117
26
186
142
30
33
116
36
8
98
142
5
9
88
35
27
61
20
90
110
13
7
91
1
39
9
2
209
24
44
57
13
63
37
21
31
7
49
78
78
12
32
8
100
21
59
41
75
6
70
8
25
49
47
165
57
13
87
142
38
36
85
9
33
98
101
68
6
9
125
45
41
70
45
52
40
143
9
56
89
186
38
18
28
6
14
252
77
68
31
9
75
74
66
55
347
28
186
26
19
2
36
70
22
112
14
16
55
22
91
103
40
41
27
15
50
45
145
3
58
5
31
16
46
52
25
115
35
17
1
16
6
3
82
134
50
183
242
49
78
42
23
28
2
33
6
8
29
19
106
26
8
84
59
111
57
73
95
126
42
5
53
222
34
303
20
8
40
142
97
5
111
7
97
25
27
15
192
14
28
29
24
14
3
95
6
39
164
30
61
123
65
8
180
48
27
122
289
55
25
99
65
71
78
11
20
99
112
15
188
112
62
62
5
22
25
83
81
19
14
92
35
26
8
64
182
42
116
17
153
173
14
75
46
170
3
107
11
82
27
9
78
16
55
175
33
16
121
17
24
41
50
74
49
111
181
18
124
42
25
4
16
41
19
114
109
37
5
79
159
56
3
28
97
205
121
56
40
19
240
214
202
8
45
292
53
49
22
49
122
42
4
114
74
158
47
4
9
66
53
9
21
23
74
12
39
22
61
9
79
89
140
6
30
24
108
73
67
77
18
48
219
374
124
121
15
238
98
111
38
30
198
9
34
78
209
14
1
80
120
19
482
3
81
32
190
50
78
35
127
31
84
10
124
28
16
64
87
141
89
55
160
162
48
195
12
46
7
139
143
3
60
114
10
152
12
28
13
27
2
10
60
18
115
65
91
32
51
130
85
97
39
30
143
73
115
177
27
41
92
45
179
110
55
15
77
76
21
69
83
5
63
30
18
34
189
45
117
54
170
11
58
19
12
46
7
100
17
288
20
149
199
28
50
97
76
53
145
122
30
81
43
34
112
1
250
309
23
101
96
126
137
68
46
39
19
37
55
3
33
37
42
21
169
86
15
67
50
7
138
67
10
21
3
21
26
37
62
3
4
187
16
124
2
24
18
19
47
5
67
6
1
1
94
3
28
66
15
64
11
115
47
8
6
24
256
33
64
32
65
78
157
82
12
71
4
83
27
64
35
56
13
26
13
6
99
71
21
51
21
26
47
118
241
63
6
108
107
39
68
10
67
88
37
17
19
183
20
54
72
17
162
63
1
20
4
203
28
65
15
10
74
39
3
16
124
59
17
44
50
85
22
85
8
3
211
111
23
37
151
14
41
230
86
8
2
18
80
44
49
12
43
399
43
23
92
334
31
45
11
20
29
39
114
39
92
46
63
6
92
54
72
47
94
537
8
39
27
122
8
22
238
57
43
72
132
16
65
112
59
62
41
18
71
86
204
47
117
120
79
8
57
30
55
15
64
53
43
344
50
151
24
52
31
4
21
62
48
23
18
28
60
386
109
33
15
77
152
24
34
73
17
19
19
72
15
40
80
72
2
112
28
48
28
92
17
109
356
62
84
134
46
27
598
135
23
26
103
55
40
132
113
22
34
16
143
191
29
59
22
60
3
17
107
21
15
109
45
292
71
118
50
12
3
130
54
8
20
118
22
10
152
110
11
92
108
4
29
9
34
67
124
14
36
224
1
17
251
50
23
43
45
19
61
43
141
246
28
15
81
65
18
35
84
39
12
72
61
110
25
66
64
26
22
78
17
57
39
37
5
36
144
28
1
156
167
49
64
71
26
41
12
41
33
18
57
4
73
15
44
15
3
45
64
1
5
173
16
127
46
73
81
16
77
47
80
70
20
38
6
184
20
60
46
75
258
2
90
342
150
11
22
119
7
61
22
54
73
2
176
8
38
22
66
79
1
8
3
5
86
4
2
7
70
37
46
38
139
83
9
49
41
103
90
11
57
9
97
78
4
195
13
26
45
171
84
33
24
51
63
103
55
37
29
28
74
17
118
261
59
30
21
5
37
39
7
7
128
9
104
2
84
119
129
54
89
17
66
30
109
23
5
49
76
224
56
212
41
41
141
47
11
91
7
16
81
86
65
32
12
24
81
156
202
75
107
16
30
34
89
9
52
114
73
9
26
55
11
54
8
57
9
78
215
59
15
30
113
49
16
110
72
73
132
11
10
14
19
7
79
58
66
61
29
118
223
72
100
19
356
27
56
81
87
71
53
32
6
120
21
149
61
100
251
47
24
49
81
19
41
8
76
65
54
143
20
31
102
41
24
171
105
20
126
21
6
10
36
106
56
89
17
17
69
106
89
49
87
11
98
47
13
154
22
10
29
125
13
121
10
53
10
101
81
176
21
223
70
109
130
137
87
14
196
135
64
19
164
12
36
121
135
91
349
50
83
37
23
204
33
140
18
30
104
31
292
81
43
8
32
43
24
17
57
142
68
49
23
199
135
43
147
7
73
66
69
47
23
13
31
129
73
127
120
75
38
203
5
28
61
160
56
50
2
13
46
25
158
179
91
12
271
15
88
71
26
37
20
46
28
6
49
79
127
59
22
10
6
50
35
136
3
124
50
69
11
57
128
2
10
10
8
4
68
66
12
15
23
149
34
21
14
34
38
64
1
17
79
46
15
71
25
23
13
47
229
68
46
78
37
66
81
8
111
76
76
96
80
73
21
40
99
32
38
128
62
58
1
4
58
8
4
71
233
92
100
74
18
31
48
10
1
1
158
52
7
51
22
56
62
30
18
19
9
5
97
99
9
22
104
9
78
31
174
43
46
139
29
77
46
265
126
91
13
34
45
37
73
111
61
23
90
134
32
11
46
41
51
14
106
11
17
85
75
37
13
6
81
69
15
26
38
16
32
99
87
85
80
12
8
22
38
88
145
14
2
152
83
32
30
36
167
42
4
7
27
44
132
40
111
24
93
5
27
85
73
82
1
56
108
1
494
32
12
23
41
2
64
26
65
16
2
62
81
6
45
1
68
78
2
24
33
2187
186
64
15
38
45
10
119
45
38
2
70
5
39
36
78
25
86
70
74
85
58
14
44
68
41
5
100
125
54
95
161
14
114
7
79
57
117
13
15
90
42
228
14
1
6
14
100
8
6
174
13
44
7
13
85
87
8
100
8
38
5
231
63
46
15
64
3
22
10
59
53
89
138
362
2
76
43
17
20
10
12
16
7
76
29
85
83
49
29
4
3
12
93
63
273
52
48
34
107
40
95
34
92
23
41
24
3
127
38
10
74
141
84
55
6
32
51
83
9
9
2
117
50
112
192
34
97
37
72
26
33
59
52
11
163
184
36
9
75
1
30
130
36
22
161
15
37
66
92
39
59
3
19
55
65
34
63
37
13
39
78
186
14
40
172
26
50
117
24
33
41
338
56
5
26
18
10
2
214
239
130
37
1
5
79
10
45
50
111
10
43
13
81
53
4
124
33
50
71
168
41
65
52
89
160
60
22
526
156
48
19
73
11
310
136
5
90
102
17
14
203
41
9
48
49
16
59
23
48
162
6
309
40
12
10
8
123
148
64
6
70
83
35
8
52
3
14
22
17
89
7
47
28
39
226
65
216
9
20
268
100
297
53
35
74
57
413
24
55
69
122
315
183
47
34
88
197
97
44
54
444
90
72
44
53
12
39
2
183
13
151
11
33
23
718
104
10
161
64
31
62
32
23
31
40
140
67
7
13
41
160
5
113
149
31
36
28
20
19
73
20
95
6
118
85
48
61
37
38
291
143
9
22
74
90
7
49
6
67
65
51
4
60
31
29
24
6
31
23
94
19
53
71
6
71
46
51
4
18
156
24
53
33
35
28
151
97
30
27
39
83
38
9
5
64
7
3
77
69
49
31
80
53
10
23
19
19
34
81
29
100
62
72
91
42
129
47
55
302
56
63
27
57
7
688
59
33
47
70
14
21
36
40
28
73
39
102
43
28
10
120
63
109
12
70
89
61
40
19
17
10
99
60
34
154
5
18
23
19
13
9
10
59
80
154
47
181
11
65
17
5
12
42
285
211
44
18
247
41
101
35
92
33
10
47
13
91
113
92
45
187
59
24
55
30
44
129
18
5
74
96
42
4
48
31
12
35
2
56
20
6
43
50
107
49
15
130
12
152
15
129
90
48
43
69
28
46
123
21
9
43
196
40
8
27
36
38
104
7
436
124
116
92
12
102
32
189
19
25
76
24
39
61
4
1291
29
89
1
32
16
138
8
7
229
231
48
5
49
82
51
52
39
25
43
13
77
10
7
41
84
56
4
34
3
106
14
56
23
179
16
65
21
81
23
14
9
14
25
48
183
83
33
3
33
106
34
222
146
40
118
19
140
6
83
70
130
55
76
28
92
10
30
81
65
65
48
140
74
21
85
25
40
112
45
102
59
36
129
85
86
18
39
10
105
17
26
574
88
148
44
118
9
46
120
69
42
99
22
85
176
5
4
19
31
18
48
14
180
6
102
4
24
8
70
60
45
14
104
63
19
94
15
26
260
8
21
70
76
63
48
80
81
31
9
104
18
70
54
272
221
7
136
27
24
7
13
21
23
74
1
15
42
48
33
177
55
96
36
23
111
22
47
89
109
15
80
200
35
187
102
235
5
78
22
57
203
34
38
10
25
37
47
12
35
152
75
27
148
23
11
74
25
38
69
229
7
136
7
75
4
31
37
36
71
10
73
43
36
29
8
1
12
79
53
59
89
35
97
1
21
42
45
18
18
6
97
232
17
37
4
82
3
43
13
52
144
33
27
33
105
18
31
99
103
73
59
45
79
54
119
76
186
26
70
142
47
94
16
25
79
27
53
79
73
24
1
166
19
18
143
38
28
27
27
136
2
5
30
350
42
41
82
58
93
78
11
46
21
99
26
171
52
158
72
34
5
138
39
109
136
26
44
64
1
35
86
30
72
84
18
6
102
49
195
21
77
19
48
81
159
66
70
46
15
27
78
15
5
57
44
1
22
52
263
51
42
42
9
39
31
60
91
87
45
52
17
191
70
69
64
250
106
45
39
59
51
183
53
66
61
10
5
50
155
18
132
277
8
83
6
28
84
76
43
6
171
14
30
66
8
46
175
142
18
52
7
161
182
56
155
31
60
1
6
27
14
141
9
176
69
19
10
26
8
78
148
92
98
50
18
14
190
124
15
37
108
35
56
20
84
43
58
13
26
52
20
17
14
31
16
15
168
64
17
11
5
12
8
105
70
1
54
63
51
210
12
12
132
90
172
11
76
56
48
283
50
121
44
52
42
99
124
49
14
125
81
164
19
66
121
78
62
105
330
26
36
125
65
56
84
81
355
18
45
58
124
11
183
132
80
7
77
27
42
5
48
11
242
147
47
172
66
167
166
59
140
5
240
12
78
163
19
49
152
27
48
37
264
70
95
3
20
173
14
24
86
122
33
25
20
60
147
86
23
5
29
45
29
14
31
23
45
58
54
174
196
113
23
50
21
27
54
185
65
6
3
83
39
314
1
15
75
53
42
42
10
9
5
105
58
10
2
121
18
28
27
6
138
3
61
65
103
116
31
9
16
41
16
20
168
29
101
30
43
21
38
34
40
91
76
6
97
10
8
126
86
131
1
41
34
67
11
73
32
113
11
244
3
76
19
54
35
110
55
28
6
69
151
120
143
105
50
215
33
65
48
47
36
27
39
79
73
12
118
61
100
55
1
41
12
3
51
14
136
14
10
17
8
69
204
209
15
124
5
71
2
17
79
28
15
55
25
6
134
261
138
47
57
31
88
47
11
240
75
14
29
94
2
8
5
48
82
38
6
143
89
48
60
66
18
28
85
73
19
90
3
12
47
110
46
43
57
201
113
26
2
68
37
57
14
111
16
158
160
101
33
233
21
27
94
17
19
42
18
8
219
51
40
9
267
52
684
37
70
51
81
108
33
44
27
3
54
62
23
22
113
33
20
70
82
81
21
26
88
86
67
49
44
131
104
22
110
24
47
5
24
88
54
4
45
51
99
201
27
94
56
45
2
259
255
7
284
35
13
71
10
2
275
254
34
114
188
42
32
25
20
89
100
22
28
54
203
36
76
9
151
1
134
42
8
95
78
100
174
12
45
29
178
66
133
36
48
55
56
123
158
120
40
20
47
17
185
98
264
54
199
21
104
16
22
122
37
32
117
121
106
11
11
59
51
751
80
26
264
38
28
25
2
7
25
151
83
37
36
24
2
40
23
12
80
34
38
96
19
9
13
6
21
55
78
118
70
29
30
69
100
44
42
28
53
38
162
20
36
76
55
27
35
52
141
56
46
190
1
29
44
8
50
21
58
393
246
51
35
66
104
54
99
9
13
30
21
27
33
82
65
6
41
40
23
50
122
1
41
25
33
22
81
8
10
17
26
42
21
28
4
10
13
30
63
73
62
16
43
74
8
52
97
319
22
7
35
80
59
52
19
100
210
49
48
7
6
25
18
5
1
71
10
24
36
86
8
37
86
116
63
111
104
55
11
43
16
195
97
17
50
75
139
4
44
17
40
23
27
22
15
64
184
744
129
3
105
16
52
4
25
28
29
488
67
85
77
47
1
4
204
31
93
164
35
15
73
34
122
42
16
41
108
119
97
59
7
55
8
19
77
45
118
60
359
107
144
85
58
67
74
89
20
7
29
2
16
267
101
60
112
8
64
125
10
9
122
215
15
15
33
351
71
61
65
38
113
79
12
84
10
67
51
64
11
11
63
166
81
52
31
2
36
26
1
2
51
77
110
29
46
18
36
7
46
13
14
35
18
34
12
24
59
66
127
67
32
65
22
69
39
74
42
34
72
76
51
110
244
75
21
10
324
74
59
46
2
258
40
2
61
21
51
83
31
205
88
42
54
175
110
6
23
2
32
38
241
40
161
17
12
4
80
138
23
63
31
26
530
55
126
755
94
97
3
103
25
53
101
101
203
49
106
58
68
30
7
4
78
50
45
64
15
12
21
86
44
61
39
56
125
92
45
4
50
1
121
20
29
102
35
74
80
96
12
21
58
74
125
43
62
66
1
76
111
93
31
50
46
68
8
137
59
25
45
159
243
42
8
27
129
74
44
34
3
38
1
56
231
101
5
30
69
16
16
36
194
66
24
26
1
171
18
65
199
48
11
117
1
40
19
87
55
156
232
7
146
23
63
105
111
35
17
121
178
20
70
31
3
37
222
119
59
80
22
15
40
5
92
119
125
157
3
119
25
133
37
21
55
41
90
143
89
11
22
25
82
20
38
58
7
54
76
66
36
8
101
105
137
242
69
32
83
116
28
11
204
57
11
9
93
66
10
320
24
34
91
127
23
10
19
34
17
135
6
44
173
124
112
216
203
84
4
63
11
15
11
168
12
106
140
32
62
49
72
159
2
94
59
108
130
198
6
175
79
105
231
11
40
7
160
35
155
38
151
57
256
171
113
7
61
231
123
93
177
140
82
16
97
129
132
31
23
24
162
1
58
33
65
3
110
124
39
35
3
25
28
48
11
203
160
42
1
92
15
22
68
40
2
56
228
56
26
36
134
9
26
268
21
21
35
307
1
173
4
38
2
14
178
93
6
32
8
90
120
72
60
117
61
57
109
72
12
147
3
143
66
9
44
66
50
48
20
11
29
70
10
26
2
2
90
50
26
4
46
66
61
4
93
40
24
20
86
106
67
197
262
52
7
17
8
80
61
42
23
6
12
123
58
168
36
87
9
20
724
16
64
30
6
111
37
17
231
24
64
27
15
22
91
34
30
6
266
55
256
46
31
5
188
22
86
2
52
2
17
10
66
8
125
68
64
35
178
147
55
14
2
93
139
61
16
98
24
61
26
119
98
48
5
112
15
250
4
22
11
69
63
222
8
29
69
93
2
41
73
90
166
34
154
26
38
21
18
16
48
122
17
26
77
1
28
6
134
9
124
189
59
14
47
530
73
41
36
88
6
79
187
96
22
29
9
122
50
332
58
64
173
53
71
17
2
102
24
21
10
22
38
53
71
462
97
24
27
28
63
55
5
39
1
104
107
2
79
2
11
191
80
39
59
93
9
183
9
23
263
8
58
6
87
26
63
39
73
42
7
39
37
18
232
1
85
71
98
127
31
110
31
28
5
47
47
84
81
177
8
83
39
7
44
122
148
17
26
30
211
39
30
23
21
11
151
32
20
39
140
131
40
15
36
20
115
4
14
32
85
37
66
3
6
21
27
25
17
111
14
19
19
139
91
78
195
6
81
60
48
23
171
26
36
49
219
94
11
53
48
16
44
88
40
9
23
7
75
12
46
169
52
1
40
18
193
1
82
86
125
29
67
13
186
92
116
53
24
35
140
60
82
63
8
2
48
31
61
25
93
21
34
1091
55
10
251
30
1
255
29
85
47
29
67
17
25
64
69
128
101
72
1
33
20
12
72
134
53
150
28
33
21
65
40
51
97
102
28
98
38
43
81
15
126
4
14
8
5
73
131
55
181
64
90
28
107
120
91
50
4
17
73
65
44
77
30
12
31
78
15
29
39
32
4
49
77
70
30
79
316
27
90
14
67
35
178
30
213
55
28
6
18
39
32
2
60
29
32
11
83
17
16
67
1
60
43
92
48
157
13
117
51
34
38
127
67
149
75
27
12
15
150
93
159
18
60
6
52
58
46
39
35
135
25
18
64
113
68
143
15
166
61
140
901
22
262
11
39
24
21
130
104
67
2
149
7
7
45
78
9
24
96
422
3
111
63
40
56
21
16
25
50
47
23
18
11
60
248
22
30
42
359
7
9
44
111
78
25
5
113
86
154
21
7
21
92
3
14
13
91
97
19
3
100
76
211
24
7
88
9
82
80
179
51
14
46
1
42
2
29
137
65
22
132
434
21
30
62
34
29
23
111
110
12
73
87
69
47
39
138
35
7
67
3
2
221
44
153
200
31
14
3
51
57
45
63
108
5
106
49
40
21
2
78
52
32
64
52
5
67
106
195
38
12
126
87
2
53
61
220
32
59
10
48
98
54
88
68
17
142
70
5
9
85
20
4
36
123
24
6
4
2
199
25
101
32
40
8
44
28
76
32
15
32
532
9
68
81
21
187
104
29
120
154
15
26
11
31
55
23
3
86
129
9
62
44
21
31
156
28
31
83
8
121
22
35
8
8
13
34
99
99
25
12
93
13
1
28
34
284
2
34
13
148
48
28
19
19
2
73
65
12
29
44
232
46
80
52
25
41
103
110
1
5
11
18
44
14
51
123
37
21
89
8
93
163
21
83
80
40
77
471
79
187
56
249
91
175
117
45
55
23
57
113
14
22
32
72
147
63
8
35
102
106
18
45
18
182
45
61
33
89
11
31
85
26
283
18
67
64
1
28
58
47
194
48
28
105
128
221
92
93
78
81
4
67
31
111
10
65
58
132
26
1
20
168
76
98
26
31
85
2
81
54
3
26
250
11
14
19
27
3
90
270
100
6
97
95
14
84
34
51
135
36
97
11
97
17
47
7
68
62
39
80
34
2
169
84
14
42
398
135
41
85
14
9
77
8
34
15
27
53
25
77
227
39
25
218
11
16
50
34
56
41
207
41
26
3
26
12
149
45
103
25
63
50
10
38
186
82
67
30
86
66
21
77
24
1
25
38
2
38
94
3
24
36
49
46
59
49
68
2
93
26
107
15
29
17
101
76
15
134
52
42
3
195
136
5
47
15
36
7
32
182
267
102
44
80
31
270
84
5
29
9
57
186
1
82
61
99
72
154
62
38
126
26
4
25
66
69
1
129
225
204
127
81
39
13
22
5
23
87
28
44
3
82
36
359
35
20
9
110
64
20
31
33
45
213
39
60
2
10
89
43
18
118
101
46
51
142
169
3
46
72
89
23
8
37
39
54
68
99
625
10
45
14
8
275
121
5
37
4
23
4
15
35
21
10
60
51
38
46
29
34
33
13
64
75
59
16
21
83
124
58
12
86
23
60
216
58
231
507
59
127
17
33
15
2
111
16
26
79
103
52
35
37
67
100
85
1
110
13
6
107
44
113
101
32
170
32
88
13
33
99
107
50
101
22
31
17
5
139
29
15
10
76
29
1
63
39
49
82
78
208
64
4
101
19
148
154
48
57
85
47
118
10
83
30
53
106
179
105
43
47
5
99
16
124
79
24
52
43
128
115
78
100
26
3
96
127
84
4
11
47
53
138
116
250
86
15
241
44
17
154
52
162
42
100
82
2
29
126
80
58
73
9
49
52
3
41
28
77
8
140
13
39
19
181
66
2
36
35
8
69
32
16
81
3
61
5
61
18
60
28
3
23
27
210
81
2
15
89
61
55
33
56
155
105
137
221
24
83
2
54
99
47
98
51
89
285
137
289
44
67
54
31
214
131
156
28
31
4
175
89
157
81
43
52
14
3
26
106
2
310
39
5
109
10
23
48
82
9
84
14
51
4
44
26
6
62
20
13
55
10
145
59
4
42
29
92
72
43
12
35
99
109
293
130
40
10
28
51
41
8
102
21
20
46
47
180
40
111
79
193
158
41
26
46
2
51
9
33
25
120
53
56
145
86
28
88
57
73
71
30
31
24
162
23
11
89
20
52
57
14
99
69
37
63
23
10
36
87
39
97
187
31
97
108
9
51
165
57
88
20
16
15
32
47
63
7
131
64
118
14
11
15
25
45
19
42
11
85
139
59
50
116
71
17
246
69
34
231
96
12
37
81
101
3
192
54
40
9
23
113
14
73
4
55
35
17
47
1
79
26
3
14
100
23
63
13
47
67
76
32
126
10
67
54
5
10
178
11
16
42
81
219
81
14
9
15
63
10
173
22
169
10
35
91
25
50
119
3
267
17
19
59
24
5
19
7
67
33
37
31
34
58
50
40
50
222
147
43
524
16
67
63
23
62
114
45
24
70
35
27
41
37
2
16
30
98
14
127
13
13
83
216
12
112
92
75
66
113
84
71
5
41
87
28
78
32
48
31
35
17
16
27
5
28
173
13
13
36
59
26
21
34
18
35
145
53
39
204
10
105
29
34
20
127
43
7
10
52
3
45
4
3
10
38
45
127
54
99
71
3
63
12
153
175
39
189
109
77
56
14
15
62
293
3
110
9
2
85
32
65
18
148
17
106
28
60
2
151
10
37
18
157
65
32
63
14
3
121
27
39
48
32
145
72
79
157
107
48
102
21
50
3
11
47
87
35
90
85
183
39
2
124
6
157
54
21
69
70
79
113
5
7
95
17
17
63
8
15
30
14
56
85
167
100
46
79
134
115
50
25
37
3
12
19
54
17
79
12
94
114
105
50
105
201
40
79
95
24
174
17
54
85
27
83
2
146
81
123
10
19
69
88
47
15
27
46
71
35
34
9
220
2
36
40
72
35
11
5
171
9
18
25
21
30
109
8
53
16
159
111
315
78
81
136
3
11
20
43
10
44
1
128
43
155
127
134
85
10
