263
716
756
821
496
507
590
876
251
477
67
604
722
378
942
182
1004
564
542
602
6
470
243
99
915
117
601
161
198
930
881
786
476
930
890
719
300
194
516
912
445
58
1004
254
31
457
900
647
651
843
978
150
898
651
208
628
26
243
75
492
936
791
244
923
149
824
1
204
613
792
665
70
151
372
987
29
517
623
514
465
401
781
868
706
877
875
768
155
1004
506
660
355
1004
152
71
837
460
675
542
407
35
880
668
225
375
674
864
375
271
466
506
192
888
815
1001
669
320
934
121
429
982
149
185
570
443
706
107
538
363
219
478
337
971
664
390
563
185
489
363
300
941
504
58
961
638
874
874
932
939
817
740
1009
276
727
739
737
7
856
582
37
972
395
713
601
114
895
379
22
249
809
769
229
229
240
828
289
240
716
49
390
374
928
801
914
730
464
783
167
248
472
180
106
80
217
318
909
530
815
235
696
326
151
633
316
740
183
214
754
338
951
120
874
686
697
457
207
810
42
312
687
523
247
213
762
785
950
245
221
10
956
26
770
489
421
975
83
279
541
260
42
273
311
773
69
990
468
631
642
890
49
448
120
368
150
17
877
471
387
531
915
862
733
995
102
153
461
364
502
141
332
871
529
82
633
881
322
494
199
782
795
399
221
545
398
659
734
944
935
988
148
94
889
288
253
664
16
631
416
419
737
782
370
714
746
991
645
17
563
430
555
68
869
205
328
449
828
320
533
64
189
878
142
667
613
133
347
430
846
658
875
205
933
929
756
681
849
365
647
599
694
935
766
872
667
807
955
385
776
992
152
737
817
823
234
626
297
126
671
212
85
302
449
161
909
421
847
284
779
776
792
448
701
762
886
422
945
86
525
554
906
804
809
365
586
460
718
648
287
698
25
308
852
1006
250
896
777
793
149
996
801
985
52
996
771
845
543
616
438
216
467
683
213
438
543
886
447
269
643
800
482
390
172
555
916
570
989
863
52
327
974
984
858
476
520
105
635
390
286
46
453
446
42
70
773
371
237
138
291
832
919
581
83
111
514
405
581
248
382
616
751
302
282
630
254
900
290
969
871
814
788
952
826
514
231
613
53
885
516
399
240
827
232
110
35
627
536
768
69
815
727
434
611
743
593
536
333
425
180
513
55
61
123
291
597
120
28
332
627
29
126
842
921
373
722
579
15
860
862
793
941
143
795
192
692
611
108
44
222
301
628
115
1009
133
98
563
149
781
85
434
652
424
766
622
507
871
642
413
73
573
294
888
985
99
621
37
633
34
481
656
342
783
122
370
525
702
996
51
923
131
868
964
285
911
575
730
112
392
881
543
398
97
68
990
897
160
547
403
908
277
455
419
783
945
930
864
385
28
692
523
568
383
570
658
496
47
612
378
16
815
395
873
900
471
158
875
925
369
206
768
566
169
69
666
1000
685
338
110
129
104
281
482
609
935
61
579
72
497
368
392
9
872
920
856
704
763
784
28
961
546
398
319
720
216
767
580
62
966
651
974
289
419
200
137
258
938
10
549
589
856
2
804
768
218
101
122
760
52
397
723
431
544
940
437
286
491
65
350
920
207
11
978
367
509
256
436
497
936
960
973
362
560
987
975
700
875
625
843
771
561
617
77
702
20
753
222
378
888
578
389
439
309
133
665
163
757
168
631
373
183
534
1004
92
320
987
31
334
6
584
941
289
104
146
186
580
181
867
101
886
606
712
518
57
570
376
11
921
293
936
599
683
649
398
831
363
938
676
442
554
277
903
762
305
654
798
3
943
627
275
457
37
425
910
195
509
739
772
322
756
928
694
429
815
466
210
589
4
124
430
83
235
433
904
86
185
389
413
215
792
703
161
886
587
846
840
687
150
580
786
58
428
921
830
909
977
260
765
948
762
972
606
108
188
221
386
461
208
227
201
296
569
892
43
121
639
506
691
783
127
515
506
851
921
56
850
126
923
254
139
230
130
234
996
308
975
292
132
105
489
458
453
164
949
938
884
320
609
352
916
267
365
364
440
119
552
741
829
920
326
45
976
686
69
932
954
195
977
10
629
758
844
421
397
660
200
164
671
87
959
16
448
134
225
817
47
276
174
342
967
334
842
75
815
256
477
846
180
40
12
397
619
1008
423
259
767
597
769
411
604
928
470
355
777
44
501
737
774
249
480
989
965
206
309
491
452
374
642
674
497
365
497
587
869
432
905
779
444
702
447
432
205
498
311
962
303
791
173
54
784
160
728
14
359
944
39
40
299
129
949
462
40
958
488
566
798
189
812
1
101
790
711
464
426
438
607
686
812
622
592
295
42
60
508
532
578
625
590
681
62
14
255
725
386
247
490
986
317
447
975
719
444
651
336
607
137
581
182
566
688
453
241
214
843
613
24
438
818
649
629
57
772
644
592
953
732
211
880
65
473
801
753
385
949
714
551
598
228
14
669
953
335
344
16
458
3008
330
1009
923
1003
5
153
758
161
735
283
938
88
211
105
736
180
618
1008
751
966
895
187
44
937
267
287
488
99
917
834
621
251
29
175
576
426
843
532
623
600
239
494
417
685
743
403
639
711
695
995
226
995
579
503
857
342
649
302
476
970
22
641
610
197
992
980
881
147
486
504
726
811
664
691
131
200
683
760
131
427
24
97
67
995
253
956
294
737
641
520
285
900
997
427
453
106
309
162
768
897
720
466
658
629
509
389
295
724
846
562
300
645
183
113
174
122
427
368
655
707
152
705
217
742
107
573
643
284
841
289
232
171
118
865
381
956
998
390
168
677
506
437
652
739
53
643
435
590
332
516
286
427
62
655
169
822
344
539
436
143
366
206
582
7
372
423
700
560
827
605
315
630
8
646
326
727
251
588
25
335
748
991
911
237
93
363
141
767
432
960
840
434
325
861
396
270
283
271
42
284
983
139
572
439
326
539
116
618
76
123
273
159
184
849
874
254
716
332
932
305
648
223
847
495
692
518
130
145
845
35
783
73
744
693
235
597
334
534
726
966
143
701
472
566
741
103
70
769
522
57
609
79
953
791
949
659
998
840
31
456
330
119
128
309
210
219
953
999
627
645
942
870
644
48
290
679
553
493
37
894
967
133
455
533
442
176
654
965
748
189
292
11
910
90
232
1007
508
226
839
194
201
589
193
453
645
803
809
82
368
990
145
923
141
939
405
825
474
727
772
809
46
817
579
416
11
599
940
14
931
530
110
548
731
275
270
946
424
782
589
269
550
759
819
54
800
751
460
836
627
864
828
707
435
94
864
734
146
780
334
373
827
740
195
724
859
836
288
649
125
135
880
412
787
136
592
593
898
78
60
125
914
234
1
999
843
956
635
682
588
3
943
388
960
442
739
659
783
229
608
596
679
864
831
775
588
261
274
248
71
979
224
46
802
82
427
557
641
11
352
6
984
401
239
36
242
1002
285
352
729
889
692
300
717
122
163
897
286
95
718
57
670
485
432
62
103
878
953
416
971
948
263
1000
316
354
739
316
903
473
474
500
556
951
482
827
41
84
628
8
252
443
746
406
873
510
38
656
580
264
588
947
946
429
712
73
554
701
274
428
18
96
315
787
965
760
881
828
282
212
255
608
914
929
967
944
260
714
375
732
530
60
981
428
494
352
288
980
889
493
178
268
568
431
915
758
870
910
173
708
112
562
608
428
520
187
844
839
8
97
351
548
24
87
883
95
27
521
603
644
742
374
79
274
548
623
596
662
898
938
810
354
902
200
701
302
771
723
246
381
590
539
173
437
491
257
95
99
669
173
272
375
488
561
112
18
611
770
1000
871
978
610
143
700
215
275
190
184
965
182
998
700
34
802
842
463
588
567
105
109
720
969
549
978
904
378
173
100
951
897
234
462
513
991
443
601
164
422
506
565
466
856
14
871
665
856
323
506
363
851
186
499
689
847
893
805
545
56
494
432
211
249
685
71
529
696
697
701
311
560
730
889
438
879
81
205
96
486
560
731
125
877
902
210
854
187
204
465
985
956
144
93
200
741
736
848
957
674
814
856
702
394
636
184
134
938
503
572
558
709
917
967
409
931
467
740
33
333
750
586
372
213
877
932
279
826
15
726
18
435
731
687
602
828
526
117
237
95
1003
150
40
5
629
441
273
397
261
584
404
298
662
584
153
416
312
789
811
985
147
728
103
384
419
476
851
138
889
105
734
723
860
959
524
864
754
711
608
957
768
267
1008
367
423
573
939
929
32
236
894
700
65
410
854
845
30
255
696
150
379
971
238
984
89
497
454
806
73
269
612
197
313
965
843
138
978
956
358
773
126
703
891
188
194
349
873
467
40
163
12
786
580
212
989
574
2902
451
424
596
829
653
433
194
603
635
512
765
218
895
834
797
939
501
31
345
431
348
932
645
593
730
624
656
1004
419
473
120
330
212
932
597
293
440
325
383
469
202
106
530
574
848
998
777
188
994
382
201
80
451
485
699
575
280
526
455
47
522
692
812
989
684
133
840
111
517
105
689
542
76
88
300
103
178
624
913
457
85
181
266
899
367
656
56
430
609
635
394
346
204
37
253
815
386
794
243
20
496
265
520
544
2
334
954
537
431
193
940
128
761
450
571
849
216
526
432
261
552
845
327
561
478
890
39
244
662
101
688
831
667
592
756
299
314
106
691
630
464
233
609
277
107
319
782
381
679
963
221
627
667
794
884
21
933
600
585
598
675
595
914
488
329
571
456
913
684
297
687
582
597
525
193
884
598
912
832
731
501
470
807
72
814
347
11
651
41
218
2480
505
122
891
1001
714
5
180
10
877
858
297
356
298
756
119
125
845
317
804
500
699
643
5
964
744
771
965
563
599
946
998
20
67
9
513
801
146
808
448
736
875
946
93
246
275
231
67
545
528
648
519
20
649
326
522
14
139
883
940
50
972
984
157
241
172
826
830
807
724
971
269
65
868
425
489
382
321
114
167
450
734
589
130
785
732
799
931
829
651
722
578
281
934
346
1005
47
345
200
215
388
790
957
935
562
921
38
668
778
467
56
469
800
643
737
839
234
663
339
225
913
879
152
911
392
47
934
240
684
265
230
815
289
613
410
145
663
591
217
663
467
600
919
508
825
811
201
68
409
262
968
764
187
1002
366
114
989
667
594
9
602
717
326
153
581
910
580
338
643
371
95
817
297
763
768
138
710
412
789
548
982
293
913
884
980
1008
776
59
372
287
908
396
524
52
494
153
494
568
16
609
503
795
255
183
787
938
137
731
345
1008
448
302
954
634
149
172
439
675
471
895
380
717
773
38
97
513
766
206
509
401
771
439
322
973
547
201
389
25
156
772
24
695
575
211
615
507
420
652
84
957
951
998
596
127
878
706
813
1006
546
305
100
95
255
750
9
281
907
370
542
777
989
629
378
373
357
270
627
330
323
337
27
613
822
806
464
88
434
672
453
600
424
608
134
287
648
768
128
188
149
449
75
515
595
417
1003
88
960
180
902
122
128
133
42
232
1005
132
663
723
20
874
259
492
558
749
228
673
652
563
55
442
528
375
854
165
600
744
595
354
639
426
409
680
813
700
5
37
608
936
897
468
933
924
338
944
308
477
1009
520
30
258
881
106
789
750
776
577
520
124
127
671
287
722
753
159
488
418
460
400
881
1
992
502
598
340
743
575
382
636
233
935
332
147
775
68
983
530
548
522
687
126
310
66
703
787
642
554
177
636
116
270
763
153
411
454
523
845
64
768
266
677
240
190
121
567
933
883
946
865
77
303
289
372
789
548
882
79
988
334
574
755
31
603
621
125
608
479
523
429
898
345
808
807
591
502
340
72
475
184
765
493
816
713
540
125
500
227
1004
535
957
999
304
902
575
632
445
752
756
652
882
336
281
774
558
753
170
308
144
94
185
482
557
500
968
943
518
571
938
729
35
347
424
23
725
33
762
496
390
277
733
440
623
391
300
123
108
140
266
871
739
418
547
348
16
732
382
837
401
939
203
800
659
338
533
666
378
378
230
182
8
759
837
549
11
966
731
607
304
79
494
225
107
857
629
926
451
207
942
18
846
862
228
317
883
935
361
237
104
228
811
658
308
26
321
803
695
308
654
663
179
143
130
488
182
848
368
148
798
921
145
334
448
431
647
373
98
612
616
791
305
165
270
73
483
731
722
688
748
669
182
436
640
275
760
261
958
242
634
583
618
657
280
417
553
150
154
672
859
429
273
303
766
448
453
385
898
275
500
486
895
98
460
204
509
532
605
884
491
378
856
366
869
51
700
504
224
917
15
703
133
839
578
133
175
799
335
481
94
410
227
886
574
577
346
671
227
479
927
454
513
578
245
715
236
712
726
544
93
711
278
417
247
718
258
145
642
152
227
633
940
837
425
880
19
571
319
529
832
554
969
787
640
287
580
18
456
324
472
722
306
809
171
786
177
1003
497
697
806
976
827
425
20
808
779
956
841
55
948
754
791
574
858
83
710
812
269
522
822
272
100
925
851
346
330
35
798
567
923
254
810
490
8
285
499
839
829
361
161
16
170
456
865
850
776
886
849
408
44
899
308
922
48
375
914
435
371
569
696
638
491
700
20
459
559
92
646
341
907
690
909
766
907
437
981
490
603
891
15
858
87
486
544
837
597
848
947
157
348
551
10
538
233
245
355
237
904
11
425
604
986
489
928
437
1005
593
291
136
237
611
630
541
587
939
107
144
980
397
78
757
420
524
286
631
216
900
303
573
597
750
690
59
753
934
189
138
793
253
754
972
502
764
525
703
203
133
799
219
47
31
137
740
771
735
16
988
340
126
263
114
77
900
95
716
259
333
490
506
590
100
183
774
242
940
265
987
342
560
904
147
970
255
140
584
520
331
442
597
428
953
337
47
621
928
153
757
189
134
881
183
957
339
239
195
942
985
706
574
385
128
779
62
547
977
886
813
616
505
440
588
383
392
992
182
700
27
686
804
268
441
396
255
555
395
398
475
1004
544
628
886
267
178
443
424
45
934
857
720
138
521
189
769
460
781
353
809
856
722
339
119
933
384
238
439
618
454
90
936
715
236
42
873
20
406
321
832
66
674
757
3
879
920
30
320
819
840
675
380
526
427
258
816
854
101
57
646
492
595
979
148
741
199
456
33
150
341
767
485
606
329
423
815
282
141
495
479
521
631
23
108
91
361
543
18
365
680
684
712
341
136
209
132
930
758
645
542
977
2304
540
554
655
398
92
14
745
251
503
19
588
306
393
469
40
145
40
202
128
317
14
768
157
22
941
178
1003
207
571
296
951
155
126
944
264
815
905
757
477
524
370
731
359
485
222
599
781
446
975
349
681
756
184
113
50
499
598
996
264
527
452
509
452
539
260
284
790
49
302
44
683
731
792
220
461
85
277
453
360
727
476
110
579
230
303
274
200
733
645
558
877
309
117
131
969
968
760
401
667
235
270
942
154
108
292
532
290
360
499
309
855
1009
143
980
41
390
357
128
286
694
494
56
184
353
496
873
54
429
149
693
686
140
726
299
403
546
426
3
655
52
212
373
786
421
801
623
604
378
684
841
714
152
463
818
784
896
627
602
249
811
410
135
226
504
304
712
961
250
867
498
14
733
489
115
266
408
532
3012
654
672
722
428
12
458
245
304
922
587
30
150
558
94
778
159
511
162
31
189
408
202
897
605
871
318
568
425
211
583
648
756
133
226
435
330
670
116
735
783
156
333
732
139
606
111
682
655
380
528
344
272
958
552
672
75
7
874
542
619
558
675
289
719
826
57
766
323
331
173
332
799
50
484
956
317
249
950
646
353
806
170
555
616
267
243
15
427
607
238
851
461
787
846
292
983
884
763
70
230
995
748
837
847
551
478
97
188
495
177
205
628
582
452
7
669
215
94
270
581
279
132
307
330
491
866
589
171
892
402
213
589
948
867
473
685
289
978
627
638
566
980
829
129
328
607
583
476
250
461
458
252
52
680
576
811
445
521
284
338
753
33
319
731
328
757
102
956
844
790
554
359
63
209
324
196
371
349
139
554
162
628
387
110
965
693
931
46
1005
469
571
731
164
552
22
548
908
415
584
413
587
201
876
125
598
65
15
188
334
763
252
993
576
424
416
439
206
25
997
88
477
662
5
343
601
502
750
875
332
460
966
110
1001
438
749
117
636
313
971
354
439
420
571
330
552
872
328
316
209
502
948
304
489
121
488
350
105
987
594
372
208
343
425
631
865
987
783
520
1003
505
706
788
755
149
584
984
399
444
783
243
988
780
85
732
97
855
161
296
961
994
344
33
58
912
697
812
737
115
670
49
734
852
89
274
605
152
916
52
259
888
268
679
825
330
873
45
794
31
155
200
597
941
767
506
36
53
914
305
426
185
210
423
33
551
656
697
130
221
314
699
506
740
517
49
595
151
436
953
180
189
435
974
726
88
712
923
659
618
8
735
181
79
547
782
139
283
5
848
632
774
540
201
58
685
869
444
853
699
835
126
865
287
448
488
468
129
624
365
662
471
79
623
965
575
1009
613
640
849
181
748
838
34
739
926
464
70
712
508
538
388
304
634
845
358
983
886
330
483
300
634
746
551
812
627
586
265
993
610
288
474
197
522
254
490
834
512
887
151
341
886
799
305
16
408
467
128
281
649
938
552
249
555
196
867
772
657
887
467
738
377
785
738
537
849
963
96
308
373
556
396
29
750
855
857
997
731
852
915
740
661
441
968
1007
696
445
440
964
232
389
212
1008
942
725
674
266
989
686
693
667
392
517
29
811
275
686
914
415
340
202
66
135
503
73
333
715
505
495
174
215
471
118
1007
65
662
450
605
865
553
839
840
550
270
508
207
334
3
84
468
775
572
717
184
461
906
940
713
420
342
557
350
233
983
588
371
270
265
333
733
558
361
13
223
212
402
638
134
270
952
992
776
1006
633
575
277
408
229
434
601
601
992
705
170
403
9
989
170
794
850
622
96
594
646
761
881
969
854
480
938
916
962
717
483
693
983
989
233
125
203
102
253
673
992
77
924
730
19
827
514
952
376
580
931
189
481
774
252
305
856
231
343
717
358
497
278
271
783
424
514
814
21
479
934
786
11
258
971
267
269
637
159
653
430
474
931
591
175
470
557
499
100
412
55
681
170
245
502
32
486
753
709
207
767
530
319
119
181
763
8
919
30
518
643
395
28
182
679
455
947
717
778
512
108
262
750
491
273
889
854
547
56
471
690
105
801
114
813
556
696
685
488
864
54
971
337
77
661
426
229
728
309
173
267
974
183
125
690
987
298
506
832
255
817
453
43
907
742
620
982
561
2
800
697
36
428
640
96
817
294
188
752
119
954
135
451
644
38
797
499
621
171
961
750
448
29
876
145
81
393
397
40
125
850
911
393
44
6
463
807
626
313
483
745
490
731
633
193
467
563
640
190
906
642
307
777
267
103
431
265
553
290
167
468
963
818
594
541
766
47
137
310
440
949
572
263
522
847
223
19
103
730
56
682
822
198
209
226
712
1003
588
979
745
766
575
790
171
191
763
189
323
712
428
35
411
531
543
750
470
540
383
2
365
289
1006
456
741
870
118
149
135
647
54
111
251
974
166
299
305
181
1000
139
68
866
111
131
682
111
10
969
867
580
508
377
579
814
437
669
35
399
16
200
10
474
697
160
312
604
132
60
674
36
12
838
391
524
271
918
233
738
806
648
802
366
161
405
875
159
434
656
823
956
383
221
318
198
247
456
505
874
234
485
604
604
817
224
2284
671
117
721
812
433
268
1001
615
589
957
915
655
215
427
852
177
404
283
480
650
668
426
946
858
778
870
179
599
851
820
618
713
656
770
684
451
786
999
918
642
3
74
325
397
873
546
932
379
168
657
381
247
540
115
362
1004
630
607
843
472
695
921
952
864
346
950
83
451
647
773
318
553
779
986
458
771
785
289
811
240
297
59
607
478
379
24
549
390
716
284
616
15
786
231
25
256
134
307
448
718
304
2
648
445
134
132
907
831
223
716
134
553
750
323
1003
934
564
376
246
312
693
904
602
366
104
346
534
15
345
798
819
196
808
177
337
40
436
876
573
357
795
198
578
551
413
3
649
770
288
371
43
236
389
439
460
805
673
471
797
723
184
545
996
608
976
691
465
452
452
151
743
253
806
869
520
925
814
85
819
933
420
203
854
159
138
182
314
85
216
10
648
232
452
536
60
532
179
665
859
219
843
111
568
563
234
309
795
656
465
62
631
336
305
757
255
1000
521
662
66
282
734
448
234
819
285
510
723
228
36
826
755
826
420
784
667
223
494
465
534
893
199
222
953
23
634
505
795
453
442
807
719
517
864
906
183
917
668
217
69
43
796
966
535
988
431
311
120
32
69
233
527
459
640
740
54
282
13
511
438
177
476
218
346
212
712
473
820
162
417
485
891
418
159
777
572
914
47
581
34
255
27
242
903
984
108
161
734
76
600
198
804
268
834
892
420
980
334
600
417
749
135
183
44
635
830
706
146
919
460
428
146
817
578
53
545
1000
342
293
323
106
171
432
998
189
648
524
175
356
185
318
401
97
895
435
796
257
28
979
933
90
175
606
178
203
805
962
320
517
129
794
750
462
985
37
270
330
593
842
74
332
430
905
554
99
513
831
458
148
396
274
263
229
211
530
166
342
981
332
502
331
244
861
658
160
494
226
668
239
317
62
871
193
809
785
526
379
378
59
233
324
749
631
602
552
449
319
970
1004
702
950
55
939
890
2809
92
87
600
479
855
891
280
949
520
508
314
735
582
3
770
394
946
809
772
192
509
887
777
188
731
595
319
432
105
868
194
467
618
765
47
510
32
697
62
793
759
790
564
232
981
273
608
536
339
517
771
764
986
664
237
150
336
738
912
446
922
153
983
647
74
256
593
340
971
760
977
524
23
712
426
375
160
946
482
128
680
765
484
963
97
502
259
137
388
21
754
407
178
725
900
768
486
185
203
988
713
619
61
873
157
120
262
251
473
89
644
901
351
771
640
57
803
441
93
278
117
471
340
633
54
981
820
97
4
572
714
775
562
979
649
631
336
928
702
203
875
337
467
350
616
351
936
642
898
201
533
439
902
874
723
487
869
842
970
1009
620
145
988
997
279
336
651
242
243
983
701
923
508
366
664
297
718
357
628
599
796
867
795
857
424
692
809
408
303
633
905
16
375
71
815
321
1005
526
807
83
46
584
598
908
31
499
72
556
822
934
630
997
642
653
840
359
688
167
872
960
706
201
109
397
305
377
907
356
428
314
825
752
563
345
45
168
180
692
174
577
488
30
746
799
514
628
113
636
596
306
908
977
143
222
914
522
350
45
940
1003
568
287
742
88
545
750
73
484
2
931
344
396
396
999
225
988
136
481
59
293
720
578
261
493
477
504
672
801
540
705
644
298
180
210
679
847
270
161
896
250
552
30
467
361
458
695
407
942
545
396
314
855
12
599
764
120
193
93
313
101
954
377
649
686
223
990
824
250
113
927
395
555
133
60
909
996
834
142
620
183
310
308
961
554
660
809
593
232
693
602
338
213
309
940
426
564
66
504
114
906
319
497
284
913
439
117
853
322
707
809
279
751
969
667
282
641
413
948
105
875
198
800
281
94
581
534
302
877
738
993
52
362
743
684
37
20
401
252
202
122
546
67
97
468
273
57
237
10
215
371
736
279
370
951
117
326
829
839
943
117
146
407
830
716
989
326
171
618
163
597
290
571
296
225
448
436
954
443
20
738
872
1004
661
947
811
653
668
114
138
290
86
524
153
257
852
602
477
640
930
98
847
494
49
683
729
236
391
487
961
158
424
594
979
612
603
284
153
604
671
189
446
804
460
674
373
928
310
952
243
801
884
871
378
267
323
460
323
791
202
719
469
344
690
554
651
564
527
739
915
389
215
20
161
696
412
508
742
185
84
372
669
521
733
478
383
860
861
320
390
349
901
750
631
372
874
488
556
21
803
835
32
123
204
950
766
236
166
262
536
627
506
903
914
685
764
596
94
164
620
102
518
732
580
640
872
216
947
830
88
795
634
705
970
620
348
925
167
169
946
632
127
30
345
124
57
281
913
610
672
551
568
593
971
794
226
155
994
801
710
86
340
217
2953
192
429
491
289
402
283
154
456
98
591
949
723
445
347
828
699
447
114
821
80
617
257
241
726
940
537
516
119
129
936
813
941
22
333
331
719
78
240
83
673
923
793
691
791
80
370
450
499
905
119
728
265
283
345
431
629
120
905
426
474
720
276
321
261
199
62
770
102
87
322
331
454
159
720
217
963
207
433
228
457
118
355
966
90
941
997
312
155
944
84
990
512
354
591
760
616
271
773
780
842
636
982
575
563
136
224
469
878
858
1000
382
172
902
112
465
768
780
977
822
662
331
291
140
271
494
79
373
887
530
762
453
471
413
780
265
364
835
29
518
479
326
76
725
350
902
643
108
382
1003
131
82
592
316
375
594
248
855
62
514
911
777
799
742
187
918
452
201
919
906
738
191
416
724
779
610
497
523
649
783
336
648
636
449
492
594
396
907
689
208
484
60
296
871
421
503
322
551
512
695
956
119
386
781
644
532
924
892
920
531
899
54
524
973
960
96
36
36
212
633
907
689
945
484
412
476
330
45
913
101
44
701
533
896
110
242
275
53
164
214
480
146
893
754
717
211
265
409
156
870
971
149
708
756
487
113
955
419
561
986
32
252
241
53
22
257
1009
150
127
2715
44
270
656
592
80
215
311
84
986
451
687
416
851
319
875
390
266
237
173
28
310
780
772
8
935
221
956
107
645
401
290
668
983
955
232
561
311
480
212
18
688
59
346
303
811
45
41
598
125
816
357
370
582
548
601
569
976
837
623
610
911
468
734
704
542
539
521
543
372
482
456
32
472
480
921
825
477
1006
965
477
430
600
998
404
362
811
500
329
930
312
278
274
178
195
272
437
110
669
406
800
469
322
806
463
958
805
500
315
489
738
561
585
449
914
107
407
781
15
514
53
823
501
678
98
373
383
654
11
850
529
239
49
16
203
439
228
423
43
835
416
168
81
963
252
378
994
767
779
310
691
993
639
598
328
97
669
179
337
816
96
475
620
478
76
175
558
131
366
167
208
209
509
233
386
562
732
206
18
150
556
795
885
698
530
116
348
638
364
819
820
81
53
654
129
565
903
705
263
941
88
591
137
978
151
543
241
277
396
283
773
718
979
58
347
8
16
715
900
87
526
656
296
680
959
397
437
714
454
319
612
730
324
953
922
839
123
338
746
937
323
170
429
288
148
70
182
692
928
472
169
698
29
411
231
762
355
522
318
113
706
7
861
378
174
446
293
754
975
306
615
615
874
613
403
772
745
591
895
974
931
321
84
365
924
322
1001
124
850
457
526
1005
66
407
747
273
219
568
284
997
516
408
941
301
335
959
871
975
809
790
768
846
419
648
49
106
744
217
89
840
6
886
395
202
315
792
623
508
916
358
212
751
293
984
909
183
388
270
908
639
497
274
820
715
445
606
404
37
230
238
421
553
804
293
758
454
969
306
20
135
400
311
930
13
792
129
522
520
901
830
112
125
637
343
821
879
11
351
246
623
414
831
576
275
47
852
538
30
389
462
965
259
563
783
805
849
832
176
28
856
16
802
653
807
20
652
901
229
751
310
18
435
447
342
534
320
257
541
540
588
158
790
694
355
195
139
794
679
274
507
164
339
279
252
1005
901
366
988
660
556
969
106
208
393
841
354
67
195
742
580
983
667
826
261
161
458
837
148
466
33
694
932
184
491
517
356
268
942
739
956
450
271
515
611
54
19
998
675
778
808
511
953
416
430
433
124
967
817
723
544
213
40
899
55
317
190
210
312
811
682
589
470
781
824
496
591
492
977
953
161
65
79
371
537
108
427
20
279
149
846
501
896
836
997
244
621
157
180
694
12
343
695
139
717
399
368
509
126
521
78
273
368
394
768
685
594
762
539
867
783
836
439
616
169
568
980
321
627
284
850
745
830
813
636
15
566
655
570
998
397
892
674
980
25
772
742
691
570
868
259
343
769
653
282
817
904
150
91
140
112
103
896
839
863
590
434
590
787
194
828
559
305
990
653
258
77
920
926
939
948
55
14
435
341
229
880
201
918
338
936
719
435
28
274
704
278
855
495
704
997
731
579
730
354
632
965
339
477
562
82
575
891
399
1009
340
425
668
886
833
798
291
758
833
192
462
272
113
1004
355
80
443
582
126
371
125
676
528
266
332
126
829
920
580
287
308
658
269
666
395
973
602
57
949
448
363
576
594
612
147
592
33
282
351
756
474
585
850
1005
395
456
571
896
228
92
115
68
604
116
373
2360
139
497
873
408
21
932
747
385
458
56
777
371
729
471
510
233
245
567
600
37
230
760
847
859
552
584
528
1006
472
115
46
561
916
805
515
804
243
448
291
644
443
29
4
680
253
826
847
10
908
14
675
628
579
909
435
691
840
798
687
802
613
61
84
266
227
325
375
20
504
1000
548
221
60
164
181
737
728
102
806
873
800
705
107
426
904
393
501
249
656
2120
839
298
379
682
398
442
90
38
997
169
633
499
713
170
529
952
751
519
523
908
545
208
711
965
756
670
696
370
813
455
98
837
529
303
815
103
830
196
901
883
228
990
237
371
507
957
480
211
557
110
345
277
17
266
397
141
824
517
76
712
618
995
256
783
212
874
880
542
702
717
971
807
643
471
801
584
945
515
160
555
603
356
91
501
321
566
855
185
958
468
575
847
962
419
807
398
498
89
776
462
481
411
579
507
825
256
402
498
29
207
785
36
491
276
829
233
637
569
728
118
964
7
78
145
736
543
692
752
479
737
889
993
480
520
767
298
910
881
692
714
152
716
259
143
655
990
454
336
778
46
752
321
21
416
454
535
247
277
766
626
369
811
445
281
869
442
56
163
65
704
640
918
697
380
682
399
349
807
336
532
736
472
146
912
34
138
41
148
41
503
791
291
824
688
159
885
166
390
225
117
558
433
803
478
980
486
99
237
161
635
114
255
115
183
232
933
21
203
422
378
383
118
289
733
810
262
557
367
768
320
972
345
59
69
718
228
873
350
392
765
803
680
787
702
576
138
877
403
502
51
530
546
70
610
806
959
921
582
457
782
513
511
316
711
643
813
616
929
126
424
759
580
568
581
587
1
37
48
438
503
806
620
450
84
608
148
608
907
540
278
240
60
705
131
494
344
443
542
377
30
531
261
750
601
327
907
298
382
607
972
244
930
504
415
252
603
919
756
224
984
124
230
57
742
755
767
341
251
315
205
185
732
381
149
290
115
538
519
123
897
946
952
28
903
95
934
696
712
630
191
741
816
1006
626
992
489
756
967
197
362
351
447
759
373
593
322
679
532
962
1004
718
182
896
765
236
922
945
944
839
641
496
807
911
804
232
350
644
228
824
893
738
534
879
155
602
90
666
675
837
724
555
43
784
471
407
429
167
212
293
720
686
879
631
162
477
466
234
210
723
173
520
393
522
146
196
606
479
919
512
45
975
167
881
313
911
124
736
967
552
397
33
219
402
880
356
777
808
851
588
748
67
582
411
626
153
869
34
754
345
477
433
315
996
98
447
803
881
460
679
377
395
33
780
285
263
139
221
990
925
788
268
12
506
925
965
67
313
71
152
930
161
461
898
92
831
246
114
979
267
47
862
13
517
229
851
356
325
941
857
437
323
655
632
606
327
717
258
218
162
850
131
639
799
510
137
775
371
599
172
787
544
515
227
104
218
254
692
411
926
2370
437
311
253
16
760
130
101
797
70
749
26
467
101
54
30
287
588
625
716
899
124
552
878
401
181
443
135
507
878
941
427
478
517
348
392
645
968
568
96
224
994
813
85
369
437
713
281
878
430
875
394
810
291
229
335
745
611
253
143
340
280
788
261
325
783
176
739
30
976
796
175
361
243
92
346
113
701
776
410
281
563
596
271
466
966
649
348
828
206
179
22
104
315
259
899
649
12
448
484
927
729
347
790
716
868
675
510
967
455
870
486
543
270
898
69
835
816
969
275
76
784
562
913
791
340
707
906
541
713
719
555
736
292
371
147
605
892
516
298
789
370
485
698
96
619
62
274
732
197
822
924
463
534
921
246
213
51
766
744
101
303
571
389
834
419
177
62
977
496
697
327
54
218
622
231
256
878
837
211
544
985
911
411
810
464
173
428
37
908
615
903
405
965
245
522
263
84
265
501
925
180
410
855
187
437
621
130
748
45
130
935
69
698
1005
932
714
219
976
703
466
788
92
159
921
163
480
147
125
725
405
142
988
707
523
39
847
603
704
752
128
132
791
222
264
780
798
861
911
23
527
664
90
324
841
248
276
767
967
915
912
43
690
240
649
507
176
1001
936
216
754
242
764
193
47
31
710
97
325
78
415
210
339
912
603
511
614
18
45
756
223
514
706
20
972
411
257
592
772
773
640
122
712
897
736
369
538
734
722
407
675
780
425
536
3
773
999
474
10
991
182
167
771
866
221
1000
210
607
285
210
885
171
315
153
562
220
430
878
758
871
773
792
10
447
730
663
962
559
309
925
1004
668
892
565
664
627
786
718
698
587
599
257
279
90
117
859
836
583
979
76
638
277
753
720
73
851
1002
467
438
111
161
291
3
3
283
993
82
721
627
184
652
787
819
103
260
2967
673
634
116
437
860
845
792
905
399
614
816
987
282
213
521
755
585
480
479
701
340
10
97
898
28
176
559
197
703
280
548
255
912
745
133
508
638
313
941
439
453
423
972
237
568
774
271
576
889
557
515
152
247
614
839
509
415
350
597
95
51
724
907
255
788
880
486
644
596
766
80
122
910
817
647
508
787
806
339
212
408
413
416
356
602
175
21
210
586
348
241
953
382
703
474
181
540
350
675
513
864
771
229
597
508
459
941
550
455
260
768
88
264
222
403
925
993
859
594
64
371
734
987
968
350
13
448
450
389
252
465
884
281
653
618
865
633
558
997
565
621
441
888
564
387
159
904
130
121
234
397
108
168
115
799
165
706
268
16
808
668
153
82
108
21
950
333
639
115
790
250
359
847
754
589
447
649
956
1008
846
186
17
279
415
664
967
465
993
291
655
565
196
141
631
518
373
335
397
348
430
656
736
831
438
722
203
241
513
575
512
39
522
883
797
633
446
660
987
116
328
409
585
471
704
416
466
715
868
820
480
126
615
471
80
795
678
112
755
808
649
58
808
308
677
902
526
153
706
636
106
4
452
179
893
199
858
876
791
537
423
840
957
597
330
301
7
515
696
61
67
326
718
490
719
748
133
78
547
279
172
570
922
611
434
658
175
696
93
299
637
5
712
548
150
130
682
477
319
595
447
479
318
742
108
590
776
447
70
4
110
415
765
980
161
26
246
360
318
313
964
580
943
654
929
429
415
253
34
596
652
330
350
334
372
378
971
633
8
479
28
571
139
922
878
423
8
806
521
17
423
708
103
724
887
834
320
605
108
823
60
679
218
265
913
227
874
419
711
546
721
1008
980
669
575
16
275
800
672
330
785
468
308
304
627
705
146
230
248
982
303
783
231
77
636
710
432
234
377
819
235
489
153
909
951
673
672
880
240
912
169
402
468
895
414
435
592
253
417
689
77
696
677
300
445
645
266
296
793
792
818
10
685
413
325
266
16
469
624
142
382
845
849
180
526
408
1006
347
966
389
428
560
90
169
36
477
33
84
829
280
928
123
167
940
840
335
877
449
21
920
981
810
699
359
404
331
561
228
393
41
753
389
951
491
734
948
179
765
794
724
962
20
987
164
610
672
183
779
836
438
295
621
3
775
906
199
257
107
445
254
768
40
840
203
363
431
83
195
41
383
360
303
845
718
859
110
102
538
737
157
780
769
431
361
878
60
557
90
622
843
670
976
977
733
819
713
544
781
998
740
197
195
362
640
298
921
99
860
306
273
725
1002
191
89
449
837
297
448
235
64
840
646
747
526
120
647
739
993
37
880
244
650
877
343
383
788
274
140
508
770
444
380
318
429
17
728
354
386
452
136
844
248
886
368
377
64
443
24
54
9
951
910
699
3
272
371
875
414
234
924
793
94
768
633
579
336
506
543
795
432
563
136
107
607
84
42
908
144
338
670
497
902
734
743
862
39
243
293
224
91
825
583
768
931
137
750
982
137
705
604
473
815
806
147
31
14
708
543
417
569
176
675
381
946
796
932
720
33
419
811
46
471
946
870
572
270
696
346
192
72
19
624
158
510
495
862
943
223
659
133
330
545
779
699
794
167
446
964
227
463
889
718
477
585
394
684
663
679
594
747
898
794
699
13
229
1006
44
337
519
302
753
764
754
975
230
667
733
142
306
128
149
213
675
938
796
142
439
913
578
515
579
964
55
479
57
638
297
560
887
132
565
371
780
376
809
821
50
842
641
970
395
414
302
516
634
652
825
802
704
841
911
163
570
637
415
949
296
861
323
172
493
913
512
201
745
764
479
459
982
248
864
997
837
526
265
18
231
640
713
878
420
747
340
418
876
303
42
602
689
360
5
851
399
10
483
423
681
652
47
720
410
180
428
329
278
436
262
60
862
36
213
468
13
520
102
693
199
556
665
807
173
519
86
436
378
52
612
114
206
534
984
996
120
354
132
459
337
139
478
469
113
954
447
553
211
841
518
811
422
146
607
796
1000
352
911
176
753
719
1007
485
824
961
340
222
236
379
963
949
30
468
296
966
100
225
3
22
437
165
126
631
701
831
154
558
556
553
512
463
219
309
465
304
24
333
932
502
955
724
260
196
173
787
107
169
2
16
523
237
374
847
135
656
42
587
872
773
424
401
831
375
2
766
272
902
32
212
951
245
939
818
347
20
734
1005
791
689
477
479
49
124
573
795
153
220
27
633
504
286
991
661
173
230
504
374
591
563
50
599
479
775
34
635
599
500
143
7
531
189
129
57
535
588
910
271
322
1001
474
881
88
944
468
80
665
828
584
43
616
700
416
140
456
978
894
220
898
884
336
919
460
640
233
777
536
439
132
784
892
411
338
264
709
427
525
293
739
208
658
403
740
113
753
992
68
977
1009
481
508
924
385
856
188
910
173
443
928
376
705
339
634
943
532
413
101
347
646
217
179
912
837
254
844
145
808
39
837
298
738
1001
495
192
733
843
900
263
56
684
791
335
616
783
772
966
222
573
29
773
625
487
525
885
682
41
546
710
324
820
529
29
486
524
594
539
315
275
43
90
830
441
463
112
663
855
142
97
508
325
938
434
298
131
209
36
467
948
523
784
734
422
13
92
625
62
135
839
860
416
345
224
389
769
671
561
200
681
406
253
770
442
785
785
428
983
414
537
553
868
775
250
770
848
90
420
226
888
535
915
920
327
919
595
297
348
962
369
538
22
295
613
923
434
203
59
981
395
973
199
448
342
811
336
970
50
367
112
919
360
627
172
1000
444
388
916
558
673
886
481
282
578
382
861
674
734
112
310
165
465
599
735
493
780
831
849
142
12
442
822
291
285
208
157
642
808
262
508
450
77
417
994
406
633
149
672
832
483
959
582
809
807
961
697
796
960
391
602
18
158
497
459
1003
111
860
851
46
171
709
498
777
277
753
237
848
454
136
95
232
222
438
249
933
761
365
872
290
534
233
284
417
479
3
305
278
89
797
519
276
834
997
352
718
97
416
249
34
179
143
945
128
993
604
993
424
796
812
787
376
928
286
948
644
452
734
212
682
634
411
235
728
971
621
347
1001
724
197
745
187
779
115
586
289
589
147
279
824
884
369
305
560
336
890
983
474
954
76
510
441
118
736
338
929
293
690
222
194
812
605
739
254
172
185
25
826
193
362
806
653
382
630
16
489
576
176
371
114
790
568
951
41
579
46
248
420
623
780
746
698
851
225
573
216
615
742
969
862
699
601
390
606
955
524
311
607
132
843
246
438
641
482
169
560
958
179
818
129
620
315
682
366
509
578
325
938
900
160
665
94
151
870
302
834
30
475
358
864
1
132
117
475
150
871
972
680
383
373
13
483
115
892
871
912
28
594
997
174
306
533
769
270
670
758
730
226
2497
922
718
180
55
463
68
849
796
947
153
627
935
183
402
404
347
843
897
984
889
15
810
926
456
943
709
912
5
52
698
497
759
199
261
1000
356
162
553
569
377
348
604
316
76
741
595
751
479
568
391
414
682
624
402
282
123
627
971
792
802
550
393
22
344
648
496
605
815
2
255
446
604
446
924
738
461
685
803
61
364
583
718
144
362
43
837
249
609
407
336
636
202
579
175
530
18
404
681
841
429
477
704
598
703
956
341
281
563
190
782
850
381
675
146
867
661
151
464
660
42
448
958
28
167
582
585
941
1001
383
140
884
821
323
513
232
73
465
743
508
190
91
67
497
641
894
144
952
742
922
959
921
867
760
865
104
910
32
882
304
926
607
172
847
115
626
907
974
202
768
18
537
329
387
336
888
116
150
732
275
597
116
422
955
435
559
693
542
899
749
838
703
597
105
538
822
824
834
641
564
489
748
218
210
424
573
861
313
359
938
547
787
440
741
998
542
425
720
10
513
931
486
529
346
568
435
704
776
81
338
654
608
732
87
884
621
1001
120
700
947
313
1009
42
893
340
619
574
925
472
520
434
501
555
311
122
228
145
460
809
958
995
267
660
279
18
720
739
532
557
273
601
666
816
490
726
188
350
597
777
454
920
788
858
702
389
550
745
662
710
449
409
983
922
67
45
751
354
390
346
704
151
888
973
917
78
745
321
731
797
259
865
838
306
77
238
793
262
933
484
401
285
516
757
750
130
374
69
101
713
59
552
440
221
102
392
29
418
196
775
342
275
273
128
423
107
352
984
102
914
242
20
716
594
170
51
895
582
504
495
731
10
868
523
100
59
376
527
816
48
734
1001
483
931
463
34
135
309
305
259
374
74
607
542
229
228
468
116
992
15
504
449
315
909
342
30
98
266
659
738
667
460
591
724
209
65
539
377
159
2
262
144
753
939
751
414
546
84
277
142
314
78
723
647
448
382
160
298
1005
495
438
725
114
268
645
26
914
43
209
435
766
150
254
473
221
119
336
158
700
224
270
285
285
31
537
754
673
699
212
942
140
740
948
490
550
770
677
225
412
755
956
40
799
295
766
986
326
955
914
865
804
214
490
199
430
42
359
41
416
541
476
179
132
1003
828
694
103
291
389
617
734
887
850
386
731
595
33
775
483
551
450
642
349
58
397
896
677
125
343
199
467
809
203
695
1003
17
216
316
209
162
748
648
372
372
383
27
414
110
967
313
657
974
842
442
701
149
190
501
464
213
698
799
984
61
553
248
736
434
432
51
582
288
901
400
114
357
590
977
709
865
505
689
256
47
870
471
477
29
874
758
239
187
89
321
76
418
628
266
742
867
675
640
510
431
581
321
66
332
741
102
839
640
861
99
405
860
223
426
666
807
714
1008
516
915
500
849
892
310
653
506
320
7
3
534
916
85
1001
807
991
812
711
687
923
432
568
582
985
65
944
420
476
688
691
105
339
920
611
578
377
808
503
102
903
507
907
381
953
657
847
878
599
176
916
962
535
808
198
809
323
710
652
668
933
762
995
167
966
615
131
953
518
1
217
116
955
798
658
290
1001
723
521
869
719
222
238
147
162
857
439
613
174
451
658
948
868
507
440
617
619
951
2486
644
409
296
270
490
412
361
479
379
850
492
184
701
512
23
973
938
221
220
191
661
935
365
528
279
641
788
763
329
68
404
626
45
607
901
972
329
236
675
245
439
51
595
880
109
723
227
83
363
17
43
747
336
322
527
637
478
133
316
128
217
82
1006
390
697
814
253
470
75
961
573
606
215
126
818
512
268
267
300
26
299
983
472
646
708
963
939
569
188
561
89
683
256
16
551
456
940
428
762
274
703
744
659
231
982
325
556
989
970
945
408
50
203
110
563
977
400
582
242
317
240
853
746
628
632
366
782
643
236
657
987
868
931
201
368
994
20
775
948
960
869
168
84
541
604
869
801
86
562
232
385
867
369
782
110
123
596
479
128
111
721
846
999
566
100
811
290
737
524
335
451
576
86
158
616
624
124
871
895
873
864
372
505
70
95
176
763
6
256
163
837
878
332
919
779
613
2915
770
517
554
954
277
130
886
918
15
26
652
357
913
936
624
155
718
479
45
706
272
768
975
73
195
442
822
502
728
851
706
534
118
748
146
86
215
462
259
861
521
21
643
427
1007
687
62
458
313
875
916
138
770
548
525
78
283
613
452
706
748
677
925
122
669
840
954
914
276
998
616
670
600
207
375
692
50
893
239
383
388
854
171
497
125
593
55
109
706
627
790
600
154
617
525
273
576
283
896
242
288
710
35
525
418
658
89
955
679
909
818
400
171
739
629
981
539
343
798
435
247
41
192
140
502
165
542
661
132
292
694
773
304
958
181
568
520
250
264
497
383
459
381
952
287
790
755
895
51
191
637
934
518
283
50
761
520
725
602
95
550
235
420
503
38
146
905
827
324
215
26
443
767
764
509
42
615
292
487
853
272
135
970
609
594
376
738
502
785
231
715
456
143
15
371
219
739
80
770
430
221
634
940
416
313
401
900
253
177
257
378
990
329
837
639
390
806
35
190
728
681
169
919
410
310
342
110
92
376
893
998
19
566
605
67
850
234
424
835
926
862
211
510
858
691
707
337
992
809
268
2
755
156
681
130
328
742
97
954
239
226
828
616
17
791
738
515
968
400
602
746
266
935
48
532
346
387
970
24
550
911
790
960
740
833
445
808
507
315
631
273
257
591
771
822
661
267
