14
20
36
33
1
1
120
3
7
53
73
20
10
34
18
35
3
2
123
4
59
12
15
17
50
41
27
51
20
5
5
103
33
52
34
71
3
15
10
363
36
40
12
4
3
36
13
3
29
65
123
22
38
109
41
31
10
11
77
24
45
7
11
61
25
27
5
80
47
26
25
7
37
81
34
65
107
10
27
45
8
36
35
27
90
24
29
137
20
15
20
11
9
30
39
141
31
77
7
29
4
34
7
7
7
98
33
24
38
38
30
1
7
42
3
63
26
2
25
3
48
29
17
28
9
27
4
50
39
43
4
76
12
25
2
31
3
28
2
61
44
25
54
68
24
31
91
27
40
10
35
12
32
9
21
17
17
29
4
6
82
54
16
44
19
87
48
63
36
2
34
122
14
47
53
10
86
194
25
97
12
59
49
6
1
92
4
2
77
4
72
7
16
29
8
7
17
19
6
85
2
1
73
68
17
5
32
87
15
36
41
227
54
23
46
13
5
7
30
79
15
68
12
38
58
43
58
14
55
34
5
62
33
96
76
56
128
24
3
11
12
64
199
9
43
16
11
25
108
21
87
10
14
1
24
19
18
2
75
21
50
52
25
30
20
15
5
11
19
3
2
13
11
6
17
2
21
25
187
22
62
11
18
7
31
8
18
11
80
172
117
71
29
26
15
30
30
5
43
4
10
3
62
10
105
6
42
8
35
16
3
109
11
27
37
13
4
52
44
21
27
115
32
81
59
22
138
91
15
1
1
7
8
3
56
34
3
51
33
50
2
23
1
71
66
43
144
7
125
4
13
137
1
2
62
32
58
117
28
51
65
5
31
30
36
17
67
42
85
1
62
74
23
13
53
84
50
7
29
16
40
78
131
44
17
40
50
23
53
125
60
51
8
8
30
12
5
123
54
27
159
127
8
25
32
7
25
73
38
63
37
27
9
37
71
1
16
5
28
72
51
7
96
135
60
4
63
13
23
18
32
74
147
39
7
5
145
12
3
10
217
23
88
12
1
5
44
16
203
71
22
140
4
3
20
12
2
100
99
69
2
19
45
23
50
116
7
44
21
245
16
59
6
102
37
2
3
79
42
46
1
37
62
85
18
42
27
36
5
71
3
59
4
97
18
36
25
79
9
25
1
56
138
54
3
10
5
40
28
39
31
63
7
11
35
35
1
48
5
8
35
25
54
130
102
61
29
5
49
24
67
5
54
51
94
33
57
8
30
28
7
13
26
15
79
5
33
98
3
7
52
13
120
136
3
57
32
8
4
84
3
84
8
38
68
19
40
34
2
4
57
1
80
66
16
8
72
25
45
82
73
6
73
23
26
70
5
13
21
19
83
9
1
5
51
20
229
26
70
136
66
14
68
152
1
37
13
93
42
31
54
53
19
44
24
3
82
6
48
53
6
50
76
79
10
79
24
16
57
26
15
14
98
12
13
45
24
34
16
16
5
26
4
6
23
19
23
69
118
35
88
65
32
14
19
8
3
72
12
58
19
14
142
5
24
47
10
2
44
24
7
9
13
1
114
44
63
122
11
12
24
119
36
3
101
16
26
41
12
39
4
13
48
8
22
132
28
16
26
10
24
17
1
69
2
66
17
10
57
2
82
167
23
225
15
8
20
5
9
12
36
56
14
7
40
53
16
4
29
104
8
67
104
20
9
12
3
36
76
51
11
19
2
9
11
43
60
42
11
29
67
81
42
25
54
13
30
6
29
101
214
9
77
12
41
36
41
54
39
117
26
23
43
44
24
38
38
90
21
8
22
152
17
65
58
48
64
40
121
1
85
56
15
58
26
6
22
48
23
7
19
57
16
154
23
127
19
8
49
72
6
21
27
112
67
1
130
34
36
88
9
1
77
1
87
17
62
10
13
12
82
17
7
37
4
8
19
77
13
13
11
19
44
14
13
18
24
4
59
33
53
1
93
2
35
26
28
29
23
27
8
69
37
6
3
20
8
3
6
25
10
62
121
38
1
7
64
15
37
6
58
100
11
12
1
98
22
2
77
53
10
130
20
71
54
4
4
95
22
27
10
51
51
25
40
38
44
7
37
31
6
63
16
17
20
83
11
56
62
8
87
8
24
147
65
40
11
104
16
4
122
27
37
17
50
30
13
7
32
49
35
176
19
52
39
68
47
22
10
46
10
2
6
8
18
23
6
34
75
17
30
178
10
21
3
18
6
16
33
77
15
35
8
69
79
9
140
35
122
11
19
16
73
32
21
23
69
31
186
177
53
1
13
12
86
28
3
2
64
3
71
5
68
42
36
102
8
24
9
65
26
189
23
9
9
84
2
54
4
38
38
37
22
52
47
27
13
43
26
24
59
8
18
26
27
85
7
32
27
8
8
27
13
134
5
18
17
26
29
2
6
2
3
23
52
43
13
113
34
58
96
56
5
20
2
31
116
11
80
22
47
51
17
52
11
52
95
3
24
2
1
17
57
31
4
8
6
1
9
39
6
6
8
54
39
60
7
22
12
89
65
56
95
145
50
110
58
65
37
1
1
22
4
22
98
49
20
7
17
5
34
75
37
32
77
15
39
19
50
28
6
1
33
195
4
7
83
78
16
26
23
64
44
18
48
81
55
152
35
13
13
2
5
22
28
13
36
15
2
116
1
18
55
74
4
17
78
13
32
82
23
20
58
58
68
43
44
45
8
10
19
42
50
14
53
49
56
26
39
4
8
134
26
84
71
68
123
110
37
43
25
44
50
30
2
9
8
49
4
3
62
9
26
93
202
51
23
57
6
57
60
74
22
98
27
41
66
57
36
10
80
28
59
77
19
94
2
61
28
19
32
20
65
9
21
33
19
18
111
20
9
163
7
12
19
13
3
95
9
3
45
151
47
16
61
6
110
52
21
5
45
19
39
37
28
30
1
24
24
28
16
114
5
1
29
4
61
91
21
19
24
151
20
18
9
25
62
68
84
56
31
105
26
25
81
100
100
172
71
21
17
24
62
32
37
4
57
104
28
113
74
58
204
36
31
19
18
52
66
3
11
19
6
8
32
29
69
3
53
68
62
13
10
5
20
13
27
18
13
30
97
6
1
6
55
9
11
33
2
24
46
15
66
114
29
117
26
20
11
16
2
52
18
2
98
31
15
35
35
10
14
27
9
119
12
18
64
88
7
17
61
8
14
38
15
28
94
17
16
59
12
8
5
21
5
54
15
140
16
25
25
122
39
4
43
57
30
274
4
21
129
46
44
66
6
30
29
47
232
94
18
23
9
29
25
74
51
151
6
60
21
38
39
2
17
113
2
11
21
173
18
1
57
36
1
13
15
113
4
119
14
60
100
33
64
5
26
12
61
85
65
83
26
34
27
13
85
38
55
12
30
62
23
71
17
4
143
31
49
12
28
4
18
120
4
13
21
150
61
11
9
61
18
26
113
94
45
50
8
39
39
8
45
13
29
23
19
32
9
28
36
11
46
58
41
30
53
8
55
92
58
8
18
12
35
8
20
10
69
23
46
9
4
19
95
10
14
15
8
11
20
22
60
42
57
177
29
3
131
18
285
15
20
5
3
111
1
105
43
35
13
11
6
16
22
4
25
35
22
32
25
83
10
20
15
4
2
13
131
22
17
38
13
25
9
47
3
46
29
34
40
3
36
102
172
11
28
7
12
25
26
99
16
24
58
1
12
122
10
32
46
189
13
107
17
10
1
25
18
44
65
57
14
117
36
171
58
48
68
43
18
1
29
72
45
63
14
25
66
47
17
37
37
3
6
32
113
127
3
25
38
22
123
6
128
89
42
65
30
73
47
56
3
37
44
18
24
53
56
10
63
19
18
38
55
6
50
9
29
2
52
105
139
10
3
59
12
148
35
64
54
31
21
63
41
5
38
1
9
11
19
5
56
60
22
16
4
19
11
93
37
26
26
20
21
7
5
26
3
2
24
26
56
227
66
93
36
38
78
64
11
2
10
5
2
45
64
20
114
30
4
10
19
103
48
32
17
7
6
1
30
4
39
35
32
9
29
31
1
35
43
4
80
3
29
44
50
92
37
30
65
9
62
37
30
62
10
10
38
40
24
10
17
106
43
8
86
16
161
30
14
2
32
8
108
19
99
5
46
51
18
37
23
24
12
27
12
71
12
48
16
15
8
12
11
30
27
130
12
59
44
3
140
36
1
3
97
12
29
6
5
6
11
49
34
6
46
32
32
45
8
20
39
8
4
111
87
79
1
147
286
9
7
20
6
51
41
12
1
2
3
43
37
4
34
48
53
72
27
6
9
18
110
38
38
14
13
112
3
10
22
55
40
24
24
6
1
17
15
65
104
1
31
56
52
7
18
21
51
53
38
46
4
5
10
11
17
13
13
10
23
6
10
4
62
4
1
3
163
11
82
4
50
9
150
23
63
14
27
38
15
53
14
35
74
11
117
11
31
36
24
32
26
3
22
29
23
30
9
98
10
43
27
69
35
103
4
85
38
53
32
22
77
46
111
39
36
108
52
45
29
38
8
38
30
89
53
8
132
21
53
25
79
9
56
24
6
104
17
49
18
25
60
30
36
40
1
37
51
11
30
106
58
2
21
8
5
10
19
88
29
20
1
159
24
41
139
5
77
16
9
45
39
2
92
6
48
53
29
12
42
50
24
91
54
14
3
16
53
15
182
9
57
20
147
6
16
9
6
6
51
59
18
62
34
51
14
66
37
18
54
43
2
70
56
32
113
29
5
7
46
17
153
141
6
52
8
13
4
1
195
1
54
105
19
5
1
18
17
38
44
19
1
9
112
67
31
49
6
22
54
19
29
109
21
30
32
40
3
64
57
58
13
42
93
8
42
55
9
10
52
40
125
1
74
6
19
29
23
30
180
40
5
5
74
24
2
31
7
5
37
10
14
17
41
139
7
52
25
24
16
11
40
40
30
28
17
146
26
20
15
52
28
5
8
1
28
66
10
1
157
146
119
155
2
11
1
67
49
103
77
22
120
12
71
21
25
18
40
12
1
15
29
90
2
51
32
38
8
16
1
5
22
8
47
73
15
17
10
15
22
5
8
44
9
101
43
17
9
16
88
23
26
64
10
9
83
45
9
26
47
11
188
77
1
8
22
55
80
42
104
7
17
12
5
21
37
12
79
1
52
5
74
37
20
19
10
11
7
7
181
5
27
66
59
27
4
81
42
22
3
1
21
36
65
55
43
79
83
7
65
9
139
35
8
2
41
25
45
108
104
4
10
5
14
6
78
3
16
55
18
89
120
14
53
12
31
53
40
4
39
27
45
3
25
2
13
77
78
69
38
168
60
84
37
95
41
4
9
30
31
7
68
42
97
22
41
23
4
22
7
35
148
12
47
36
56
27
18
30
39
28
20
8
37
35
119
48
6
83
29
2
57
20
89
22
21
6
110
3
21
39
44
2
25
91
4
65
1
51
104
15
2
13
21
20
41
76
67
20
99
171
40
57
57
16
33
51
38
39
2
11
30
3
41
12
12
47
14
70
55
137
78
18
16
45
30
35
33
25
10
32
9
14
20
30
6
24
29
39
22
40
79
9
10
29
61
41
32
17
53
69
64
46
45
35
27
2
87
1
18
17
48
11
72
100
16
3
103
19
51
46
39
27
31
3
60
18
118
31
80
2
67
114
32
33
132
18
2
83
9
8
8
12
20
322
61
22
2
18
10
23
94
16
56
53
10
159
64
13
18
42
107
8
6
42
6
65
3
6
23
23
129
6
19
73
19
50
16
29
3
5
15
28
22
108
2
79
19
85
113
40
23
7
180
12
17
6
6
30
101
21
46
29
1
13
28
16
38
125
48
42
69
35
12
1
21
2
148
2
13
13
98
78
1
4
17
26
19
49
101
46
35
63
6
8
37
26
49
51
17
9
46
24
41
20
13
19
28
9
45
20
72
78
1
302
36
15
62
9
31
60
16
35
1
10
2
24
22
19
27
63
47
53
12
7
12
66
26
72
2
29
16
35
67
9
17
58
127
16
20
29
60
23
54
25
8
14
38
23
92
9
77
20
1
60
144
32
32
17
4
40
52
39
41
22
59
30
34
32
5
69
30
98
26
34
100
16
49
79
2
107
33
11
39
10
33
7
92
65
21
11
1
23
12
1
26
19
23
13
6
15
22
9
4
8
6
2
13
90
66
6
10
17
69
6
32
175
16
40
41
28
3
128
10
48
1
10
43
108
17
66
8
21
40
20
5
1
20
5
56
27
14
93
53
1
9
24
5
17
68
70
16
6
16
9
124
18
44
7
4
33
2
16
8
5
51
5
40
1
17
108
9
15
12
72
1
26
75
35
137
12
88
33
7
71
102
46
15
2
73
76
73
46
11
33
8
9
21
10
4
14
45
36
18
119
38
105
61
4
4
37
75
19
1
12
30
16
34
7
1
15
46
2
148
14
64
75
1
43
35
46
28
56
6
57
48
60
189
133
29
1
34
43
45
7
49
57
105
5
29
2
4
28
5
16
31
103
28
88
21
8
23
87
3
17
125
101
8
48
95
86
51
9
5
32
14
8
3
24
37
27
112
1
46
5
21
81
3
8
17
15
13
16
66
132
158
82
1
35
9
48
64
154
51
21
38
44
19
38
7
2
139
52
98
18
37
253
76
64
11
26
95
19
7
101
18
79
46
22
6
96
30
48
2
2
44
3
22
39
15
80
38
20
40
53
27
13
61
34
15
13
9
2
4
33
15
28
59
43
68
29
6
115
4
34
2
3
30
41
33
22
69
22
1
11
16
52
16
27
6
14
11
17
13
12
11
37
10
25
47
113
207
11
1
47
18
2
36
1
9
19
13
100
52
62
1
86
32
4
40
5
1
56
51
31
22
132
50
73
43
6
8
17
46
1
11
10
2
39
5
38
23
41
18
11
7
75
19
6
45
176
2
28
28
15
1
25
5
7
5
51
126
44
19
3
2
21
85
126
73
1
86
39
31
22
94
7
46
48
99
6
12
27
56
9
26
41
3
35
406
114
51
16
126
53
31
9
3
69
29
122
36
45
3
105
136
35
17
11
6
32
22
61
51
12
46
61
36
67
31
72
115
97
4
44
47
60
3
112
93
37
1
38
140
61
57
25
25
36
17
18
46
29
57
10
31
16
152
20
11
210
26
11
8
96
46
1
50
28
54
16
9
53
90
61
35
22
36
33
52
9
123
4
8
5
35
21
59
1
62
5
122
112
1
11
19
34
86
29
12
3
37
92
53
6
59
101
45
2
123
83
33
5
61
101
14
72
24
34
36
22
11
16
13
53
13
26
8
47
39
16
100
31
112
17
26
102
9
26
59
27
31
31
58
9
64
20
27
2
44
20
36
24
21
46
18
56
57
58
8
20
87
37
14
4
31
17
5
14
52
2
16
12
28
38
56
7
11
5
33
25
40
68
42
97
73
15
40
22
105
69
106
24
12
40
102
43
31
33
1
11
18
19
35
79
9
3
2
20
31
22
78
1
2
57
11
28
59
1
13
64
10
6
8
63
29
4
15
34
11
7
30
13
68
7
36
75
9
54
16
9
79
29
89
79
36
15
67
128
1
10
70
46
12
10
26
244
72
88
7
18
9
105
35
26
20
10
39
54
36
7
6
2
39
17
150
63
69
68
38
22
105
74
11
16
88
5
22
38
5
9
10
25
10
12
4
7
83
140
59
35
44
3
4
11
31
50
6
19
62
125
42
17
35
7
33
65
106
30
99
94
1
96
24
22
19
156
44
48
21
4
161
17
14
18
6
33
18
73
7
5
28
14
8
113
3
38
4
38
31
2
2
39
3
46
3
15
39
40
45
16
15
99
34
157
34
52
12
43
5
18
17
26
4
96
39
119
44
14
151
29
112
20
4
20
72
19
44
2
10
131
47
74
63
40
35
9
78
23
45
46
27
56
69
28
9
53
17
2
27
22
10
66
35
64
16
47
10
272
39
3
76
3
24
6
75
37
17
31
5
65
54
31
35
4
38
32
72
14
24
71
28
280
70
7
43
12
41
1
5
22
118
3
97
26
1
36
37
168
5
29
19
50
62
15
7
35
51
35
25
37
25
1
12
3
120
95
6
47
12
32
19
6
41
10
30
29
82
58
28
17
24
13
62
18
3
15
32
124
42
43
50
166
13
13
73
40
12
3
53
39
7
73
39
124
5
48
17
4
12
12
28
31
22
11
41
50
40
12
59
10
25
18
10
85
64
38
15
23
1
37
3
181
41
41
22
49
131
4
59
11
32
52
33
10
33
61
79
78
102
21
7
32
70
11
22
35
62
11
25
98
45
39
58
57
28
39
18
11
6
54
4
40
13
9
24
94
8
35
17
24
28
6
6
9
41
68
3
51
41
22
5
59
52
17
61
12
61
1
69
45
86
99
27
80
27
17
6
72
87
50
45
87
18
2
3
57
8
133
38
66
28
48
5
16
18
47
5
90
26
12
75
35
4
42
41
34
7
1
26
9
61
6
82
157
29
39
7
10
65
26
16
42
3
6
14
20
37
50
42
32
21
9
28
7
80
30
3
3
128
62
6
16
118
38
5
161
10
34
21
108
25
33
93
11
8
107
79
89
13
25
12
48
227
25
122
112
78
33
11
6
50
27
22
38
48
89
1
1
49
71
2
7
54
3
34
40
50
23
13
13
2
29
11
40
16
58
97
14
25
1
101
4
12
13
23
6
107
19
20
43
94
45
7
36
15
11
8
19
5
25
51
11
5
53
10
6
3
111
18
27
25
26
37
12
12
46
10
15
37
9
15
116
20
57
5
37
8
10
5
34
3
178
4
12
207
71
5
29
75
1
34
26
24
24
41
76
66
66
20
18
29
56
139
1
27
6
131
42
2
25
25
55
51
146
182
26
39
10
17
6
26
22
15
48
66
44
133
12
29
83
27
11
22
26
35
19
17
22
68
35
1
15
28
28
184
16
58
6
93
103
6
107
11
35
46
50
31
2
62
110
76
11
63
48
43
33
67
37
36
14
60
9
28
13
29
62
29
11
80
40
54
14
17
11
14
90
25
121
60
4
12
2
2
41
73
30
108
24
13
71
30
10
31
65
9
43
86
15
7
13
39
82
30
16
2
7
27
24
15
4
22
52
46
34
4
4
46
43
16
40
18
4
38
47
64
158
6
29
20
18
18
5
11
75
38
13
57
1
9
25
24
78
37
139
16
26
69
43
65
46
83
13
199
15
95
11
7
57
70
27
8
46
28
10
32
144
62
83
3
18
51
83
91
55
43
35
13
97
33
5
38
10
19
221
11
89
101
11
37
32
7
23
30
34
53
13
25
75
63
35
136
4
5
34
24
41
15
26
86
28
141
33
3
88
138
14
51
48
66
1
39
23
95
49
1
16
10
40
49
40
70
9
80
43
80
1
132
49
21
69
10
14
114
52
60
28
6
7
1
19
16
70
81
69
43
79
28
37
31
30
3
53
120
29
52
5
205
53
62
150
10
5
11
3
15
8
21
17
9
19
98
10
22
24
7
61
30
1
82
6
8
1
32
87
5
20
4
3
58
6
71
203
34
49
13
59
30
8
27
91
114
92
25
20
5
96
12
59
18
33
3
18
50
23
128
19
21
54
3
20
47
15
102
133
5
16
42
15
10
37
71
37
54
52
48
33
56
40
6
124
11
126
156
10
35
29
28
6
148
20
17
25
16
44
61
76
42
113
60
12
39
42
35
41
76
17
1
9
71
12
25
16
21
18
9
38
106
127
110
23
41
54
31
12
22
14
5
25
2
95
46
9
4
30
45
136
1
93
19
26
61
35
25
10
84
9
128
35
47
14
69
51
31
3
43
21
48
46
78
132
40
27
16
1
102
60
55
21
15
95
32
12
8
32
20
44
4
11
117
49
68
63
35
48
18
53
11
4
15
33
29
11
72
17
15
10
81
2
22
48
58
23
11
6
5
10
27
12
32
60
28
12
70
101
78
1
9
19
53
19
14
40
29
1
12
44
43
5
41
82
5
6
11
92
28
49
11
59
8
12
21
13
138
21
34
69
14
17
59
24
1
23
22
44
52
6
84
14
23
34
63
9
1
40
103
77
83
23
6
11
2
18
32
16
51
56
12
182
42
32
10
64
8
21
17
68
17
88
14
47
3
1
37
46
4
87
1
20
34
76
97
20
8
12
99
16
9
6
26
126
75
63
11
2
60
14
32
7
7
94
8
120
135
12
63
94
20
10
56
60
88
49
33
5
55
92
10
25
110
11
9
4
6
54
12
19
16
12
9
7
7
31
22
8
3
18
19
4
52
43
76
13
2
31
15
113
7
48
3
14
32
27
113
7
10
23
12
94
17
14
183
13
3
40
66
19
5
51
44
1
47
7
55
18
30
38
76
131
26
15
38
95
6
30
91
39
2
69
72
11
53
4
63
47
17
112
9
2
101
47
36
11
10
32
160
91
34
6
13
19
93
6
60
41
10
2
6
47
43
166
29
8
71
65
12
29
3
35
3
12
27
36
55
15
13
1
28
9
34
1
4
69
190
14
26
41
5
28
13
57
14
15
7
4
29
13
48
49
20
9
18
51
15
122
35
90
35
23
94
8
45
10
62
51
19
11
49
16
6
40
89
139
32
15
8
48
18
32
48
7
16
45
10
35
99
36
45
7
12
8
19
4
104
30
66
24
55
26
84
5
37
113
81
8
28
50
46
51
37
32
124
21
28
55
166
28
35
13
45
25
4
66
4
53
64
6
22
57
100
8
31
4
21
31
153
10
52
7
5
12
5
9
23
47
53
84
52
75
53
27
65
37
14
57
64
7
37
58
31
103
10
11
22
94
1
66
54
47
25
12
100
153
3
58
28
93
105
29
82
17
6
37
24
122
27
10
51
9
39
24
1
18
8
232
76
47
30
44
20
47
7
1
52
24
5
27
9
93
15
117
70
100
15
2
33
9
71
29
26
8
76
74
2
13
64
118
6
65
11
1
4
87
15
56
34
11
22
17
7
56
153
54
53
9
35
67
7
8
1
77
27
12
25
38
37
19
5
84
101
6
29
26
14
38
70
152
17
23
4
24
6
29
68
5
3
152
31
4
5
15
2
57
14
111
9
129
54
8
32
46
41
8
62
150
51
17
7
127
3
30
12
13
5
48
50
32
17
59
5
35
5
47
31
33
101
63
23
9
27
27
109
22
73
35
6
32
41
89
12
65
37
6
53
5
9
11
1
1
10
22
167
34
54
6
36
17
38
2
14
8
68
14
28
105
13
1
106
86
1
11
40
17
99
42
66
13
183
27
34
49
15
2
93
21
102
2
203
47
105
20
49
8
4
13
34
4
13
26
38
45
8
42
48
42
12
15
36
43
87
122
8
84
7
9
71
59
18
16
9
35
78
74
29
47
8
13
53
9
52
25
12
57
32
26
132
18
4
11
7
21
8
3
8
25
198
73
9
28
43
8
17
22
26
1
28
38
22
101
29
17
103
3
124
57
174
84
2
51
11
17
80
72
29
30
51
1
2
33
20
26
12
1
3
120
29
4
12
34
102
7
42
17
33
18
169
29
14
107
16
29
24
20
13
42
16
115
141
60
14
12
140
32
28
131
60
56
14
4
14
17
14
14
32
130
19
75
13
6
15
20
17
20
21
49
9
18
7
9
127
50
2
18
16
26
27
35
3
35
1
20
12
10
3
1
2
73
1
50
15
28
27
66
24
40
14
1
71
26
20
50
6
19
56
48
36
18
39
24
3
6
9
59
7
4
7
88
71
32
8
24
95
32
2
18
166
50
7
20
23
4
5
41
1
26
61
110
44
86
7
34
22
17
51
4
46
22
85
16
16
120
20
65
36
18
4
38
85
111
16
18
47
48
18
13
78
31
52
59
11
53
118
43
64
4
7
6
19
148
8
12
54
29
38
9
52
117
23
15
42
3
29
53
17
53
28
12
9
20
247
25
18
63
115
107
3
69
1
5
30
20
34
46
37
117
71
16
6
47
5
24
28
58
13
17
25
1
45
10
33
117
3
23
1
8
9
12
10
80
30
50
37
1
6
77
66
18
1
18
67
23
37
52
74
8
11
11
6
9
2
66
36
18
20
11
72
35
7
32
4
24
117
84
7
78
61
14
47
11
59
26
5
53
86
22
66
31
47
13
86
93
2
59
41
42
32
51
19
3
6
44
89
5
28
34
63
70
27
12
3
14
137
27
85
6
80
10
145
24
59
9
9
44
9
17
64
23
8
1
6
2
12
44
34
17
18
101
15
4
96
23
80
41
15
11
9
34
19
10
45
37
18
76
47
25
20
58
31
53
11
2
6
8
9
53
1
14
92
31
32
11
2
2
25
17
60
5
7
65
34
63
50
66
7
5
98
61
3
9
45
23
2
13
13
29
25
1
47
14
4
32
107
5
78
49
3
19
73
15
77
5
6
50
16
9
3
47
13
1
41
8
109
80
57
6
52
53
13
2
77
7
29
63
50
4
7
15
42
21
14
13
9
32
2
11
70
12
29
38
30
73
2
3
50
14
11
19
53
15
9
11
80
6
69
21
55
4
15
34
40
4
39
26
30
19
154
51
59
32
29
36
36
11
51
19
59
53
176
77
38
18
51
65
10
32
26
30
125
31
51
37
100
5
59
56
4
22
10
23
2
4
67
2
30
31
27
84
10
30
53
24
32
26
58
10
18
86
23
60
2
25
111
35
10
15
57
112
27
174
19
42
49
34
2
18
75
19
45
38
1
79
41
10
37
1
25
43
35
47
18
18
14
78
26
38
7
76
51
34
39
67
3
82
73
104
37
35
37
8
18
4
74
10
54
56
130
84
8
23
10
40
46
9
26
48
51
16
23
10
13
125
25
28
38
21
6
142
5
2
2
11
40
1
4
69
4
36
37
23
68
29
3
17
91
3
3
66
49
87
43
90
58
99
1
87
14
25
14
1
3
18
33
33
58
10
45
25
36
36
35
49
67
3
115
43
24
124
19
98
32
21
18
4
28
57
128
9
129
14
10
42
14
10
21
34
36
42
42
89
20
52
171
1
7
17
137
11
25
71
75
19
141
92
75
25
7
6
40
40
19
70
104
56
22
43
12
3
21
27
6
89
28
50
45
3
45
18
12
5
70
2
2
39
9
25
50
19
15
106
15
65
9
16
31
11
8
8
1
46
50
18
7
12
47
11
23
94
11
44
42
87
2
17
16
11
111
51
49
14
3
6
4
8
49
103
6
37
30
51
8
68
26
31
16
15
3
48
80
122
29
27
78
24
3
198
4
23
178
5
22
18
79
8
12
13
123
18
27
1
19
67
143
21
2
70
11
14
11
54
53
20
42
63
18
126
42
63
15
14
31
47
1
3
19
12
50
73
36
37
3
36
13
6
111
3
68
70
6
31
14
16
14
31
10
7
30
60
14
44
29
67
43
9
29
27
33
44
50
133
16
135
95
37
28
10
47
83
2
19
13
2
34
19
49
47
28
50
24
52
96
88
87
6
35
56
17
59
7
42
13
55
10
61
9
28
66
1
50
45
25
16
38
43
74
34
14
20
43
8
13
5
61
26
2
36
39
39
60
60
1
32
62
39
58
29
26
28
2
11
79
26
53
13
20
37
54
22
7
79
60
21
49
1
31
18
4
152
14
23
43
5
100
24
83
15
1
13
13
3
36
25
78
10
1
48
56
88
22
57
37
16
28
2
5
60
16
9
59
25
69
29
33
37
52
21
50
16
6
40
8
8
78
32
51
117
48
39
55
51
21
5
8
20
142
4
3
29
60
46
5
12
40
3
37
27
134
39
34
169
55
25
7
28
6
24
13
119
1
2
34
49
50
14
82
38
30
161
10
33
72
4
11
41
19
1
30
5
94
160
3
83
28
5
32
5
6
25
52
144
102
40
28
3
25
5
66
42
51
18
43
2
49
18
77
104
71
64
18
30
9
34
10
5
84
41
17
57
82
5
17
20
6
10
71
20
12
5
48
64
47
9
43
8
9
17
58
39
11
18
30
8
37
100
2
30
75
50
23
19
53
6
17
184
37
33
3
27
49
9
22
26
47
9
12
192
1
9
19
24
141
61
16
52
5
29
2
17
62
56
17
39
49
85
77
1
32
38
19
22
58
138
18
19
5
19
33
14
22
40
37
36
47
150
13
63
25
11
11
12
99
18
68
21
13
79
150
42
49
11
1
2
6
171
20
57
8
25
2
52
34
2
37
63
44
10
66
4
25
22
52
1
33
29
26
199
140
5
61
56
70
9
73
45
47
35
20
12
5
25
71
43
62
30
12
76
43
34
84
14
33
25
5
1
19
9
17
41
27
2
31
12
22
25
22
6
10
22
47
28
4
97
11
84
28
189
34
12
92
47
56
20
13
17
139
100
25
24
28
53
71
69
55
12
10
50
61
60
16
1
4
155
99
51
30
22
5
1
12
2
111
36
6
104
14
16
35
13
55
13
21
71
94
45
1
4
71
60
7
15
17
11
78
55
35
97
14
11
20
3
13
86
60
13
95
5
11
24
13
61
21
39
17
9
15
24
24
2
12
40
53
50
79
14
148
25
48
5
50
16
67
35
64
21
28
6
127
8
73
53
15
11
76
10
7
46
20
52
89
53
53
3
29
60
173
12
59
92
6
126
11
29
17
22
55
13
27
35
74
12
58
72
6
14
19
66
7
101
3
67
12
65
9
14
32
33
34
46
45
23
38
11
12
11
51
17
83
29
16
52
174
34
27
27
55
4
35
33
51
48
200
45
8
53
6
19
53
3
9
29
16
1
14
42
24
23
40
57
51
5
105
37
96
7
24
12
103
8
10
5
35
17
29
60
9
94
79
55
7
76
24
19
50
40
30
9
45
40
28
12
10
10
6
25
6
75
10
103
31
24
4
10
6
52
42
65
11
35
11
3
8
36
46
22
129
22
250
1
11
24
31
28
87
2
118
27
5
15
18
9
6
25
12
41
30
73
58
41
28
16
7
28
1
83
6
87
16
13
1
41
3
39
65
19
20
64
72
13
2
121
286
50
3
39
31
25
25
1
37
128
32
49
6
35
8
21
1
57
89
83
14
179
36
70
25
29
103
21
3
19
45
56
30
92
27
23
60
29
17
77
32
51
3
18
22
51
19
73
5
35
113
67
193
44
59
35
4
11
28
82
1
16
98
54
13
55
25
33
3
22
63
28
32
7
10
89
2
57
15
80
14
18
27
30
40
84
69
1
42
32
66
39
68
21
35
23
35
13
71
29
1
9
22
2
3
34
12
5
80
16
35
9
28
102
31
34
2
1
73
25
55
2
31
41
46
21
65
61
60
53
4
16
14
61
132
3
28
31
12
53
60
64
65
1
40
22
1
17
65
55
136
87
40
14
16
3
21
33
46
47
22
51
45
49
2
13
27
2
28
118
32
4
21
18
53
15
18
16
22
6
11
58
14
21
12
21
20
74
82
43
70
68
7
89
115
20
28
27
5
38
36
62
45
58
29
109
15
39
5
63
130
66
6
21
47
5
78
7
12
52
13
46
38
46
12
240
66
93
4
10
21
44
1
53
23
21
35
23
45
31
110
47
14
40
3
67
6
36
5
28
15
124
38
41
76
16
48
6
4
20
9
7
11
35
29
52
46
3
125
103
3
113
48
44
48
72
7
1
13
14
161
36
2
28
77
56
79
21
62
78
18
3
2
26
18
51
108
12
27
88
40
27
38
9
42
4
134
24
20
18
30
6
49
9
120
15
26
29
50
33
16
51
35
5
57
59
40
24
4
8
36
85
10
131
37
196
50
47
33
77
22
15
7
5
15
12
6
66
26
28
54
18
77
6
7
3
6
36
60
12
3
6
9
32
43
3
9
12
17
110
55
63
48
8
33
44
19
47
91
18
45
50
46
28
23
31
23
2
226
19
18
85
13
27
87
50
241
54
8
18
33
9
10
137
3
6
23
71
1
28
4
5
47
47
69
5
43
26
5
12
75
46
10
6
41
77
43
24
13
6
186
7
98
84
7
29
69
51
7
5
41
17
62
50
72
13
20
24
5
2
118
36
19
49
16
94
1
133
42
31
63
17
10
17
29
18
74
28
17
16
66
28
59
43
77
1
93
30
46
14
20
11
89
25
2
51
2
109
131
17
17
54
1
50
46
112
32
45
7
134
46
140
51
75
61
13
53
53
12
30
37
45
3
1
3
9
25
38
97
22
33
1
14
46
37
42
22
42
23
15
95
22
10
13
5
135
9
37
23
76
55
19
49
89
20
21
72
80
77
50
15
86
41
7
35
5
50
33
4
36
35
33
66
11
11
20
49
41
80
2
15
34
128
8
49
10
6
12
103
29
2
49
26
68
63
29
17
8
13
146
4
26
122
4
23
45
4
8
4
19
4
25
30
32
123
7
37
3
69
41
1
7
39
1
27
27
24
16
20
35
16
70
6
36
40
5
5
2
25
32
136
3
7
8
7
6
141
81
142
1
53
33
34
60
31
12
67
35
12
29
3
103
23
1
13
32
39
75
64
26
64
9
73
4
91
131
19
15
33
32
85
1
34
18
64
4
51
73
38
2
16
138
39
56
2
22
12
1
14
16
39
1
58
78
13
25
31
19
11
67
25
95
41
28
10
83
81
127
90
20
48
27
6
116
34
13
24
5
2
4
23
92
68
58
10
137
41
98
28
61
61
6
6
4
3
38
3
19
30
3
5
9
146
28
26
13
9
2
70
21
19
26
35
55
6
75
143
30
81
99
48
47
27
3
45
1
12
177
93
23
91
46
91
39
25
133
40
11
110
124
145
22
2
9
35
27
1
60
32
3
67
73
68
46
5
127
29
87
33
16
31
68
20
50
47
87
3
24
41
18
5
2
44
28
11
15
1
27
13
22
76
32
20
16
80
113
101
186
36
97
16
91
80
90
34
6
12
61
79
46
21
102
108
45
4
12
24
58
7
45
99
45
37
89
45
65
38
43
16
19
38
25
63
22
128
17
69
26
23
24
20
78
29
15
19
87
10
34
105
129
56
105
43
52
42
48
105
18
43
49
56
56
37
48
13
74
145
48
29
65
40
40
110
132
12
28
14
10
94
8
77
5
4
30
125
57
35
22
76
11
1
38
23
26
133
22
53
10
6
21
17
21
64
2
96
12
24
12
42
20
56
36
56
76
6
70
27
13
5
67
14
63
11
34
27
28
31
110
16
84
5
28
23
62
2
9
15
11
7
45
60
68
16
38
42
62
1
3
4
90
81
24
3
13
6
1
71
11
28
57
17
114
45
44
43
107
37
89
22
8
70
23
6
10
88
34
32
15
7
97
19
29
98
25
4
39
5
40
33
6
14
112
22
20
43
1
13
6
23
27
6
55
139
45
54
8
59
51
24
24
31
19
16
5
19
57
30
63
55
7
42
22
47
71
25
14
54
53
88
54
46
29
2
12
6
45
32
4
62
45
28
23
26
9
20
2
112
82
35
74
81
2
40
33
42
3
16
76
17
42
36
31
4
12
52
34
6
94
29
66
26
13
59
1
70
9
42
34
35
12
23
53
182
14
30
52
30
7
160
28
22
4
125
15
66
2
46
29
95
119
76
1
42
24
8
46
30
70
39
52
13
5
10
44
6
11
35
18
7
9
87
58
29
23
23
92
77
11
79
49
65
2
41
25
20
4
4
33
13
50
64
80
53
80
22
25
7
54
52
13
99
62
10
24
7
146
19
17
31
75
51
10
20
10
10
25
20
72
10
42
37
15
2
16
4
42
7
7
97
37
32
18
63
23
20
1
3
4
2
40
26
2
43
58
37
80
53
27
44
8
166
42
18
5
19
2
60
127
2
17
9
20
134
11
15
31
2
15
82
77
11
77
112
20
55
22
7
11
4
9
10
82
20
15
31
3
80
9
50
16
34
15
2
102
37
68
98
10
55
47
22
83
2
109
23
51
14
91
5
99
193
10
12
112
103
12
1
40
80
57
162
33
38
3
10
64
30
13
41
214
43
34
30
9
29
10
21
1
2
44
83
4
31
4
83
29
18
15
3
9
12
14
2
53
196
4
26
88
29
9
4
15
38
91
13
42
23
52
51
59
77
28
30
27
16
20
44
94
188
83
21
37
1
22
16
64
71
13
4
30
45
119
4
11
9
184
69
21
24
12
13
29
79
25
4
22
1
106
20
32
54
2
84
1
54
47
136
54
37
23
43
110
28
48
36
53
87
18
40
31
96
32
1
57
54
13
4
4
7
21
21
13
52
34
22
19
20
32
36
21
22
19
97
48
3
118
2
7
103
16
23
5
4
33
30
46
29
28
1
6
53
21
66
77
47
24
9
20
60
50
48
40
26
132
10
28
11
73
86
85
4
36
36
47
17
4
9
91
67
23
45
30
16
74
35
2
22
33
13
28
154
1
33
45
48
13
8
76
49
19
7
16
86
54
42
47
20
5
4
8
11
9
52
50
146
8
25
24
26
97
18
2
82
1
1
77
49
27
21
5
60
58
70
2
56
115
52
48
23
49
9
17
1
14
14
7
34
3
9
162
14
40
5
62
34
42
57
37
12
91
74
30
24
6
7
8
29
34
7
28
20
101
64
8
53
100
82
23
133
11
70
9
96
88
41
39
87
24
34
14
161
21
2
34
27
26
18
25
23
36
134
15
15
115
90
18
10
58
7
9
47
26
6
52
21
7
120
34
24
13
4
80
12
15
18
74
142
27
2
5
117
1
17
25
91
12
21
2
52
21
5
47
32
46
81
26
16
4
46
132
12
70
14
28
16
5
3
20
52
83
2
22
11
42
41
7
34
51
35
88
2
44
47
16
15
26
7
3
20
67
109
1
89
94
106
49
63
117
40
5
21
3
66
3
5
24
39
21
37
39
5
42
5
51
23
37
229
72
25
89
20
22
66
49
66
1
51
24
16
26
66
49
4
18
24
24
29
47
64
80
12
20
67
15
60
19
44
18
8
70
6
24
5
41
32
98
59
41
3
21
48
10
36
47
46
2
1
37
3
12
111
25
42
137
25
39
65
57
11
25
85
61
77
6
2
126
102
2
112
23
1
22
1
17
6
24
21
44
12
41
76
36
12
37
56
22
61
40
16
12
44
9
7
47
11
123
7
29
109
147
62
73
79
36
47
25
13
3
15
157
7
24
91
35
19
107
35
98
1
200
2
6
16
15
42
50
23
46
48
25
5
19
3
19
129
14
14
41
7
206
96
38
106
4
32
13
61
10
20
36
8
18
6
4
24
27
35
77
48
22
64
13
7
54
8
6
12
89
28
5
26
44
56
25
19
48
20
4
34
30
21
17
59
51
114
13
50
23
15
63
88
28
3
56
50
22
31
161
128
5
12
52
4
39
7
21
123
24
43
1
33
49
12
45
8
93
18
112
80
40
26
106
3
5
32
1
28
40
85
85
1
27
17
46
39
71
22
14
7
93
18
28
28
74
22
39
25
21
10
99
81
2
19
86
47
69
2
24
11
7
15
8
41
25
55
2
8
9
16
27
121
31
29
48
14
53
5
71
9
15
1
11
3
21
8
65
31
10
21
13
19
78
113
34
66
66
106
7
15
1
1
54
32
15
18
43
33
24
15
18
14
39
6
3
14
8
72
33
1
28
39
22
95
50
7
8
11
6
19
182
30
43
4
19
21
42
20
40
144
73
27
13
28
14
74
4
59
24
15
14
28
24
24
47
80
18
3
67
1
23
3
23
90
81
5
118
2
15
14
57
63
43
43
122
1
141
95
71
84
51
14
20
22
17
2
11
112
14
5
4
25
9
37
86
116
101
16
34
36
19
23
19
57
62
4
47
51
77
27
70
155
12
50
23
85
34
27
5
52
71
101
2
13
9
14
17
35
12
6
35
48
25
88
13
49
109
3
20
47
61
17
1
38
10
11
76
25
24
46
25
12
22
66
39
72
53
95
43
72
44
18
73
55
4
44
26
60
43
82
42
16
36
36
135
82
14
68
23
94
26
26
9
8
43
26
5
34
3
27
32
8
31
84
9
11
99
4
1
25
41
134
72
34
38
107
7
18
89
9
73
11
61
17
53
159
31
16
3
37
1
62
24
19
7
20
24
47
44
3
31
8
1
73
1
1
48
78
29
34
35
46
49
10
102
24
13
76
5
36
21
10
77
56
16
87
66
33
32
43
95
10
36
69
2
25
81
22
42
197
13
23
12
21
34
9
4
110
13
43
28
103
16
20
74
19
52
42
6
58
31
160
33
31
78
15
70
108
11
11
36
19
26
1
25
175
5
38
27
23
102
138
48
45
12
46
31
14
2
3
10
3
22
103
14
119
71
44
120
41
26
30
37
28
46
11
74
37
1
3
34
32
2
123
41
48
45
27
19
27
1
38
47
39
14
53
53
53
10
17
18
21
68
9
46
110
8
3
9
208
3
17
9
54
1
54
24
15
53
21
316
2
151
27
101
33
23
7
41
32
74
18
27
56
24
59
24
52
185
32
3
4
40
13
29
4
99
85
128
102
31
3
70
21
164
41
46
32
28
19
88
7
3
78
26
3
42
31
35
46
124
33
49
13
67
22
27
7
26
4
53
31
10
1
49
11
15
40
78
27
1
40
27
25
11
32
4
24
98
15
3
68
1
32
50
11
62
28
22
79
104
75
8
91
20
2
10
23
26
7
15
6
75
23
13
10
22
81
5
25
9
24
83
55
35
2
1
43
52
23
57
25
14
57
47
30
41
27
20
26
36
2
132
31
1
44
56
13
113
5
10
21
22
4
4
6
13
8
68
1
48
83
21
160
135
2
42
56
13
7
14
40
27
17
25
90
53
1
28
72
9
5
6
12
2
9
51
1
9
17
16
14
1
5
44
41
3
19
143
98
18
67
77
7
46
16
61
6
18
10
32
23
61
84
3
113
139
17
25
44
6
120
79
50
55
31
4
86
64
18
27
104
23
43
25
4
123
138
5
3
30
6
10
91
38
99
24
4
22
31
20
67
23
67
24
12
10
72
26
32
2
30
17
4
195
14
38
113
10
2
128
169
78
130
88
46
14
19
7
29
26
14
25
7
61
15
12
10
1
14
17
16
1
74
106
29
37
46
26
30
19
133
44
43
10
12
108
114
2
125
2
2
1
81
5
41
104
101
8
28
44
19
98
21
58
17
2
4
6
40
11
111
97
14
30
9
38
29
74
22
28
27
10
43
23
20
44
50
7
25
20
7
24
21
77
13
76
57
32
32
1
107
22
71
19
16
30
12
57
16
73
4
16
41
12
53
22
5
133
4
37
85
3
22
13
21
27
11
83
5
56
35
40
44
18
77
25
3
58
3
11
43
12
1
33
10
88
47
24
3
52
46
4
27
4
32
58
64
19
13
1
9
51
56
25
12
39
53
25
43
3
28
13
51
13
93
10
36
15
12
24
33
97
35
68
29
9
20
25
88
100
89
2
13
38
43
7
30
9
68
12
31
69
9
134
6
4
16
103
50
47
186
111
59
16
44
35
57
7
8
91
71
30
33
1
45
75
1
44
2
98
33
92
5
9
115
5
8
18
2
19
16
9
110
31
44
19
18
109
13
44
7
9
88
10
95
46
35
6
97
33
20
15
42
64
90
11
5
13
12
17
37
11
13
29
123
118
2
46
10
27
80
30
33
5
107
8
24
40
29
133
9
23
63
4
112
52
32
17
13
129
83
14
59
50
26
13
1
65
13
89
30
13
28
7
34
10
26
9
58
39
91
5
38
21
9
128
98
14
38
3
18
6
48
93
13
34
22
69
21
14
6
58
12
49
87
6
29
87
26
36
22
140
4
85
76
20
46
13
26
27
128
58
105
4
20
68
18
22
23
70
4
5
32
152
31
14
81
3
21
2
3
14
72
4
17
2
173
32
30
5
78
57
55
58
89
27
16
29
6
17
46
35
6
110
14
4
5
55
4
117
1
40
50
31
40
7
107
13
72
1
41
34
43
50
12
31
25
121
34
67
52
86
44
41
121
74
18
31
25
74
30
62
53
103
71
29
207
17
68
136
84
31
122
21
108
3
52
26
35
18
114
67
26
13
13
35
26
26
40
22
38
42
56
108
26
46
34
3
10
38
10
299
45
29
37
7
24
53
54
8
39
22
67
172
14
41
19
86
17
3
68
3
24
28
33
12
19
7
5
38
36
19
4
17
23
18
7
15
48
15
15
27
49
15
74
21
11
37
179
68
7
100
17
17
14
28
16
15
75
18
19
44
22
36
37
8
4
42
23
18
18
51
37
31
12
77
20
3
4
65
327
59
95
134
35
47
95
18
59
35
13
18
107
112
18
15
48
41
1
36
26
207
17
12
26
15
104
3
34
18
126
67
75
31
18
12
34
27
18
27
19
35
114
59
30
3
33
19
58
84
30
4
14
18
25
45
92
74
18
5
54
23
21
22
1
54
46
24
226
96
10
22
37
13
22
43
67
15
28
27
45
71
3
11
53
88
25
29
2
12
12
6
4
4
8
70
2
6
18
7
54
76
43
86
61
14
14
49
22
7
44
145
43
22
1
9
15
96
68
308
4
3
32
91
3
56
16
75
15
62
21
15
13
1
11
22
112
27
1
24
29
31
4
73
29
46
145
81
22
9
1
82
12
26
89
62
10
44
7
22
3
9
3
3
9
35
10
13
29
31
51
153
8
10
14
22
122
35
9
81
