16
35
17
6
436
4
36
445
37
227
51
45
239
257
1074
3
8
1081
219
9
429
688
39
640
217
248
470
29
470
256
47
9
8
677
873
236
243
50
441
225
461
461
22
32
230
236
28
246
213
8
19
221
426
213
46
639
7
217
253
430
22
233
884
654
4
5
5
28
213
430
449
217
1109
23
3
426
453
33
237
213
226
472
36
1095
35
230
14
37
1500
10
1281
17
232
22
1080
240
445
33
45
448
50
3
647
18
26
248
53
1289
43
650
49
1279
665
433
432
239
430
239
24
465
448
8
4
219
1
217
639
439
445
1519
1
677
428
26
7
1070
10
2364
28
30
27
443
235
13
20
33
4
862
476
891
460
3
49
2121
238
14
453
217
20
662
2
1303
256
14
33
686
3
260
222
233
676
657
32
676
34
222
7
1519
224
213
38
1518
2
877
26
444
473
858
34
232
680
901
43
53
264
1
227
1518
8
42
9
667
4
50
1510
38
5
239
432
860
665
251
31
33
1095
850
259
42
465
40
680
849
661
259
248
30
1485
215
223
1291
265
1525
4
34
100001
160
34
256
888
26
21
683
10
263
8
871
13
18
256
48
470
41
678
2
8
218
1706
449
12
659
465
100001
673
1072
260
474
653
1507
863
459
649
227
24
224
33
13
31
220
10
262
428
40
1
33
1740
23
36
1504
451
160
642
13
4
52
227
12
887
215
641
15
33
19
262
8
4
436
19
2547
26
2
11
446
1078
240
37
246
264
40
17
29
659
1697
13
222
1290
1108
655
13
437
25
215
665
463
639
224
259
228
1
663
11
8
649
659
27
10
43
27
34
22
50
900
6
241
662
1918
3
7
676
653
261
1729
5
2789
100001
645
643
258
671
5
884
263
434
851
34
13
437
1
53
231
658
53
245
232
10
671
32
3
219
49
43
49
255
50
644
667
26
447
2
671
24
258
255
251
1730
10
444
1291
4
646
685
232
1535
13
1922
51
47
11
442
234
1744
660
261
651
34
455
235
228
231
425
428
457
898
2
42
17
235
5
670
464
2
235
9
254
239
433
214
4
677
656
1083
250
1078
664
12
29
258
867
1070
429
3
429
234
850
3
19
220
643
10
462
873
38
1
8
673
644
892
1087
14
676
1080
446
41
33
646
452
29
10
857
1
51
688
254
223
232
18
4
1316
681
4
2572
1718
1284
682
230
36
49
248
473
433
1091
50
233
7
224
468
26
11
12
439
1
431
248
426
25
643
215
1303
227
1924
232
52
242
447
640
9
851
47
466
20
451
24
431
219
641
1703
31
18
219
160
47
4
428
28
237
252
18
236
4
23
20
2
859
5
1281
255
1490
25
11
224
41
26
659
16
21
213
463
13
229
8
874
685
49
33
216
7
12
665
665
668
674
226
213
238
1940
37
13
14
10
18
884
12
49
100001
258
476
656
230
426
238
43
2561
686
260
14
12
3
1098
13
668
884
39
459
259
18
8
3
235
4
43
438
18
439
234
861
53
6
862
474
24
5
427
41
443
223
429
12
46
100001
13
873
53
856
11
34
453
1280
856
218
47
39
865
477
853
650
3
234
869
440
244
222
646
23
32
430
21
100001
243
258
4
886
428
16
26
21
1937
454
51
1707
40
19
51
4
432
20
647
246
448
39
873
14
1
252
230
43
22
12
26
35
664
6
15
245
233
13
34
668
1747
36
640
27
11
20
23
19
247
1104
4
1081
217
13
10
214
5
22
31
12
256
900
444
1941
51
18
261
1277
30
219
214
251
237
427
29
1068
265
255
1284
448
260
894
49
9
468
1281
26
52
41
1950
100001
425
1946
862
35
25
437
237
220
35
664
454
453
22
439
33
241
644
218
245
220
649
226
244
427
3
36
425
11
468
458
215
237
28
264
462
26
213
35
232
17
26
17
898
1086
435
27
259
874
7
260
680
230
2
100001
252
220
44
42
160
895
27
858
5
671
241
9
19
686
6
232
11
455
262
27
1086
9
15
10
13
213
224
52
34
247
18
453
13
683
26
230
39
17
47
38
225
3
850
17
53
31
100001
10
5
49
20
215
245
15
13
223
26
53
40
11
219
25
52
477
219
14
252
647
1067
24
28
38
858
644
52
647
11
44
233
1520
2
47
19
441
231
29
45
23
10
1064
40
896
215
250
1079
1063
867
456
643
259
250
32
38
257
27
683
1742
14
231
32
238
216
34
11
33
5
16
428
668
457
214
8
1287
47
682
671
451
3
4
22
456
51
37
644
430
50
50
655
1
3
426
41
861
456
218
218
237
426
255
231
7
40
19
681
39
450
215
17
227
35
1506
50
255
1112
234
670
242
220
28
1521
264
100001
476
6
11
33
1293
265
4
455
854
8
453
248
50
8
216
675
10
237
27
263
5
44
682
442
22
1091
231
51
215
1502
455
48
238
48
263
638
12
457
870
236
436
857
255
21
228
160
22
46
428
100001
100001
2149
242
1
5
220
639
32
253
44
219
2368
1925
11
33
472
450
18
433
1072
886
248
37
23
51
15
450
240
49
42
668
11
8
880
446
254
257
884
1
1075
44
29
233
100001
683
18
1069
230
33
220
236
1
40
43
7
227
43
33
652
35
668
470
900
100001
21
47
662
247
12
216
35
13
1956
262
37
650
244
47
216
10
49
238
42
50
39
35
47
244
257
253
13
438
52
454
5
1
217
44
263
443
451
230
29
669
40
860
4
8
48
35
247
1525
1084
432
862
260
3
6
474
678
263
446
865
660
863
868
39
27
4
469
226
261
469
249
23
461
463
1322
8
458
232
28
230
35
450
242
434
41
22
1081
12
894
241
11
5
18
43
48
428
29
12
854
439
4
637
641
686
434
467
246
20
459
52
469
1
18
4
31
222
655
8
9
232
1511
224
425
3402
657
51
446
260
654
477
31
473
223
1061
52
17
100001
264
230
14
3
10
10
432
48
32
13
13
657
1289
8
46
44
51
215
2
18
29
670
866
230
641
644
674
1282
16
247
4
875
5
1736
37
50
3
219
466
2137
36
221
21
27
245
44
40
100001
897
436
23
854
25
260
6
258
17
42
1319
22
39
432
471
21
1067
49
222
681
24
39
667
100001
238
31
6
16
458
29
1106
23
437
259
15
233
263
17
11
50
468
3011
231
1063
6
23
255
265
5
1098
437
240
658
22
49
1489
8
6
1286
667
25
232
227
6
30
259
1092
429
252
245
10
19
5
437
8
9
1513
1099
28
427
1287
477
662
471
667
1068
650
1092
1299
44
4
248
1301
26
15
1728
1110
670
53
669
873
13
245
258
160
460
41
670
236
240
18
36
467
427
442
1295
17
451
34
228
46
11
47
245
436
225
33
4
1504
672
1525
878
253
436
17
467
42
23
451
36
254
47
7
19
49
2334
22
660
686
445
100001
1715
229
855
9
34
2134
641
232
7
671
26
1
43
2
42
38
881
44
10
1951
245
8
100001
16
475
216
889
9
427
46
646
426
470
1960
9
249
1065
31
2
245
16
1094
6
32
51
22
1700
246
160
457
863
1499
35
51
47
51
462
43
687
32
427
36
11
255
32
34
224
1530
5
474
5
49
34
637
14
1503
35
18
33
30
233
1307
47
36
21
1522
20
637
461
3
14
24
1077
39
26
1090
14
100001
100001
41
9
675
4
29
1089
459
853
160
24
25
23
1061
236
30
100001
21
38
1730
23
256
894
10
245
442
38
3
1709
223
1936
218
13
2
11
656
446
239
886
1708
33
251
52
221
637
25
688
34
160
647
867
891
9
30
1287
231
31
5
49
53
7
226
1278
895
2358
248
21
2
8
4
24
679
238
459
889
23
466
219
849
51
37
674
27
47
22
454
678
647
258
17
882
9
473
2
15
50
2
892
259
224
30
6
34
4
2128
213
253
100001
20
249
898
1092
264
39
18
219
19
445
23
29
668
53
681
231
24
47
855
26
245
230
243
15
659
1323
1110
468
901
100001
24
22
3
444
18
19
1101
27
43
10
433
899
246
1063
45
36
37
39
225
30
14
38
1
29
20
255
253
685
47
654
655
257
256
223
18
689
15
31
14
40
5
50
676
13
4
440
1291
24
44
857
443
865
860
12
865
35
16
19
2171
1063
432
449
472
10
48
227
238
232
873
1
24
49
429
21
460
3
458
867
666
1517
4
899
13
15
30
38
656
248
16
680
894
1085
425
46
1080
213
5
22
100001
868
261
1298
5
10
11
644
1293
1935
1494
238
1706
476
41
1
1283
47
220
47
214
657
1925
221
243
22
1086
7
427
48
15
1108
35
225
681
220
241
234
12
223
1324
222
220
447
38
245
640
27
17
876
27
26
53
32
222
2155
450
29
14
218
8
465
19
264
32
10
10
649
242
17
41
217
35
19
248
25
1301
41
1301
1703
11
894
6
34
445
53
255
41
4
36
438
20
254
431
892
35
9
451
27
224
44
35
10
876
1076
31
665
15
213
13
1079
12
676
647
897
52
17
31
469
229
10
215
23
1075
4
37
429
2
46
13
30
258
20
4
12
224
2
9
1296
1061
218
34
679
11
231
685
643
16
229
477
240
34
6
11
3225
216
25
24
1104
666
16
426
7
685
453
468
426
685
233
215
44
42
24
10
678
431
428
13
215
32
40
438
245
27
32
221
1073
457
262
51
639
649
5
1933
674
228
214
25
216
30
31
436
18
2123
48
469
449
12
29
240
42
35
224
9
32
10
430
43
37
44
674
438
1309
21
887
35
1716
33
51
249
14
258
672
472
240
457
9
471
1284
40
468
45
236
670
35
224
52
679
660
228
858
215
219
224
849
1061
474
1300
460
17
2
426
430
248
215
655
427
28
1088
10
442
879
466
50
100001
160
475
1062
246
1738
222
426
453
857
433
37
886
669
31
9
429
226
4
2
2128
20
33
686
16
429
224
22
160
51
33
452
10
51
445
431
252
425
462
466
46
258
42
7
2129
245
883
8
47
16
50
886
1501
440
160
20
235
1927
2168
21
221
1295
215
457
265
18
1
221
26
247
38
447
13
245
34
258
443
17
668
31
653
862
10
685
34
10
476
34
31
39
214
229
261
643
14
10
13
50
13
247
2
263
226
50
247
40
222
455
1699
13
2125
1105
45
224
18
865
14
37
230
43
223
33
254
1103
27
35
17
2
676
1916
466
1065
31
21
35
30
50
426
445
228
18
1703
438
648
53
38
664
230
473
245
464
649
644
3
53
27
34
1274
889
1079
222
3
678
41
3
1076
26
260
1091
6
656
35
24
245
427
1101
245
218
871
1
434
1062
8
887
892
249
426
2
21
17
40
235
461
1104
28
40
448
32
265
13
12
51
871
1
35
254
650
229
252
44
221
3
1308
431
4
231
2122
222
869
654
248
21
11
218
32
233
221
866
18
457
4
16
100001
427
41
43
1100
41
247
677
685
30
1719
242
234
680
12
216
859
225
2122
653
1503
5
638
669
872
49
889
868
7
214
1913
20
35
246
1489
39
3
100001
1529
22
100001
241
224
17
38
427
8
662
656
43
6
237
33
455
37
456
22
25
459
877
430
16
40
245
438
644
5
467
42
224
48
15
5
9
9
43
22
862
856
668
35
853
431
467
100001
34
438
432
13
53
1
2781
445
160
425
13
872
876
442
25
473
258
20
229
640
48
8
7
27
35
49
26
3
680
1070
684
50
160
7
254
7
46
456
31
8
7
257
31
433
45
5
1
1524
1311
38
1702
44
41
44
4
218
38
254
23
27
30
441
35
1069
236
6
1290
30
256
439
881
31
1307
12
442
5
655
247
436
224
1096
6
23
31
433
1295
1744
221
228
160
244
12
26
883
684
1100
239
677
260
1065
1284
30
1082
475
45
7
34
1522
34
23
32
41
13
226
244
24
434
51
21
27
438
22
22
224
252
21
6
4
36
35
6
39
34
236
36
20
15
459
427
238
28
20
239
245
1093
855
1316
9
19
221
7
230
7
3
1492
1292
5
23
2557
11
680
254
251
22
640
671
686
38
10
48
14
652
2
2792
27
7
1078
878
3
672
45
11
10
26
231
13
4
35
1288
22
1095
670
1
229
466
18
39
438
437
21
248
244
437
455
20
22
48
469
870
240
19
6
160
16
249
32
12
1937
1070
9
220
869
30
225
867
224
222
35
9
29
44
24
1071
223
251
1494
264
228
215
1
10
38
14
32
253
45
262
657
29
234
2
648
1
37
19
14
214
20
11
439
43
27
9
50
863
434
36
5
265
230
473
1700
1928
28
31
870
46
246
264
41
216
18
41
470
29
5
4
435
23
652
43
9
13
1085
853
31
1090
475
221
458
894
441
467
463
1729
13
880
874
24
1519
9
22
234
16
689
30
46
221
1273
475
247
1960
222
852
657
53
6
16
2
8
19
100001
12
53
428
8
53
226
248
47
3
236
13
46
647
477
639
225
2990
46
29
6
235
213
460
2
9
234
224
35
232
1273
4
218
249
51
1282
11
1489
245
1325
461
467
1
44
43
1953
639
48
218
9
686
37
1064
22
29
429
243
8
216
261
43
427
258
887
1109
45
15
462
243
474
12
259
1523
6
227
1101
1068
17
47
859
100001
228
450
1932
33
47
5
239
45
425
1734
1922
8
462
263
23
32
1916
47
41
33
32
100001
244
232
674
1527
685
889
681
261
3
1301
655
469
33
427
1704
44
1731
450
9
26
26
14
33
254
34
265
4
245
432
53
1085
28
25
2
4
39
28
28
49
5
33
226
8
890
1315
22
886
655
251
229
9
43
20
226
1915
445
33
38
100001
468
8
443
671
250
663
243
650
255
255
20
895
219
878
17
645
671
429
262
680
21
894
34
1488
427
26
856
29
230
11
100001
460
50
645
5
35
26
1067
13
258
448
39
47
22
655
437
8
6
465
260
42
18
256
1
39
257
36
219
35
653
462
898
670
258
18
249
1281
12
215
42
661
2
3
1279
40
461
21
234
220
49
263
851
882
452
24
36
50
160
13
455
50
2545
25
451
213
465
31
7
6
239
3194
477
160
856
45
13
13
428
453
25
244
425
238
1104
17
676
14
1290
7
890
11
869
469
8
53
1954
1081
1306
3210
434
45
259
243
19
4
52
23
41
227
13
47
10
46
219
649
256
875
231
21
5
4505
1319
237
25
4
470
242
40
683
457
1536
35
258
456
878
21
42
26
449
29
639
1704
427
245
8
673
28
650
455
2
1319
22
37
52
448
19
252
53
247
470
19
5
1063
228
894
475
658
27
28
253
1284
464
863
1322
23
34
23
2975
8
50
889
682
241
246
17
250
39
663
460
32
1274
1514
254
218
865
45
13
12
6
213
39
437
7
1291
223
38
1083
52
218
34
232
1715
469
47
34
231
13
645
451
4
220
23
1074
2
463
233
227
38
46
426
42
230
888
26
9
466
427
231
894
852
45
15
670
1
462
263
49
34
16
14
14
100001
14
1072
673
11
465
458
1279
28
37
451
5
9
660
30
31
34
33
1104
51
688
9
16
26
21
45
4
4
651
46
216
39
1951
22
42
1528
13
100001
867
2
15
53
46
221
235
233
10
21
464
221
654
669
4
238
256
20
249
10
23
884
1
244
18
1520
40
223
232
881
2122
19
45
239
229
235
880
233
35
253
22
1719
19
470
16
221
1275
247
476
262
247
223
432
1273
53
27
25
670
30
100001
440
239
1499
1
10
646
1
1324
9
34
661
256
474
1096
42
50
2
237
13
891
8
895
3
46
242
262
217
443
1726
429
44
1065
6
5
857
665
20
2
454
35
247
475
869
46
469
469
228
641
223
444
254
21
40
9
237
641
28
430
1522
686
30
1961
17
8
893
49
214
256
435
446
898
1089
13
265
1068
3
53
243
2379
1738
455
26
216
22
250
232
30
235
221
13
1515
1
35
31
875
29
1294
673
27
1079
1485
227
458
12
428
14
35
900
447
252
13
431
687
3
1722
676
9
1739
1318
667
256
261
681
1
682
5
223
442
426
52
678
658
31
30
12
18
1525
5
890
225
19
28
23
35
449
22
1
29
259
654
22
36
427
46
896
1738
6
240
33
18
14
223
242
2340
640
3
1325
42
42
216
7
41
896
863
18
4
38
3
51
4047
653
1501
15
1303
21
1274
1300
35
50
2151
31
673
12
22
39
48
442
1944
247
44
17
33
44
859
213
44
52
6
225
442
1721
224
1067
22
215
13
438
25
652
20
255
160
650
475
890
33
24
260
51
1736
852
26
462
233
53
264
100001
33
230
160
448
674
244
247
36
259
225
19
9
45
233
1064
660
639
639
431
438
260
23
45
26
43
226
433
432
37
661
2145
50
34
225
2171
215
160
899
11
4
12
22
19
435
19
264
247
38
34
7
17
2
242
228
10
22
10
12
11
225
654
252
19
231
222
428
4
220
48
446
239
659
1910
472
444
252
10
451
229
27
445
450
217
221
457
12
243
11
644
260
1716
41
444
249
642
262
456
15
19
22
27
873
16
40
254
7
7
2
434
851
14
637
35
241
866
2133
40
1285
49
1079
20
433
2
878
33
476
1488
14
221
220
50
259
866
35
680
661
8
100001
48
32
2348
853
39
1089
27
238
224
21
20
20
219
673
8
1109
8
227
452
215
11
53
679
226
10
1697
1
8
446
29
39
47
13
429
434
14
462
2
9
39
447
251
37
41
18
455
467
16
447
664
430
687
30
26
672
100001
221
855
26
263
34
28
678
425
1079
264
257
11
856
1322
223
435
659
657
13
27
258
24
465
12
474
221
20
21
46
41
1110
18
23
474
251
5
52
100001
217
5
1
234
225
34
469
675
17
32
1082
669
1
1486
215
12
258
1734
3
51
223
1
441
100001
17
1078
1323
430
1084
30
1090
7
1277
226
8
5
8
48
651
24
24
439
18
1075
18
14
1944
230
664
43
7
455
238
857
42
249
236
855
33
427
32
1936
427
4
433
245
226
656
8
53
443
1275
1069
248
240
436
49
14
676
1090
34
2137
1299
47
7
1322
21
252
658
28
239
13
221
28
19
457
20
877
33
24
239
43
438
642
470
213
647
645
477
35
671
641
644
261
437
24
1076
440
452
46
645
36
20
25
14
257
29
662
3
39
437
226
684
235
218
100001
447
4
433
1944
265
233
469
240
3223
250
472
227
472
2562
160
1288
465
1730
462
43
21
41
469
856
3
38
876
246
216
437
40
24
246
3636
44
37
27
235
43
868
14
680
641
19
19
643
639
640
254
25
1730
18
26
227
10
21
13
1080
38
676
10
7
458
45
472
217
214
435
19
654
214
12
1726
47
246
255
47
1527
882
640
863
863
1091
1944
37
449
1065
2592
33
1732
445
241
875
256
652
13
665
2
20
33
221
29
263
655
6
237
32
20
41
23
47
452
1099
14
13
460
214
672
450
1290
1073
239
656
42
251
241
229
224
24
30
7
1702
160
45
1284
891
2
1306
248
236
52
52
23
244
29
100001
667
684
5
245
466
1492
100001
221
218
455
1287
242
27
248
264
1508
440
647
28
1501
11
214
16
852
264
234
5
13
441
241
38
261
34
39
11
41
25
217
1323
671
1528
36
40
216
47
13
1496
100001
241
239
24
217
1086
21
31
1504
2
439
44
1104
19
426
466
33
654
234
27
256
48
238
1
441
43
683
46
9
45
257
232
23
227
39
26
221
431
452
859
7
681
1106
22
475
7
24
44
639
257
217
45
6
31
472
239
434
898
1
874
893
901
261
38
896
214
50
237
49
31
18
230
15
227
31
664
160
48
29
30
1937
1094
432
31
32
13
1086
667
11
53
100001
25
13
44
26
465
233
5
220
237
49
18
891
438
5
462
1304
243
31
251
3
453
38
668
457
6
2381
100001
10
2809
1074
2766
684
645
41
6
454
45
448
38
1279
9
1297
16
681
13
48
10
244
444
26
1301
1955
870
655
234
45
884
228
1063
887
45
261
26
223
42
654
233
100001
874
246
41
255
244
52
258
249
30
262
458
1061
25
442
245
43
22
431
235
436
222
44
235
36
1712
20
218
3
34
1071
43
246
440
685
52
438
11
42
3192
466
10
231
38
40
427
33
470
1722
25
1499
1718
5
26
49
39
40
865
27
36
100001
23
426
638
22
42
1916
218
427
10
15
31
44
663
2376
1071
36
9
223
658
219
463
679
229
237
244
31
23
48
27
52
854
222
4
30
2124
5
21
220
45
52
660
883
25
231
29
9
457
432
255
245
235
868
11
676
18
47
9
237
250
468
160
463
476
21
37
216
31
12
460
235
259
1275
8
475
100001
11
233
215
9
257
100001
454
19
229
3823
6
879
22
653
45
659
13
14
45
1707
25
1
441
442
53
440
1317
239
1283
9
448
448
681
52
459
48
1280
648
663
471
215
41
5
890
5
667
236
477
856
49
9
218
13
221
36
53
25
673
668
24
850
477
1110
9
18
41
849
901
38
53
15
447
40
50
1522
30
52
36
160
665
10
28
1519
12
246
35
48
35
19
4
33
3
47
648
882
16
11
6
1273
659
26
243
220
233
467
7
891
26
47
236
640
1066
474
26
436
251
637
859
45
8
263
670
222
36
470
229
25
2580
894
30
25
17
2
462
251
52
663
870
15
220
24
43
9
854
861
5
1516
1098
255
40
428
256
37
685
866
262
851
31
645
12
1107
232
44
35
651
1279
655
15
236
233
42
665
243
4
441
46
6
26
222
9
50
31
235
49
21
37
870
1697
23
34
263
39
39
52
19
52
20
9
16
227
1508
222
23
663
35
18
7
13
219
1316
251
438
29
36
237
658
1098
31
444
35
469
7
18
231
215
19
452
26
44
15
21
252
20
427
24
433
15
22
232
1109
449
1106
1070
261
220
894
22
48
39
1520
680
254
4
264
220
458
474
462
444
246
5
49
8
446
475
16
457
1301
9
427
231
2139
3
249
36
250
22
6
100001
47
215
12
53
49
49
255
3
29
458
100001
653
42
426
259
447
8
445
656
241
28
677
2551
260
233
5
659
23
18
9
6
1933
442
2589
8
659
100001
431
214
20
18
7
262
445
685
661
46
41
14
453
897
641
2377
214
27
17
44
448
675
160
22
25
50
214
231
41
244
220
1107
472
426
25
232
220
37
9
18
243
160
14
1
52
670
20
213
53
22
42
1507
6
28
670
42
27
853
28
51
36
892
475
42
224
6
22
39
870
442
262
28
1070
1298
431
453
231
13
43
239
10
237
239
256
859
1277
1305
221
34
226
35
467
17
1278
437
17
1080
247
38
230
241
2
2156
466
661
16
1918
30
888
219
226
39
5
12
667
435
51
467
250
10
882
432
242
217
1731
41
437
35
13
244
1531
38
1301
52
21
11
2
33
245
2561
686
215
26
18
433
638
42
46
23
893
34
2
4
9
49
24
1079
100001
5
21
13
160
1493
25
648
1307
852
215
33
470
27
1501
3
1100
39
9
1083
160
444
160
437
257
432
15
659
20
31
451
53
216
884
222
34
1730
262
651
887
669
664
1083
431
882
27
236
23
651
39
26
46
8
4
51
241
265
10
1731
22
444
53
8
1535
8
253
440
100001
677
4
669
1504
9
1535
886
4
44
13
26
672
228
5
240
1739
1280
18
18
865
34
1091
32
9
48
31
1509
245
455
437
32
1
223
2155
230
4
241
436
470
49
3
1724
50
24
44
11
460
50
425
53
25
652
4
219
3225
1716
1301
13
43
260
31
8
1089
476
452
425
38
23
448
667
19
100001
446
36
39
7
27
433
1108
160
1280
661
18
45
35
2161
459
867
32
1921
51
1745
1274
249
9
231
39
429
11
237
16
1
12
225
19
885
40
438
20
44
430
5
456
10
215
854
228
22
644
264
1914
470
455
669
18
38
22
654
457
100001
256
31
12
227
1111
230
221
860
264
48
5
44
676
2153
1
42
100001
2
21
9
886
43
1061
49
13
425
235
48
34
51
644
257
239
44
239
3
259
255
879
426
41
1325
37
10
5
11
213
39
654
447
649
1089
215
20
10
232
5
16
659
230
878
1311
1310
641
35
160
674
893
7
1707
37
3
11
216
26
473
41
8
252
1110
34
659
265
4
426
233
14
44
21
32
50
20
234
7
100001
42
1535
261
898
237
245
891
654
12
38
19
893
52
51
100001
255
855
7
49
469
11
465
224
40
687
8
20
23
1298
685
4
249
16
42
6
214
32
215
8
236
16
1502
1498
441
258
41
1
17
40
22
886
218
14
680
27
851
45
31
252
226
38
668
16
3
16
6
3
24
656
263
901
470
265
11
5
665
42
15
32
461
463
213
28
53
10
32
160
437
855
236
257
221
451
227
222
441
655
454
1
8
640
230
7
6
1318
866
237
4
1290
245
1
260
32
20
679
18
27
672
237
1068
247
1523
10
47
235
18
32
243
232
476
233
461
248
237
231
34
1
43
40
42
244
42
228
1
40
683
51
39
23
34
26
26
5
896
665
248
427
873
219
228
434
221
29
4
26
235
436
160
1301
1070
249
1073
240
224
457
657
679
53
34
455
11
464
434
234
7
238
672
15
23
26
42
1734
29
470
430
227
15
217
47
439
43
100001
430
35
41
9
477
261
432
15
50
876
243
220
160
465
26
857
666
230
1292
49
1911
50
240
262
261
1737
45
849
18
17
36
35
875
866
53
871
49
1537
7
29
4
435
425
39
218
1289
21
220
51
651
25
14
230
3
36
876
640
3
22
459
219
14
467
6
258
7
24
10
37
637
263
450
40
644
227
47
1298
463
15
215
231
42
877
638
436
431
893
10
879
221
243
245
222
215
10
1113
849
3
12
675
660
27
32
688
1515
853
1109
28
17
44
244
451
217
1321
884
50
6
100001
39
23
215
19
37
654
227
872
442
45
45
17
8
30
36
472
46
454
40
676
44
30
9
1080
228
44
28
11
219
30
42
24
9
49
7
36
471
683
426
47
2
32
1317
11
898
456
1
51
682
2554
160
676
21
230
427
671
26
888
232
849
1
244
1698
31
3
1523
32
14
440
687
28
252
225
1508
28
15
449
218
476
1068
429
650
38
5
38
12
32
220
1075
16
27
862
467
642
260
37
33
1
35
672
221
438
673
8
160
257
236
862
2
25
680
48
258
36
232
28
35
1725
50
262
13
657
21
461
672
15
3
1936
11
24
6
233
28
215
869
18
4
220
41
452
160
41
263
640
1729
233
687
217
1
14
24
665
433
867
668
52
8
862
453
7
219
2354
863
28
28
23
243
19
451
40
891
458
28
470
6
22
451
51
18
232
34
883
224
11
255
437
220
468
27
228
257
32
4
850
438
227
881
229
35
860
26
13
474
870
444
24
236
686
236
6
261
894
213
453
441
49
456
213
1110
51
8
477
655
11
440
446
2
45
257
454
258
1936
18
262
100001
441
2
448
6
218
448
638
1486
160
661
214
230
237
226
1290
8
16
685
31
263
224
2
20
661
228
240
226
226
242
32
238
44
445
1065
9
37
8
439
45
16
11
214
677
10
455
258
898
898
223
859
1081
24
676
464
4
2
880
3864
465
437
4
22
462
444
19
228
35
1285
220
41
21
35
1528
12
256
1324
432
52
859
231
849
239
471
14
12
459
12
1310
24
10
14
2124
1726
26
35
21
31
640
48
429
7
17
27
44
36
669
28
648
47
15
234
41
2804
1747
37
160
638
241
2
36
48
218
3214
254
223
683
473
46
7
43
467
8
254
236
24
237
15
860
674
7
221
33
28
14
51
27
18
671
12
432
683
250
10
35
31
17
224
20
648
1305
45
477
232
237
11
666
35
27
468
1748
48
889
255
459
17
12
27
33
41
1531
14
38
31
6
251
456
31
242
44
100001
227
225
642
5
15
455
256
246
43
1281
16
7
50
857
51
7
38
14
22
1948
894
5
258
239
49
877
50
262
684
224
218
253
6
6
440
645
687
2126
476
460
431
17
51
11
451
224
8
6
22
232
461
686
445
2987
3
224
260
476
898
47
18
7
26
27
477
50
22
39
48
5
32
239
13
43
452
45
49
4
455
1068
52
427
641
1741
645
221
2570
39
222
18
4
36
214
100001
19
217
42
38
49
213
863
885
27
3
264
6
1089
225
28
52
40
5
5
1062
30
894
466
230
263
255
232
27
865
1098
17
15
221
14
1303
864
3
667
249
856
245
895
855
254
18
249
233
261
49
1085
3
9
28
8
100001
477
451
9
36
234
219
244
434
41
160
1
467
1
46
451
160
215
18
222
17
36
1494
12
3
6
30
255
239
36
52
1499
13
233
225
663
213
214
2156
100001
22
28
231
19
30
100001
1275
46
46
684
19
436
661
51
44
5
33
662
100001
10
1952
3
441
21
477
26
1489
1103
17
464
19
1081
216
13
232
222
5
32
45
684
687
653
51
236
246
1496
20
1
642
858
448
2
462
440
245
425
647
217
238
1065
23
243
854
658
38
674
1289
1316
438
638
2375
100001
16
28
476
250
20
31
647
214
467
3630
13
18
48
1322
52
24
100001
30
246
2765
441
1082
213
19
434
12
1723
259
228
100001
16
241
51
45
450
252
100001
669
4
852
897
14
217
26
46
8
28
444
265
216
43
432
247
24
2
18
17
8
241
100001
1
7
223
673
19
30
4
15
51
857
900
859
247
449
26
1090
1929
24
246
428
50
1529
224
3
40
1095
1492
7
459
23
2
639
446
45
22
46
245
232
19
659
445
43
9
15
232
446
38
1098
53
647
3
215
247
1490
48
17
213
31
6
11
860
241
238
429
234
227
50
18
43
240
24
13
47
10
472
222
254
641
1
37
25
874
674
468
215
475
1703
1317
1487
47
438
459
452
220
43
45
1
6
17
33
17
446
220
221
7
37
47
648
30
41
240
34
438
1958
228
35
850
10
1065
257
38
100001
36
467
873
46
2169
1942
28
664
38
17
6
12
42
29
647
30
251
22
7
14
5
253
263
38
1279
216
1101
14
100001
37
255
23
226
682
45
1917
33
1082
682
265
30
2351
39
855
260
244
439
850
11
3
40
8
430
875
452
10
217
33
20
252
256
31
662
31
213
475
26
33
431
20
451
6
9
1111
878
24
462
456
227
1063
9
8
17
686
1323
31
18
1
226
25
1
46
470
13
426
216
17
23
12
855
13
245
459
887
43
867
227
447
873
244
21
677
29
234
214
251
475
50
28
214
6
440
31
236
230
3
27
255
463
2
35
474
7
25
859
100001
219
866
39
2
1953
474
26
19
460
34
239
232
678
100001
41
250
223
232
14
851
218
4
30
47
27
239
40
453
229
40
260
28
1316
249
53
855
851
457
1089
221
3
1273
6
42
1496
23
238
2
656
241
4
251
676
53
33
214
45
14
40
2
45
241
36
13
160
1297
647
19
2162
654
645
4
100001
473
1089
459
463
1064
4
37
35
17
263
32
51
2343
247
29
656
1066
864
2
453
1312
100001
30
9
464
20
245
100001
41
1305
9
49
438
15
7
15
4
7
39
4
24
34
13
428
35
17
458
218
220
647
52
671
664
41
8
36
853
661
100001
216
32
1277
426
51
260
460
13
241
18
100001
15
245
16
880
43
41
23
1095
257
37
31
38
671
223
446
18
667
44
8
47
430
231
16
450
243
462
215
1
439
889
236
432
25
1925
48
15
648
217
45
1082
238
41
42
14
461
1068
34
452
11
637
160
26
46
32
245
5
1077
46
238
11
29
1314
235
10
248
1290
27
225
14
246
877
1504
257
8
31
4
18
233
42
34
465
37
654
435
238
881
467
639
255
260
213
5
28
6
47
8
885
431
237
34
1707
17
8
15
3222
11
451
222
10
646
215
48
160
31
41
652
263
1077
655
440
250
247
670
18
250
37
42
33
4
15
12
242
31
1322
12
1073
640
6
36
25
21
26
2369
40
1520
28
1106
3
663
1490
1075
221
38
6
426
452
265
4043
13
476
30
7
443
667
35
645
100001
890
651
249
48
5
23
674
220
1
8
6
875
470
441
1092
249
6
237
1279
682
428
251
888
16
6
459
38
436
231
34
40
433
685
1521
22
1510
444
647
640
666
34
445
44
469
228
1494
676
249
470
244
451
853
464
242
24
18
644
53
262
49
449
1091
1309
15
447
18
435
849
22
240
243
222
19
445
22
893
16
2135
11
656
14
46
231
8
1
669
658
464
213
51
220
676
469
1698
3
229
250
1065
45
43
1486
52
25
53
15
46
438
1294
2137
638
30
461
3
25
1096
860
1074
100001
15
48
50
39
237
1066
1093
2
4
445
12
228
460
466
217
252
4
37
44
263
474
5
30
9
33
16
50
1276
2
260
46
52
261
236
648
869
30
225
28
2795
1486
438
233
433
29
460
45
7
477
220
37
32
38
1491
218
1711
10
35
42
19
678
53
651
458
28
461
32
227
28
2800
852
468
23
1523
14
237
16
3
453
13
13
252
1074
673
48
1094
432
217
6
465
7
25
45
676
879
45
6
243
15
435
44
468
43
227
238
459
1505
49
33
52
51
100001
427
37
40
1710
13
1297
443
442
26
652
231
33
257
28
861
51
226
664
15
853
18
25
48
49
854
436
4
9
675
100001
42
21
25
643
223
437
9
666
4
689
24
24
31
652
673
263
248
3
33
220
1319
100001
14
474
233
41
6
1
439
20
6
431
668
26
260
11
2
1277
254
17
1711
5
43
2133
260
14
463
262
436
9
265
30
16
1084
13
11
27
25
2
15
33
160
249
470
231
249
245
887
2
225
432
447
31
34
449
27
25
2368
443
40
464
29
264
227
681
1
7
243
38
12
45
1723
41
17
51
23
218
444
1709
466
237
49
52
2349
7
42
447
49
242
13
48
898
38
247
32
39
7
261
46
224
1
257
246
677
45
25
651
647
216
40
46
48
223
37
2133
467
5
36
221
1090
100001
234
1066
465
5
245
6
23
25
248
648
1104
20
49
21
225
19
1537
251
241
431
3191
471
38
247
1487
476
218
100001
851
231
19
100001
38
2361
236
472
660
100001
51
43
33
1306
2131
100001
100001
15
41
14
9
653
36
264
857
1537
5
472
1496
227
439
639
466
656
18
225
675
245
4
15
15
476
215
100001
465
253
256
22
1074
1090
13
225
661
20
8
229
214
8
666
5
857
429
10
1318
3
426
44
34
445
437
2
5
12
640
689
671
1061
219
7
47
215
451
1090
850
898
217
47
46
240
1290
40
40
44
1513
3021
100001
19
1294
20
459
40
48
2809
1699
653
669
1938
1080
26
1304
32
100001
263
52
230
31
255
160
1
16
45
433
683
7
8
160
6
452
232
1079
230
49
222
246
461
47
1488
1080
2358
15
25
24
241
46
256
457
4
46
675
220
645
17
249
652
46
1072
234
2804
238
9
31
40
655
444
16
20
40
48
17
33
867
248
32
444
39
1065
1
6
53
215
50
437
638
160
40
1296
9
18
448
1512
261
21
23
458
33
1280
35
53
100001
100001
265
17
48
886
252
24
23
4
263
15
223
22
652
662
454
3
2
16
17
240
2379
888
49
22
855
1062
31
1284
879
446
31
39
16
442
51
466
18
663
230
11
1086
42
219
642
38
1496
49
425
45
639
685
1096
41
27
53
219
31
218
259
228
874
449
42
861
4
238
227
231
1070
46
5
454
45
100001
1951
223
48
251
46
22
886
18
671
426
261
444
464
11
436
100001
1285
23
29
1321
13
252
7
43
26
23
1699
235
640
1274
40
643
1097
100001
160
12
674
1102
24
888
46
26
231
263
452
650
888
851
34
1737
221
1089
7
441
41
654
857
26
454
2
17
39
641
160
243
1
9
243
244
456
432
237
228
100001
22
677
30
37
661
646
876
26
42
217
27
7
38
233
1493
248
2
51
230
215
28
236
239
1522
644
1063
860
5
2145
682
4
45
1
16
241
427
18
680
1081
228
51
1310
11
448
456
34
5
215
15
45
10
9
14
651
11
7
896
865
222
28
16
20
15
31
27
243
217
447
220
869
465
477
660
22
36
472
19
231
10
425
16
29
450
655
228
11
463
681
449
24
232
16
13
44
13
12
32
1063
225
2359
428
427
26
648
42
243
1
25
457
465
1102
234
13
1281
467
684
1
9
226
2
32
5
8
44
879
674
15
2562
24
645
14
53
7
53
20
672
683
458
638
31
239
18
214
217
100001
47
241
255
899
4
49
14
435
12
222
47
25
870
25
475
219
53
652
2979
654
37
473
434
2594
41
40
427
223
11
894
24
651
26
6
11
249
470
43
2
46
46
4
661
160
51
672
20
448
454
229
31
455
242
1294
12
33
25
1518
890
436
466
35
40
246
446
428
3
247
48
894
675
468
255
1092
1
17
230
428
1085
100001
245
2384
654
53
248
38
1102
455
20
3
17
235
1312
261
660
683
685
1493
853
1925
5
220
882
100001
1494
1090
659
466
14
1089
455
2
1063
467
2
24
470
12
14
450
20
1278
37
43
8
6
1082
41
1081
638
53
1274
50
53
685
477
47
53
672
34
241
227
1725
48
43
678
1069
23
8
220
462
245
248
446
662
160
216
647
865
7
32
427
27
686
42
31
233
20
17
245
16
429
249
28
227
10
228
229
1309
46
21
21
46
1709
31
455
888
216
27
223
250
100001
253
38
48
254
1063
26
4
3
676
32
160
265
26
160
896
12
100001
218
50
22
8
853
48
678
224
12
23
252
214
849
17
27
640
18
653
8
20
228
264
877
218
1492
8
39
463
245
213
638
428
251
232
1304
258
259
265
27
49
33
888
16
51
456
50
4
1497
652
2
450
100001
9
13
427
39
474
265
100001
1090
1
463
46
864
46
640
50
436
1273
25
32
1087
656
30
2990
23
2
19
9
17
863
27
641
27
1
447
240
437
1496
9
42
214
3
48
650
14
455
47
100001
874
53
48
5
227
657
100001
23
1
900
888
446
891
254
1935
246
1083
10
471
1081
49
891
215
24
684
15
863
23
27
2
47
50
223
3
11
245
240
16
253
48
10
674
432
1309
6
686
265
226
671
213
223
34
447
452
8
19
669
1
861
436
38
235
2338
34
18
1290
473
16
31
471
656
1297
251
15
1081
5
47
244
50
223
642
11
425
228
653
673
246
24
234
11
52
252
255
1281
1278
225
237
1732
262
1062
447
18
232
24
227
468
221
22
38
1083
425
1062
231
14
218
217
8
244
688
26
448
886
100001
7
7
1745
36
647
23
879
48
41
18
40
3
16
246
649
895
463
427
438
435
1722
1487
457
868
6
22
428
217
2
443
438
25
37
263
50
21
1072
688
665
1
31
226
24
21
253
29
865
40
220
6
1
258
475
9
462
900
257
232
10
22
30
219
233
1313
214
651
9
442
260
35
12
241
433
652
11
661
7
879
264
7
40
1303
2992
9
18
30
40
40
1293
897
686
1290
445
51
9
1702
655
1519
1316
438
14
668
12
440
15
429
674
849
250
9
474
869
686
13
230
27
249
7
425
8
876
218
12
1728
1491
7
225
27
467
265
49
256
435
247
437
26
39
1102
463
213
28
31
465
19
1492
1101
3
11
225
1075
1091
249
260
243
656
6
100001
1314
49
9
37
242
228
250
1078
439
1103
1063
236
264
1312
14
4
899
467
475
255
15
458
3
252
221
231
47
441
32
49
39
450
50
436
51
33
15
23
27
224
1284
877
43
651
8
438
1095
231
639
460
23
668
1317
34
437
18
227
25
230
13
1091
20
896
444
41
13
235
36
29
25
3
17
661
45
11
38
856
240
14
254
1
426
42
21
678
100001
15
47
1
27
9
261
27
858
12
11
215
1710
680
100001
440
15
2
663
14
9
439
35
233
160
651
477
1708
242
858
53
16
12
257
3
685
237
3
233
229
31
12
36
16
444
262
1061
653
41
435
224
53
49
894
680
29
52
3
1076
444
252
40
2130
436
662
10
250
40
7
223
668
464
1536
49
18
252
1498
33
29
4
100001
13
475
664
1705
41
887
8
46
7
26
251
40
27
230
100001
1108
219
882
855
851
247
19
2
45
454
870
434
248
1523
1495
890
235
1080
37
10
901
16
1084
218
1105
6
641
5
50
638
3
263
41
51
1085
4
1283
240
20
51
855
457
28
26
34
214
248
40
1290
1305
30
457
100001
38
427
49
899
5
3
221
16
1065
257
13
853
43
887
1317
18
9
50
31
53
20
448
228
449
15
27
429
5
437
474
231
26
1305
33
460
448
37
1731
441
246
4
18
39
1488
221
230
36
19
21
263
450
51
891
46
2
2
250
219
454
36
8
875
461
19
52
1069
250
436
435
45
664
675
638
244
1747
47
463
2155
1
45
431
638
475
430
234
28
244
868
1309
264
255
450
1509
49
221
41
247
25
476
10
8
27
47
43
41
41
28
240
1105
23
427
25
7
20
881
49
23
45
4
256
444
881
461
33
160
430
5
1070
247
1315
1069
6
215
658
234
1081
51
432
12
864
9
3200
39
32
4
20
24
22
21
51
1
851
1072
5
53
425
1093
3
40
1309
238
42
213
661
16
100001
6
864
21
439
7
24
220
36
1499
881
3
37
473
256
226
37
2
29
450
676
248
1
443
246
10
14
47
1096
449
51
1917
233
13
17
878
6
2
30
43
1315
40
1286
6
1087
245
687
42
36
1318
659
869
435
1073
16
41
865
41
3189
658
42
50
6
664
14
1082
426
31
18
18
856
48
6
24
222
466
6
1318
1912
444
449
7
450
459
1280
50
42
43
1090
231
225
24
46
1504
51
17
261
11
31
638
16
10
1286
37
36
425
43
19
48
100001
244
236
676
428
435
643
1297
898
47
889
30
13
658
464
36
1308
471
232
447
256
10
51
27
28
19
223
1512
1321
16
26
38
160
1498
45
36
21
1535
1724
450
8
653
457
1277
30
1101
901
28
44
49
15
243
21
1
214
38
35
672
26
234
425
53
9
886
37
447
48
660
882
3
243
1495
250
2591
7
852
26
28
24
50
649
1086
26
3444
34
222
865
256
23
241
428
262
2144
450
43
100001
1
680
227
30
100001
650
1280
2155
672
7
15
436
678
53
35
15
34
34
49
15
655
264
52
12
31
228
475
1079
4
2579
663
2
2364
901
48
50
246
252
1299
35
232
224
47
873
3
667
857
20
37
215
231
871
13
453
33
37
219
21
22
242
897
1091
46
23
1719
100001
5
859
100001
685
258
240
893
1730
651
643
20
28
252
23
18
878
13
640
15
100001
429
452
2343
17
660
1495
13
248
1487
31
260
251
100001
50
436
226
3
856
3
471
1
3
474
31
254
253
250
12
878
258
1069
227
232
29
9
7
3
160
224
5
26
100001
463
13
36
218
26
34
217
638
653
650
680
447
437
225
43
2589
1084
33
238
40
22
679
3
13
1305
40
239
13
52
17
46
667
435
37
27
249
2982
48
3190
1
12
215
683
449
16
894
47
19
20
22
250
32
261
13
28
1092
18
8
476
16
466
47
881
23
234
440
661
265
237
245
890
431
255
2
241
456
426
35
425
34
429
688
52
27
45
30
665
1728
686
29
892
433
2
218
44
239
239
34
33
264
27
25
11
9
12
2133
255
46
31
10
51
100001
39
234
229
1926
42
859
1502
4
231
263
222
228
461
469
1523
28
1710
37
232
38
215
473
1490
12
40
47
858
678
160
1
1300
23
46
160
34
1102
15
217
25
17
1920
100001
28
861
263
878
31
217
243
23
38
477
687
31
1301
458
24
901
222
2158
41
10
897
1
18
456
261
216
3
850
3
25
215
1
48
42
1319
474
11
18
32
38
428
18
1068
238
1080
637
21
895
879
682
20
6
213
451
24
1706
45
451
446
3
100001
5
4
16
896
33
27
14
47
222
9
3
36
256
8
434
439
222
2
100001
27
460
9
18
100001
43
11
238
14
28
3
449
234
429
42
223
215
4
11
39
1077
213
260
21
1073
33
227
3
219
1081
223
30
13
450
9
7
457
256
41
19
8
880
49
49
660
100001
27
2
12
229
39
34
263
235
38
1096
1064
1
893
12
441
21
16
874
33
454
3657
654
476
40
28
1530
2
24
100001
35
16
1714
53
237
232
45
1301
51
253
251
661
1282
1088
243
251
5
21
48
640
223
433
8
1304
233
438
1712
13
46
10
30
24
897
31
1063
2
217
261
1288
852
51
4
887
646
5
3
11
643
638
666
4
260
219
229
429
25
867
36
455
29
52
47
42
53
265
246
865
255
33
1287
18
231
1698
15
878
673
665
26
672
160
3
470
41
46
860
17
471
17
31
864
1070
25
49
246
1065
230
236
9
443
30
43
22
46
684
1924
888
437
258
12
37
8
262
29
7
100001
216
9
160
15
676
46
26
39
160
46
20
29
29
21
32
1531
35
255
28
4
222
48
639
241
247
225
664
14
12
639
238
4
40
248
1063
9
39
18
453
226
2348
663
642
100001
888
100001
25
46
641
471
645
223
1949
11
13
236
6
41
252
22
1
659
677
258
1528
50
29
463
12
27
254
5
1488
230
42
32
31
1074
100001
433
679
13
10
31
10
1
657
33
260
28
649
17
249
11
48
30
45
666
437
222
265
218
39
214
3
22
265
2
19
226
9
32
23
673
444
218
8
1074
257
22
222
1511
1088
5
100001
471
242
1747
3
229
263
869
264
221
41
8
446
100001
1
47
454
671
1088
850
14
37
688
452
255
643
239
41
1090
16
14
33
867
39
643
248
679
2
243
100001
27
1299
232
432
232
245
476
663
19
642
4
650
437
217
246
19
48
46
15
37
262
29
456
218
43
221
36
24
256
15
1083
240
879
688
1080
52
227
24
458
886
641
7
16
52
1080
9
16
222
213
228
7
28
253
1923
15
640
674
23
456
669
214
1096
19
2
237
38
248
231
1
432
16
160
222
22
476
48
42
49
668
6
50
22
7
435
896
441
21
41
1281
37
37
11
28
448
1079
257
29
7
1067
50
426
23
38
1288
45
638
228
851
100001
243
44
247
5
2
22
49
5
230
477
17
1063
41
1062
38
14
242
231
872
10
238
25
45
100001
5
676
3
430
23
215
27
228
21
445
446
225
256
427
877
25
671
1915
435
220
30
43
37
6
51
884
6
1722
19
6
1910
28
1535
1311
436
20
253
246
26
2355
258
885
450
4
684
19
1096
227
687
431
24
25
217
8
453
20
223
17
24
242
228
686
1
24
33
23
251
231
685
256
447
880
27
47
25
1486
1531
253
255
22
251
2135
43
257
638
255
11
1299
49
24
1079
53
38
653
5
232
6
34
1489
18
2164
468
16
220
30
1106
450
213
100001
24
263
1310
441
160
456
853
468
247
226
448
264
444
29
22
249
864
160
1069
4
683
100001
661
2128
38
1089
459
213
5
254
42
8
15
45
50
1509
2547
674
446
671
15
100001
33
40
245
468
16
1
246
7
50
221
29
45
37
461
647
228
8
238
244
849
458
229
14
26
432
45
252
35
1078
100001
35
100001
234
1730
2
863
1487
244
1536
3
1
25
259
432
1278
1532
678
221
663
42
26
7
10
658
1721
467
41
35
3
639
9
222
225
1103
459
428
1508
160
254
871
455
219
246
1520
475
6
462
48
160
1525
100001
49
652
227
40
14
642
219
31
27
30
876
224
12
25
228
12
256
1280
243
28
20
469
15
647
1094
2
48
5
160
1
8
12
15
10
444
11
236
1
7
45
457
26
42
24
247
34
20
213
900
51
218
1308
447
43
2373
236
6
251
254
881
215
26
3823
686
458
461
241
427
439
456
214
1096
430
22
41
