645
1811
94
100001
2948
251
254
100001
4211
2609
260
3278
94
100
49
41
87
146
520
100001
310
9075
100001
100001
100001
3281
1883
250
18378
75
7157
26734
100001
253
403
96
217
401
207
100001
1715
1021
61
182
3795
100001
100001
48346
100001
100001
4259
86736
4032
5923
350
156
14364
288
279
1001
100001
100001
914
730
16227
37
82
51
100001
283
582
73
55
895
200
10715
1018
100001
100001
3950
9776
221
126
593
100001
61
202
4763
100001
14360
100001
287
12883
94
3957
17676
3528
27960
4222
64298
1384
200
179
85
1017
68
100001
100001
204
1019
1177
204
68
72
31592
100001
2063
4222
1062
222
1619
58
199
100001
62
139
186
1584
60
438
179
137
100001
63
51
9264
3721
100001
195
3717
5887
4221
193
95
394
535
863
100001
26790
63
100001
82
1717
8927
1576
306
74
65
100001
2426
48973
2588
469
100001
242
100001
85
193
1652
111
29766
527
3281
77199
26494
178
82706
100001
1016
72656
168
711
3492
100001
100001
100001
100001
145
53
2481
100001
1008
18142
3048
9269
2640
140
572
100001
971
53
1396
100001
1923
21525
3793
522
141
100001
100001
682
100001
61
100001
43
230
16330
40543
92
100001
51
47716
41602
88
815
4324
90
1072
100001
187
100001
100001
547
100001
1056
106
4742
32254
52
409
1281
193
496
93
69473
697
2121
47
100001
286
8627
6528
367
280
42
75
252
239
3795
921
83936
927
184
18691
3804
403
100001
1550
4062
100001
69471
4326
4224
100001
1002
202
259
45
100001
548
40046
100001
762
82234
82
803
1409
93955
35
11680
41596
6502
52149
222
516
63
100001
81
100001
3253
16623
276
100001
570
2118
100001
100001
79
92775
535
98
100001
859
122
722
804
100001
781
734
100001
8627
37360
100001
3741
282
58
435
92
100001
677
1394
6506
53
5889
934
100001
8796
100001
1407
271
100001
73655
15967
319
402
235
6644
4823
4427
469
535
141
100001
211
79
35
48056
15766
100001
2028
345
1196
137
5885
100001
1131
100001
114
958
100001
50
1539
100001
100001
29766
2703
145
385
38
262
100001
5197
3607
1000
100001
249
880
3258
100001
722
5734
675
100001
86
18884
104
48272
24338
29771
100001
36167
100001
82
72
109
100001
100001
8304
361
51
595
100001
224
79
100001
264
100001
100001
100001
107
100001
100001
381
805
65
4223
59582
4224
2326
65
225
96
138
17846
4233
1778
461
100001
1273
1469
242
100001
4425
916
1393
116
3672
402
177
1617
386
421
205
110
1008
100001
474
580
238
91
534
74
4225
100001
48911
100001
724
65
62
100001
6500
805
14367
16981
675
508
68
100001
6928
1238
688
4214
700
57
100001
8617
88
80
975
45
289
9061
100001
104
23483
100001
100001
2616
4126
7072
151
109
52154
411
130
3280
100001
51
282
82
44
100001
100001
999
36168
704
4823
529
14364
3062
53
535
1549
56
48802
33637
100001
29528
1542
4913
3791
100001
74786
95
91
50
69
88241
100001
2207
161
207
2246
100001
18375
51
100001
2037
100001
681
100001
68
131
60
224
45312
509
276
76
3323
61
59
71
11925
1614
143
100001
100001
1282
125
281
18465
26495
31514
504
280
69
525
100001
4760
4225
94
100001
49
100001
100001
1008
469
100001
100001
100001
15411
32265
518
421
1195
681
3509
32
1490
217
3278
29285
255
86
100001
41603
100001
100001
6343
4213
14524
52147
105
174
113
227
14527
550
723
95
99
1393
100001
100001
3811
100001
79338
100001
33786
4032
52150
100001
100001
100001
100001
100001
725
1602
3006
587
810
383
1234
37958
65
21768
176
2985
100001
535
500
4830
55
100001
2431
23908
1336
4680
100001
2035
51
6005
53
3825
100001
1018
113
178
6341
2419
100001
404
100001
245
18141
100001
5577
812
117
201
100001
150
88724
29154
33011
41662
62
176
172
52
3492
73138
8678
48915
4513
924
100001
258
93
100001
58
3957
865
7779
141
163
1069
499
241
16943
4091
71
4829
218
399
263
227
10382
1779
100001
6529
1778
11237
131
100001
2410
288
100001
1084
14520
115
100001
100001
176
93920
507
3796
100001
100001
24823
38654
192
928
6007
100001
238
1228
100001
111
100001
2413
100001
12320
100001
59
54
13051
777
2972
326
88724
100001
911
14704
1399
81
64090
100001
14362
77
27002
7147
283
821
52
100001
4193
100001
4759
282
899
100001
478
100001
100001
100001
33795
107
100001
535
532
732
58
100001
204
7589
32562
100001
63496
410
100001
100001
100001
33
100001
21527
820
234
50
2245
61681
204
197
100001
2495
100001
60
42989
71
100001
4323
60
100001
727
37
87
726
950
100001
2821
100001
1908
45840
1810
53
86
8454
106
100001
57310
100001
1393
880
193
1061
215
100001
100001
77206
100001
65
100001
3429
10469
864
70
2826
100001
100001
2050
35644
100001
65
38655
3243
100001
100001
70
104
1523
28
4327
100001
100001
8307
4799
1014
295
62
2480
100001
81
91171
100001
2450
564
392
262
915
3192
3751
191
268
551
80
3763
100001
2976
100001
1522
100001
100001
2954
100001
1146
44248
100001
100001
252
436
100001
100001
100001
146
382
231
100001
428
100001
4440
6630
293
5375
100001
31051
38436
85
3288
10019
394
100001
69537
177
328
100001
154
100001
732
98
195
100001
723
506
59
125
79
183
100001
5051
100001
100001
3131
72
59500
100001
416
8682
192
100001
100001
37955
100001
3291
6007
232
229
100001
192
2983
10091
40049
14362
161
731
7108
100001
3902
100001
100001
100001
37957
278
100001
239
283
1012
244
179
100001
68
58
100001
100001
926
100001
2637
1276
572
102
728
88411
182
100001
207
252
285
607
255
36359
1074
100001
223
16987
74788
240
312
91
5128
7153
3350
685
40
1549
100001
100001
100001
100001
668
798
529
100001
4325
100001
27
100001
5115
139
53
100001
8629
100001
530
100001
693
100001
1621
681
22461
26
7072
102
224
50
130
681
100001
801
3826
100001
77
100001
94466
36359
100001
100001
100001
1004
100001
1284
47653
579
100001
1041
100001
610
32265
195
100001
209
4514
248
6171
536
507
88
6641
100001
10816
16947
100001
437
6419
4325
100001
115
532
266
26489
3267
491
2738
285
74787
722
2590
538
70
19701
100001
61
1128
41239
2540
74
1834
100001
100001
100001
1291
19719
1865
83
62
2027
21299
1294
100001
15433
60
100001
100001
5496
185
99999
3421
100001
76
260
1005
100001
1573
100001
1716
4325
651
138
3322
261
107
100001
100001
7742
100001
238
100001
77
731
100001
508
411
30
94
175
61
1829
100001
7712
563
75
100001
93961
175
910
53
294
70
93
492
100001
37964
100001
4886
3955
100001
100001
1826
147
100001
7585
37953
48
52
23491
100001
916
14363
113
3823
6504
100001
100001
100001
18573
861
166
100
3793
100001
100001
6004
62
103
404
31
529
100001
715
222
84
100001
1417
502
321
100001
1458
100001
68
201
100001
100001
100001
143
14369
42812
2527
71
235
176
78375
100001
76
4324
100001
100001
14363
100001
531
100001
4114
100001
100001
3531
100001
195
1393
74
100001
541
100001
100001
60
3508
52
28389
9304
11155
41600
914
1067
3896
100001
100001
3397
401
100001
39011
100001
208
2988
149
52152
100001
93
100001
242
1457
513
19583
2274
5198
1837
1100
1140
508
100001
100001
610
195
90
100001
100001
568
100001
100001
100001
93
100001
100001
182
100001
144
681
59
252
42992
192
1485
76
100001
66
471
31
549
262
18526
19535
224
49174
207
100001
9469
94
260
193
70
100001
91
100001
202
70
81
183
84
724
1004
103
723
100001
216
10967
223
14367
92
2373
164
100001
81
3870
594
303
440
534
100001
53
201
100001
21432
2970
77595
94612
117
288
724
359
202
100001
525
1001
59
100001
14152
712
25703
357
3667
78
62
12310
103
100001
236
526
6642
3531
995
34287
12245
402
28389
100001
78
100001
100001
219
70
100001
1367
33392
100001
231
10472
1415
3038
21528
100001
60
43
20515
22534
279
10472
100001
51
100001
192
100001
100001
3508
100001
14364
207
26487
255
10163
144
2548
84
16526
100001
443
805
100001
1826
110
269
14145
1002
3505
799
1000
208
1403
20048
405
100001
2390
1275
100001
201
18369
57
828
778
100001
4806
1020
497
100001
100001
21526
7235
100001
100001
100001
482
1569
100001
405
206
204
730
4803
100001
3317
55
57
100001
26788
31737
14155
61682
52150
10085
78
916
285
2702
17440
100001
41
14702
100
12234
100001
7579
93
100001
4317
536
15929
100001
145
599
100001
6428
4226
100001
34191
64
38541
1404
31623
51
100001
510
2564
1002
2325
50
3486
2053
542
100001
537
66
283
1293
251
100001
100001
