199
56
32
230
11
127
107
267
586
207
36
206
50
58
36
259
218
41
16
302
35
74
41
107
61
570
127
187
81
26
219
34
370
384
90
215
574
14
216
9
13
43
99
633
412
6
35
18
56
26
34
14
67
20
87
401
496
24
60
48
194
88
2
9
333
74
28
80
11
27
20
261
291
406
224
197
387
74
16
231
68
238
22
328
6
41
6
21
17
246
7
468
128
19
46
8
202
43
206
19
19
400
9
213
21
200
67
110
63
71
54
72
193
20
131
14
238
70
257
10
13
202
126
250
449
4
63
208
4
199
225
62
15
10
123
24
287
493
19
204
4
26
27
62
211
43
4
211
119
19
50
44
54
12
53
121
287
105
209
17
14
3
32
44
267
193
286
37
46
49
20
709
71
194
84
54
224
312
6
70
75
260
37
516
36
22
33
194
72
77
216
24
104
21
97
10
29
60
433
15
91
19
28
114
51
237
84
15
245
284
83
54
82
73
104
65
247
194
335
45
223
222
59
50
469
102
198
219
88
83
38
35
101
48
294
189
264
25
82
130
90
122
53
28
40
58
72
252
80
4
488
60
130
207
76
18
16
14
93
39
6
126
31
491
204
208
50
41
82
83
134
374
58
39
111
199
99
87
272
36
257
32
66
25
5
135
49
26
219
74
87
70
332
67
257
131
312
117
32
41
98
75
236
54
184
77
23
205
11
192
444
92
61
56
32
30
19
106
110
510
53
192
194
285
32
242
133
107
1
422
35
302
242
318
120
120
16
747
236
106
238
124
82
46
49
233
27
102
15
257
100
106
256
259
327
321
9
44
49
82
93
15
5
63
218
63
16
26
71
23
313
52
260
69
100
73
102
26
186
57
210
130
231
239
69
76
4
392
63
189
116
78
199
61
125
92
441
191
3
113
313
11
664
25
114
13
106
112
34
280
96
100
19
87
52
289
187
242
271
66
92
43
17
125
53
287
63
39
105
10
722
28
8
25
379
105
135
65
432
18
22
32
210
48
198
246
230
48
96
21
24
13
71
103
297
49
96
292
256
116
91
16
62
68
101
97
17
115
52
485
70
233
84
200
67
4
120
298
130
267
62
84
14
233
383
30
54
376
210
46
4
14
194
52
896
42
126
289
84
55
33
70
10
214
257
54
12
72
70
40
113
77
68
99
75
10
104
306
235
70
45
1
52
212
255
298
18
191
264
54
231
336
40
113
7
21
76
135
96
232
7
27
3
30
222
115
212
244
14
200
3
302
94
478
52
9
285
244
400
60
51
40
17
334
224
313
48
28
25
90
91
100
535
235
44
69
41
102
6
35
8
25
54
80
87
19
270
59
66
263
1
16
63
9
185
29
230
248
69
34
56
93
450
50
22
257
201
83
8
13
84
210
221
203
32
209
7
193
395
111
38
696
246
240
12
66
59
203
122
309
25
80
194
24
112
19
80
44
514
12
761
32
240
37
25
110
63
13
92
34
10
53
108
49
10
369
32
23
96
204
28
666
207
214
51
406
456
26
433
21
77
4
196
15
55
201
100
299
203
126
26
112
59
223
288
127
16
58
48
190
260
185
42
454
127
51
90
29
208
66
421
305
19
71
130
22
89
394
290
327
100
60
290
218
240
205
25
47
120
94
230
24
19
66
8
58
44
81
418
485
100
9
15
191
115
85
9
211
64
36
53
97
19
26
120
279
87
38
49
392
214
19
432
84
4
324
4
40
231
119
51
476
197
27
225
3
213
236
104
189
232
40
74
8
26
35
297
243
219
39
20
243
36
74
194
558
307
252
50
234
25
4
210
38
134
60
111
11
47
21
35
214
57
13
13
103
265
38
24
103
66
103
78
64
374
33
106
132
6
83
407
241
21
85
92
65
17
31
10
36
96
195
54
61
11
240
54
45
97
219
202
18
184
317
31
18
130
39
184
191
64
129
458
56
5
40
28
219
385
39
3
506
92
128
105
17
253
15
1
108
50
404
395
25
82
121
397
289
14
48
30
104
7
22
33
396
77
28
191
24
18
16
55
274
200
36
80
227
127
104
43
76
306
129
32
44
10
245
243
13
99
78
269
108
43
18
91
112
67
325
24
13
426
61
188
38
78
43
26
3
51
48
464
39
271
49
228
237
108
99
42
76
280
131
498
18
192
30
103
84
14
111
78
249
20
70
494
7
233
77
69
395
324
44
20
221
186
49
33
105
135
291
310
57
413
206
309
24
89
102
21
47
106
60
132
24
106
15
3
44
70
205
72
106
36
97
117
43
447
246
11
250
8
37
28
75
73
31
193
129
70
44
76
52
64
135
6
255
128
78
18
298
105
24
95
104
309
813
195
85
374
35
127
105
117
44
130
8
701
299
34
119
56
69
237
23
257
92
204
37
91
422
271
58
73
432
62
25
25
97
26
93
98
226
23
233
46
18
41
87
44
97
40
3
36
114
384
216
10
266
204
201
121
319
370
28
13
26
220
31
597
23
27
58
124
83
39
329
27
462
241
452
23
317
37
27
332
270
191
91
56
25
86
70
299
91
11
51
231
266
51
200
230
224
1
120
13
129
28
230
100
34
100
251
253
41
89
2
111
187
185
114
113
66
278
23
75
23
437
255
115
27
80
115
8
7
464
128
3
190
11
43
21
97
61
65
203
89
89
31
206
438
90
280
68
134
20
203
10
40
43
51
238
85
13
384
200
98
96
61
229
23
115
11
244
8
38
24
28
47
556
45
246
111
57
36
108
316
29
192
248
1
61
89
486
189
193
203
33
97
32
76
7
26
131
28
44
692
12
45
30
121
26
32
90
225
263
227
461
119
2
95
109
59
26
217
11
45
308
27
35
72
33
34
209
17
26
113
78
15
197
102
43
385
264
580
58
55
8
91
237
49
107
189
39
22
126
105
290
46
113
106
23
43
126
98
94
398
57
15
69
18
12
42
20
198
189
54
13
13
184
16
2
404
35
125
29
107
53
72
105
57
128
85
71
72
50
45
72
98
188
17
25
216
210
135
191
63
80
691
20
3
755
126
7
69
1
69
271
35
225
135
35
210
218
325
102
99
204
53
107
108
21
84
34
37
643
75
67
76
209
440
39
84
24
334
65
211
36
40
114
47
52
5
118
94
77
20
5
97
235
268
192
11
32
205
238
293
111
119
228
11
132
44
68
9
192
7
69
8
52
198
100
22
306
313
208
63
303
3
593
55
270
55
52
292
82
233
42
192
33
4
26
107
10
39
315
58
281
67
115
91
96
93
1
84
24
225
6
133
186
81
69
325
491
249
118
68
38
114
266
20
5
223
14
442
64
3
201
11
52
77
132
49
29
36
192
51
25
86
202
3
52
270
110
247
2
32
261
86
33
64
303
405
116
45
11
83
57
1
16
41
285
131
81
286
393
69
121
97
120
28
223
102
378
52
200
31
187
114
22
41
85
115
232
127
1
28
85
82
97
260
34
216
195
73
399
28
68
61
90
282
125
42
284
133
10
61
5
55
10
245
397
16
43
11
79
45
299
185
134
98
413
331
74
328
37
77
32
14
126
43
26
31
125
24
86
34
398
196
404
109
2
225
112
123
43
5
30
4
133
85
231
60
10
203
83
75
26
237
247
60
264
118
100
18
84
235
16
26
199
68
70
97
97
102
391
118
603
79
218
120
58
17
88
65
44
43
56
100
34
332
95
436
91
118
323
12
252
490
17
55
50
231
67
399
204
501
62
29
211
11
516
52
22
297
88
39
104
22
109
273
570
46
80
96
7
331
111
133
328
75
76
243
288
206
207
253
77
80
214
130
5
78
220
8
278
20
451
335
312
31
50
219
119
86
188
187
2
187
10
19
10
9
322
1
37
248
42
100
62
25
213
233
90
43
37
71
93
918
190
274
305
81
14
277
8
60
123
54
18
58
201
571
110
196
298
35
105
17
8
77
15
198
227
20
54
13
22
83
42
46
100
128
287
255
40
118
259
86
90
99
110
188
67
231
275
1
61
292
78
9
16
72
263
669
74
89
275
15
16
3
48
196
286
16
29
76
90
62
20
50
55
57
40
21
98
111
472
186
71
2
59
301
461
12
68
18
31
22
30
126
51
246
565
217
17
109
8
4
431
94
87
114
202
45
11
80
221
7
50
7
1
424
62
10
102
57
72
135
10
27
211
86
29
53
13
73
46
6
11
250
116
65
80
36
67
66
333
37
24
25
89
113
50
196
53
287
284
63
60
49
41
70
11
2
230
26
212
37
107
277
48
209
102
17
5
20
194
25
285
59
84
41
32
103
72
29
236
426
132
274
712
88
95
37
58
204
135
22
245
207
89
16
72
10
35
109
48
10
203
535
81
382
72
192
63
104
384
266
31
21
35
299
114
232
119
38
66
10
6
65
58
191
388
131
15
132
116
108
253
219
520
5
83
25
290
11
197
7
326
405
56
87
275
48
199
9
1
71
81
108
105
1
37
295
197
254
88
103
270
268
66
70
39
287
15
2
57
25
22
34
92
108
13
191
250
114
36
26
52
47
39
33
195
102
100
13
31
313
18
70
247
70
8
682
13
24
35
35
389
21
114
45
40
113
305
245
51
18
53
13
391
70
33
83
3
41
39
20
505
9
42
65
84
21
9
90
48
5
126
86
276
128
70
88
270
25
67
32
370
21
125
23
5
24
1
187
30
41
21
15
208
107
91
394
92
83
2
30
242
282
47
20
257
5
14
52
30
31
531
253
99
74
7
209
42
4
14
58
65
14
582
188
264
46
41
225
208
24
15
11
282
100
95
223
44
8
93
23
35
110
227
32
41
2
302
263
27
95
376
384
580
99
84
217
112
60
3
92
258
38
15
23
390
28
211
127
25
60
17
60
22
31
14
80
254
130
227
224
62
5
202
95
101
253
7
61
16
75
401
22
4
115
44
8
282
9
275
30
18
90
251
96
239
18
122
88
10
300
96
16
25
298
110
44
58
62
74
283
421
375
78
54
295
47
57
281
73
313
42
87
190
406
72
66
246
41
113
80
57
397
7
8
412
5
194
23
1
56
75
14
99
36
80
32
112
9
308
2
23
209
535
16
62
12
233
241
55
23
15
192
51
264
17
117
277
272
15
258
4
22
49
215
50
98
448
7
50
425
57
50
264
48
6
93
559
112
59
67
85
186
315
113
69
120
330
50
25
449
66
9
413
25
10
41
25
239
399
14
123
114
20
367
184
34
476
75
63
131
82
129
206
24
382
89
117
54
8
7
102
52
104
58
76
108
45
334
17
111
16
29
133
26
63
82
2
59
130
26
21
45
195
464
105
436
91
20
30
51
15
67
25
107
117
104
95
204
56
207
312
129
85
16
14
497
240
332
16
221
131
33
54
67
60
53
96
86
63
90
125
82
119
5
20
14
184
31
87
38
61
51
6
47
29
36
215
283
37
202
41
1
255
385
404
78
267
59
104
328
500
84
7
54
76
243
203
54
287
383
4
237
5
8
19
16
59
578
129
41
83
87
95
58
39
91
84
76
3
46
53
202
34
422
282
66
56
217
108
278
54
37
198
275
714
41
330
81
22
20
487
282
18
44
5
106
83
282
21
389
40
4
263
54
48
116
3
27
42
117
197
59
11
67
52
396
38
114
83
291
4
11
90
930
233
51
222
27
75
2
103
36
69
715
130
63
4
280
78
502
46
88
83
221
107
966
60
94
254
92
48
46
12
55
16
526
134
238
63
50
45
18
40
57
109
77
109
36
9
33
495
32
54
489
315
26
125
66
27
134
42
93
244
52
131
3
23
194
10
9
38
121
15
9
127
87
2
72
47
48
135
22
45
7
489
60
41
675
125
248
24
218
28
1
216
94
262
298
410
205
54
81
238
19
119
257
200
87
432
69
58
240
113
27
93
109
216
32
104
644
5
85
323
87
297
108
40
9
232
47
122
60
200
5
440
30
129
278
234
33
194
73
213
22
96
55
22
21
6
263
62
102
129
298
58
38
267
59
197
215
329
4
37
232
45
107
196
35
128
34
25
14
20
93
284
4
191
100
213
113
15
111
91
1
58
244
116
3
39
26
6
3
16
18
2
237
11
33
46
330
27
23
263
92
102
3
53
18
29
27
72
87
35
200
213
190
16
22
8
30
319
109
31
82
69
31
27
45
201
57
39
451
239
256
21
21
60
98
36
111
521
19
17
260
304
75
47
204
15
125
71
3
115
94
119
115
38
12
31
95
21
6
119
58
62
78
53
81
230
16
22
54
77
66
10
35
88
394
107
9
203
73
75
96
194
40
401
382
200
602
22
20
211
77
3
18
1
62
18
55
3
18
67
241
278
64
125
98
505
45
46
96
101
37
66
21
125
283
393
2
31
15
25
20
208
9
84
13
87
195
93
15
202
130
81
2
287
28
3
121
79
216
190
98
18
92
37
23
411
384
49
14
212
410
8
14
7
12
74
43
81
44
497
205
205
64
102
254
51
220
9
184
8
75
18
86
122
236
28
467
58
29
111
51
219
230
22
205
115
107
34
67
98
45
34
1
10
21
126
236
186
51
24
231
321
64
202
64
114
25
228
195
215
39
245
41
64
210
36
92
263
14
35
217
128
15
11
6
36
25
48
401
187
90
330
75
450
111
128
61
61
65
8
270
39
16
57
20
211
258
34
29
135
98
115
2
49
55
92
58
40
46
92
37
3
18
43
63
36
106
479
65
58
240
1
55
41
438
18
323
97
122
126
248
198
63
414
9
12
46
4
124
326
8
434
423
27
10
204
22
60
53
333
211
122
121
29
5
27
275
91
16
213
317
335
5
85
40
50
24
5
268
89
335
72
9
101
412
64
68
107
114
524
29
119
234
1
1
377
93
19
676
71
32
223
66
62
286
4
114
23
59
78
201
124
10
288
405
314
6
55
187
536
69
460
76
470
20
10
132
371
373
3
78
105
198
115
32
59
31
37
39
23
108
425
105
130
101
296
12
53
20
22
34
30
386
112
45
82
115
1
52
34
312
24
52
14
11
80
104
103
108
283
87
605
60
239
89
19
106
58
56
17
31
236
94
224
16
32
52
242
49
90
74
209
14
100
19
49
233
184
94
40
119
6
5
238
244
82
198
115
90
1
20
100
259
79
1
6
21
185
445
67
237
48
188
74
86
125
1
25
97
85
49
35
242
81
56
208
8
103
104
281
93
71
79
79
31
4
111
190
81
288
425
20
281
72
72
16
258
279
45
251
300
90
114
6
563
13
22
251
8
135
83
29
188
57
78
243
257
195
97
104
299
37
2
81
71
109
259
68
58
222
30
3
17
330
43
55
7
86
46
203
52
113
195
78
126
387
82
197
186
13
517
78
65
274
14
29
45
307
43
39
211
297
55
121
195
84
94
8
132
398
114
451
245
61
300
129
129
2
223
116
76
59
75
93
118
10
255
260
77
54
28
46
74
196
30
270
283
285
125
119
82
3
312
3
305
129
125
39
44
7
84
13
95
17
377
30
185
46
254
644
50
20
391
437
54
257
50
125
59
25
64
10
29
98
13
120
249
19
31
88
452
28
74
53
107
78
63
48
185
377
269
9
80
2
320
84
330
102
48
9
110
9
321
49
61
30
252
249
87
95
290
207
371
98
16
133
18
282
196
86
67
206
119
86
22
284
108
238
68
316
192
77
105
14
228
10
209
98
3
27
26
278
41
21
31
292
386
52
281
187
51
4
45
119
18
322
23
91
71
45
193
7
461
126
232
279
129
48
28
439
214
114
47
84
6
384
197
53
7
28
411
42
246
68
125
266
109
17
22
82
117
247
256
26
65
77
85
497
4
66
36
414
534
38
312
257
94
321
400
61
119
387
272
18
72
425
229
31
15
4
220
41
71
209
47
80
6
244
35
46
11
399
22
91
49
25
89
25
88
78
21
445
4
263
11
22
1
80
25
55
199
735
37
605
28
287
110
87
67
299
247
123
104
97
58
67
21
58
206
20
91
126
223
9
116
8
8
428
328
70
97
77
320
461
25
530
85
21
31
387
121
251
208
27
215
251
14
43
46
92
62
52
64
82
32
82
17
132
91
67
233
90
327
237
118
77
76
131
16
28
263
39
96
54
318
98
8
12
24
126
76
15
118
97
9
2
90
74
44
187
114
18
35
296
36
10
195
100
8
228
72
10
219
8
262
44
204
193
4
105
284
11
33
55
29
12
261
201
276
112
33
114
21
253
90
413
221
227
262
579
322
199
390
1
27
9
111
38
35
243
36
39
104
227
241
247
369
1
3
18
97
111
67
202
56
254
284
21
328
95
319
57
4
41
36
212
16
80
131
16
63
48
225
210
112
4
505
187
11
82
85
2
302
16
198
31
33
77
235
207
8
42
184
115
508
75
120
19
70
49
52
46
20
38
43
200
38
11
36
53
47
74
10
23
20
23
8
10
18
414
96
27
240
245
31
117
128
66
187
210
115
26
51
78
77
31
16
75
40
122
52
214
3
57
188
22
15
56
13
100
84
4
33
218
324
21
75
37
53
237
125
88
77
66
240
100
223
185
3
300
16
116
245
37
47
480
22
69
193
277
4
269
9
197
4
67
34
574
69
66
265
74
494
75
331
120
82
27
115
83
230
75
91
12
67
113
263
56
36
64
189
124
19
219
197
212
41
118
240
12
41
248
51
75
32
67
384
84
89
67
12
97
6
213
42
215
263
33
96
66
65
312
111
494
82
16
216
202
79
383
43
14
94
42
43
273
121
78
7
96
6
96
37
217
222
76
2
224
115
309
86
295
318
6
8
119
198
35
4
110
19
92
416
77
414
3
442
96
6
192
267
53
7
723
423
105
76
26
103
113
46
1
5
14
69
61
254
14
422
112
64
25
369
110
44
55
245
428
12
49
38
28
244
110
78
2
22
28
65
128
44
86
22
283
123
66
60
81
23
403
10
83
62
6
185
398
420
37
64
66
95
69
40
29
185
96
262
32
21
24
212
68
259
23
90
301
6
269
197
20
22
298
230
33
221
272
220
60
429
44
209
16
119
245
54
207
79
235
3
46
61
264
377
87
13
553
129
216
118
14
21
61
13
388
241
132
63
532
80
36
324
41
104
121
17
88
12
193
17
96
89
40
101
11
35
48
415
419
19
201
100
67
94
39
21
206
50
51
13
101
5
269
248
32
27
290
26
71
290
71
249
248
126
75
29
70
56
194
10
10
260
242
286
2
43
38
8
76
120
456
19
59
309
190
53
21
411
289
131
12
51
87
95
25
111
217
30
15
26
236
110
23
44
301
47
16
73
186
322
57
134
102
45
53
47
128
99
42
450
325
65
3
33
39
8
438
241
87
270
35
72
56
281
89
26
380
26
247
128
117
8
54
126
16
36
123
454
400
131
24
71
134
377
16
11
128
99
91
108
25
126
26
53
3
117
4
500
98
131
285
452
12
45
191
241
55
84
77
240
97
276
26
12
60
15
130
429
36
270
63
226
100
43
96
32
246
186
65
75
310
224
53
223
186
207
289
57
633
3
68
22
19
318
188
35
112
46
47
126
388
118
243
7
8
214
30
27
65
27
235
198
11
20
40
35
26
730
374
37
103
39
222
75
101
24
7
9
41
6
207
135
330
236
83
27
12
1
8
78
199
301
124
74
198
36
44
197
50
290
267
197
195
283
380
72
6
102
29
21
54
79
237
40
240
58
226
186
200
19
55
111
250
29
34
432
5
9
81
13
9
86
34
184
272
37
63
4
89
70
67
250
217
122
36
62
73
200
94
80
109
199
81
6
124
66
5
10
48
37
28
195
265
218
187
58
20
30
71
308
720
52
75
228
37
10
2
24
55
8
28
70
101
380
188
187
86
430
21
105
2
291
8
109
71
15
107
500
92
249
424
250
76
35
325
197
30
49
459
9
53
303
228
367
243
97
264
27
336
94
54
66
81
436
54
30
397
327
46
226
252
14
119
60
124
65
205
30
86
76
246
8
117
270
213
62
368
113
250
12
82
7
89
196
71
117
229
1
83
30
23
94
121
72
195
52
270
62
196
243
17
91
523
36
1
27
506
30
247
22
218
18
379
48
43
52
237
18
58
113
50
19
32
209
2
82
29
469
54
25
80
407
28
21
19
109
66
49
35
111
27
72
16
61
285
9
119
115
302
115
20
114
16
7
91
375
277
430
69
130
201
110
1
111
95
28
67
8
125
59
28
130
23
425
194
784
192
74
2
30
274
42
34
276
43
189
485
1
27
190
26
5
66
245
203
9
1
86
108
29
200
70
84
91
279
107
93
25
16
105
115
69
273
135
82
28
100
437
295
54
20
31
19
43
96
59
10
9
184
117
47
128
56
218
391
64
237
19
12
367
118
229
39
14
5
107
500
87
24
51
300
102
58
47
308
566
297
81
29
48
19
32
225
11
38
253
24
78
91
240
55
126
1
220
95
3
19
313
62
202
253
90
4
309
45
74
82
15
59
55
433
30
6
21
122
34
69
19
74
103
47
76
37
33
188
242
229
29
111
234
79
194
3
253
396
93
122
284
82
654
6
27
372
2
103
39
23
319
20
107
123
26
533
11
258
71
70
38
372
393
459
39
269
135
44
59
208
326
190
26
2
19
5
22
26
52
76
13
259
111
3
113
75
47
379
15
72
455
237
189
217
675
30
30
38
58
236
68
90
3
25
85
61
93
231
69
380
440
17
29
93
79
255
80
8
73
199
8
481
80
89
106
210
281
292
67
15
134
39
110
19
49
284
429
53
102
7
206
21
310
601
283
65
310
17
104
187
22
15
11
215
17
402
40
2
15
45
198
95
225
28
119
233
9
204
100
224
281
211
295
7
239
14
82
188
14
188
65
419
276
252
207
29
30
372
46
43
66
89
15
130
390
19
223
125
318
387
105
409
57
211
51
473
225
388
99
202
93
18
10
36
45
22
127
104
208
122
42
52
113
19
233
197
62
78
26
27
86
15
51
243
18
227
238
46
36
76
37
221
371
32
47
28
49
110
316
41
230
70
257
201
196
97
87
231
101
3
5
12
7
64
579
559
240
19
187
269
67
217
12
20
205
7
440
73
319
29
48
60
9
131
290
303
262
97
273
187
82
228
41
134
131
318
193
17
89
85
18
118
52
80
111
63
103
29
22
265
186
207
195
11
236
28
131
215
45
27
19
251
331
93
83
41
22
391
105
47
14
409
509
115
195
67
109
21
20
41
45
79
317
99
20
27
413
47
2
288
26
446
2
67
186
56
1
79
109
113
308
69
377
30
515
134
378
114
238
15
52
559
273
78
20
322
5
433
127
22
84
59
4
55
39
6
72
256
7
3
13
56
192
1015
32
206
71
127
63
16
53
310
97
2
1131
67
225
20
50
109
111
188
23
268
486
121
12
133
264
61
31
105
336
53
85
134
75
108
109
78
82
63
4
197
96
45
8
28
7
24
84
6
245
40
224
70
43
35
373
107
83
322
51
266
32
190
65
567
6
75
506
35
199
37
24
53
99
41
106
55
46
298
282
39
420
95
36
37
297
106
74
188
32
186
59
236
32
1
9
123
132
5
203
33
4
109
402
520
21
28
208
478
61
219
98
419
122
17
379
319
44
127
218
22
69
398
97
67
224
80
34
67
106
82
436
73
126
39
298
80
323
5
103
30
7
8
330
115
11
35
58
36
12
100
42
29
23
449
6
207
10
29
35
272
207
187
206
202
33
11
5
46
241
205
46
46
33
263
305
10
453
20
66
48
102
76
18
56
253
25
222
23
115
40
124
295
14
46
20
238
34
483
5
262
233
83
515
11
35
47
52
388
231
399
207
18
57
81
281
221
33
201
29
100
114
74
299
51
57
124
110
90
43
57
21
254
42
61
256
30
566
26
71
69
435
20
234
63
95
18
56
478
79
69
31
47
8
28
34
99
84
52
6
535
117
8
19
45
44
101
191
21
12
187
29
189
77
73
4
222
14
93
107
55
80
19
69
263
24
132
23
18
212
47
89
73
1
328
14
110
67
82
49
102
187
4
24
75
24
36
70
1
65
46
207
3
122
332
84
228
37
54
75
250
411
13
31
260
124
64
46
7
41
88
266
73
116
224
103
118
24
50
38
24
25
236
71
112
308
84
202
48
381
197
220
285
69
195
126
103
316
17
37
93
41
59
132
226
86
4
62
297
279
15
434
115
434
489
89
296
14
197
195
38
47
5
276
102
187
63
318
239
270
21
20
88
45
216
86
54
103
17
95
244
50
227
36
49
124
3
1
15
64
80
77
4
317
263
76
40
81
217
62
116
36
2
64
4
379
457
414
386
40
192
52
52
52
78
270
230
49
5
75
383
133
315
53
91
239
87
487
202
69
71
70
188
56
323
18
125
124
40
239
40
72
3
513
17
33
127
419
64
81
239
87
24
36
283
18
307
8
513
14
101
114
228
31
82
187
30
258
113
194
105
28
134
216
24
393
33
15
31
127
1
450
25
75
3
44
95
46
19
505
19
23
84
430
209
85
122
107
30
238
25
34
85
394
85
94
287
318
71
113
8
199
11
105
296
46
34
122
75
220
207
10
114
114
78
26
91
202
325
20
302
64
31
48
72
8
60
7
124
315
17
13
310
19
75
103
52
332
124
75
49
106
63
14
21
48
23
10
101
34
454
39
62
256
125
32
299
45
56
260
68
135
65
103
23
275
75
26
53
34
106
27
105
53
8
445
399
41
65
276
9
22
134
224
121
10
280
285
592
84
110
64
29
116
450
4
318
285
264
102
47
70
296
20
47
42
10
272
46
187
127
300
189
95
81
272
101
370
25
517
43
48
66
40
195
329
51
94
39
215
9
12
237
74
118
75
379
5
39
254
54
68
42
96
295
47
134
21
230
95
11
47
274
28
24
20
236
85
99
8
194
655
75
91
63
227
121
117
76
509
245
1
266
81
246
10
46
13
321
257
8
121
28
123
107
528
126
271
29
4
75
29
17
83
328
251
318
367
40
5
7
214
32
9
110
257
34
20
113
64
17
92
268
88
52
210
97
235
17
60
248
6
219
78
227
49
203
116
65
50
3
302
192
108
27
237
642
220
234
279
311
315
1
17
98
16
254
225
279
200
46
20
5
24
6
94
28
229
12
299
99
26
374
43
121
29
51
7
117
61
255
104
109
14
471
46
67
778
208
6
50
10
98
31
232
69
70
403
78
133
70
1
198
38
44
207
57
187
438
388
442
123
7
310
272
261
271
19
100
189
198
11
41
30
292
96
43
203
5
438
30
203
1
303
7
615
50
77
214
54
55
233
64
44
299
18
57
430
193
86
15
18
51
67
43
202
112
70
756
1
212
26
66
278
34
36
48
67
111
99
367
302
437
285
65
385
38
65
132
59
110
94
13
66
513
38
70
81
4
302
23
71
76
373
74
423
43
16
20
21
118
100
83
238
3
185
32
271
43
2
301
75
463
13
31
127
280
130
13
276
4
29
273
242
12
114
88
219
27
58
66
327
35
323
276
107
86
135
469
197
25
474
132
115
128
269
49
26
750
196
203
48
56
259
277
77
102
230
101
260
263
90
527
52
52
260
425
64
117
313
62
328
41
203
92
132
37
15
3
280
326
529
28
2
278
49
59
55
72
5
275
330
111
78
1
92
3
66
29
230
240
43
65
123
303
46
188
200
26
39
413
98
32
124
189
59
290
291
284
197
127
231
47
50
257
90
17
110
110
210
3
234
135
13
41
81
102
80
51
67
6
16
597
82
42
75
11
25
26
46
6
315
384
127
376
43
29
6
3
47
53
67
20
125
42
133
79
40
309
102
72
250
10
93
5
28
77
7
40
60
107
277
400
26
196
3
83
55
194
18
237
191
94
25
274
44
34
106
59
425
112
95
224
113
25
33
23
229
101
133
112
193
1
261
329
66
295
192
35
6
6
257
215
41
129
216
63
129
20
79
112
55
131
42
17
45
6
61
38
61
97
77
199
208
63
446
29
785
66
238
24
428
60
259
39
2
128
187
61
230
132
118
31
72
108
74
55
63
114
26
297
93
70
1
278
1
103
41
65
234
227
64
59
259
37
131
102
234
50
125
79
317
66
33
5
278
36
239
280
16
209
112
33
44
56
102
133
330
105
195
118
242
135
100
49
94
135
387
3
223
275
96
60
32
50
11
35
312
6
4
66
131
62
34
97
10
45
1
134
229
313
6
10
193
21
118
6
90
227
327
58
15
134
135
88
117
35
212
31
69
23
19
367
252
54
3
132
55
515
86
99
68
21
57
82
36
2
110
77
184
80
15
49
243
67
97
284
133
274
255
104
335
134
32
28
24
27
97
114
127
64
36
579
12
390
192
79
45
212
107
99
45
247
25
314
21
70
53
22
6
81
209
112
237
5
71
201
62
241
81
12
391
29
75
133
1
18
78
56
6
222
126
104
124
194
30
2
64
29
306
15
98
22
11
14
64
204
232
23
218
44
18
236
30
111
12
17
734
194
98
20
87
4
25
70
61
249
85
53
135
306
379
126
18
71
32
33
69
20
77
31
285
20
3
13
27
118
31
399
241
103
64
39
216
38
196
73
220
131
13
135
17
89
95
285
224
47
192
87
130
2
13
240
2
7
10
38
291
278
218
52
107
6
33
108
118
36
241
8
333
115
83
18
21
72
36
57
455
128
38
43
18
310
98
36
264
37
75
12
99
121
6
245
78
13
101
1
45
10
440
112
203
276
73
96
131
32
3
37
231
14
199
131
67
50
7
88
191
15
240
81
637
2
202
51
50
230
45
70
51
4
402
71
37
14
29
77
77
14
310
23
39
80
113
16
55
127
70
244
15
30
264
303
6
3
221
311
93
30
333
107
4
118
10
87
531
16
243
112
189
133
333
78
218
128
60
19
7
53
96
58
34
215
27
23
16
117
42
198
63
184
7
236
27
31
197
57
232
199
32
87
247
249
314
387
91
12
184
102
111
46
276
571
23
200
77
10
332
76
116
192
509
24
15
222
286
110
35
37
97
17
191
84
256
257
107
74
32
13
2
485
118
39
267
40
199
106
21
42
33
26
7
74
69
552
220
55
196
42
109
24
30
107
205
89
30
200
36
12
87
246
248
116
8
67
21
393
60
29
14
230
12
379
74
394
57
4
114
329
515
10
7
10
453
65
7
310
84
28
6
40
33
657
123
54
101
9
19
25
8
36
254
36
57
443
106
63
671
196
39
62
403
126
66
94
236
12
77
43
232
10
94
126
79
20
44
67
232
222
263
124
4
103
77
308
420
89
96
88
10
33
57
17
224
279
98
25
187
57
129
5
18
86
1
186
12
132
60
276
711
6
112
39
187
68
41
78
66
308
40
246
15
48
613
63
9
270
74
20
8
195
195
11
504
14
240
16
196
369
34
84
225
63
256
66
105
20
309
64
200
23
29
16
282
207
31
70
113
397
1
195
135
398
197
23
103
91
259
206
54
60
57
46
62
194
50
212
73
417
44
112
9
218
221
3
62
302
197
94
115
193
37
98
114
85
131
40
72
24
46
40
22
220
199
68
83
249
92
5
90
52
188
2
22
397
83
123
10
273
76
24
37
90
97
37
58
246
132
17
59
262
66
20
58
41
94
121
17
110
37
16
87
6
368
25
15
1
109
36
19
10
8
12
60
10
25
254
77
21
65
319
26
37
54
78
211
186
231
80
2
106
31
70
37
129
86
105
320
118
129
72
55
112
217
230
8
225
495
16
253
14
57
83
30
382
123
77
232
45
190
130
262
18
78
115
294
248
241
264
14
404
66
253
42
37
74
28
12
78
48
11
56
46
407
88
115
31
591
61
48
95
43
2
367
20
6
308
59
32
52
194
95
426
249
727
184
130
46
2
47
217
220
15
203
27
36
96
77
8
231
188
120
20
69
131
95
121
85
407
25
7
64
51
66
48
223
419
371
303
48
215
322
108
38
522
11
185
108
447
1
56
24
48
25
48
54
217
220
276
81
111
276
42
74
325
119
92
112
389
21
84
709
85
106
318
379
119
75
29
86
28
92
55
83
413
36
91
529
100
72
210
74
311
78
228
703
391
79
31
26
33
189
103
50
236
111
294
272
102
49
23
30
16
197
124
43
261
483
287
186
81
283
120
124
25
1
4
22
36
2
4
15
18
78
32
114
3
375
323
202
48
10
67
593
104
26
7
19
43
67
534
1
62
112
4
91
20
32
10
53
413
10
62
129
96
531
605
11
333
64
17
36
44
11
115
92
23
125
28
10
41
403
113
24
119
50
257
4
32
24
27
27
240
387
37
35
325
219
119
118
28
419
43
53
4
454
191
5
464
28
14
196
18
370
264
2
49
14
26
87
126
5
494
21
201
75
207
123
566
66
3
226
229
29
202
28
7
6
48
121
50
26
74
51
225
21
49
105
300
190
255
41
224
469
263
42
37
248
195
21
43
81
596
209
94
208
93
198
96
94
14
93
30
67
44
7
297
206
27
252
103
89
777
66
32
387
80
22
119
39
23
71
91
90
556
64
6
192
190
85
90
246
22
99
23
60
57
62
30
402
212
48
620
199
26
77
376
193
48
25
99
37
94
191
43
28
61
32
9
225
374
31
131
12
23
236
87
78
72
59
83
27
92
10
46
262
212
42
218
249
113
206
24
42
21
129
10
195
122
208
5
189
263
22
207
69
13
7
40
106
34
61
530
234
269
2
197
275
106
310
107
91
129
20
403
216
30
305
55
304
17
59
18
228
20
204
213
14
53
11
57
189
33
52
275
82
100
80
27
14
111
31
24
56
1
36
369
240
207
193
29
59
128
35
206
63
33
200
195
122
97
100
19
100
248
13
256
91
44
53
43
233
516
189
317
93
127
106
20
30
3
6
19
227
199
9
27
108
41
65
396
212
108
462
191
289
19
36
129
93
249
65
7
40
12
66
55
188
37
750
568
593
6
189
236
9
269
21
53
33
33
34
8
455
211
123
39
120
188
87
374
37
612
1
103
208
80
128
109
264
96
281
3
45
40
208
54
38
319
25
37
515
39
32
186
37
35
35
263
115
219
8
39
16
400
95
8
301
217
94
332
48
19
92
387
51
48
40
82
19
299
98
189
222
212
114
24
6
19
255
8
196
63
106
196
519
440
20
23
12
79
94
228
396
4
285
32
47
78
84
83
63
93
419
9
96
27
391
20
68
127
28
124
3
6
191
67
375
106
753
122
267
26
191
110
63
101
458
46
85
59
33
210
90
36
57
12
187
205
16
554
37
81
70
210
28
5
76
184
43
110
75
111
186
36
443
67
5
54
603
254
66
134
20
23
40
439
29
11
33
132
32
244
123
46
49
64
11
41
29
124
116
234
21
11
16
210
284
64
29
28
113
32
90
16
27
222
113
24
61
90
41
21
29
95
40
40
118
130
69
68
54
1
10
204
270
119
94
122
44
276
101
254
43
38
234
85
448
48
52
61
40
6
51
51
47
26
118
555
76
9
221
24
62
20
62
17
65
13
53
74
42
121
295
94
5
29
41
39
480
31
84
6
30
108
322
484
186
205
375
49
41
46
16
195
110
39
99
16
10
20
102
10
3
259
210
24
3
86
9
242
121
35
198
209
9
234
22
298
44
32
57
579
7
79
134
237
57
639
402
21
19
84
10
214
59
293
335
294
335
438
61
56
85
252
88
43
25
87
303
127
22
371
51
55
187
9
194
6
188
1
12
69
215
386
237
73
213
275
67
113
260
207
650
95
22
235
12
245
4
4
192
44
36
16
263
197
62
56
98
39
43
133
64
2
9
45
80
106
70
111
311
227
193
1
84
229
19
17
59
516
10
12
470
13
20
68
31
195
34
189
277
379
325
12
20
307
374
20
28
40
67
230
34
101
191
438
217
85
17
293
56
247
79
194
335
19
111
231
46
91
49
184
64
9
257
104
48
129
47
10
401
197
30
581
72
217
1
286
122
82
7
216
373
50
65
26
5
24
242
74
251
100
8
88
447
12
57
306
113
60
132
682
211
86
796
29
45
9
478
192
124
103
40
219
325
28
42
112
28
131
40
54
128
72
3
103
27
8
13
11
70
115
48
32
135
126
380
23
5
76
25
25
51
114
93
314
84
199
21
298
128
281
222
217
91
316
98
85
38
33
273
374
184
203
80
632
232
55
134
6
23
189
57
28
56
71
306
110
197
51
23
212
426
96
254
68
264
471
212
102
16
90
18
31
39
189
33
194
287
36
19
96
10
71
313
26
288
42
13
99
10
93
328
215
127
55
197
112
11
51
224
99
123
418
119
66
234
427
187
51
269
17
254
225
62
269
96
89
618
34
21
48
484
185
193
35
514
65
81
193
20
111
36
47
73
2
15
64
675
95
62
132
129
184
184
37
18
27
17
19
111
318
76
73
61
433
524
332
330
15
53
11
2
202
90
126
65
35
191
33
24
41
48
38
85
108
35
237
254
318
217
36
93
42
220
24
405
314
271
13
117
122
11
13
58
8
107
18
18
313
319
65
40
36
42
512
27
118
91
185
24
128
93
123
323
247
190
262
61
42
22
52
82
88
89
112
13
57
99
6
269
8
195
49
384
396
245
297
13
29
93
119
247
21
60
674
483
297
225
15
474
54
12
3
9
197
60
84
105
299
5
4
56
116
11
432
105
85
31
108
263
58
458
262
53
93
16
94
93
284
21
26
126
455
295
42
246
8
113
217
189
125
28
75
209
27
76
46
88
94
391
25
83
680
31
95
69
79
38
11
193
4
98
40
35
53
27
32
53
40
306
48
68
94
69
10
372
29
70
198
60
87
76
53
224
1
89
269
268
197
40
234
374
18
103
119
116
44
120
478
261
705
24
103
216
16
22
245
65
191
14
93
18
63
35
126
14
34
117
7
36
79
105
84
2
19
48
287
247
728
237
67
470
10
195
22
120
15
194
106
48
70
107
259
32
243
100
241
34
207
229
4
5
250
132
71
32
319
49
65
101
220
205
27
30
39
123
73
39
268
60
21
285
309
29
1
43
308
311
46
472
403
527
28
81
60
67
128
276
129
72
114
105
104
94
77
86
26
63
16
9
6
234
209
71
297
9
91
3
26
262
78
3
99
20
8
225
291
1
16
269
230
37
77
242
111
20
59
81
40
220
109
264
29
99
91
404
115
35
132
3
49
42
68
54
249
246
411
49
255
184
271
11
48
237
29
217
111
116
228
81
239
34
25
28
7
115
325
249
132
82
191
261
37
46
43
109
74
25
18
3
281
71
187
293
38
193
11
57
43
51
286
15
56
16
471
85
4
134
37
78
317
231
38
124
95
51
106
57
92
14
39
46
60
565
31
106
8
96
117
63
63
96
86
57
241
184
276
27
110
23
126
62
9
41
436
467
19
61
114
9
120
14
15
587
27
15
37
11
1
123
105
7
4
202
110
215
13
204
2
327
81
209
106
185
326
30
207
199
75
61
62
82
39
50
22
25
47
226
521
51
204
88
3
39
72
94
38
21
437
25
680
134
35
66
35
29
184
62
235
187
105
80
45
579
44
88
221
63
127
229
25
121
241
121
27
52
46
31
53
202
20
25
18
73
278
43
33
263
52
246
495
98
228
12
45
199
35
192
18
334
34
65
8
111
28
36
10
92
224
31
133
315
134
71
7
113
131
84
59
289
235
299
131
47
208
445
68
118
89
46
31
60
13
90
186
81
127
10
87
109
22
120
69
198
5
22
88
72
134
134
115
216
16
38
20
25
60
17
19
71
189
133
100
66
48
35
240
280
8
17
257
68
128
78
12
23
32
237
468
64
99
37
4
124
28
119
1
20
86
51
131
111
416
246
32
186
12
36
55
17
126
31
4
69
312
77
287
260
198
91
15
2
4
9
258
83
66
448
65
36
6
65
205
641
502
19
81
310
267
47
313
2
285
56
249
192
417
59
296
42
299
52
80
19
36
244
57
19
27
264
248
28
60
25
196
28
226
76
40
59
269
39
11
283
309
78
190
77
35
1
500
12
229
107
38
51
1
193
259
127
132
270
390
71
3
45
67
13
30
12
206
131
79
40
52
33
275
387
98
38
6
99
70
15
113
28
39
294
124
35
389
25
70
133
186
26
480
60
84
22
76
303
135
424
108
207
19
22
192
293
256
264
190
558
13
102
293
302
253
39
9
266
6
407
91
20
40
40
72
308
133
77
60
194
409
91
125
59
259
64
11
46
228
89
57
187
33
18
15
22
190
195
7
484
118
13
216
60
16
282
386
82
93
96
119
15
6
88
48
8
82
85
86
89
85
29
7
18
118
24
45
93
53
101
201
418
191
410
185
380
274
204
40
48
384
35
126
125
221
96
112
61
1
19
117
91
499
72
239
95
93
113
64
117
66
273
191
197
30
58
67
110
400
212
70
81
67
242
62
61
236
53
90
33
15
2
10
64
3
42
132
130
59
10
410
42
11
259
271
272
99
196
252
134
6
27
19
71
80
29
61
29
480
459
31
112
50
59
56
330
15
14
7
22
101
189
103
29
2
43
72
33
70
410
105
78
56
7
36
262
30
195
51
117
55
65
380
26
266
134
185
124
84
94
524
81
375
49
27
14
111
386
133
80
1
189
64
331
310
67
103
113
190
18
88
211
402
319
108
2
245
98
74
31
1
245
94
19
105
132
8
423
27
18
24
200
5
244
21
17
8
220
118
112
246
72
15
333
406
392
64
53
22
278
120
25
81
101
102
14
276
199
290
217
21
30
5
89
186
39
6
227
56
190
17
31
131
120
222
135
64
278
423
101
129
33
89
70
22
187
270
70
16
95
3
18
40
116
220
90
53
96
37
81
44
28
14
514
4
4
10
22
25
83
134
100
439
31
6
23
8
35
25
112
44
47
117
42
295
238
103
89
106
2
189
14
211
50
191
115
74
202
14
70
13
81
68
194
76
21
118
328
4
55
79
232
70
207
110
82
48
262
15
184
43
266
119
256
124
72
13
54
48
626
482
73
109
7
26
552
304
186
73
8
416
120
86
37
206
19
58
70
423
273
217
2
286
322
114
130
125
1
73
83
77
199
7
96
263
6
4
259
73
46
286
18
63
70
191
79
35
247
8
96
132
199
492
333
78
55
11
27
106
210
125
99
91
104
241
5
71
118
22
133
32
18
35
83
245
238
131
194
230
93
202
41
370
39
100
48
278
82
66
74
24
18
23
455
286
73
10
776
371
301
1
78
122
118
5
113
909
116
80
86
17
204
509
95
199
104
41
15
220
47
39
104
4
189
319
95
229
98
373
15
233
32
57
241
8
31
94
24
61
9
63
190
26
81
531
16
239
214
232
312
68
292
220
30
55
5
269
6
39
36
230
101
327
198
189
270
855
27
230
771
1
629
81
69
121
68
3
51
397
210
319
656
3
441
129
104
6
72
29
116
66
109
24
219
33
14
381
55
77
53
2
46
52
278
326
36
54
12
222
118
258
297
64
28
6
68
405
89
45
192
193
211
329
46
232
8
272
214
739
94
199
18
56
29
406
239
504
29
306
47
48
60
291
99
60
125
82
262
726
68
102
225
95
17
677
252
41
57
9
26
97
6
245
74
32
63
91
203
16
15
285
117
47
368
75
71
505
25
26
110
317
257
207
271
27
53
404
56
3
76
6
30
54
3
97
59
606
84
46
268
13
246
501
228
108
5
86
120
231
3
39
268
46
211
84
135
282
311
314
91
50
104
67
77
102
26
111
30
4
94
49
55
391
2
186
111
79
78
78
228
11
207
8
617
386
198
584
211
47
227
188
92
39
126
25
32
85
16
189
50
43
288
231
2
13
196
72
268
51
10
196
3
66
52
187
19
90
106
39
26
12
40
79
19
6
217
41
13
4
14
197
6
198
254
73
82
77
62
98
23
54
93
405
126
81
50
77
41
62
34
24
97
124
18
44
252
47
439
104
135
1
10
553
223
119
322
20
52
236
35
46
371
95
23
203
128
54
121
326
61
367
12
36
227
262
237
188
236
120
2
37
55
17
61
57
42
98
39
406
248
505
93
45
10
134
2
58
11
21
565
76
244
13
36
33
104
80
73
198
224
70
313
122
112
66
56
102
47
91
298
65
43
42
240
460
558
248
226
6
246
117
5
33
77
187
510
49
50
36
38
254
11
82
216
27
460
59
5
92
287
43
125
13
234
415
23
405
108
115
83
502
442
49
83
14
22
42
82
33
246
261
328
57
220
72
310
31
429
15
524
7
380
40
22
33
36
118
481
41
64
413
40
42
8
42
56
85
19
49
118
25
25
320
121
68
203
131
320
507
227
93
18
3
194
65
291
301
11
106
250
262
301
193
84
371
2
223
45
92
7
241
334
515
97
104
129
43
27
38
16
195
253
73
432
57
67
37
28
298
129
70
229
193
8
39
93
101
112
33
46
26
215
9
48
109
4
114
25
39
7
27
5
212
43
48
215
276
25
24
258
30
29
76
29
32
197
112
67
5
56
50
69
3
35
291
91
37
6
488
1
78
121
678
131
99
318
82
65
45
210
9
62
81
29
39
47
223
94
470
26
22
283
105
204
29
184
197
190
431
45
221
120
16
40
54
10
4
19
47
93
66
36
83
38
230
54
302
1
129
244
97
107
46
78
89
24
89
90
287
324
414
9
319
221
52
213
71
283
103
99
212
42
125
58
91
53
336
128
87
80
16
65
