90
85
42
212
232
275
53
44
112
47
154
259
187
113
272
11
344
17
152
205
247
606
395
172
152
311
52
496
189
87
439
2
518
187
119
59
308
190
8
254
2
275
394
335
99
291
105
3
490
132
113
453
133
4
77
59
202
70
41
98
864
69
136
179
142
109
83
395
172
49
65
72
29
368
364
368
52
4
65
607
162
1263
58
17
534
157
188
18
211
94
19
27
54
52
282
91
220
115
60
35
13
217
168
440
606
15
295
471
61
365
79
44
157
331
231
23
162
38
139
120
31
27
70
31
260
89
95
109
120
62
384
77
192
7
338
35
568
82
115
209
120
33
219
547
360
145
443
78
322
17
22
95
12
6
199
42
1084
142
58
532
99
189
7
232
21
328
328
98
115
16
383
198
103
25
358
45
117
334
28
591
402
161
1359
40
165
184
304
162
76
173
50
4
216
230
50
119
76
159
64
187
904
469
26
30
1121
679
11
1264
83
48
323
143
214
320
60
289
50
258
9
1
89
37
164
4
221
280
100
23
73
53
57
11
268
140
9
301
75
46
6
332
551
12
173
25
161
31
83
127
104
25
385
51
259
371
72
110
65
408
590
54
150
58
181
61
45
279
83
222
195
113
61
45
74
190
163
296
119
16
70
179
41
77
8
310
202
218
112
373
394
34
240
466
62
14
65
96
5
131
66
172
201
64
135
100
93
325
434
549
146
95
42
353
52
268
30
6
244
362
36
123
33
115
84
30
48
78
3917
505
338
29
615
190
52
21
61
52
127
469
62
90
274
101
526
32
19
32
256
405
66
65
133
103
391
120
8
3
13
98
118
91
121
261
249
22
63
65
7
91
417
529
19
472
160
40
395
230
196
27
22
257
224
303
325
278
834
240
51
76
491
411
193
248
20
54
53
90
1092
63
308
378
578
526
116
15
300
56
64
7
10
12
160
1
6
171
46
104
154
111
616
270
11
150
696
165
373
26
46
10
18
242
212
595
418
123
200
331
180
258
163
351
229
385
36
14
14
5
368
23
24
39
68
124
572
102
248
21
271
43
433
315
34
157
201
6
163
79
171
40
56
96
106
741
97
168
138
3241
253
417
308
1
57
276
114
78
47
89
240
320
50
328
90
445
59
28
240
117
228
119
122
43
29
131
614
588
19
235
347
182
149
298
528
28
844
21
6
32
86
86
140
519
15
18
288
59
79
125
42
306
477
33
41
14
180
310
37
15
646
10
61
236
652
3
99
311
134
141
101
41
129
130
62
412
98
208
130
18
198
21
25
39
175
47
33
3
23
144
567
102
234
749
128
58
172
59
4
31
33
484
46
270
35
16
188
229
5
199
40
12
177
101
202
156
31
80
348
116
426
124
121
109
281
262
8
73
24
130
76
155
71
37
252
566
123
519
39
223
6
113
26
376
241
16
138
44
68
30
6
128
65
52
3
46
204
150
269
85
93
9
704
184
50
252
12
202
36
89
41
303
245
107
60
100
312
32
364
26
137
313
68
1
8
77
55
50
696
24
71
74
179
51
258
530
6
7
164
45
139
68
136
45
58
38
13
102
4
13
1
12
81
201
162
285
19
45
51
108
34
41
78
8
39
638
39
94
556
114
104
255
581
39
38
117
407
99
71
55
205
45
116
115
26
203
47
24
255
151
163
163
163
83
82
602
23
116
270
182
12
5
171
131
494
7
261
360
44
87
21
132
52
106
91
240
62
255
237
32
86
15
92
27
102
134
51
1
101
5
138
116
167
135
36
21
821
42
205
58
268
338
23
192
107
222
270
677
3
342
7
36
143
124
12
144
185
39
204
379
252
12
6
217
19
46
153
75
65
13
84
71
389
26
209
52
58
110
155
91
20
86
83
237
297
376
596
10
216
26
47
111
65
50
24
147
192
34
115
346
182
114
158
345
202
90
160
838
525
288
185
309
147
255
42
303
256
102
53
5
78
271
228
284
19
207
261
108
134
177
41
458
4
128
23
93
16
93
21
58
87
838
58
131
61
83
44
12
92
10
31
197
45
7
206
48
6
23
260
302
171
142
227
16
28
75
39
40
9
784
278
52
102
209
23
5
51
130
154
265
240
53
70
417
188
20
75
149
220
77
195
4
49
32
78
8
432
115
142
3
47
5
134
233
388
6
52
83
141
65
239
172
30
120
120
368
161
391
55
16
31
119
221
962
120
125
166
28
649
87
492
78
75
70
301
55
373
45
215
1768
342
88
64
300
25
164
131
101
56
388
256
163
365
1
1
148
159
13
109
43
46
16
66
55
138
93
113
264
4
290
44
84
79
451
103
70
20
111
316
111
175
112
1
285
289
335
59
456
51
76
56
202
313
61
43
49
119
273
14
229
77
89
40
30
43
64
74
278
179
72
665
119
73
124
289
116
112
350
41
47
45
169
593
3
66
434
113
73
4
128
20
309
226
72
252
47
294
102
413
31
75
2522
42
168
181
18
29
143
83
192
383
8
1
304
55
332
18
249
55
148
135
204
58
11
13
50
96
8
8
169
76
234
10
227
203
132
15
1009
107
14
351
243
218
149
162
240
110
62
236
55
63
48
87
133
4
7
398
86
163
136
56
433
46
169
94
176
345
29
89
183
436
74
370
187
234
140
175
65
294
116
140
881
96
68
13
252
155
136
267
220
179
30
302
120
86
61
621
93
199
128
174
235
59
106
200
113
43
116
4
493
92
37
293
43
131
244
117
9
238
79
33
1023
603
18
266
5
176
64
469
256
124
74
119
1130
49
167
317
274
194
19
172
83
99
121
50
146
18
192
98
32
26
9
30
105
257
87
337
33
20
104
83
75
276
16
127
206
115
123
92
176
112
244
13
97
1754
670
184
209
83
448
262
58
67
1
123
224
10
319
292
358
63
148
264
46
139
332
215
178
726
621
156
242
79
531
34
151
332
63
200
14
338
237
145
10
17
94
330
72
307
85
23
41
230
85
24
140
75
90
50
140
218
16
201
196
19
12
666
7
159
63
195
193
19
216
83
41
204
208
211
156
291
40
125
331
119
308
66
168
319
1
182
162
218
144
1410
3
30
38
20
206
5
65
44
102
197
313
357
278
73
97
40
263
36
125
203
125
434
43
51
159
191
129
91
505
40
79
18
28
2
340
101
274
5
107
40
134
126
238
164
28
55
104
32
230
367
39
42
135
193
29
33
303
105
70
15
137
69
245
194
191
178
33
9
81
157
324
133
77
87
135
210
98
92
52
224
73
184
28
45
164
135
183
202
87
293
45
304
29
126
98
161
213
149
236
122
258
113
40
94
476
44
191
413
130
268
196
4
173
46
210
8
179
38
49
92
73
286
55
574
95
93
320
254
233
80
30
21
27
124
14
298
450
52
33
24
455
59
170
46
375
202
80
88
178
144
119
240
17
180
307
136
3
55
83
55
27
40
41
471
59
66
8
404
94
33
30
218
195
44
120
9
89
371
112
122
453
239
41
142
247
119
104
141
10
95
403
193
90
116
209
10
269
81
75
93
51
310
881
131
238
238
14
511
4
17
156
12
49
163
101
203
446
73
24
61
65
94
355
916
719
25
84
155
255
3
187
186
697
41
95
98
238
79
226
15
135
81
107
158
258
140
120
184
56
31
43
80
17
147
144
159
1678
95
32
4
145
52
13
402
240
235
3
28
420
156
91
274
238
6
90
74
3
140
87
153
58
65
84
112
100
110
156
40
86
185
20
124
12
9
121
416
19
206
314
12
22
85
273
23
254
75
83
359
4
152
85
133
79
148
10
148
72
109
122
111
451
17
133
46
153
131
662
366
139
103
212
77
34
72
168
189
27
5
76
295
40
16
123
55
125
5
343
395
40
1343
63
29
11
89
416
93
86
119
256
143
193
70
108
88
60
100
17
211
230
61
203
1
54
102
74
243
269
57
21
207
278
23
18
18
388
126
242
4
21
1
117
249
114
657
231
17
91
375
894
614
118
37
945
142
248
53
372
65
51
6
339
180
11
44
247
6
461
34
93
444
62
6248
28
118
198
176
40
257
231
335
133
118
148
22
190
53
72
212
923
385
29
54
93
97
77
353
49
187
95
115
20
92
582
10
220
370
23
112
35
12
120
176
84
75
311
22
28
78
501
61
121
10
107
96
58
130
140
228
284
4
132
355
91
19
178
15
187
133
182
174
270
226
127
232
26
254
145
16
24
251
166
14
245
85
125
72
162
180
100
203
68
17
10
47
715
31
128
138
31
27
95
4
208
117
742
145
55
88
625
388
87
314
45
32
149
100
507
23
83
208
438
86
36
61
153
89
69
78
282
120
275
46
9
1210
173
79
228
202
265
107
22
289
24
62
358
21
116
59
705
147
76
1
69
277
186
124
19
167
28
357
217
20
137
34
268
162
156
105
134
504
11
2
75
83
89
142
348
97
1705
151
92
48
81
34
17
181
179
7
453
346
66
155
31
103
169
63
66
34
310
224
112
35
76
358
594
62
27
21
364
87
22
448
126
321
311
97
5
44
56
115
25
874
19
101
2
325
37
254
77
37
322
2
118
96
182
13
21
263
55
213
94
48
99
53
155
3
21
8
124
19
96
71
206
343
156
158
144
179
101
163
153
408
158
281
9
34
20
139
19
112
20
202
56
61
61
231
74
88
195
214
103
67
155
28
419
194
375
198
32
28
234
48
33
428
211
216
20
6
213
15
217
129
75
40
214
121
150
221
195
101
94
81
99
151
81
281
85
81
100
224
249
257
20
148
12
13
109
85
51
172
5
126
88
170
47
156
62
258
529
199
91
55
29
823
2
109
178
238
175
188
77
204
153
92
239
316
17
47
944
364
518
5
313
89
13
237
30
12
49
242
127
254
32
1
465
159
382
429
633
67
208
180
23
341
519
34
151
81
52
500
190
94
649
34
3
225
38
99
145
56
52
426
230
84
195
74
120
670
198
123
133
113
114
162
205
75
104
61
221
22
65
59
151
73
15
68
25
186
35
54
465
46
76
247
23
77
6
356
237
13
356
65
170
9
22
29
17
7
67
511
33
764
65
295
118
185
117
169
94
94
41
94
121
89
41
29
429
246
146
237
181
21
57
177
35
39
154
598
287
397
170
164
39
38
178
5
255
330
197
240
282
207
696
105
114
500
96
96
147
920
263
53
245
50
46
333
18
468
26
6
115
268
58
23
64
39
50
204
206
227
62
325
284
176
350
94
372
283
30
48
125
36
69
44
103
44
81
220
29
479
73
12
22
463
231
78
118
65
71
163
184
86
110
161
70
45
19
284
519
66
84
96
44
11
4
438
166
204
276
311
250
16
204
102
470
100
127
152
118
320
25
57
168
139
115
100
79
6
229
313
68
97
176
16
111
621
147
17
399
74
90
78
359
335
162
107
211
165
333
24
127
469
116
178
86
16
87
35
306
294
69
414
92
214
37
340
530
39
181
100
58
50
491
24
107
217
240
530
237
373
190
151
22
137
237
82
75
10
1
15
494
166
284
33
123
235
20
138
379
248
45
67
16
220
129
30
180
240
340
6
341
1
123
237
48
644
6
448
121
43
187
59
70
131
28
106
384
18
601
132
40
2
183
401
168
6
323
204
118
1
4
6
83
144
224
45
66
21
139
143
219
2
136
6
220
29
17
306
141
262
29
211
303
61
108
280
137
62
1003
237
222
97
20
5
72
139
14
51
236
97
327
347
112
82
41
114
60
518
149
98
346
33
149
435
144
173
215
486
240
121
100
53
235
56
248
192
151
188
35
534
159
64
75
502
480
186
42
20
76
58
66
82
13
174
301
59
203
66
66
7
80
140
619
69
20
413
690
171
4
666
24
91
89
17
8
52
32
109
57
19
30
64
61
337
58
75
237
64
95
292
49
11
435
73
130
90
29
240
20
94
296
210
62
114
248
417
23
80
75
24
13
590
21
397
118
257
12
23
667
62
96
19
66
333
178
376
65
257
100
68
204
113
114
8
22
87
27
278
26
421
106
147
1003
210
6
41
83
833
165
185
14
69
220
439
32
16
98
108
83
116
358
177
104
159
81
42
61
215
366
245
112
121
611
75
9
157
419
150
1
69
367
80
101
165
137
2
218
35
148
267
58
12
296
157
47
22
113
13
63
263
237
103
80
39
160
810
125
194
48
40
179
184
83
21
257
167
115
792
807
570
155
36
62
4
474
339
121
255
212
147
249
13
267
103
743
317
54
118
151
6
422
22
85
84
76
273
41
53
107
229
62
151
333
37
68
94
82
254
57
19
110
86
121
85
22
64
47
87
123
343
122
192
57
294
25
160
84
290
67
21
255
32
194
91
102
236
116
40
127
149
504
25
33
73
10
332
64
108
194
55
132
211
158
218
88
23
658
108
82
70
90
117
205
92
330
16
36
99
4
133
196
208
286
304
44
228
103
423
210
77
82
144
794
94
184
97
126
340
49
298
182
78
180
518
142
26
48
64
277
285
135
82
187
51
105
224
61
36
169
25
94
134
39
346
81
237
13
49
61
336
643
17
60
467
37
204
38
241
46
68
5
250
203
14
71
424
136
63
5511
118
161
434
6
154
94
414
36
34
293
1
55
157
165
62
125
271
148
149
90
227
283
403
56
78
102
21
7
66
161
26
271
102
105
157
100
93
237
113
61
99
41
473
68
105
42
91
167
31
3
3
67
23
248
92
49
7
76
90
6
73
129
387
19
105
408
205
303
155
12
88
160
353
104
190
384
564
426
12
130
21
398
194
99
169
35
266
54
16
74
95
34
283
69
36
34
306
24
137
187
172
67
199
40
44
24
20
197
212
13
42
662
335
10
226
32
26
178
216
96
41
173
137
120
20
341
22
4
96
460
165
77
241
284
128
163
226
206
349
242
192
18
248
74
111
96
51
338
54
316
677
99
45
49
202
63
39
1
186
118
8
45
20
29
93
52
193
189
112
79
250
270
218
124
69
17
179
191
53
311
15
133
71
119
40
29
174
34
41
129
230
410
211
63
82
257
84
185
62
61
102
19
202
34
149
221
62
228
97
99
38
275
205
34
184
760
255
171
82
46
331
207
17
237
180
438
231
284
235
20
9
175
484
12
125
255
45
123
54
313
2
173
243
17
234
1108
131
39
33
380
6
57
10
329
30
206
31
1243
50
94
93
134
133
228
188
48
95
681
305
106
37
397
49
108
21
9
283
186
114
30
241
44
304
175
56
127
78
57
525
162
464
521
115
33
49
119
143
131
302
188
64
211
56
111
75
359
24
474
133
320
43
106
193
65
59
36
213
36
13
145
82
293
475
766
29
569
401
168
20
235
10
10
10930
9
332
101
15
27
219
143
95
36
35
422
162
113
29
299
225
410
81
246
382
285
152
169
139
101
1005
75
92
87
146
125
26
192
434
10
453
49
384
72
1
402
3
537
44
126
383
60
5
464
1
112
179
74
70
86
260
578
134
50
35
284
166
90
36
132
223
78
22
219
386
10
103
157
8
87
116
246
271
56
10
198
48
251
125
276
106
41
136
7
318
239
30
42
53
74
33
257
15
299
73
641
189
176
32
212
74
86
292
313
206
412
10
351
216
167
191
40
114
44
52
349
173
171
120
12
129
93
93
294
106
588
81
145
94
5
174
190
194
13
462
194
287
382
51
636
90
308
96
67
18
85
107
1326
171
191
233
159
78
45
91
112
241
86
290
57
176
15
44
312
264
6
97
51
118
252
131
165
3
44
329
27
513
79
66
8
43
71
4
15
74
25
706
46
11
83
626
6
376
198
184
138
204
445
209
14
669
333
28
26
160
367
9
156
98
119
757
113
187
24
21
67
483
148
42
75
85
252
3
393
9
65
198
535
6
85
94
269
44
407
208
202
43
497
4
137
111
120
392
78
103
15
309
271
46
378
64
11
121
136
203
1
373
192
59
10
40
177
36
28
20
14
115
30
375
415
160
267
112
43
50
97
203
82
5
12
243
170
28
295
32
9
453
311
75
23
471
123
58
23
141
83
4
136
151
110
122
393
10
43
77
32
38
147
53
196
331
273
165
178
4
29
21
359
34
33
770
563
28
315
1090
13
210
428
255
541
39
340
45
238
174
473
8
82
214
239
73
150
255
14
91
41
202
81
67
217
239
126
58
3
147
84
32
209
543
79
9
31
44
1462
54
568
26
293
24
184
569
52
592
100
88
126
48
32
524
485
72
25
8
66
24
311
85
154
87
135
357
45
140
5
3
127
17
366
289
130
16
63
305
151
144
175
116
237
445
40
458
130
40
54
13
61
32
21
235
242
5
45
219
113
73
4
5
2
442
6
171
326
323
5
56
41
228
29
203
27
2
145
14
456
29
343
190
372
103
163
217
399
84
638
137
459
190
138
75
6
232
93
50
390
163
13
11
20
64
10
86
119
217
37
58
70
51
151
56
160
144
79
25
124
63
182
56
105
6
57
89
21
262
215
52
78
365
179
109
100
12
108
446
83
18
170
219
220
7
368
28
12
121
34
81
14
66
156
44
177
40
77
101
157
92
122
51
102
210
345
28
238
174
180
60
138
78
264
14
220
91
41
82
217
3
226
66
17
21
38
41
174
160
8
252
139
75
13
171
42
159
364
122
19
101
223
44
24
74
517
198
559
124
164
160
646
283
107
24
13
31
243
223
583
136
115
5
77
77
141
277
72
62
42
121
169
6
93
412
25
154
95
118
52
34
93
1
18
84
179
78
197
204
183
99
876
58
117
72
3
214
183
6
14
86
365
195
46
23
18
1
23
88
42
10
30
268
213
106
434
43
41
82
44
483
12
134
138
79
65
15
568
307
268
1153
288
50
12
177
453
306
62
74
19
31
171
230
303
40
59
27
180
20
57
778
121
73
101
104
62
72
395
111
11
117
181
288
21
104
22
43
44
112
102
343
1149
55
164
135
3
19
72
89
313
85
175
141
252
240
147
398
157
3
361
103
26
42
168
1
7
3
177
14
193
13
33
372
117
124
61
39
356
181
720
184
207
46
16
154
159
393
392
272
86
212
285
80
165
420
68
14
15
397
155
42
178
8
328
32
96
32
1841
301
61
106
67
35
194
42
157
48
31
56
73
108
176
153
341
5
46
15
33
16
54
276
70
27
37
46
169
311
179
22
135
150
29
81
202
140
49
23
87
171
237
49
38
41
19
71
498
13
824
59
220
162
51
70
149
142
34
41
31
57
30
88
120
7
491
6
113
58
17
80
347
40
22
38
215
179
248
384
536
76
174
283
148
157
606
379
10
129
793
46
94
177
145
213
68
150
121
287
63
155
74
69
140
77
431
218
86
43
113
120
381
5
29
554
109
23
263
728
76
99
153
6
172
489
150
84
48
82
244
104
54
54
28
134
53
670
39
282
215
47
91
190
51
161
110
307
78
37
221
483
118
123
65
17
406
248
39
3
82
151
217
25
306
210
272
25
160
247
386
378
62
186
146
69
31
27
16
35
76
200
104
10
122
96
353
133
22
119
252
371
170
701
65
128
88
12
200
79
397
163
18
302
340
220
526
133
276
59
14
356
202
423
209
17
218
226
40
86
27
24
9
30
352
155
195
318
352
404
39
127
29
183
196
110
76
33
178
36
61
76
169
54
84
148
78
6
168
553
33
299
20
47
244
124
11
174
58
113
41
8
123
93
22
537
99
202
28
195
152
218
88
133
342
123
36
406
20
131
237
178
1684
444
24
267
33
52
41
35
256
47
555
1
452
48
138
8
34
112
98
328
488
66
51
30
398
617
54
53
1013
69
19
217
643
43
164
59
287
264
75
46
160
82
118
281
56
121
200
209
117
30
82
264
23
33
23
65
302
208
119
55
63
207
348
297
6
106
446
38
487
106
129
156
90
43
268
282
263
44
498
264
145
340
745
259
594
155
151
246
20
59
1
161
67
37
18
61
99
18
30
360
73
67
2
122
244
46
155
72
78
8
72
623
8
424
180
197
166
117
72
10
39
929
28
327
529
204
59
36
92
231
23
40
327
70
275
55
375
223
5
42
298
102
512
201
20
34
178
6
31
119
19
60
128
39
77
245
5
314
265
39
46
51
58
102
39
290
24
195
29
529
165
30
261
25
22
221
290
41
49
574
179
77
23
22
28
133
174
198
104
150
97
298
130
168
450
522
249
195
86
14
9
241
291
124
304
139
339
56
44
125
3
75
11
8
46
233
264
157
210
45
46
32
213
151
862
93
133
485
168
8
11
205
84
1479
17
93
422
31
591
121
124
72
159
153
211
203
63
16
106
11
2
155
150
142
20
29
119
54
242
21
107
24
18
11
10
568
174
165
260
47
73
827
38
92
338
48
254
9
184
44
150
350
173
103
6
60
29
316
1
149
70
798
28
343
251
49
110
6
68
41
313
167
150
256
127
442
94
140
160
118
204
683
42
3
305
225
113
120
225
391
109
248
224
14
19
217
288
93
99
146
12
167
74
29
179
365
30
33
95
241
217
179
34
87
96
488
147
326
28
26
239
363
215
491
173
69
40
87
2
269
68
123
196
318
5
370
255
315
297
162
25
135
332
65
83
141
128
180
18
132
81
163
400
243
22
81
53
75
57
193
88
21
148
125
48
5
906
133
128
16
174
63
23
10
237
510
81
323
621
301
86
51
175
12
605
256
107
99
7
162
73
303
270
17
346
372
37
10
75
149
56
13
133
79
115
35
101
144
393
59
347
93
94
377
257
1
230
230
45
160
71
226
199
213
14
506
217
19
33
128
201
222
165
424
327
117
332
72
69
66
70
133
55
53
892
478
443
142
91
129
148
70
13
105
27
438
41
47
114
229
265
28
102
303
67
160
312
78
182
241
173
184
82
23
486
98
63
215
119
109
30
241
190
51
167
301
7
77
1
39
55
40
156
106
3
2
189
149
44
12
71
60
23
85
211
305
197
239
13
279
93
438
167
262
31
50
144
17
70
17
242
24
195
362
119
10
131
52
67
663
58
157
638
170
387
24
230
301
74
58
41
116
10
2
24
27
317
36
310
443
152
282
416
17
695
119
23
245
84
25
125
3
13
341
67
286
478
452
111
21
22
428
60
36
199
83
139
110
117
138
62
75
22
167
237
209
22
341
76
111
41
88
278
107
77
392
1373
124
273
164
89
191
39
34
285
57
27
110
29
30
3
375
16
377
211
61
171
160
102
63
98
223
303
40
48
114
64
230
15
2
133
13
22
23
282
249
16
42
170
98
184
255
391
345
80
336
176
31
14
137
38
80
149
28
8
177
127
221
439
135
235
535
40
170
29
125
74
73
479
1
568
35
37
8
193
78
80
249
21
118
608
105
119
308
1
82
45
59
163
269
204
62
127
152
40
418
288
410
272
1
72
203
62
10
88
8
525
81
252
34
56
506
2
91
475
302
85
64
57
21
56
7
66
106
159
29
180
286
73
123
191
9
148
232
17
111
404
399
28
24
400
160
106
241
28
2
30
86
330
128
13
347
14
279
187
10
31
278
176
5
30
168
106
333
249
272
77
6
706
404
33
194
71
738
155
210
70
2
271
32
69
463
343
138
102
234
39
285
253
225
393
80
17
288
355
10
253
128
11
489
17
6
40
4
66
444
14
89
51
209
35
218
147
4
518
156
1
78
192
526
125
28
62
55
340
18
132
23
17
230
177
159
445
616
53
66
43
277
23
84
52
107
226
104
20
748
23
99
14
83
81
25
218
181
160
115
19
53
113
608
149
4
22
11
6
92
211
263
354
40
74
108
337
367
21
48
218
7
222
42
104
141
177
422
109
18
37
422
193
29
161
47
228
33
441
360
64
39
133
35
308
384
163
89
89
65
148
152
31
182
2
141
242
273
197
77
120
177
129
101
46
104
110
319
53
260
56
143
37
293
16
169
25
113
103
45
145
227
974
22
82
64
32
43
185
79
56
140
336
43
4
568
50
193
29
765
59
114
131
192
41
477
80
511
30
97
409
102
117
157
249
5
109
109
21
88
19
87
214
5
196
117
133
172
263
365
11
377
17
14
179
136
222
117
31
173
105
89
16
114
8
47
50
362
259
73
670
51
85
51
97
296
48
148
7
99
137
2011
24
67
203
71
172
112
36
26
397
36
62
86
135
22
200
101
585
140
427
224
107
136
127
127
245
13
267
5
383
96
238
12
20
26
286
54
198
47
172
191
35
26
234
86
26
413
20
428
122
9
142
350
13
60
158
1342
83
392
119
5
309
328
408
749
293
59
66
278
82
134
527
3
210
121
47
156
112
77
146
271
143
167
19
81
299
55
265
295
1492
72
21
235
69
5
106
98
424
11
108
92
433
32
77
77
19
14
56
58
257
452
183
332
41
145
14
187
87
217
32
364
759
20
122
406
94
29
253
132
78
1
131
16
137
253
166
34
24
396
28
5
56
64
35
1
204
62
18
199
106
61
173
11
39
64
52
97
403
77
24
44
128
5
102
9
101
38
76
231
182
363
43
82
100
124
92
45
71
77
59
60
103
64
376
928
187
198
36
154
385
28
156
27
210
413
29
38
60
131
53
39
45
131
71
37
278
6
35
274
607
14
273
145
246
253
6
82
70
483
184
183
8
17
251
113
95
47
34
66
3
7
31
109
58
207
252
260
64
485
64
33
69
152
268
501
264
205
147
126
45
137
68
53
39
22
461
71
80
298
257
297
30
170
408
11
506
109
73
17
95
200
78
85
172
65
181
14
458
72
84
118
41
88
20
72
162
158
21
267
284
102
74
684
14
48
9
1
52
958
137
10
255
168
38
20
69
69
124
96
226
95
10
280
6
463
29
37
536
174
86
20
2
52
2
45
144
781
281
283
115
203
43
43
443
400
42
108
49
56
88
62
78
33
325
302
1
6
18
102
51
190
124
60
266
2171
161
36
46
69
164
68
72
74
268
108
413
139
309
184
131
14
211
114
85
195
174
477
131
70
264
95
126
34
107
87
274
83
85
22
104
162
67
74
30
162
277
25
3
582
16
81
57
176
139
292
3
36
245
29
17
190
111
8
167
10
87
20
81
71
144
47
86
43
59
396
69
127
4
48
309
1
6
46
240
139
214
116
145
48
6
54
309
1167
385
154
69
240
244
246
77
67
49
543
29
96
2
36
104
14
15
131
97
279
18
54
539
10
177
464
39
180
389
193
159
13
4
66
362
10
247
361
33
44
94
452
43
151
47
165
84
228
121
776
136
239
147
163
42
75
55
362
16
341
185
37
412
83
60
40
338
17
82
117
56
303
415
554
490
73
91
132
239
372
75
169
119
40
279
5
91
72
87
7459
142
322
5
214
27
1241
153
134
388
50
11
165
352
8
94
51
1
382
44
21
1
57
326
307
53
465
291
97
545
157
14
15
76
16
59
7
37
83
44
173
216
417
87
134
24
355
181
13
56
339
123
328
182
16
304
48
6
82
313
41
283
67
193
49
46
47
83
70
8
154
218
464
11
322
225
58
25
24
122
44
9
531
221
536
161
114
74
127
66
26
54
103
70
31
129
267
152
114
123
52
259
57
287
21
16
233
128
77
410
64
87
11
1
215
21
69
50
159
909
56
63
173
121
100
68
171
41
323
84
68
162
125
120
141
119
94
529
186
11
6
67
100
10
31
352
147
82
103
532
20
199
228
262
284
203
375
137
151
155
139
7
81
101
237
148
372
188
69
159
90
27
11
23
11
93
78
450
413
198
292
19
328
1003
8
6
49
232
101
110
17
69
78
98
105
54
91
184
184
143
25
189
66
95
52
87
487
163
109
432
25
85
19
570
74
44
245
136
525
297
49
70
70
89
132
434
13
244
61
60
3
5
51
169
119
72
86
139
284
16
142
131
388
75
781
152
19
358
90
60
232
157
43
353
30
81
413
53
365
43
101
18
675
35
64
265
202
29
159
25
179
33
145
84
13
202
104
295
456
342
2
147
81
166
35
97
186
43
115
166
7
113
57
3
263
199
2
39
330
34
308
40
328
2430
194
727
484
89
55
612
35
13
122
137
130
270
65
579
105
179
78
31
194
415
502
9
631
151
130
64
713
8
3
122
93
196
107
31
28
24
18
369
42
7
9331
471
163
57
95
56
258
1034
13
246
148
62
127
48
31
81
107
19
30
174
84
1
15
128
87
354
161
121
60
135
319
84
122
168
1
155
20
317
209
45
2
220
114
398
8
39
2
147
31
250
80
320
300
315
212
61
310
78
170
21
105
69
117
60
65
203
77
22
299
361
297
372
389
19
87
573
34
48
16
80
189
82
386
475
99
3
235
210
181
27
84
251
222
47
55
50
226
92
93
147
28
9
554
64
61
289
26
276
101
277
52
139
6
527
44
90
45
19
449
5
134
278
163
3
82
20
523
93
139
66
102
159
41
186
385
126
4
122
99
64
219
220
142
143
101
41
71
403
192
39
12
43
155
87
43
50
188
87
1
30
196
14
399
188
89
281
109
86
178
24
197
122
357
552
33
251
167
11
201
132
6
141
5
62
8
670
170
251
10
107
509
117
375
558
503
51
2
105
216
58
129
72
240
95
40
99
171
355
55
40
243
86
6
60
20
73
220
227
573
65
18
40
20
82
29
372
371
78
187
389
31
90
39
4
193
95
413
216
94
296
333
534
5
106
151
68
167
80
126
169
235
447
79
91
132
21
822
612
346
126
60
62
5
321
154
293
202
237
135
51
148
314
34
169
58
60
81
69
30
28
176
250
144
74
117
177
108
104
100
31
3
211
1
67
8
218
109
52
125
31
38
10
14
8
548
28
337
348
162
449
174
106
178
571
126
644
43
2
271
32
226
94
21
68
120
163
34
262
244
29
256
68
626
238
14
206
36
392
34
48
65
279
1
147
222
49
949
62
237
581
8
180
74
84
108
293
364
15
23
92
123
127
121
165
94
259
219
130
67
1349
1
198
7
92
61
107
48
103
91
118
386
327
216
125
6
186
21
9
124
26
145
62
67
122
235
95
626
93
288
46
107
308
106
246
19
96
9
21
379
94
123
2355
124
8
98
14
305
16
678
15
291
58
71
25
325
69
51
316
28
47
319
132
5
86
56
21
2
45
36
175
142
277
128
71
252
70
224
88
173
18
40
271
62
135
3
299
171
178
179
261
111
204
36
147
584
9
6
313
216
23
10
154
481
289
23
196
10
105
10
140
424
123
60
424
36
114
143
54
576
8
30
384
196
655
154
29
92
61
133
77
61
81
33
62
101
122
78
9
160
238
83
268
101
216
576
387
64
4
1
166
442
284
308
603
154
133
393
64
49
48
90
35
407
10
6
294
49
38
196
104
758
333
64
448
310
36
134
93
148
12
17
284
155
17
35
207
18
169
31
116
244
36
42
209
317
217
83
507
319
115
42
56
51
25
150
22
13
304
111
147
130
353
3
70
28
87
453
90
176
237
301
44
8
180
418
176
202
72
664
108
106
201
18
164
67
12
1
82
204
269
166
102
59
224
225
67
21
141
141
325
302
39
7
18
24
48
144
204
426
73
145
88
64
52
76
854
359
160
128
246
116
100
471
358
674
25
10
44
16
347
347
124
124
79
289
339
19
67
299
141
161
91
2
495
84
66
46
395
114
87
22
53
60
29
180
207
173
486
39
159
101
50
245
12
181
92
66
16
76
1
236
147
188
146
120
345
135
323
224
217
206
368
321
227
87
199
5
1093
48
67
186
51
117
154
1
58
494
483
525
95
174
19
83
73
23
38
95
136
24
513
129
101
92
101
315
95
184
387
60
44
162
198
17
182
277
18
251
160
735
152
11
74
7
187
31
173
122
4
99
230
43
87
22
166
137
215
282
210
60
75
334
392
41
108
75
74
165
80
25
5
20
152
555
293
23
121
199
450
65
185
26
97
275
69
29
22
437
4
17
83
323
162
66
6
146
71
301
92
13
282
29
152
35
360
193
16
75
317
113
64
21
622
175
102
56
495
25
77
84
40
131
83
224
89
22
31
198
89
47
206
28
25
8
130
205
140
39
343
592
13
301
20
428
142
177
117
164
116
232
14
43
231
417
92
89
68
35
48
198
544
81
18
31
210
66
120
59
163
4
160
91
276
2089
19
26
433
210
300
348
46
468
106
53
218
66
331
66
302
2
226
117
31
38
204
11
382
53
69
95
167
5
153
452
130
208
98
93
20
157
328
43
192
299
103
386
110
409
12
40
28
81
331
380
64
91
106
129
307
30
78
1171
318
526
13
48
29
26
7
120
44
41
58
108
110
42
7
60
204
412
82
226
61
15
188
80
72
505
4
101
432
47
25
121
64
106
162
230
394
37
13
187
97
87
114
417
307
113
45
59
193
75
27
83
200
81
277
10
21
146
375
113
51
818
40
108
163
96
414
51
410
533
263
286
115
363
64
228
179
74
40
281
61
104
331
224
89
132
11
236
325
42
169
67
22
1
105
47
729
74
150
228
4
133
23
89
96
19
167
128
167
134
320
71
309
48
336
103
300
71
199
102
156
34
270
928
266
162
62
158
15
29
1
197
186
138
84
31
49
362
188
195
322
7
433
81
45
159
165
77
56
97
247
120
72
12
26
41
727
33
94
66
396
309
286
57
193
11
221
99
140
223
114
50
38
14
104
157
65
152
75
243
406
151
86
39
232
231
41
26
400
9
94
65
337
93
62
17
300
490
290
48
58
45
114
207
261
49
84
470
138
24
67
58
337
3
135
160
565
791
390
82
72
745
106
203
33
54
52
25
241
216
231
70
373
24
160
100
116
155
412
40
80
3158
64
4
127
29
62
299
65
24
108
103
49
18
339
218
166
70
510
87
281
135
187
83
68
209
249
264
158
103
619
247
107
379
234
52
281
120
65
170
38
80
4
171
212
254
201
43
464
271
261
45
162
82
102
287
58
32
6
214
112
260
4
81
344
185
271
35
9
82
8
7
59
23
100
7
449
158
367
376
239
173
15
147
72
163
65
113
116
341
381
61
243
59
131
253
152
54
176
328
192
162
209
35
24
68
24
76
131
39
129
98
150
180
256
376
208
219
58
121
68
220
135
99
28
64
252
226
12
147
80
140
44
26
129
176
460
436
168
37
141
245
38
8
55
49
60
62
115
161
62
2
114
19
247
228
225
42
136
103
330
203
85
176
85
32
34
293
66
123
206
371
428
46
101
113
92
32
312
38
169
203
33
304
100
192
117
115
197
208
32
129
261
76
12
130
309
9
206
71
253
38
29
201
208
92
204
50
110
18
311
52
169
3
131
69
2
48
4
132
116
8
206
131
1
12
26
67
11
124
14
329
73
84
26
149
70
89
45
195
403
308
98
525
14
73
58
847
88
32
53
224
52
79
260
118
111
84
48
27
733
55
278
14
148
194
196
81
103
37
1
336
450
372
43
470
394
463
475
13
224
250
618
70
33
49
41
362
97
1010
284
1
69
29
622
161
101
50
57
82
10
213
27
177
46
105
211
20
19
286
54
203
562
93
30
31
278
22
398
213
131
191
73
2
114
309
189
25
11
4
16
84
44
110
119
105
94
75
547
233
87
273
142
5638
7
117
21
30
279
130
181
637
176
36
57
5
35
145
688
32
751
58
11
322
235
40
123
59
54
1
18
1
67
35
127
24
587
471
35
139
21
38
2
68
42
375
27
236
119
140
51
42
114
6
225
7
64
542
116
428
1
543
189
71
77
180
610
57
30
391
208
139
41
25
222
92
126
37
76
256
511
212
67
27
220
180
12
396
69
170
63
16
168
4
7
32
5306
30
131
684
209
5
530
108
102
103
37
24
44
151
378
31
565
145
30
39
32
46
28
290
290
34
257
372
248
87
195
1
48
54
130
145
176
174
48
84
29
81
7
517
121
264
92
117
369
397
76
200
108
157
100
360
352
271
61
381
188
176
260
171
12
27
8
54
692
179
225
48
57
1011
174
1445
33
12
157
393
261
33
95
19
27
5
13
53
268
10
134
76
199
649
36
404
93
2
16
47
273
42
10
222
114
353
285
138
7
2
141
417
210
745
398
189
24
181
26
145
583
187
210
692
250
355
214
565
41
172
153
12
78
76
33
44
18
15
249
21
6
121
365
41
36
238
425
172
39
256
70
369
277
62
179
679
8
110
246
397
341
15
454
200
331
67
697
101
81
68
390
222
4
182
312
21
18
84
488
355
70
275
82
365
161
261
69
9
141
81
81
129
141
147
9
26
329
346
71
246
40
242
267
23
125
82
11
134
114
252
367
109
83
131
55
344
116
116
125
88
40
231
102
215
94
68
261
15
29
926
170
7
85
15
181
147
23
224
73
34
378
217
45
64
61
317
21
135
764
141
134
76
175
210
765
12
227
978
256
96
12
248
58
65
10
86
60
225
37
57
52
58
146
174
199
169
137
585
86
346
171
51
67
188
715
53
20
150
1
95
199
46
122
212
342
443
51
111
65
107
113
378
83
50
385
1
983
170
602
26
37
62
9
28
174
92
434
268
7
21
14
184
135
61
26
75
39
164
393
172
11
113
15
510
167
18
46
257
92
35
31
194
229
89
37
47
96
23
383
51
355
1126
958
78
276
254
22
51
92
102
46
35
39
427
357
18
111
54
12
61
81
154
470
6
4
34
96
34
449
54
16
72
461
23
51
566
300
21
72
290
49
146
1059
19
89
434
440
251
27
52
111
547
64
8
109
14
140
118
211
36
231
71
310
195
43
208
16
150
62
199
17
168
141
112
261
117
182
328
47
396
82
495
35
189
230
7
174
153
173
7
114
158
108
291
484
27
9
117
14
107
2
117
27
19
108
22
142
93
74
187
106
510
41
110
431
59
257
141
104
311
29
331
110
176
218
60
39
546
92
23
42
241
118
29
17
176
89
45
45
197
9
293
123
118
15
16
105
33
16
102
46
556
974
27
306
41
38
242
32
2
40
4
310
83
147
24
1
39
175
67
39
374
35
508
78
89
77
50
32
321
202
102
113
206
253
66
9
20
93
76
137
5
34
631
79
601
101
19
34
139
106
157
116
177
53
10
19
96
54
225
242
270
29
128
6
114
70
137
354
234
10
236
98
107
317
13
39
101
89
65
312
74
82
107
421
194
10
216
184
318
32
120
165
88
28
123
32
359
95
68
60
47
39
581
289
65
144
51
214
220
154
352
270
399
72
65
32
2
15
34
22
91
2
34
40
256
232
261
99
157
134
208
27
369
23
179
323
337
36
332
192
10
157
86
44
47
140
338
273
268
41
331
572
106
326
12
17
386
5
47
84
227
52
142
25
68
24
109
194
380
376
140
244
258
33
292
13
37
22
68
34
274
333
278
194
69
104
2
93
27
184
50
23
421
19
52
201
60
356
162
57
51
33
2
35
225
234
128
134
140
100
238
34
246
157
156
29
332
307
278
164
179
89
5
124
148
26
27
67
14
22
445
773
577
420
511
64
372
5
22
156
335
45
246
289
34
16
178
452
27
100
853
187
214
419
30
54
57
299
583
5
10
167
387
255
200
224
41
393
945
361
205
611
37
84
282
354
324
234
35
36
208
321
105
300
172
74
517
82
327
216
244
85
301
168
97
2
14
30
40
5
22
144
899
50
75
346
5
369
31
11
125
376
161
20
256
329
17
490
222
214
236
15
6
389
36
10
3
65
368
187
58
11
88
25
324
114
168
253
80
27
200
202
94
1
19
273
8
18
160
239
344
13
254
159
168
756
976
76
192
269
157
572
254
216
58
39
153
289
38
67
275
274
483
114
49
8
145
86
32
154
64
31
95
68
29
120
145
393
123
90
233
117
229
232
235
44
6
87
184
18
8
352
106
60
106
149
189
162
66
77
100
51
44
412
232
220
153
116
169
25
60
31
104
392
197
30
163
123
121
59
179
139
4
60
84
126
21
21
106
347
67
22
72
27
113
39
125
254
76
151
529
1
431
109
3
157
33
135
56
47
26
12
62
35
426
95
81
313
232
171
52
38
8
70
96
87
4
184
145
737
47
190
301
27
525
4
129
21
53
82
21
517
88
7
69
209
401
64
5
85
388
853
1
48
726
31
2
50
17
4
116
128
65
387
46
129
146
51
453
23
208
177
157
46
109
1134
71
210
309
143
3
215
39
38
94
53
47
214
47
183
60
64
73
2912
529
412
71
147
288
26
15
105
79
187
196
80
983
16
48
40
7
309
187
242
35
179
188
58
130
25
48
5
863
125
238
138
94
315
192
50
519
279
190
187
280
125
102
217
751
239
9
251
354
151
84
82
17
16
101
14
391
22
151
2
218
161
191
233
51
10
263
50
78
95
1
204
46
124
87
30
16
325
144
200
28
67
159
4
236
100
157
35
209
490
455
19
84
182
19
30
313
41
182
120
75
332
467
49
21
31
76
16
52
195
82
344
186
141
30
134
143
95
142
44
87
120
172
207
122
3
46
96
163
12
57
222
122
260
78
70
655
1375
201
4
122
88
66
485
182
79
53
6
60
18
227
46
53
146
88
203
47
3
196
138
83
222
68
129
247
228
256
93
525
816
55
117
10
120
9
62
124
26
81
447
118
76
144
142
73
44
44
219
22
14
71
472
101
34
1
352
49
127
154
4
178
191
237
63
228
41
152
192
66
61
270
562
24
52
89
26
367
114
26
203
137
121
127
117
192
57
84
95
39
358
129
189
193
14
279
100
84
11
59
43
27
224
14
119
64
117
68
209
153
64
72
17
24
5
211
22
527
276
22
28
254
213
567
55
104
5
52
37
64
91
331
26
6
111
247
85
70
64
53
55
1100
34
80
21
560
70
1751
178
134
62
102
143
190
254
183
52
200
84
27
239
5
3
13
6
122
24
267
121
247
189
37
251
27
209
14
29
17
39
59
16
66
85
207
255
309
292
892
240
96
54
179
96
202
8
121
265
30
96
232
159
814
38
106
15
12
6
6
30
208
25
103
71
67
63
120
55
91
117
147
148
66
542
77
5
315
442
11
78
371
233
228
65
239
70
291
10
193
72
335
100
396
292
2476
108
43
116
390
121
36
34
23
53
2
154
183
29
134
6
128
386
519
297
31
129
29
187
364
132
11
172
18
226
74
209
143
100
179
42
9
358
146
67
219
7
81
580
199
169
38
279
707
228
35
299
31
27
125
210
194
139
464
15
37
147
95
104
65
18
20
114
21
306
6
3
119
63
167
60
40
129
78
141
47
125
306
209
102
164
37
194
41
507
240
265
178
17
9
79
49
16
269
69
108
88
176
167
97
694
368
75
6
34
103
46
92
80
19
137
328
71
25
21
119
27
466
81
302
180
106
619
64
238
28
4
188
55
37
16
3
173
101
38
139
3424
143
325
75
65
85
340
129
424
31
60
76
11
203
186
152
200
353
13
221
38
639
237
65
56
1081
17
86
11
15
26
40
195
100
207
346
42
140
133
51
25
17
47
151
279
792
382
154
63
216
265
2
204
5
358
539
66
110
509
315
184
201
164
34
52
105
10
480
71
13
208
174
336
304
383
238
163
249
214
38
287
271
182
261
181
593
29
13
349
1037
14
72
15
156
112
130
648
19
434
156
695
721
1118
188
61
124
48
63
20
261
108
238
296
1
195
96
493
15
333
147
96
62
82
85
224
50
64
173
115
178
37
155
14
414
10
104
158
36
129
164
434
253
147
97
41
169
50
100
2
72
30
98
91
388
145
8
195
710
47
79
222
149
122
66
234
22
71
882
228
422
86
99
419
136
14
178
17
32
11
68
296
183
405
29
12
99
501
25
102
209
15
140
260
93
90
476
5
116
281
103
12
662
180
143
324
23
6
107
3
23
2206
295
19
122
97
299
560
232
461
43
89
213
28
6
200
79
152
246
484
9
13
768
7
84
45
188
136
152
11
54
404
155
470
2
45
510
31
72
3
128
973
265
115
693
8
4
31
4
32
26
7
17
329
437
50
87
524
67
111
229
3
180
344
44
140
100
11
45
35
111
471
542
235
8
107
2
37
130
258
36
42
163
36
245
42
76
56
535
269
72
21
109
171
504
32
577
42
186
212
112
248
218
170
90
31
129
38
80
40
67
216
55
101
548
421
125
90
152
51
19
308
46
115
203
59
980
184
274
181
88
86
36
53
229
195
209
542
53
366
401
44
320
48
69
700
154
90
488
9
15
190
190
106
62
151
102
1030
18
53
10
123
170
98
315
227
245
72
255
132
94
174
311
254
908
78
94
28
135
303
162
43
158
294
25
36
150
7
9
4
14
195
177
154
5
113
71
176
7
41
132
51
356
52
164
14
190
79
86
43
30
330
132
114
567
27
244
36
68
138
69
296
1
20
108
101
109
680
874
253
26
22
187
103
284
601
3
41
21
303
11
52
344
82
398
162
157
73
156
422
102
478
35
204
21
383
58
25
409
90
120
125
42
19
30
42
165
5
57
57
206
52
57
5
330
4
136
16
219
5
17
244
162
92
13
345
24
6
76
65
489
86
444
44
127
223
21
16
116
327
156
72
100
99
277
226
42
55
148
196
213
129
58
76
32
86
1
285
319
121
272
354
153
125
12
463
97
158
514
946
92
9
179
270
60
24
89
28
193
15
153
5
149
21
203
49
236
179
56
49
139
106
257
78
22
7
813
222
69
94
62
104
60
268
140
49
208
2
93
151
199
2
62
523
26
447
44
164
27
199
636
358
277
119
181
299
227
5
265
385
96
84
342
209
354
195
122
101
268
18
197
113
53
194
373
26
224
26
315
11
186
362
2
14
236
20
148
92
43
1
111
342
