58
2
391
60
122
58
72
94
11
99
24
52
38
8
41
254
27
37
9
46
104
178
54
48
151
14
198
81
53
60
83
255
67
167
34
148
140
106
22
34
336
3
92
7
30
65
11
138
22
11
188
10
2
163
116
34
43
55
199
101
87
5
20
27
34
13
19
189
64
87
150
2
308
44
33
122
74
59
13
50
218
122
298
55
59
139
149
75
39
176
63
7
87
141
5
65
20
93
47
4
16
73
84
125
70
68
21
39
77
60
163
229
124
72
239
1
24
17
5
150
14
23
176
27
107
31
74
8
2
38
179
52
2
26
10
132
85
289
122
115
42
119
59
118
60
34
93
2181
221
9
1
43
51
165
18
115
95
24
159
52
165
119
45
55
131
438
13
151
76
258
89
43
37
37
366
107
125
242
8
111
60
134
94
41
58
12
229
146
21
35
124
13
41
95
26
68
54
104
77
213
33
65
181
569
16
214
273
93
168
1
144
2
368
142
39
88
132
51
312
56
116
59
106
55
52
40
314
5
224
33
1
43
102
142
135
4
150
89
171
77
151
54
409
44
120
159
179
529
18
52
40
26
393
57
10
38
27
208
84
4
50
1
156
247
107
117
98
4
25
125
294
49
16
116
5
21
92
166
150
69
24
204
48
96
130
93
14
32
425
68
43
123
33
109
66
71
27
4
17
139
49
246
70
41
116
20
58
15
20
58
7
54
218
305
48
6
25
69
486
22
51
41
136
135
16
310
17
18
2
56
254
12
137
193
120
35
168
324
127
40
12
54
387
219
148
25
69
34
60
78
130
224
106
81
1
55
19
181
12
95
270
45
40
4
23
65
39
65
8
8
193
5
66
36
92
103
11
144
140
48
112
97
73
295
72
221
21
64
140
200
33
5
35
68
745
85
89
9
22
211
6
69
48
1
149
62
208
96
111
13
135
154
31
5
68
21
11
248
4
56
161
84
55
16
9
19
79
21
25
92
107
33
17
188
205
126
58
538
8
27
96
66
245
70
160
2
45
57
33
43
27
40
125
78
16
90
263
172
14
77
261
133
87
44
85
45
22
189
9
21
21
128
114
191
21
19
107
237
42
124
26
20
63
202
43
116
86
60
50
58
15
15
48
156
5
98
37
68
3
83
96
32
132
34
6
14
130
38
165
177
420
101
54
1
56
1
3
55
95
313
155
50
9
195
1694
4
142
2
9
28
62
44
171
39
63
69
109
122
23
157
61
141
666
553
93
126
27
2
178
52
31
81
10
68
128
19
62
7
21
31
32
1
102
10
45
30
97
43
11
118
112
14
94
390
21
159
126
97
40
88
193
56
63
80
291
94
11
78
159
14
60
113
189
58
49
602
46
441
122
58
48
46
46
2
95
189
50
287
178
105
183
235
116
97
148
12
43
117
148
39
35
23
531
32
52
6
94
29
15
35
354
16
244
140
29
141
14
4
279
41
1979
88
132
24
126
210
238
192
257
44
111
68
29
170
425
391
21
159
26
102
51
59
57
24
18
51
48
554
134
17
394
26
17
162
18
41
9
17
84
150
13
17
147
102
86
39
6
77
50
173
16
61
12
126
56
227
24
68
6
37
16
34
12
12
132
66
129
346
47
577
160
28
189
7
33
129
135
114
121
33
248
84
13
159
27
72
20
64
46
30
12
11
60
117
291
575
89
115
26
10
465
20
28
67
13
247
179
19
85
58
146
80
3
8
4
62
79
19
102
6
174
119
4
270
31
49
187
93
1414
173
65
56
220
90
19
84
302
5
224
98
98
466
75
3
213
374
116
100
13
248
66
1
200
40
77
126
6
35
33
157
29
29
52
16
78
26
102
23
14
79
75
80
103
61
155
107
134
14
271
19
75
89
103
362
230
237
4
131
166
69
140
30
140
112
15
103
53
195
61
239
129
15
166
13
140
194
11
128
31
212
422
99
75
55
9
22
171
119
77
137
56
31
9
68
17
120
109
344
32
111
9
216
33
6
6
173
66
189
84
54
193
41
41
196
90
264
137
31
48
35
177
134
53
115
25
25
78
66
808
46
7
186
72
204
92
141
119
281
73
30
246
13
180
67
197
196
5
24
99
190
156
66
137
23
191
77
55
137
20
209
58
60
115
28
170
51
46
266
537
48
94
127
30
59
1
223
101
161
69
8
64
68
30
103
401
9
35
66
16
89
86
7
46
170
98
159
33
10
1
108
367
35
56
169
166
13
11
150
36
267
14
54
8
121
1198
12
191
255
2
66
79
6
49
72
205
130
3
43
10
238
196
50
2
31
97
83
59
514
81
263
130
85
35
199
298
193
80
20
97
309
389
23
98
57
16
81
105
86
89
6
10
100
70
274
4
7
5
28
17
106
88
102
35
10
5
27
97
65
9
42
45
1
61
28
25
25
18
25
16
126
74
193
27
6
203
70
29
258
79
88
117
146
32
46
26
11
180
75
77
207
123
40
33
124
66
154
209
97
161
22
286
26
55
57
86
92
108
299
320
215
17
59
8
72
195
205
8
87
80
153
29
61
23
170
140
37
29
45
94
52
47
55
86
55
112
251
118
14
280
2
278
1
38
24
21
10
83
92
42
275
42
151
59
5
22
116
121
308
80
3
93
46
229
260
428
44
12
30
159
334
65
41
62
41
53
8
223
80
117
69
56
158
10
41
37
30
11
38
32
113
42
35
129
38
192
22
42
41
54
27
71
49
1
209
16
27
21
113
71
60
22
20
405
42
24
18
39
46
39
43
79
4
72
34
5
408
97
154
65
2
483
77
5695
103
52
65
183
120
166
73
79
7
40
247
20
97
5
73
566
46
171
117
247
185
272
57
51
50
173
93
137
80
69
64
110
52
129
87
117
14
86
62
233
62
13
9
101
76
13
187
52
36
24
68
25
186
30
33
33
196
15
51
5
50
48
95
44
95
144
52
10
58
131
64
162
14
101
58
132
2
48
45
52
4
16
17
122
278
88
3
4
87
114
48
1
62
1
114
22
54
466
103
92
88
322
44
1
38
3
426
16
11
385
32
36
219
60
115
65
177
124
23
40
15
139
155
78
361
207
41
27
77
221
82
162
20
435
292
54
85
163
9
106
39
44
13
36
3
141
39
76
3
77
15
130
387
98
14
16
55
15
36
27
9
112
21
98
37
174
39
13
153
253
11
11
25
51
114
351
55
76
29
29
244
292
131
21
91
334
19
111
172
8
323
197
71
180
244
63
30
33
12
64
14
179
664
37
179
24
56
50
68
24
50
115
5
94
252
36
355
27
91
16
474
15
139
23
21
148
186
11
94
49
84
8
12
48
38
4
127
297
27
54
129
12
163
178
124
185
265
480
66
23
169
162
289
170
38
289
124
262
11
213
76
169
11
39
102
17
7
204
93
117
88
241
77
66
28
228
115
61
14
21
112
31
19
54
33
54
27
53
50
57
96
142
112
187
58
363
66
172
5
130
19
37
80
62
336
77
40
44
197
23
1
220
39
5
209
13
78
237
69
291
6
21
30
270
312
93
48
148
116
12
19
61
120
33
31
58
16
116
320
98
12
68
18
56
151
17
36
3
21
151
33
1
92
28
96
2
86
45
51
97
269
187
64
40
117
83
130
37
86
257
10
30
8
56
8
74
48
39
8
117
1
3
10
84
143
106
90
30
131
200
201
33
26
134
32
31
83
105
18
1
45
91
488
24
62
66
52
39
55
246
74
184
53
47
406
95
103
222
6
118
103
167
103
85
9
285
108
46
19
37
8
21
6
79
298
19
142
7
19
83
156
23
25
413
54
82
32
275
165
250
126
98
139
135
98
71
115
96
255
540
348
106
35
13
221
148
69
3
121
48
107
96
34
60
308
26
99
184
206
18
51
70
26
223
149
43
2
86
12
7
28
6
40
10
37
631
59
181
119
154
317
64
189
102
204
77
193
41
262
24
2
123
8
14
22
8
303
15
1
285
75
125
87
162
88
20
35
24
47
120
66
16
204
33
8
148
12
243
173
39
68
23
307
177
27
229
3
16
202
60
173
63
247
20
7
35
43
6
272
368
233
216
137
195
130
93
104
367
31
70
451
31
97
183
271
43
153
188
7
13
14
17
107
9
135
39
23
214
165
26
312
82
61
330
22
138
174
97
28
46
201
40
118
13
76
252
67
114
89
3
262
184
29
63
60
489
29
42
376
71
42
2
62
7
59
65
410
36
47
71
54
91
13
119
105
42
76
184
13
45
83
78
6
109
179
27
20
14
254
100
91
60
121
107
159
137
216
10
8
26
50
26
190
118
12
59
12
58
6
11
233
29
3
137
118
79
60
6
52
8
109
273
56
192
67
66
70
124
166
250
84
27
72
199
322
17
205
124
27
138
127
86
8
76
243
15
38
113
32
6
62
128
274
132
41
3
79
300
102
37
15
8
36
300
81
300
48
1
7
5
11
21
24
40
49
43
80
19
17
60
26
36
78
126
52
219
90
112
31
268
41
14
151
2
155
21
57
83
23
3
3
28
42
89
386
1
87
354
366
27
35
76
94
190
253
133
39
31
17
70
222
263
64
45
8
106
74
17
73
37
75
62
42
3
72
488
12
47
170
375
244
9
10
328
76
70
65
157
157
56
95
32
168
67
95
56
149
27
58
17
41
10
88
50
50
221
80
45
7
55
3
47
100
33
21
105
160
141
136
126
344
149
7
47
45
1
9
211
145
9
407
24
16
27
10
34
19
591
144
35
457
70
139
173
41
34
81
91
77
10
96
11
197
169
204
82
101
20
13
103
80
6
31
42
76
175
73
79
39
3
102
50
465
35
34
290
87
112
30
158
36
8
85
136
70
142
114
295
6
28
118
175
10
80
105
58
90
32
91
28
189
35
7
29
459
61
87
197
39
119
3
44
58
29
80
16
6
14
32
49
21
123
33
432
226
297
81
36
87
55
117
4
41
84
55
67
17
139
1
26
1
32
64
11
108
40
69
105
1
75
88
157
38
7
71
131
25
29
1
221
315
3
50
67
24
2
56
60
219
63
297
89
42
335
70
17
269
29
114
73
108
88
117
43
52
139
88
302
426
140
72
11
6
31
384
60
109
58
380
32
185
36
127
117
226
159
184
57
143
24
79
61
133
26
75
16
12
53
296
85
43
201
51
224
156
468
10
26
40
274
14
37
79
9
307
49
61
401
128
10
167
73
80
105
187
116
141
40
162
70
203
52
24
470
45
43
98
18
57
112
1842
5
82
20
154
30
123
41
29
5153
176
36
179
67
424
124
42
89
16
85
24
34
42
111
49
27
99
90
68
50
108
33
104
66
69
5
22
19
231
89
175
8
42
242
176
60
42
83
129
205
162
29
9
43
27
44
19
22
19
51
51
143
21
218
94
146
184
35
62
227
614
551
82
26
135
141
207
113
72
99
48
57
33
66
42
45
31
118
76
365
70
47
188
205
46
12
30
78
8
90
29
489
35
97
14
53
14
109
96
39
72
15
20
29
23
42
9
195
94
32
2
13
43
36
104
123
4
80
3
12
113
522
29
276
76
18
42
108
71
182
29
113
151
168
73
131
23
121
20
27
5
13
88
1
143
6
87
15
112
208
12
495
29
194
143
203
38
5
21
44
5
33
120
481
162
106
552
34
127
34
20
173
71
591
538
48
34
18
281
57
43
63
111
50
6
77
21
264
1
18
16
145
198
86
46
9
126
69
87
130
19
43
383
162
6
31
31
56
41
108
36
286
217
4
18
168
229
151
73
419
36
99
198
69
109
26
4
371
69
59
27
92
239
24
365
3
79
18
115
305
413
9
129
8
269
93
100
20
13
46
22
58
50
15
138
263
144
7
39
263
27
83
6
34
38
88
43
46
27
44
8
98
21
477
89
55
61
168
23
199
328
313
12
182
33
167
98
52
100
8
65
9
34
11
268
32
17
51
2
100
99
18
57
63
43
85
45
48
26
11
15
53
10
150
188
17
375
163
1
130
157
3
8
84
59
34
12
210
65
41
6
42
48
20
102
77
24
25
26
44
196
52
17
163
2
26
29
92
19
147
6
60
12
119
100
90
114
37
195
30
64
24
46
3
4
57
55
69
231
210
107
61
84
108
135
35
37
131
62
458
80
35
13
52
148
50
82
159
8
560
21
114
132
306
147
100
30
37
64
179
35
88
40
108
18
337
16
47
48
33
6
135
18
68
10
12
290
63
28
41
462
123
54
37
7
29
8
1
43
279
70
36
183
125
5
126
89
212
292
203
30
50
45
181
97
372
163
26
84
249
18
17
27
233
54
53
253
3
16
68
116
16
297
10
36
3
5
225
14
2
56
25
106
136
25
23
49
105
70
264
30
18
47
17
22
14
255
36
70
79
15
54
80
27
8
13
30
6
76
51
35
11
24
29
127
104
34
14
270
18
73
46
66
23
134
175
23
106
117
115
68
31
199
81
46
45
110
172
61
79
25
6
188
10
148
60
79
13
139
85
43
151
51
30
97
83
26
12
336
128
17
155
50
109
15
118
26
19
16
281
173
8
119
319
3
31
219
142
290
40
11
124
5
60
77
145
264
34
21
2
291
23
56
344
147
228
37
5
8
261
30
96
301
40
311
12
144
7
28
40
107
72
21
33
7
145
156
279
6
308
214
793
349
315
115
85
168
93
65
19
35
14
71
152
117
63
68
42
17
16
86
167
87
75
151
23
150
5
162
186
112
56
8
193
56
41
29
5
51
6
173
7
202
81
353
54
75
10
294
68
77
16
33
26
104
61
4
19
14
110
112
120
301
45
97
186
3
55
103
42
11
57
12
33
14
174
237
4
11
22
269
41
160
23
44
70
84
6
18
209
1
102
24
221
213
23
28
60
56
345
154
157
23
12
11
56
102
251
9
30
67
32
18
18
40
131
92
4
67
97
57
162
104
96
91
53
113
64
68
49
51
474
57
16
46
177
10
80
67
226
68
3
8
17
50
222
56
93
180
58
17
8
44
100
149
14
42
50
87
92
12
61
16
82
40
18
56
181
54
82
42
52
18
3
21
102
78
238
42
10
326
34
15
16
58
121
211
8
93
128
4
246
131
251
9
22
187
95
52
242
43
43
138
343
88
32
75
40
28
81
79
34
44
98
43
261
15
1465
44
14
8
5
92
138
89
41
55
34
18
108
21
7
161
18
206
184
119
26
30
147
56
14
210
119
77
164
67
121
33
299
194
121
57
100
43
139
61
13
30
42
107
146
84
84
83
71
57
39
57
37
362
71
4
107
82
19
142
280
144
19
184
15
404
64
152
120
84
9
7
106
23
146
42
43
4
73
127
12
192
118
45
60
6
97
158
85
33
8
101
41
104
32
114
100
87
79
2
117
140
138
56
15
20
5
160
56
85
44
174
18
101
10
82
1
25
39
167
85
25
89
11
257
2
50
37
93
148
344
164
76
224
193
92
37
21
78
330
109
53
35
129
21
303
96
138
67
4
53
254
2
165
78
197
17
15
4
108
189
8
211
227
48
135
54
17
9
34
37
99
292
21
23
69
12
229
38
241
38
131
1
48
102
26
157
418
73
99
18
114
7
10
5
24
172
59
95
4
3
30
141
86
54
85
266
64
5
23
648
72
60
147
131
17
39
33
39
11
57
231
73
3
200
180
18
21
14
82
28
36
202
50
116
106
9
100
104
246
190
189
145
4
46
293
267
379
45
18
12
475
50
12
73
20
466
186
96
9
23
8
59
28
43
74
1
97
61
75
7
284
173
36
5
7
449
58
230
68
18
343
66
27
346
78
77
47
280
16
21
55
55
475
10
32
100
238
30
55
9
107
15
2
98
40
88
99
105
110
70
157
135
95
113
4
26
16
308
137
47
642
19
61
94
77
13
15
8
107
2
100
63
40
166
142
33
37
68
80
104
129
183
160
191
103
37
116
11
119
495
38
66
81
253
35
246
121
426
147
131
223
27
13
130
5
23
196
133
330
150
6
227
225
41
1
56
14
50
36
116
27
39
36
99
81
2
133
12
69
298
10
262
62
28
21
39
47
73
483
214
15
468
21
82
306
18
41
146
6
78
137
43
337
65
130
70
17
348
54
22
22
61
19
189
169
21
23
256
98
26
124
246
16
50
25
1790
74
8
5
89
16
116
83
201
61
12
717
86
11
109
90
38
36
127
41
3
207
27
24
372
17
140
67
72
235
58
8
201
21
294
30
347
17
59
185
32
14
60
66
11
1154
34
1327
150
72
49
23
26
285
62
57
272
83
4
68
67
150
52
234
75
192
1
45
122
18
405
7
14
60
25
2
13
135
37
44
115
55
28
16
66
25
39
50
32
81
79
23
82
18
40
11
44
26
138
36
36
118
70
40
18
28
10
164
69
10
175
61
1
6
2
34
52
36
122
23
166
23
69
47
18
44
47
44
64
21
7
114
24
57
88
423
79
411
113
39
81
263
23
284
24
82
164
1081
8
131
87
148
133
105
76
138
5
16
186
86
81
189
203
112
44
150
121
24
69
3
650
39
107
211
407
107
136
321
246
156
397
56
1
39
95
56
69
93
18
112
132
41
77
23
14
176
5
3
42
2
408
2
2
193
51
73
27
14
68
123
287
188
485
25
7
44
15
110
85
9
89
154
40
59
43
114
90
12
47
1
197
98
649
11
28
22
95
38
4
47
122
54
91
132
78
12
21
8
852
47
182
50
47
69
84
20
136
104
2
172
154
204
126
257
21
85
49
213
78
142
26
151
24
138
5
32
59
60
1
2
70
13
323
59
5
179
50
79
10
60
11
84
55
6
222
60
7
173
298
26
30
208
226
30
9
43
202
222
120
53
314
229
10
95
77
1
74
64
27
128
22
121
295
123
96
74
972
44
43
154
145
39
39
18
19
243
17
35
43
47
48
322
62
140
70
19
103
88
21
33
60
64
109
99
5
20
53
2
16
225
12
49
82
29
180
210
17
87
67
425
27
40
77
48
197
161
11
82
52
269
44
3
15
12
22
114
51
38
134
53
19
140
34
186
131
111
138
9
129
156
64
56
5
128
73
2
31
41
164
5
42
91
117
145
224
13
48
191
103
286
128
64
186
9
201
117
158
47
61
19
123
18
46
62
125
111
22
137
86
76
200
162
99
57
154
2
260
322
102
90
35
23
15
80
104
3
53
301
118
18
222
52
56
12
11
18
180
603
21
33
13
16
18
94
26
121
41
2
28
48
83
149
34
34
51
117
273
148
350
27
304
4
11
1
135
6
30
132
179
25
42
20
83
1
62
71
34
50
42
205
23
86
234
289
81
282
54
82
101
342
122
94
11
59
5
79
63
58
10
73
75
45
386
60
403
47
122
121
398
53
177
11
468
51
37
170
247
287
107
294
123
30
140
28
67
23
82
36
121
59
71
2
178
32
66
171
239
125
111
6
135
129
85
70
32
23
29
390
115
11
102
77
165
130
137
86
19
12
98
13
20
143
57
243
48
28
112
165
4
238
205
78
54
5
46
290
18
66
28
45
38
99
194
7
264
74
51
46
110
15
42
22
36
37
47
15
33
44
122
55
17
32
3
33
37
46
5
191
89
56
37
37
396
50
40
291
228
19
96
36
66
155
66
42
313
25
190
66
120
243
61
402
63
152
70
81
191
319
90
98
31
382
61
49
315
24
53
122
46
134
5
214
198
97
121
187
27
291
41
161
169
120
22
64
184
12
1
45
656
94
225
366
434
156
142
33
287
6
63
112
67
94
27
38
28
71
91
70
209
25
12
346
21
18
266
152
47
25
43
49
53
138
93
124
101
116
60
208
1
43
83
268
3
408
118
115
32
113
290
145
144
12
36
18
64
38
5
14
99
20
154
202
20
106
41
16
4
330
32
18
38
130
10
119
41
110
71
68
132
50
52
96
9
139
23
235
96
522
696
17
231
172
126
103
107
149
65
53
7
242
83
148
208
125
533
18
158
99
17
109
189
46
40
28
91
1
153
140
56
11
44
45
124
129
164
10
57
106
44
134
124
96
31
58
79
6
3
58
21
8
4
130
43
96
137
212
51
42
6
28
82
45
135
50
10
143
93
82
25
34
15
149
107
92
329
31
219
27
17
38
346
34
10
85
17
87
91
23
33
21
75
93
31
187
33
26
76
27
192
50
98
78
5
656
20
37
157
151
65
9
102
193
41
36
13
3
440
47
204
80
1
101
154
87
72
96
18
65
72
15
80
1
208
173
71
158
85
82
2
172
128
50
176
4
514
8
30
28
19
131
4
16
208
101
224
114
53
10
128
49
23
46
22
250
157
69
112
56
137
110
133
22
32
8
281
32
185
128
75
154
110
78
104
72
18
33
32
225
65
24
94
3
91
207
26
93
34
318
25
183
697
229
44
108
84
154
38
10
11
11
10
131
286
78
418
107
122
120
25
42
36
323
77
176
94
300
19
30
175
101
14
76
200
60
42
8
204
293
7
131
2
3
2
225
103
33
97
52
80
139
43
5
23
2
28
5
28
35
150
20
256
2
34
136
229
129
56
350
142
86
88
448
82
37
129
9
27
76
55
95
239
5
427
75
22
48
11
70
34
254
68
609
146
4
79
87
227
43
54
42
91
106
16
66
93
60
10
25
51
24
85
91
34
89
65
10
88
38
5
174
113
6
33
8
74
297
202
17
75
20
575
157
98
30
50
17
174
93
275
63
21
330
212
64
43
17
96
88
189
460
12
89
130
6
78
112
114
179
164
91
79
36
86
96
174
161
61
250
14
190
31
57
100
79
135
46
6
224
209
77
158
16
7
331
39
137
45
22
147
18
132
44
343
97
235
86
14
105
58
69
231
6
31
232
183
28
126
319
74
167
34
61
228
145
146
271
61
6
97
120
10
3
23
77
118
60
46
1406
2
86
72
104
300
50
412
14
85
244
31
3
278
1
39
61
15
48
127
30
24
102
237
27
14
70
8
45
116
131
26
362
181
71
3
71
21
26
33
13
306
161
106
108
19
229
128
216
43
350
120
375
82
16
91
1
271
146
168
87
7
8
200
93
22
53
40
191
29
28
62
44
20
117
289
329
417
32
174
122
17
149
4
73
29
77
22
18
66
3
13
34
108
86
12
178
65
51
61
104
53
92
51
49
237
75
377
39
196
69
18
94
113
116
141
32
83
10
14
186
244
38
99
179
22
302
1
28
67
266
164
216
66
72
65
10
130
55
106
44
112
13
22
25
72
85
48
26
78
63
191
8
45
174
73
49
302
356
28
52
15
78
122
32
3
85
246
68
196
117
93
61
137
79
35
612
57
269
6
19
12
77
32
32
137
186
28
364
14
55
142
562
51
28
112
18
374
8
5
39
12
84
193
10
62
68
187
62
6
296
17
131
36
176
33
69
22
27
51
45
99
92
53
151
184
336
60
65
401
87
90
47
19
87
348
511
14
14
7
493
78
281
214
59
144
47
137
49
40
26
119
41
137
132
148
78
97
30
310
161
122
5
30
16
26
3
105
13
36
37
144
86
50
107
273
22
55
53
55
30
138
16
162
4
188
48
3
43
17
13
57
42
169
575
51
90
127
108
104
75
99
98
130
67
1
148
148
43
88
175
74
13
42
34
193
22
13
4
12
7
46
6
7
4
45
6
36
57
5
59
23
8
17
78
28
37
41
17
135
34
19
4
4
97
55
184
13
24
116
218
49
149
97
17
214
26
29
228
34
302
10
311
47
178
61
71
468
5
152
45
69
146
51
118
43
47
37
29
10
133
281
65
166
62
368
135
11
66
214
70
45
14
51
200
177
3
275
6
109
47
87
16
3
222
7
3
11
78
124
314
346
33
198
58
21
34
110
190
40
18
62
18
409
32
59
126
36
78
138
80
61
176
118
61
50
80
150
398
141
39
125
212
20
63
59
105
7
68
124
130
282
6
8
4
28
278
22
20
178
56
37
55
43
166
171
128
11
75
1
114
3
32
118
95
273
99
85
37
7
133
232
125
56
150
51
68
55
75
200
33
30
106
40
70
73
9
138
13
326
14
250
108
47
124
76
45
86
157
48
4
58
142
163
68
44
46
205
137
35
4
44
163
61
39
215
16
13
370
288
218
22
16
71
360
135
21
122
149
4
82
22
35
114
38
41
56
10
73
26
20
6
37
168
66
17
58
49
1
16
38
39
8
121
125
133
149
4
185
41
313
202
187
30
128
38
244
205
8
2
75
116
145
11
60
300
78
190
102
9
143
2
65
70
182
84
98
15
12
55
96
71
252
36
105
44
444
156
141
95
143
85
24
12
37
45
78
24
354
105
80
26
8
24
106
123
41
9
78
118
92
16
89
74
62
209
281
283
37
2
59
73
6
116
36
257
199
94
307
1
177
88
385
62
240
186
163
22
59
247
113
49
604
177
43
37
79
200
41
86
195
118
20
53
75
33
20
66
11
161
221
1
29
60
370
21
2
45
396
157
48
44
199
2
4
110
46
37
75
35
1
583
125
59
99
51
37
21
96
51
29
249
57
101
236
179
7
7
15
17
3
88
63
235
116
241
111
41
4
14
49
55
84
25
42
156
52
12
127
47
35
98
4
150
158
158
42
28
2
4
13
13
136
541
111
112
160
5
185
35
9
15
16
127
5
25
74
130
37
2
553
116
141
80
24
10
23
280
144
47
188
84
167
14
215
28
146
16
174
258
58
218
66
1451
27
78
375
92
57
40
94
86
26
211
29
1
72
311
54
12
48
53
82
263
126
53
204
262
88
156
61
2
31
19
1
64
29
7
401
76
175
1
9
24
29
219
58
42
225
6
12
173
160
75
35
327
351
223
62
184
204
30
9
3
84
102
6
33
120
320
8
79
74
34
59
44
15
179
73
85
92
92
28
126
71
101
95
136
81
63
7
172
9
20
33
46
103
28
140
8
64
72
233
25
35
3
8
60
119
79
102
17
44
55
127
1
2
229
2
29
20
26
103
27
33
112
19
61
42
77
20
201
15
10
17
331
33
135
139
99
113
145
228
88
135
3
16
3
67
57
6
13
36
53
134
44
27
11
39
211
263
43
49
137
75
17
79
277
42
28
77
29
54
120
39
129
45
22
1
154
76
73
33
106
25
137
258
35
11
131
53
127
82
9
39
15
30
46
271
5
58
88
289
3
144
169
48
190
10
169
83
39
123
6
87
171
140
92
29
37
60
1
40
97
85
195
21
80
120
26
193
15
13
389
31
81
8
176
361
84
5
90
15
2
35
14
80
78
197
65
6
118
327
310
26
6
24
93
15
9
51
159
49
20
156
132
76
183
97
269
18
64
22
114
20
8
124
86
9
6
32
115
198
103
40
110
78
17
30
255
20
126
78
54
258
18
61
98
84
54
83
22
251
51
52
52
6
21
17
50
79
119
79
67
156
3
42
3
61
16
15
594
270
17
192
51
260
12
6
16
11
83
175
35
30
56
44
340
157
16
93
36
182
152
127
41
80
9
14
1
111
4
25
111
365
35
118
344
45
100
117
308
79
129
15
77
345
65
125
35
525
31
313
137
75
264
4
139
62
751
81
44
50
89
184
50
33
26
321
28
33
86
41
20
611
29
92
13
1
228
60
112
59
52
529
1
14
50
75
54
54
69
223
77
21
182
19
65
86
55
57
70
163
54
310
7
57
260
27
65
99
146
12
39
205
71
70
148
135
14
34
20
118
77
176
39
70
123
66
34
45
39
46
12
21
117
143
25
309
35
118
75
27
281
62
57
236
103
41
93
19
98
1
364
66
204
37
68
55
31
424
161
324
83
186
107
49
25
172
23
178
124
5
29
106
115
13
359
4
75
189
150
147
6
145
159
11
88
64
15
61
176
12
235
19
76
3
83
21
142
27
61
71
291
150
104
86
48
67
35
242
40
185
277
62
31
172
47
26
36
144
20
55
11
222
183
10
90
82
89
54
14
33
138
123
29
265
136
31
415
148
21
69
10
184
15
8
28
165
51
73
146
152
34
45
121
243
209
118
102
210
15
5
74
96
13
101
171
447
34
222
74
8
292
62
88
4
208
37
22
118
25
46
20
24
108
77
98
185
3
140
12
57
64
123
68
32
94
3
150
190
122
39
28
56
52
58
161
35
122
262
17
95
5
66
82
175
280
80
12
133
117
177
82
66
7
140
36
10
27
136
17
26
101
42
100
14
41
476
49
152
20
41
146
457
35
302
130
10
211
21
320
86
13
15
41
565
88
11
132
26
19
21
55
3
21
51
50
2
89
343
294
102
217
25
94
48
779
35
86
152
36
215
114
118
73
4
9
63
124
41
25
8
14
22
124
16
605
420
56
13
83
179
42
33
21
37
2
31
138
6
303
23
34
137
110
64
279
340
289
212
18
29
234
16
25
51
24
75
48
100
112
97
42
14
102
76
14
133
95
26
87
23
96
2
35
39
455
21
135
94
25
16
77
15
61
132
156
31
124
71
9
71
16
367
215
156
6
90
114
210
16
224
216
525
676
91
39
109
278
52
42
34
12
2
63
379
204
176
149
429
114
53
29
154
41
110
103
124
12
106
108
38
52
171
96
112
63
17
88
115
243
37
37
83
165
399
91
67
5
394
184
4
122
116
169
122
110
55
350
87
12
43
157
126
135
42
51
121
34
69
211
44
15
273
177
288
12
10
12
86
44
12
120
350
12
43
90
78
40
107
6
255
24
109
2
21
176
13
23
120
341
232
297
74
150
8
304
11
14
42
124
29
277
64
80
47
75
27
78
230
165
58
37
212
2
33
16
9
26
338
21
56
209
273
19
1
244
64
178
128
38
94
55
114
21
17
79
12
336
23
105
8
68
8
64
111
4
24
96
108
6
23
36
172
20
132
189
19
92
43
67
26
23
27
2
37
83
178
23
10
19
97
112
54
415
57
55
22
6
121
27
19
43
18
246
66
9
36
281
21
60
30
80
50
118
40
68
202
60
79
13
43
1
58
176
279
48
16
27
150
191
23
219
19
3
96
50
5
286
72
96
147
149
65
116
2
18
451
37
90
58
64
14
175
117
173
118
5
348
109
127
21
96
26
4
77
51
132
19
48
59
238
24
124
117
17
185
26
34
57
10
11
45
452
4
321
344
5
6
174
21
1
9
62
220
55
86
200
168
485
78
43
1
132
99
67
26
94
300
8
113
51
25
101
79
378
132
96
94
226
154
101
39
86
89
3
387
73
139
75
118
39
141
159
16
169
25
6
1
25
106
21
2
61
14
217
24
30
185
25
1024
37
89
67
2
47
359
332
217
43
42
9
29
195
138
70
103
171
20
5
23
17
36
17
47
115
162
44
56
433
51
8
61
194
17
9
72
12
147
9
16
187
100
53
162
14
9
42
139
189
167
6
14
146
87
7
163
392
137
160
112
53
25
19
14
77
18
24
30
185
33
32
93
71
110
84
1
227
233
1
121
58
53
63
20
10
305
59
41
84
189
144
30
125
311
330
85
15
39
70
143
149
94
160
332
2
167
22
2682
33
179
116
154
16
14
70
24
143
255
320
113
99
92
100
16
82
91
35
17
105
1
89
7
17
150
7
17
18
30
104
36
169
10
82
28
70
60
34
126
17
8
105
111
118
52
53
196
81
199
157
45
30
73
38
35
120
4
151
43
309
24
36
244
13
78
35
80
119
125
12
95
316
58
16
48
244
3
117
109
25
17
17
68
33
26
126
74
1
200
15
173
748
18
17
43
213
140
53
259
35
133
154
150
377
192
185
1
60
148
82
27
7
141
13
256
49
113
20
33
7
21
245
114
261
198
14
61
258
36
34
30
188
62
62
8
134
114
158
108
44
96
11
11
127
147
37
3
64
61
163
117
37
177
50
2
2
342
66
99
180
187
73
47
64
71
247
56
74
116
1
18
552
27
11
64
64
23
244
130
39
300
68
149
125
129
72
46
107
17
65
12
91
116
87
213
168
77
27
178
114
84
47
342
70
104
118
114
58
280
67
92
52
77
90
357
324
2
41
22
4
24
30
89
117
46
11
250
60
71
320
17
162
249
162
180
393
256
48
276
117
213
97
30
174
53
41
167
79
124
69
412
8
32
73
35
66
103
244
69
23
418
51
114
35
23
12
78
288
7
59
35
45
100
10
94
3
142
77
50
34
33
165
227
26
183
17
180
31
7
108
64
8
44
487
287
25
7
82
60
235
142
188
58
136
19
255
18
162
80
142
214
44
210
32
95
166
99
114
6
239
62
192
7
13
26
54
48
144
48
228
342
59
75
47
86
84
62
150
79
41
245
37
5
313
188
45
154
93
124
12
182
181
8
149
201
18
21
216
223
90
34
71
21
65
246
224
340
65
8
602
40
402
123
116
92
122
139
131
190
189
46
42
53
364
103
18
5
78
103
584
90
19
161
105
53
6
56
311
24
4
90
382
232
24
196
49
115
45
19
9
12
48
21
1
2
630
227
29
39
38
170
80
13
51
83
78
212
43
10
12
110
480
100
28
79
54
74
112
16
35
199
134
49
29
142
26
175
71
541
24
40
41
108
69
36
119
440
22
150
52
172
3
18
220
29
115
213
84
39
89
96
2
10
371
77
12
60
56
22
39
83
81
5
132
415
5
110
31
27
173
55
184
3
79
48
54
68
129
414
4
46
17
61
278
82
13
89
59
163
201
288
169
214
28
115
339
91
9
2
141
3
48
2
44
49
32
24
30
117
216
182
161
177
92
30
260
52
89
42
63
72
26
14
31
194
3
84
89
425
4
152
336
16
26
110
63
199
939
147
232
46
304
44
6
11
15
26
23
2
73
60
135
19
15
5
11
121
33
181
69
474
55
176
147
50
106
13
60
222
150
72
49
105
39
51
580
26
36
4
8
43
400
23
139
25
1
24
10
45
60
55
13
68
12
7
3
65
109
9
18
53
11
245
34
52
59
121
136
50
17
65
58
13
47
21
113
35
9
31
38
119
96
235
26
125
99
115
30
293
15
14
307
2
22
268
81
81
218
2
38
8
71
48
28
62
88
154
84
170
32
118
226
105
54
196
41
10
399
2
386
13
102
63
89
7
70
175
131
35
70
17
176
108
52
113
53
8
51
26
69
302
26
37
152
31
7
26
1
156
15
20
120
36
12
42
55
188
12
10
103
193
110
76
173
85
52
121
82
17
249
64
32
166
44
59
5
44
151
72
47
100
157
6
20
38
213
25
49
59
161
2
12
136
187
310
32
92
381
43
83
66
18
7
73
71
91
63
143
14
3
113
112
99
22
219
33
16
37
130
50
9
53
1
79
33
43
17
29
223
33
383
90
4
7
92
5
21
7
114
94
43
74
57
246
28
67
196
13
15
67
63
42
63
121
65
25
95
50
269
2
10
180
35
109
5
201
106
171
246
54
358
115
20
24
181
19
8
10
27
26
62
98
93
3
52
39
168
47
41
11
60
24
114
73
45
85
168
22
74
180
63
149
22
37
11
338
35
14
4
192
34
32
61
69
26
203
82
161
29
31
41
136
31
647
162
86
113
57
46
82
24
20
119
167
12
37
167
2
8
32
62
38
16
84
2
19
54
421
24
34
54
120
70
1
116
66
50
21
1937
2
146
43
25
16
59
26
176
155
29
56
4
159
50
26
1
135
117
34
39
190
30
63
165
52
150
102
145
120
137
96
861
35
60
103
16
179
362
79
99
18
3
13
3
40
14
119
10
279
14
95
31
79
47
143
64
15
103
116
165
146
26
1
44
102
176
10
166
527
127
86
30
8
29
2
1198
10
61
50
37
171
17
21
7
25
111
81
65
5
39
47
118
37
104
157
56
132
261
483
66
73
173
75
31
17
39
122
28
54
50
37
52
179
24
17
29
230
58
19
174
25
63
13
39
57
30
129
28
15
4
101
97
136
40
74
4
37
39
208
102
15
102
93
87
51
41
234
68
81
17
160
66
64
2
130
15
29
13
87
70
137
115
113
27
53
179
1
18
160
222
563
60
73
34
31
40
50
132
90
42
997
14
142
210
294
30
67
31
176
462
46
44
110
172
25
9
57
81
882
107
183
83
50
128
8
203
148
5
286
34
25
221
22
320
38
16
37
66
231
251
97
319
216
11
247
68
31
71
30
70
108
12
163
224
96
71
591
45
319
186
78
16
171
269
112
88
36
4
37
16
14
85
420
3
23
50
53
18
134
8
92
90
1
6
106
181
199
15
342
232
6
100
26
43
359
251
25
943
665
77
51
54
21
107
62
27
308
82
82
198
87
73
21
15
65
6
174
76
3
120
76
20
43
232
10
115
111
74
123
24
67
104
205
21
56
33
180
5
72
298
54
129
464
56
276
67
46
216
7
38
76
101
77
188
31
57
154
263
30
38
3
310
61
32
109
161
152
7
158
84
41
2
91
23
161
131
287
9
7
54
204
74
302
31
12
19
16
73
111
17
92
54
6
11
126
16
28
87
52
1
89
7
6
21
147
14
74
44
95
49
248
54
25
121
23
620
32
236
24
107
10
12
71
67
22
20
1
166
13
12
83
209
24
133
82
15
302
41
257
490
89
9
44
126
11
81
57
66
184
118
38
20
17
42
56
49
137
16
277
161
59
31
9
6
47
17
162
1695
7
2
91
101
32
173
21
63
56
13
117
108
113
26
4
57
744
70
108
10
114
203
65
2
132
70
16
109
92
20
32
6
125
153
1249
39
212
10
27
138
62
117
169
328
13
108
64
63
11
67
45
16
51
180
1934
89
122
230
195
9
103
199
64
73
247
83
35
96
54
165
21
48
184
91
120
111
15
9
25
76
25
111
15
209
187
79
78
158
48
307
90
5
14
22
183
16
5
198
48
29
114
164
231
94
81
18
88
80
6
51
142
14
373
196
20
5
250
40
528
195
20
2
71
60
23
73
244
151
66
88
138
45
16
271
150
104
230
102
107
13
53
36
11
73
172
269
20
22
3
32
14
91
386
99
188
178
11
55
143
186
12
9
166
28
125
189
139
114
88
46
255
548
34
69
203
114
8
34
9
101
12
4
59
129
116
2
44
4
82
134
49
65
119
4
36
49
56
181
13
101
68
269
327
153
45
165
121
10
337
76
119
19
1
61
114
13
8
255
99
247
109
126
10
107
71
65
28
49
113
310
161
100
27
15
195
1075
13
143
21
190
60
20
99
109
35
377
203
71
111
160
11
33
89
12
61
41
87
64
15
95
88
99
42
126
287
42
24
42
72
52
86
137
88
138
90
65
74
57
200
214
42
27
1
36
28
125
551
7
19
52
63
10
28
122
237
62
241
20
46
147
15
74
51
34
111
109
8
124
88
32
20
232
136
406
14
19
116
426
147
177
73
104
11
173
254
138
192
73
118
137
16
33
48
316
95
392
418
209
34
9
294
39
18
96
245
186
34
274
283
206
18
77
110
47
229
65
1
71
72
17
9
172
64
62
174
67
37
162
344
7
73
239
56
166
119
111
14
71
352
129
10
53
103
8
11
67
24
17
129
91
82
63
119
295
46
115
30
44
7
62
69
117
52
79
18
346
32
129
80
62
4
171
245
36
7
113
39
181
123
25
118
138
41
94
1
31
3
7
103
3
36
10
82
41
39
11
81
6
277
135
42
117
57
90
36
25
86
57
23
108
19
1
16
97
15
4
379
60
111
16
254
58
311
316
16
4
7
109
134
5
164
1
49
69
12
61
19
29
90
48
9
123
19
35
55
105
58
138
721
96
285
31
207
109
8
24
182
18
20
13
83
5
260
229
20
17
234
24
122
19
187
15
31
105
180
2
3
115
47
157
26
62
70
74
48
231
206
100
128
15
19
11
9
270
102
304
9
2
4
31
412
19
20
30
111
11
23
240
153
214
614
16
12
60
34
63
9
63
94
54
55
204
4
9
62
111
69
155
1
5
15
63
51
4
12
2
45
268
84
39
301
62
50
71
60
124
158
206
336
42
5
16
17
125
14
95
259
104
175
187
280
39
5
47
31
26
123
39
248
64
11
23
87
30
825
163
32
356
65
337
26
93
149
101
105
286
162
206
120
2
141
16
17
151
81
205
28
9
70
82
99
114
119
144
98
331
273
182
358
8
202
215
678
338
167
83
101
122
67
22
144
72
81
391
79
202
113
140
119
258
114
13
98
114
24
308
125
9
76
18
145
29
31
34
73
9
10
28
110
164
60
50
64
24
26
110
83
388
35
58
63
18
74
134
516
98
21
51
38
135
45
20
58
36
106
100
217
58
60
74
20
250
195
66
316
53
122
125
17
28
196
52
172
36
22
32
14
331
22
34
229
43
94
9
15
286
1
33
103
22
229
80
22
52
626
145
120
46
6
8
18
32
37
75
50
21
78
146
19
90
101
22
76
118
60
17
93
145
338
242
2
174
47
2
200
48
64
157
63
103
29
91
5
45
40
109
164
174
106
105
21
66
49
43
32
1
89
552
25
4
90
1
80
117
73
2
237
14
11
288
182
10
77
1
213
5
9
55
260
40
234
106
3
41
177
117
201
190
11
93
47
191
50
68
30
195
217
5
42
8
7
151
240
44
89
44
93
5
353
126
210
48
80
225
104
57
6
30
122
9
18
8
96
8
10
7
408
30
72
6
167
70
186
143
7
87
44
52
72
168
42
39
148
259
97
187
50
1
10
68
23
95
37
228
34
93
207
153
96
137
17
3
31
153
7
219
7
137
43
72
168
376
27
8
81
384
237
50
115
21
62
3
28
83
59
7
247
90
61
42
2
282
58
14
56
29
6
32
144
132
116
71
29
350
2
164
11
103
232
97
48
34
91
182
58
41
43
11
64
259
142
100
22
101
3
153
246
96
210
41
1
121
26
73
322
54
88
24
23
17
5
79
31
355
117
41
285
159
81
30
32
148
118
604
67
169
247
11
89
168
54
37
34
198
254
19
386
5
110
12
91
83
170
24
136
199
336
9
114
68
130
167
222
66
52
227
15
45
20
72
40
116
10
243
35
11
59
159
43
14
91
79
73
80
450
45
156
26
4
276
167
65
140
379
111
29
65
92
4
2
7
42
48
131
1
9
93
338
41
65
239
74
146
759
1047
5
21
203
10
82
44
3
122
44
37
78
96
237
81
70
14
176
219
44
44
81
59
34
133
6
63
59
128
40
216
121
116
18
280
51
12
17
17
11
527
4
60
141
196
58
37
133
22
64
198
48
307
183
110
42
434
55
36
26
168
89
184
25
134
384
40
108
115
261
15
81
2
119
70
36
97
375
48
145
81
24
42
57
6
10
366
314
112
51
29
37
106
115
145
59
178
94
151
4
303
79
11
9
189
173
172
249
45
100
9
131
115
67
54
194
9
18
95
58
52
135
16
180
55
192
304
161
23
11
1
30
116
182
58
91
68
64
2
114
36
74
7
51
38
96
71
54
836
1
279
33
101
14
28
108
123
497
39
47
62
189
51
20
131
16
34
22
18
33
40
133
137
53
45
201
29
35
7
88
206
100
58
3
160
12
21
125
83
64
396
110
65
164
185
18
55
208
216
53
177
11
17
71
590
56
75
505
152
66
39
148
112
6
283
45
39
98
67
3
328
20
100
63
48
43
49
177
140
265
38
47
33
255
241
10
148
75
75
52
17
101
46
3
106
39
209
20
41
176
109
110
15
59
238
81
93
156
17
381
14
264
201
83
87
8
41
22
91
63
44
82
102
309
42
209
9
140
100
128
1
2
69
4
397
69
6
56
8
121
104
12
28
49
9
12
57
10
383
40
56
27
130
79
29
55
215
210
269
138
148
37
62
50
5
154
196
45
16
29
22
265
98
311
395
196
111
38
11
2
146
2
81
70
207
121
26
72
64
60
114
7
9
102
18
5
25
11
145
82
22
79
185
58
182
69
40
123
13
111
77
8
20
5
82
255
45
6
213
88
30
38
188
187
47
32
47
49
246
176
59
61
88
189
67
7
50
795
126
196
9
12
31
27
20
18
178
4
19
85
266
1
53
14
132
87
60
92
8
148
8
71
40
4
33
276
1656
80
10
98
1
99
152
93
184
346
202
52
15
6
20
13
122
31
233
455
37
214
45
114
106
84
6
9
154
117
16
157
17
365
58
44
7
50
227
147
54
115
109
50
510
37
63
184
42
252
117
11
249
151
137
114
93
60
38
214
20
9
5
189
58
87
41
678
45
232
67
179
14
101
27
18
61
83
239
9
66
208
2
81
39
1
13
2
9
98
182
60
52
199
6
93
108
44
82
20
275
52
91
245
43
63
11
70
30
56
416
113
68
54
14
43
146
24
4
97
315
21
112
158
96
66
49
32
23
101
29
15
245
342
18
34
218
73
139
38
26
82
306
7
18
431
77
98
1
6
301
298
67
95
69
168
100
357
178
15
64
25
50
181
2
131
258
101
169
75
283
46
155
40
96
264
108
113
63
49
112
7
29
138
85
5
2
69
49
6
173
148
86
133
85
218
33
169
60
119
5
192
54
549
289
64
121
126
15
132
70
110
11
184
43
31
8
81
196
410
27
58
93
29
230
122
55
246
105
26
156
90
5
75
122
74
362
126
27
24
115
41
105
63
18
438
14
24
47
83
3
334
27
88
81
77
113
7
137
25
10
50
7
11
145
542
260
33
49
154
197
47
10
56
1053
82
50
120
29
26
86
65
46
107
249
53
60
248
1
12
192
73
153
100
16
40
133
14
39
84
58
255
31
61
45
38
4
19
49
