264
5
19
366
488
9
156
238
91
258
421
174
70
422
413
56
151
212
474
183
61
196
311
407
115
294
67
220
167
360
150
348
498
272
458
427
221
226
78
477
195
213
100
442
275
429
231
408
421
235
123
339
435
10
39
488
177
438
164
432
198
160
403
29
216
202
38
480
94
455
238
156
484
83
409
468
250
293
217
179
315
195
488
225
74
222
244
380
145
329
39
401
40
271
87
66
125
249
221
340
308
101
447
55
40
199
5
360
304
24
282
501
192
288
261
472
53
82
475
298
441
230
28
26
188
246
396
37
73
137
474
306
408
351
122
140
435
403
171
239
277
489
71
315
4
242
47
52
491
159
411
1377
422
336
299
171
359
193
442
377
287
233
112
204
439
369
114
230
70
233
126
159
65
423
431
160
244
126
86
191
133
88
382
282
18
305
358
161
277
483
277
200
489
216
313
23
183
139
352
202
451
477
470
62
459
418
114
211
63
466
420
446
160
45
353
399
36
209
159
400
184
182
82
239
193
378
118
205
475
278
250
134
110
208
366
239
26
217
234
397
333
97
26
258
319
273
433
323
134
204
161
212
271
21
81
44
114
296
352
329
25
457
114
309
132
330
503
474
22
92
3
281
178
313
84
95
126
185
313
7
445
165
296
364
490
25
302
242
284
79
102
187
56
240
308
143
37
262
203
62
488
72
347
286
244
163
170
464
283
461
376
45
109
77
184
260
171
498
219
368
206
46
232
500
162
207
99
24
144
439
296
396
208
371
10
45
468
469
210
12
219
107
233
51
351
358
93
119
242
215
380
132
414
196
345
111
302
147
319
263
184
222
424
273
181
18
195
381
60
112
207
327
123
81
328
353
366
304
247
213
367
53
381
468
413
111
440
495
140
188
130
401
424
36
18
261
229
64
251
111
413
282
91
86
286
244
62
291
294
465
138
112
184
463
181
436
324
473
467
394
417
345
355
83
159
366
266
167
81
80
499
141
6
393
230
308
282
351
180
492
240
136
36
193
122
26
294
193
31
227
327
374
299
46
240
333
427
316
494
101
67
172
22
62
224
435
352
425
35
236
44
101
4
226
421
272
359
262
274
40
473
134
443
170
358
35
346
172
465
500
181
363
217
198
431
232
203
182
396
401
38
376
26
66
484
326
302
228
406
410
123
198
54
300
311
29
82
74
60
127
218
271
349
1
139
386
413
381
29
99
469
496
266
160
36
372
404
83
241
337
443
132
245
133
480
477
428
56
104
133
392
378
313
503
418
113
435
432
379
499
424
131
427
460
422
28
105
77
18
158
298
379
178
278
307
499
168
374
465
379
200
331
418
68
439
317
309
472
486
234
331
127
328
66
321
90
123
1405
66
103
186
268
182
366
181
390
230
301
188
203
314
63
455
256
7
436
145
133
276
494
226
141
279
292
498
435
23
358
334
260
363
345
344
60
29
424
254
250
255
60
417
358
106
227
329
262
102
49
238
367
95
23
284
38
134
92
100
56
14
208
227
186
281
83
201
348
171
240
395
467
390
407
285
364
157
442
302
123
289
284
98
342
113
491
29
231
21
450
424
489
336
39
215
270
363
200
373
206
298
267
227
241
82
348
232
288
365
299
320
424
9
363
191
37
139
218
234
326
452
360
490
225
434
10
212
34
104
284
308
436
29
354
61
302
55
488
29
30
493
124
383
444
176
362
374
70
283
267
449
427
297
444
295
493
35
451
96
354
157
155
276
53
500
353
383
7
420
6
368
133
299
79
368
36
393
435
468
167
438
319
248
239
23
35
16
171
313
117
131
474
329
79
128
366
94
429
361
388
362
62
134
177
103
335
300
433
263
142
354
364
482
61
207
191
331
45
331
382
351
259
43
16
118
100
167
155
150
237
191
60
228
409
356
289
175
29
48
52
431
41
174
311
321
453
374
441
399
329
485
324
356
258
110
354
114
491
323
460
78
402
371
38
384
70
7
320
61
485
202
156
421
411
300
412
139
78
264
216
351
406
396
383
236
174
430
371
238
190
356
442
257
414
305
405
118
63
85
319
282
166
74
118
423
476
273
417
497
247
121
442
499
167
436
130
375
343
59
80
430
461
245
298
361
352
385
491
475
197
424
32
167
462
465
313
86
65
413
248
344
105
163
21
352
79
266
432
408
110
420
315
159
441
178
383
105
458
485
397
16
175
437
469
39
215
501
396
321
269
230
424
183
51
325
120
231
497
312
360
499
187
441
281
200
405
37
3
350
178
294
271
394
186
321
362
223
44
394
257
10
31
209
187
327
293
139
370
224
91
467
387
366
435
25
113
500
78
204
355
437
137
177
171
229
139
239
11
69
253
313
395
24
364
279
202
320
277
97
434
275
94
366
243
3
294
484
247
348
388
260
466
213
177
427
120
191
428
310
278
489
448
85
431
299
146
10
439
42
37
209
192
204
158
472
138
500
312
407
383
324
43
461
231
161
28
432
463
492
474
484
166
258
242
70
283
317
473
41
130
344
229
491
90
324
459
260
324
86
425
206
196
55
406
498
436
77
261
124
461
110
306
396
260
447
57
200
427
376
293
439
140
284
216
163
271
72
269
281
438
319
280
355
309
60
494
30
212
304
69
144
233
218
373
339
196
162
397
197
241
352
122
232
325
278
436
360
13
162
306
242
202
222
253
375
213
441
422
345
5
313
39
173
314
321
317
459
22
391
419
351
208
228
208
448
265
310
321
157
339
503
66
472
410
37
14
264
392
403
221
218
99
405
90
14
211
362
489
224
337
164
443
267
318
103
161
480
281
308
211
468
366
124
88
17
327
243
130
89
390
176
197
220
195
35
395
387
80
189
304
312
219
85
11
309
396
378
92
16
370
203
322
469
411
258
316
316
92
12
284
231
482
332
56
486
86
3
22
246
97
273
273
352
159
442
247
218
318
392
252
388
94
52
400
414
86
373
227
129
397
68
383
196
408
7
476
51
443
217
292
133
38
451
194
444
156
424
473
285
220
437
65
379
466
73
11
473
110
21
113
165
118
441
268
498
396
434
425
340
250
10
449
127
170
78
491
141
410
355
442
411
143
385
478
348
232
376
285
167
36
1168
130
174
221
82
175
362
466
373
468
161
139
1204
307
122
92
480
489
451
350
459
386
500
18
402
205
111
443
88
205
1
467
226
141
148
8
66
342
298
283
503
494
71
437
141
27
198
437
267
391
474
27
191
213
351
307
333
447
67
139
350
15
219
294
322
227
72
180
298
6
138
301
81
222
245
183
109
149
215
104
480
474
212
450
427
443
303
163
1507
491
362
77
49
67
449
176
469
88
14
276
24
228
50
463
104
298
266
285
466
106
9
400
328
379
497
174
93
319
393
330
408
485
384
81
234
201
25
487
66
274
266
108
223
90
421
325
465
151
480
370
421
418
52
352
270
391
387
483
134
213
160
291
167
425
175
473
138
107
169
165
14
3
32
436
388
162
5
388
66
252
327
157
251
190
354
371
13
315
462
48
467
218
458
13
143
347
227
14
359
318
295
494
158
361
59
489
76
68
176
146
105
181
129
335
325
128
53
264
438
449
476
232
331
346
390
431
86
281
359
454
460
205
101
45
371
322
151
190
424
453
173
95
82
5
19
326
246
27
292
102
359
447
482
175
206
279
197
474
65
252
216
304
97
286
124
143
40
19
347
262
270
52
296
218
22
270
123
358
113
273
31
297
392
297
368
184
61
69
20
460
364
209
291
351
500
216
160
400
96
288
498
302
379
207
16
78
28
405
391
211
314
310
412
130
15
122
242
29
178
1
408
460
263
279
79
222
200
92
439
288
384
444
425
258
365
303
110
432
249
417
42
62
205
364
263
477
176
470
404
285
370
295
372
189
150
83
64
72
331
124
474
374
212
199
219
442
42
139
476
88
464
446
377
386
279
233
66
503
274
221
364
338
280
302
37
401
294
150
124
10
494
104
233
85
158
180
455
458
150
42
427
182
50
236
276
297
494
180
137
271
55
464
165
426
74
99
165
115
282
403
48
2
494
276
41
101
238
204
177
353
43
447
476
33
192
292
1
99
168
249
310
117
284
348
372
357
372
286
395
58
86
314
431
389
336
145
9
255
37
255
425
483
81
26
447
286
354
295
173
53
53
93
174
69
314
149
433
431
307
146
434
313
398
309
336
419
410
287
417
402
216
72
400
365
333
490
391
400
98
408
66
440
182
355
248
7
208
332
498
421
424
439
410
6
316
342
335
159
152
443
366
358
75
352
22
110
80
380
45
352
299
437
248
286
228
428
393
162
116
177
70
264
415
180
74
337
481
257
405
86
313
410
54
115
364
238
51
274
186
230
407
119
492
126
264
177
334
398
262
339
62
238
139
389
215
83
119
256
203
74
379
269
224
15
329
470
497
435
308
142
240
430
232
368
159
330
483
45
330
120
162
219
227
160
365
322
422
182
94
400
257
498
240
92
434
227
160
315
53
458
56
444
326
207
195
416
291
177
441
161
491
470
89
300
128
394
224
248
340
394
397
247
30
329
497
231
12
22
83
274
277
373
426
316
1290
239
61
268
345
202
345
97
9
444
247
478
459
478
160
307
102
15
67
224
315
227
381
406
187
44
373
37
44
138
462
341
301
126
14
363
482
197
286
93
172
227
284
418
31
11
280
177
489
341
242
299
140
65
73
153
467
478
407
352
46
453
362
141
448
497
305
58
291
332
386
245
389
404
181
299
80
184
451
228
274
110
442
332
247
397
170
404
43
381
50
144
4
329
296
236
265
424
306
317
268
59
224
498
248
216
254
381
449
344
50
460
450
265
445
136
379
405
138
375
425
100
392
22
232
68
292
343
110
483
445
85
455
393
75
258
279
97
221
110
397
417
114
392
52
322
49
365
482
212
499
495
478
142
367
219
21
12
46
168
18
35
477
347
82
160
407
404
444
125
191
375
241
218
259
88
421
328
294
426
66
149
481
184
273
440
340
497
22
371
187
255
91
344
364
222
11
319
267
398
24
290
411
454
476
126
195
173
453
355
219
427
461
54
148
188
351
235
209
180
33
251
271
62
179
42
345
295
141
440
24
125
454
393
405
185
63
189
284
44
161
227
380
93
225
31
320
20
76
387
446
493
407
335
100
156
373
438
377
15
61
486
316
270
113
487
426
102
99
280
234
30
221
102
94
242
355
279
244
331
389
128
243
144
277
261
236
284
421
310
251
235
310
329
98
468
298
326
281
301
182
193
141
179
339
295
48
135
472
274
291
223
162
454
164
214
128
425
452
365
59
496
438
420
488
1187
141
441
322
490
457
34
353
168
311
302
227
70
154
450
362
163
47
453
81
408
143
174
380
334
74
320
411
364
115
467
361
392
370
412
421
122
222
164
273
286
90
484
485
474
176
94
258
407
444
61
265
129
418
438
123
501
267
201
63
246
150
359
442
67
449
24
172
76
277
335
278
38
250
195
125
125
101
171
81
292
391
280
487
7
456
286
455
478
244
372
283
316
348
465
441
141
483
23
158
3
40
217
463
318
417
245
296
445
206
154
223
132
88
315
120
298
60
121
194
91
124
454
100
478
473
272
460
140
5
276
57
240
169
249
298
326
274
110
114
389
398
466
185
338
222
268
422
36
203
125
200
435
189
63
349
381
46
442
153
492
352
200
386
9
318
151
402
222
319
262
183
103
44
114
289
401
28
263
226
127
429
105
291
71
228
287
33
342
22
199
325
50
350
200
431
26
107
232
25
216
223
341
45
7
207
162
50
156
277
289
130
76
170
78
250
251
159
398
346
88
256
142
89
260
126
247
399
385
87
408
502
105
169
269
243
219
410
48
485
311
131
105
107
84
379
176
205
198
437
462
349
375
307
474
96
11
392
397
200
43
298
284
24
13
223
333
173
405
405
46
310
163
299
122
192
58
167
87
237
102
452
483
297
18
199
50
361
489
252
20
317
196
51
168
69
369
461
481
420
100
326
345
114
96
133
251
151
309
351
333
455
253
215
263
367
56
96
413
454
367
308
204
260
113
155
499
43
370
243
281
415
113
225
468
381
391
79
361
154
470
368
384
409
69
464
470
26
163
471
384
421
276
121
469
438
135
189
15
360
255
333
355
125
403
429
340
496
337
434
479
377
226
93
6
312
268
300
328
463
148
149
462
495
360
117
116
255
145
280
281
182
170
462
153
325
388
29
68
149
9
274
309
413
74
230
252
123
306
408
109
453
433
374
125
298
375
76
188
341
60
273
403
171
40
431
270
124
9
203
249
316
443
268
303
280
234
128
96
471
220
153
185
303
59
442
123
295
154
167
400
302
238
198
376
10
37
357
296
407
6
60
153
384
220
301
58
378
180
270
195
200
232
448
174
370
138
170
392
6
103
59
392
7
418
417
153
13
86
23
386
60
64
284
363
315
477
468
449
66
293
227
200
58
26
280
54
316
269
195
40
93
148
343
100
264
368
254
502
405
104
51
74
24
323
392
116
208
172
133
354
206
382
176
211
128
99
99
116
41
397
357
119
480
239
325
74
42
351
418
118
225
314
183
133
340
263
354
370
120
453
65
187
89
4
15
309
57
48
359
175
372
409
183
499
237
291
103
467
398
272
291
283
310
162
381
375
271
448
115
108
18
295
387
402
195
40
345
295
322
149
350
391
253
284
62
234
453
481
103
356
461
3
54
282
22
418
223
453
453
91
86
312
377
41
237
119
456
263
296
42
488
408
279
425
265
71
361
345
31
240
196
143
278
477
357
351
235
94
442
418
114
313
204
219
453
211
458
370
243
124
413
117
425
206
395
351
477
315
264
417
144
398
471
71
25
378
227
439
356
384
81
168
325
372
357
173
216
98
210
172
240
271
225
362
174
310
311
454
324
445
166
42
412
33
234
369
439
114
321
66
452
193
256
136
168
30
35
37
449
465
117
455
400
471
86
1258
426
227
419
485
296
341
191
349
205
500
145
266
370
417
197
387
218
20
436
181
466
153
331
289
386
98
231
369
362
323
108
395
192
173
413
357
72
348
438
409
434
288
484
131
219
41
255
132
285
176
84
277
75
458
131
403
401
362
188
368
454
71
33
15
368
368
77
409
238
300
24
494
330
5
149
415
154
126
136
68
411
382
91
14
333
72
288
289
366
79
334
437
97
379
115
78
125
81
8
64
69
316
285
437
403
460
446
105
344
44
155
79
430
163
43
384
36
124
144
19
69
88
21
95
501
50
111
63
460
73
213
271
72
458
252
432
432
343
478
383
31
139
282
386
100
371
318
345
253
497
245
145
493
475
405
369
147
425
90
156
131
425
361
233
364
108
79
393
338
194
71
436
8
267
5
157
36
425
31
288
330
395
247
234
77
267
387
501
76
26
490
242
361
239
278
268
220
448
54
123
410
442
217
323
168
56
476
67
212
461
283
491
432
354
385
474
276
103
48
79
168
283
423
23
118
400
396
209
219
281
82
493
140
344
94
494
417
151
435
60
59
476
176
353
68
214
269
4
169
304
105
163
68
218
94
351
432
455
26
346
204
243
441
68
123
176
18
62
348
23
478
36
278
53
39
237
77
302
181
170
390
180
481
112
146
469
169
462
399
19
417
36
284
279
272
80
245
119
300
84
335
44
53
249
57
17
434
276
28
51
223
299
136
26
146
72
347
175
2
457
291
487
46
312
163
406
476
291
112
366
37
44
489
381
280
50
433
436
319
472
15
374
490
135
190
419
127
387
465
98
3
456
213
500
201
403
285
48
15
89
199
133
33
25
29
437
237
43
321
336
58
167
487
407
195
171
161
361
95
412
413
85
26
327
191
334
20
399
389
282
185
370
253
83
69
493
54
162
71
201
211
23
437
246
335
259
87
416
445
33
174
145
140
256
431
485
5
234
459
198
8
202
101
275
298
465
227
406
484
470
293
194
491
498
402
320
445
180
111
354
19
384
163
447
192
177
471
159
369
334
41
22
25
97
153
293
245
349
110
128
126
214
329
391
110
404
248
226
288
120
176
420
292
4
316
360
41
77
378
116
313
232
444
139
375
17
81
434
499
82
429
345
51
259
468
183
419
63
119
120
244
105
259
236
181
224
272
347
385
144
378
330
444
131
103
303
468
22
38
386
17
140
208
210
463
163
461
482
478
256
99
198
463
175
204
127
15
303
456
241
396
438
196
26
495
373
494
142
208
450
273
65
79
257
391
17
164
149
127
117
261
369
14
145
403
79
502
225
139
179
470
473
46
322
494
400
34
453
470
81
417
355
397
21
378
369
15
470
7
475
93
189
98
152
160
393
162
71
494
285
28
257
377
94
269
396
300
434
453
278
106
372
187
73
148
426
1488
121
104
253
73
491
108
179
246
33
187
407
113
103
26
448
206
451
200
120
329
461
205
125
111
177
256
12
109
55
478
68
488
306
273
203
139
264
75
282
473
442
171
118
286
467
230
432
164
171
165
368
22
283
246
21
323
102
232
124
260
142
379
353
210
399
189
138
138
127
438
265
286
56
429
327
192
377
409
408
479
440
179
166
365
130
147
116
262
476
116
343
198
427
255
371
480
463
264
302
457
305
333
155
5
183
322
326
284
46
251
16
71
387
98
206
133
265
385
353
218
181
26
242
363
426
71
319
297
217
352
446
279
18
487
306
468
256
242
476
236
320
203
473
76
43
412
286
272
418
138
414
467
499
126
40
109
119
496
457
224
465
256
123
360
66
387
337
55
172
419
90
419
103
58
451
503
105
254
199
313
15
59
206
45
465
466
59
271
97
340
485
330
142
192
65
31
66
366
320
373
109
46
65
28
64
482
492
464
189
429
48
104
412
164
428
249
65
91
436
182
299
457
214
229
456
183
402
205
155
369
295
461
103
120
80
400
380
48
86
73
354
284
451
358
93
204
425
485
180
425
321
142
16
312
414
219
265
332
214
298
275
446
240
323
370
368
353
321
166
277
89
60
7
413
453
414
348
205
410
374
266
373
131
212
355
94
107
409
28
177
346
447
439
63
152
248
317
262
373
415
454
259
454
463
307
36
371
354
135
452
503
339
240
42
152
299
340
458
415
486
457
193
408
332
224
503
387
355
150
64
83
440
252
185
383
489
23
326
501
17
408
221
121
407
238
487
131
342
213
102
182
146
207
444
375
357
64
52
46
371
333
489
105
78
59
389
164
129
257
157
477
161
351
125
134
144
9
217
332
469
431
58
85
409
452
74
390
437
171
213
283
171
405
210
289
184
396
278
386
445
194
360
433
399
382
282
1
281
260
36
217
119
484
483
452
151
6
99
418
184
241
165
221
460
447
433
16
253
432
469
263
243
472
81
47
6
167
245
260
78
33
392
309
230
165
240
419
436
447
19
1
51
459
125
56
195
265
409
132
32
498
253
247
334
153
282
58
98
192
20
199
99
308
136
317
212
87
370
466
34
480
94
250
175
243
487
403
145
283
381
242
160
121
366
238
182
30
186
156
485
220
250
293
1357
333
53
87
144
300
489
70
90
101
63
204
81
328
50
467
447
110
365
27
308
285
471
79
320
101
191
465
231
139
288
461
127
477
355
421
199
24
353
100
45
228
15
386
136
314
132
411
218
328
115
437
381
496
250
278
425
142
207
15
412
100
163
15
343
442
115
446
392
371
310
105
242
359
129
184
225
165
255
366
471
145
269
310
413
129
428
98
492
313
420
205
289
233
213
92
73
382
437
482
423
421
213
192
399
67
212
465
493
456
327
147
370
301
439
410
131
363
315
374
68
209
484
379
372
243
52
7
356
140
216
11
307
13
289
376
143
294
117
296
2
409
285
492
466
478
214
427
470
414
163
479
189
382
458
63
349
224
196
305
412
31
363
40
217
225
313
24
116
85
1489
147
186
8
182
391
240
497
193
273
471
41
301
278
26
24
78
188
481
19
189
210
429
265
13
177
3
487
203
180
451
437
34
108
23
70
276
404
304
130
400
91
286
227
91
281
470
413
356
259
355
179
318
28
254
342
417
493
87
348
416
306
45
1
496
178
282
194
75
230
227
419
86
280
123
126
272
54
19
357
338
375
91
185
258
289
148
158
32
245
144
131
246
165
317
247
24
439
404
466
111
379
98
321
187
219
501
233
359
243
468
307
355
495
179
110
266
422
41
460
294
307
158
115
280
27
175
168
398
123
11
347
29
274
160
179
448
345
429
16
121
218
222
402
465
418
38
486
102
377
381
62
342
166
243
346
146
392
454
33
445
359
107
215
100
465
56
237
91
173
337
312
447
174
222
28
216
385
455
154
184
145
265
502
225
234
61
446
29
248
413
466
371
115
203
250
113
238
355
271
455
123
4
194
94
448
39
364
145
222
161
252
365
119
303
434
363
494
55
288
123
444
407
281
133
19
271
25
349
464
117
362
452
174
8
278
452
440
138
126
251
430
349
22
218
298
28
1
169
353
415
423
201
485
407
473
180
462
81
133
424
228
200
39
282
448
9
442
332
187
224
375
58
169
230
215
124
383
98
77
240
125
230
321
145
43
152
373
83
235
410
353
23
52
217
244
150
150
352
418
263
247
492
179
67
262
68
345
236
275
355
363
221
436
262
416
414
502
460
214
107
468
264
392
497
151
153
215
59
444
206
417
270
340
58
108
452
305
115
21
401
377
459
12
496
282
344
42
430
404
61
95
344
91
31
359
382
447
259
140
31
316
195
435
279
400
475
390
323
311
403
45
253
124
444
366
393
114
251
226
300
17
457
303
16
126
316
492
173
174
459
19
443
78
34
197
282
157
4
42
183
70
46
280
189
328
461
330
73
257
296
216
1
249
15
503
482
88
25
34
166
432
471
91
445
121
344
122
435
138
302
462
39
484
156
194
28
198
248
14
371
112
30
392
250
366
123
69
166
201
303
104
140
488
416
252
132
378
392
61
86
272
331
69
503
130
397
210
2
411
60
139
101
204
424
331
363
177
409
443
492
75
40
490
257
180
460
49
295
322
433
484
231
352
466
345
225
370
216
129
208
431
191
272
67
472
252
387
148
491
451
384
228
462
198
51
87
292
245
422
256
497
415
68
424
15
20
137
367
30
358
230
131
503
178
134
244
361
379
55
23
431
153
107
409
76
211
52
302
300
198
216
83
26
57
450
402
190
22
272
106
322
431
158
325
303
14
131
182
173
386
204
439
438
71
266
71
119
502
210
99
164
406
466
165
335
32
307
279
244
501
239
55
266
177
105
159
174
41
312
240
51
348
199
73
167
248
84
354
6
501
345
370
150
155
378
49
145
30
15
74
343
499
58
244
262
231
337
470
172
128
274
451
357
269
189
448
151
384
198
227
55
153
454
415
109
350
207
31
419
1406
85
500
197
253
33
216
291
153
50
335
461
51
386
123
145
88
39
467
159
481
477
419
193
90
26
278
148
61
346
269
131
271
301
331
256
134
50
153
3
169
294
265
38
343
356
406
311
295
40
60
116
204
13
269
154
369
32
423
88
281
437
64
249
52
366
184
499
133
393
274
174
395
331
211
363
25
203
342
343
373
249
288
198
465
477
95
84
51
238
138
255
64
437
190
41
437
114
256
235
334
270
59
224
74
343
201
441
18
154
340
198
208
450
177
38
478
395
480
16
176
387
188
329
163
315
372
156
262
414
43
430
83
490
65
372
422
398
462
255
198
343
448
115
295
17
465
458
57
472
160
368
459
256
77
427
236
257
130
189
383
402
374
319
92
382
159
345
322
434
310
80
223
215
439
381
442
463
250
310
115
127
307
197
320
367
495
444
36
483
498
251
355
272
236
327
428
241
462
341
420
178
431
195
82
17
468
373
203
239
182
44
360
111
178
271
384
107
418
60
134
336
214
454
305
445
133
401
384
408
141
440
453
465
187
172
99
164
484
129
316
164
296
1491
25
470
4
288
56
307
440
84
204
397
6
374
356
167
45
142
114
478
476
317
476
232
200
312
304
43
246
300
26
211
492
71
252
91
107
117
133
324
1
215
474
359
36
381
429
420
197
421
346
173
344
295
101
13
273
469
128
43
63
197
130
236
90
269
494
263
123
246
454
495
283
56
439
202
150
22
472
436
136
499
239
243
240
351
93
278
5
454
420
92
6
206
45
207
340
41
311
74
387
58
93
282
461
250
223
57
58
210
188
161
88
420
207
252
342
480
376
412
113
449
293
88
247
60
299
92
35
433
87
219
42
361
240
386
332
20
156
212
503
117
192
427
432
204
93
495
265
92
259
147
221
234
487
152
30
52
353
140
381
272
120
421
341
78
312
168
110
50
145
119
335
378
248
198
339
303
395
203
452
437
53
57
325
499
440
141
44
233
430
275
307
114
280
130
82
428
37
106
289
212
342
143
204
217
425
453
325
385
302
497
101
30
279
281
414
27
132
255
225
413
493
47
133
394
173
258
462
186
379
53
38
374
285
340
208
502
318
215
374
392
124
138
20
408
445
210
267
348
370
1254
180
480
381
489
272
225
365
401
310
182
398
187
490
79
238
173
267
342
227
78
318
419
272
62
162
55
22
182
88
245
340
16
245
257
300
275
43
461
499
87
337
85
180
414
302
503
503
141
184
211
296
275
20
136
457
137
175
313
139
388
329
363
155
42
194
150
448
384
28
235
209
155
326
36
314
415
478
494
287
132
225
426
255
259
483
382
265
181
271
163
121
133
304
357
119
412
419
25
292
215
1294
168
196
225
129
33
478
188
490
252
260
150
191
139
144
393
57
410
464
324
84
441
341
51
122
309
298
243
271
284
480
72
87
432
491
37
67
253
284
83
301
306
354
133
334
337
481
335
88
406
346
124
6
223
486
34
293
42
213
406
221
68
368
77
501
380
473
153
195
419
274
323
266
315
490
287
136
347
44
285
296
481
481
342
380
102
31
114
203
164
50
149
7
214
2
442
303
445
433
183
337
158
93
93
341
74
188
468
64
114
494
98
47
61
196
401
376
448
282
166
295
263
387
121
460
53
309
330
1394
53
3
209
264
140
167
492
110
230
322
338
167
97
8
25
368
60
471
229
394
479
443
341
281
322
63
240
140
387
54
487
4
18
124
386
157
21
465
491
477
451
380
18
330
387
446
258
295
310
241
409
368
117
314
419
236
405
473
473
155
377
130
469
448
84
337
296
107
427
398
94
307
169
153
295
434
351
304
413
43
135
87
376
350
453
208
166
102
101
146
173
334
121
264
302
294
421
449
435
384
222
451
329
351
286
10
3
420
409
401
421
410
27
407
486
77
503
320
284
208
212
444
118
258
478
382
40
12
39
184
328
235
255
14
200
141
348
184
436
429
272
310
157
159
104
40
42
301
415
27
479
90
69
298
147
11
296
498
18
485
445
162
462
415
350
247
190
276
421
19
158
162
235
155
328
242
34
160
52
441
14
303
431
90
475
380
120
192
324
182
48
287
275
356
440
257
457
239
45
327
192
441
399
120
14
166
250
397
242
79
290
326
33
160
133
63
363
173
238
433
411
151
280
323
435
446
14
364
422
196
397
271
182
188
286
480
245
370
123
280
237
403
376
270
484
340
270
269
415
52
224
10
309
79
343
302
103
377
390
65
39
237
186
458
73
349
388
137
249
429
110
313
450
469
167
324
20
483
131
409
248
3
398
1439
212
173
423
400
415
249
252
429
452
419
318
446
450
33
410
89
106
219
129
398
415
379
414
199
28
201
381
446
42
370
28
495
218
423
30
441
32
182
242
94
16
334
187
128
12
276
240
182
477
352
434
470
397
416
165
63
431
51
145
492
258
295
104
449
452
82
400
312
98
61
158
270
423
154
153
317
489
346
146
339
501
421
153
151
350
400
129
277
161
53
20
93
372
218
153
87
433
436
33
78
479
64
194
92
390
374
248
248
354
180
499
16
188
435
32
476
170
8
303
154
107
119
458
48
407
492
133
116
81
165
205
392
423
304
349
258
144
20
113
464
184
37
406
480
5
236
10
105
399
148
494
41
371
492
84
129
357
115
33
15
270
36
405
91
96
315
40
54
461
261
62
174
344
112
230
237
8
174
438
130
335
350
137
437
146
424
239
276
44
75
37
397
320
500
32
298
3
6
310
475
434
445
364
449
200
34
88
159
320
126
371
479
293
284
383
85
148
261
465
261
163
296
495
112
298
387
319
164
176
457
195
470
319
179
271
406
79
373
345
224
212
176
414
409
177
378
263
122
450
258
332
61
466
391
44
275
473
245
437
215
464
429
25
425
341
58
344
474
469
176
404
473
80
224
29
465
114
1
1119
47
482
496
131
94
175
412
489
452
347
23
378
129
332
157
47
1071
266
121
88
380
23
192
242
131
189
242
373
239
488
346
71
216
82
183
52
237
144
453
210
251
108
272
459
217
188
181
177
157
178
51
339
191
145
211
103
88
216
321
60
331
226
470
84
227
494
260
322
147
361
295
180
192
479
221
202
382
255
77
435
483
184
456
476
359
442
474
372
347
96
182
60
454
322
373
481
66
373
354
119
65
10
43
205
124
490
419
466
257
32
267
241
111
397
265
245
303
125
175
416
133
275
258
30
498
447
414
489
309
59
24
419
177
282
176
31
338
242
228
321
265
193
307
365
254
282
429
494
89
195
403
475
93
394
421
133
133
181
447
238
215
64
349
397
148
59
231
176
156
206
442
61
97
165
309
441
70
58
58
297
291
152
300
2
100
209
241
364
170
434
489
17
346
41
13
112
2
370
260
8
448
413
99
383
475
1431
422
397
126
173
335
379
88
387
104
442
420
276
461
297
344
191
176
155
241
257
456
15
256
228
105
468
144
143
193
321
295
109
96
449
366
116
205
323
314
434
301
439
66
80
314
75
157
153
245
327
112
478
215
209
312
5
153
142
192
190
303
213
13
332
328
126
340
339
14
136
397
10
51
289
198
194
433
218
168
108
317
186
418
72
92
141
421
135
246
317
324
382
69
181
349
1
40
368
464
55
77
465
280
257
216
258
399
126
96
21
153
189
108
240
63
335
1432
403
26
67
156
467
136
227
298
346
296
495
234
7
174
227
379
61
302
298
161
483
170
417
148
125
184
357
388
154
293
416
489
177
403
18
75
221
236
379
127
17
283
217
174
284
304
180
100
182
332
220
241
79
433
78
237
389
279
26
82
353
500
231
322
389
198
429
167
103
236
46
21
431
174
185
61
79
133
248
384
108
197
86
285
55
105
447
460
496
40
345
195
41
354
455
268
464
469
239
217
388
249
145
316
290
134
410
73
124
384
344
359
261
381
285
142
97
147
46
488
303
498
77
184
283
77
368
152
176
451
89
440
32
334
14
349
150
257
71
330
148
467
65
20
96
381
433
84
433
61
385
488
402
209
460
79
51
125
222
356
398
487
11
411
328
229
221
113
292
142
190
267
217
108
77
238
141
340
48
3
498
153
261
266
450
252
119
31
501
164
39
162
424
188
6
295
444
403
422
328
285
418
306
289
499
390
402
414
284
78
264
217
18
314
425
261
502
273
484
56
422
290
279
288
142
431
352
421
4
217
222
363
23
97
134
145
202
45
354
237
198
39
311
372
439
21
363
249
350
188
205
238
462
216
496
343
65
119
177
425
405
393
139
304
387
476
91
289
215
273
69
384
15
25
50
212
482
199
307
56
51
472
60
64
108
229
342
461
35
188
201
267
415
279
395
288
174
122
434
337
120
100
389
92
396
41
12
176
232
332
249
49
457
250
3
73
169
166
205
23
476
70
14
268
25
309
41
193
103
234
68
426
391
51
426
100
115
250
175
346
8
117
434
322
275
113
84
428
11
11
476
280
75
305
7
285
86
125
225
40
99
275
118
44
425
331
389
310
194
214
326
106
460
371
147
26
259
2
423
164
207
157
407
94
258
172
213
289
324
294
73
301
448
307
448
431
312
249
154
8
194
481
229
143
155
13
269
433
490
23
493
96
190
23
86
201
360
448
445
115
53
445
491
409
309
343
422
156
299
138
172
259
253
8
414
46
382
156
232
369
435
391
398
458
449
20
203
81
275
67
467
174
340
59
102
494
201
110
102
389
427
204
274
330
436
110
250
215
324
188
408
483
314
194
204
216
374
234
366
451
389
170
396
325
408
203
191
282
248
18
363
58
487
290
8
431
3
6
132
346
313
331
291
236
496
487
301
486
222
114
357
213
275
217
379
308
255
155
184
198
451
479
208
338
497
465
492
380
45
327
479
162
296
411
473
349
321
470
299
157
58
315
272
205
20
461
477
82
270
257
445
455
408
192
287
15
178
121
379
444
76
405
353
272
433
302
19
279
25
262
360
72
442
82
345
369
12
446
395
7
323
490
167
275
136
443
32
32
428
132
427
275
24
88
97
184
457
194
149
428
231
18
6
342
170
126
118
129
452
232
220
403
34
172
488
176
375
255
261
281
42
360
405
469
423
202
296
94
246
118
77
18
251
66
268
313
49
10
420
282
30
397
439
84
429
492
433
402
108
404
478
328
147
358
20
98
404
203
300
463
67
160
229
379
382
454
387
21
20
501
222
113
157
150
403
159
264
421
454
185
416
43
463
292
292
17
353
336
470
405
177
157
56
286
283
466
46
179
241
309
100
191
99
440
341
218
436
279
460
429
294
105
105
145
144
498
439
429
444
411
129
415
185
400
42
168
281
272
212
468
478
336
470
290
455
238
385
340
267
293
465
37
116
237
51
494
187
22
234
269
423
1
171
84
35
462
98
95
98
87
36
274
61
197
231
74
220
228
18
84
260
199
501
435
38
116
46
216
186
462
483
434
235
265
488
56
378
468
55
285
332
442
302
77
46
159
170
347
165
397
264
368
217
71
109
408
62
375
318
18
337
29
114
344
240
189
315
461
84
148
483
365
471
188
176
139
350
39
171
486
498
382
369
90
102
225
484
329
385
474
277
424
268
37
209
282
7
258
417
390
43
315
249
382
77
90
124
428
123
211
146
342
188
277
32
107
334
123
163
242
77
418
273
23
155
1
343
322
166
217
468
239
1
371
2
273
90
347
404
350
91
364
43
94
116
41
423
284
162
367
34
341
23
90
418
190
203
272
40
56
259
407
56
397
491
191
486
483
218
150
198
67
304
269
303
441
300
292
83
452
387
72
416
28
178
90
284
460
416
148
90
328
170
165
41
306
239
351
430
161
47
387
380
173
357
192
144
272
209
340
303
154
133
480
394
265
197
198
212
441
423
404
44
156
100
147
490
419
395
209
492
114
244
3
35
382
316
292
8
348
418
91
109
26
479
379
155
335
440
87
427
209
230
302
249
361
472
474
181
206
177
25
256
181
419
3
193
225
260
9
319
200
270
467
334
342
101
56
216
334
206
298
264
328
356
431
400
213
480
433
197
175
267
125
33
250
62
146
57
5
364
370
499
441
306
461
342
37
472
495
355
179
31
455
130
363
337
364
89
475
379
107
199
483
352
365
316
46
167
161
150
292
210
371
467
310
377
366
97
10
182
365
369
354
413
353
433
93
349
142
314
499
90
399
352
120
408
372
88
292
408
60
201
359
362
491
75
440
117
381
408
392
28
165
403
479
163
405
331
499
191
199
124
441
470
406
406
279
66
463
247
385
134
84
72
154
359
124
17
385
270
100
441
35
304
296
131
285
393
473
80
185
497
237
77
208
382
479
79
329
355
183
121
116
437
352
221
363
285
164
24
107
275
335
378
152
93
476
200
156
97
294
269
290
261
109
199
320
106
388
403
169
374
382
88
155
60
446
102
168
359
169
245
21
288
61
330
218
453
60
308
133
383
102
430
211
446
51
484
343
303
371
196
380
14
99
121
220
113
321
203
244
17
233
378
426
10
141
218
498
403
190
244
135
211
315
503
322
465
155
470
15
503
264
229
67
391
55
68
34
443
14
304
197
323
466
138
279
232
357
119
300
380
434
250
117
138
90
499
259
255
487
276
314
129
91
342
151
98
321
175
126
214
381
364
106
399
323
70
288
410
209
399
237
204
189
303
423
86
93
404
123
38
65
185
352
7
500
372
236
224
232
259
208
113
226
67
287
115
33
496
340
251
204
154
358
126
385
273
456
9
162
491
307
328
391
384
413
215
309
420
263
107
157
413
233
413
61
177
279
148
211
391
193
259
214
242
215
69
474
271
362
384
314
194
172
233
244
87
483
11
324
436
352
215
309
319
209
432
77
422
418
112
273
11
207
161
337
390
73
312
253
72
321
11
430
89
185
28
430
95
270
105
111
369
396
9
410
68
3
137
356
432
449
351
480
285
171
116
81
474
155
414
190
66
301
376
139
355
316
291
131
384
161
368
348
492
430
226
466
218
407
243
496
195
340
484
137
130
300
123
253
27
67
71
384
230
476
20
100
421
193
192
268
381
287
68
401
76
80
195
361
80
261
105
14
380
87
233
112
285
156
374
130
168
234
218
74
467
117
309
202
183
127
342
76
403
459
318
315
441
433
442
373
164
303
399
142
488
392
357
369
422
100
243
436
366
415
410
212
286
123
4
276
152
397
180
147
454
394
58
494
222
224
86
42
252
225
439
103
326
17
449
278
142
151
370
208
356
202
155
41
481
339
211
262
149
402
148
405
8
487
448
120
310
177
341
225
460
413
109
63
132
439
371
84
412
189
316
377
341
49
452
419
279
348
23
420
409
137
270
246
88
499
394
67
129
65
87
85
109
491
263
45
156
494
40
163
396
298
131
346
85
295
209
395
49
483
94
1
493
383
450
3
484
35
487
53
75
181
232
218
284
86
136
156
35
476
39
473
43
350
230
70
247
480
385
120
35
419
71
430
476
477
414
169
56
458
171
114
464
94
9
193
236
484
378
44
355
84
161
401
3
408
312
54
77
56
264
253
430
203
464
234
397
53
416
6
365
292
438
160
359
490
310
350
259
126
20
407
197
406
80
235
127
161
428
45
231
198
218
234
242
279
228
189
258
474
439
331
388
324
488
177
443
430
42
407
36
291
45
402
209
109
368
188
20
30
108
214
84
253
488
2
105
252
316
17
182
323
84
420
123
105
50
164
145
211
445
469
250
234
331
73
178
156
295
136
138
378
5
241
69
8
224
58
163
48
376
62
322
333
38
288
117
25
282
130
351
413
56
433
14
58
75
151
23
276
206
113
341
419
429
21
229
75
483
283
496
374
427
88
129
378
366
59
255
13
240
375
53
242
138
327
161
337
305
119
122
106
77
491
109
476
64
481
204
503
440
468
428
355
79
146
87
327
441
116
264
212
45
1315
243
29
74
311
8
161
21
295
201
74
498
490
365
365
430
393
396
74
443
420
15
167
278
127
481
309
355
299
265
9
134
318
38
478
324
483
109
211
179
474
101
307
424
40
402
262
361
97
10
283
309
458
387
262
455
30
250
503
351
479
12
286
431
116
454
199
46
300
177
151
12
449
230
202
469
378
211
57
74
503
239
445
251
264
308
230
91
188
480
82
439
89
141
191
456
294
477
98
374
45
103
7
386
257
276
140
468
351
407
24
246
282
225
259
230
195
38
5
364
115
366
284
247
417
449
421
327
457
307
304
27
131
183
364
424
113
337
298
364
18
281
95
243
61
400
144
106
204
253
100
468
68
65
378
289
437
3
282
22
66
422
220
268
496
133
371
454
427
357
263
413
465
373
350
460
131
266
354
228
270
82
279
450
294
354
370
25
471
376
496
212
501
20
128
281
165
447
368
120
367
348
457
167
259
373
119
130
270
179
35
430
35
445
64
202
116
424
374
3
486
387
150
326
262
306
22
258
115
43
39
26
2
441
194
294
92
85
49
411
458
459
467
311
502
193
175
336
194
444
63
461
362
65
268
268
219
407
474
215
265
330
185
177
339
332
502
257
411
270
14
340
330
62
81
254
432
388
237
85
136
66
264
349
378
232
200
370
151
63
409
186
138
105
409
198
448
433
63
382
268
121
366
466
391
391
294
90
201
195
450
256
435
144
349
45
244
9
406
402
123
98
476
98
157
414
197
178
205
408
410
163
337
401
116
371
210
318
175
148
350
287
125
156
31
203
300
146
256
489
166
239
291
394
287
109
290
116
219
199
168
439
133
170
405
302
381
399
122
31
30
37
351
289
211
347
97
48
495
243
125
121
332
163
437
358
189
43
299
203
105
51
458
392
359
310
3
406
396
172
419
190
360
210
32
129
208
123
347
314
470
404
329
116
263
20
343
6
482
462
417
247
270
313
338
192
283
324
126
144
180
162
381
55
171
6
71
187
316
27
498
199
18
170
116
48
282
452
425
79
300
479
318
79
483
93
377
76
464
189
110
366
103
21
357
243
334
287
392
344
388
275
248
493
62
130
179
445
320
94
411
112
267
442
53
276
190
170
270
140
200
106
296
302
59
175
151
25
287
323
115
437
320
193
174
178
15
224
349
407
313
128
152
131
446
161
322
337
111
160
172
467
245
240
340
198
419
127
412
1381
42
342
10
131
264
96
127
417
323
482
246
279
315
151
242
228
326
360
97
288
447
175
50
249
100
463
499
274
298
302
33
303
222
210
224
181
184
327
260
372
229
241
454
445
375
140
371
165
222
478
251
260
219
428
5
36
448
254
54
338
215
306
374
490
451
169
107
118
325
78
433
73
496
126
468
503
427
437
322
111
241
66
288
204
486
349
325
382
365
94
339
486
160
231
387
255
336
346
96
193
383
123
425
291
173
417
372
30
174
172
497
211
168
182
236
176
477
301
42
263
341
192
100
437
72
167
99
313
241
123
403
227
178
322
484
123
13
110
78
503
248
358
62
316
174
272
116
82
446
479
188
403
139
91
235
450
373
189
336
72
316
10
375
253
272
28
30
56
298
246
112
144
322
274
420
393
148
425
436
70
486
158
230
53
479
93
403
46
255
210
340
31
409
310
134
431
174
58
430
246
257
115
386
496
37
155
433
477
400
197
88
217
120
5
414
250
43
37
164
148
344
8
91
490
341
63
140
11
126
343
49
470
464
344
292
210
350
135
468
181
380
185
126
56
153
15
97
33
390
374
193
82
245
286
452
326
8
387
8
335
122
309
24
189
502
223
442
177
490
478
284
307
253
203
190
95
413
356
481
472
386
2
375
50
132
155
259
257
6
308
274
29
271
57
298
120
316
237
85
109
151
53
205
287
169
437
359
69
9
286
203
251
410
217
355
419
286
311
148
466
458
45
48
122
309
391
428
351
143
62
18
72
13
499
70
386
37
384
136
90
15
502
144
210
380
485
402
103
81
249
237
8
476
399
156
411
281
213
70
377
250
305
496
26
502
94
135
154
188
386
348
361
21
461
151
105
283
126
314
199
80
260
410
308
406
331
42
254
382
163
147
140
160
374
318
190
51
497
2
62
55
373
49
14
163
196
26
416
375
108
61
157
371
284
3
422
379
455
237
210
239
10
93
359
476
218
181
100
360
378
288
87
307
431
203
66
17
427
269
313
322
294
247
201
79
483
406
32
404
457
106
349
336
279
493
391
499
352
401
335
399
435
499
98
70
22
433
202
44
62
201
274
210
500
409
83
421
130
400
16
1
40
65
191
423
379
354
74
271
68
48
465
348
363
393
264
435
259
110
359
195
185
496
81
469
274
493
433
280
443
355
15
400
151
64
453
321
308
200
315
214
427
270
210
413
386
321
427
58
373
498
196
320
321
104
144
89
220
403
82
5
236
53
216
403
303
144
111
113
46
343
23
156
327
314
174
433
276
309
432
451
231
177
381
11
182
487
331
120
271
97
162
18
308
36
182
75
55
418
106
182
209
321
242
19
392
235
10
283
418
217
173
242
410
465
172
458
322
402
450
343
54
487
180
196
218
232
447
330
176
439
272
389
391
360
112
218
14
328
107
67
211
266
216
63
209
341
34
22
472
299
99
171
174
326
433
469
464
6
456
436
62
348
116
406
425
457
18
96
266
125
292
76
247
206
417
26
395
200
174
249
248
242
16
89
289
410
227
290
63
200
255
367
433
109
453
422
313
305
341
43
291
440
497
351
433
401
239
203
39
375
91
161
385
144
148
350
25
235
25
483
133
89
503
283
157
246
160
351
94
295
447
294
111
90
158
32
18
451
170
275
115
196
46
428
348
230
267
320
355
248
465
284
299
158
423
386
33
75
100
219
380
187
405
71
252
340
325
382
320
206
111
475
500
77
458
236
437
475
2
308
350
110
325
149
308
83
347
43
254
191
305
335
336
473
313
342
220
218
494
78
277
66
116
460
155
45
205
225
295
416
364
87
313
233
1176
490
492
255
218
421
269
379
23
243
376
151
61
343
442
40
271
483
323
333
58
54
331
417
183
128
1460
339
361
198
64
231
160
395
372
248
344
337
116
351
466
141
496
362
127
119
304
489
24
235
303
263
461
220
411
109
223
460
161
271
291
167
257
149
28
446
391
342
435
141
177
394
268
286
479
257
463
162
189
502
382
159
449
309
495
435
336
287
231
378
363
154
30
452
204
430
76
407
173
476
13
325
248
153
40
54
255
30
147
414
89
214
458
488
204
492
184
219
20
480
257
73
94
37
198
405
106
22
48
17
202
433
483
141
264
192
499
366
230
466
430
282
102
138
433
57
83
449
194
276
122
467
450
376
8
128
442
354
196
278
317
139
84
215
130
224
469
262
112
138
6
344
224
205
411
294
459
477
462
130
74
343
419
8
266
246
463
438
356
58
408
128
149
135
502
123
461
60
121
11
111
