3527
792
947
512
357
459
3141
548
3433
438
133
589
274
21
493
881
3116
3269
338
96
508
215
989
78
853
151
687
456
6407
257
270
732
354
810
6350
3886
78
187
3900
30
497
662
915
206
168
874
381
379
203
3525
958
3842
714
713
885
343
6912
463
143
612
962
291
78
19
3674
367
6707
1006
860
3473
592
3477
410
591
33
3601
935
53
87
17
70
248
257
7048
3455
6279
861
763
6539
628
591
14
3491
459
220
15
625
346
448
204
6352
3726
507
3558
893
3553
978
161
171
6793
775
679
28
447
1
271
466
816
83
65
199
3104
226
110
528
650
394
340
65
695
535
6925
30
3529
854
53
584
3419
6923
877
3906
3434
705
362
9382
16
9715
6733
9969
39
125
411
6716
6596
31
214
3204
592
3201
686
157
42
980
709
543
548
3697
377
492
809
273
3060
525
89
702
464
265
816
6292
12223
3701
298
92
414
144
114
970
498
528
3340
472
669
3546
541
639
3626
3340
787
309
18193
3087
795
957
203
76
552
283
381
115
6229
352
202
554
128
6165
587
3646
222
69
6970
941
364
3682
304
856
85
69
157
566
401
3205
642
259
660
3671
430
450
114
535
48
378
663
137
227
239
3496
456
3362
6369
60
3404
333
999
3848
811
21
453
3627
3792
535
458
3729
335
254
701
816
769
291
914
3354
3523
877
783
3758
991
9392
3733
34
688
702
934
252
3162
3705
592
205
791
384
713
339
635
328
423
777
85
183
3472
80
526
3107
419
162
140
375
328
278
242
580
3508
3839
955
3126
3097
80
3342
387
929
971
110
6144
151
805
39
628
6441
6303
59
3393
388
71
3599
7025
717
1003
288
3171
712
775
859
502
3557
303
587
3547
3646
171
861
530
109
895
142
3564
3415
174
556
692
325
947
251
3749
3875
261
461
722
172
3312
124
381
36
6334
521
95
302
188
563
900
3432
129
753
3393
569
393
101
291
873
787
860
151
96
185
3454
23
56
799
215
6911
532
57
191
173
801
156
3156
737
945
272
3168
6234
3523
6931
87
9638
891
3903
128
566
6573
839
295
138
912
349
428
110
34
215
3754
124
147
104
340
844
254
1004
463
879
551
726
3655
732
276
6279
670
253
536
437
837
3432
3453
276
130
3088
26
598
895
178
410
67
154
298
119
18
835
351
234
331
945
3947
211
3359
3349
137
811
489
206
686
259
862
3657
254
3415
972
3491
157
168
554
405
527
464
3618
3896
123
6705
6472
6151
405
9448
3220
57
833
456
272
47
695
1002
681
809
428
930
9906
589
3997
70
564
399
3491
353
876
952
894
212
777
154
4
968
397
4
3668
538
189
311
6925
3322
3478
821
803
14
321
3710
614
448
201
614
443
653
3502
927
106
86
3862
3634
953
33
146
575
484
64
3350
467
695
542
407
163
333
466
282
233
3153
110
6375
30
6425
422
166
215
346
654
385
134
211
283
3200
831
361
262
249
733
393
1000
3657
396
6997
6194
3565
3387
946
377
427
6487
412
128
535
363
757
6614
206
167
827
3744
105
932
103
6193
646
3916
3228
3110
332
742
250
351
44
3274
539
3565
7038
809
11
478
3303
702
691
3520
537
952
3248
704
9368
119
590
404
266
548
486
3297
298
3236
6749
3403
976
392
841
221
777
309
151
3572
675
992
3161
208
138
210
3252
3564
629
3894
3991
3127
27264
3910
63
436
6372
230
835
92
481
6193
918
381
3421
3457
4
894
210
370
665
3900
19
89
147
318
471
228
390
3499
80
6489
128
6643
548
365
3611
3431
39
915
3202
3470
420
6634
792
3128
966
122
611
600
3399
598
343
957
907
417
134
200
351
653
3562
268
927
3132
6840
502
166
516
807
868
348
689
54
922
3273
720
820
3473
450
491
320
3384
490
68
702
978
3836
161
319
651
187
282
403
448
512
209
142
930
37
3171
948
1001
706
3259
112
843
503
666
6623
840
6970
3104
6152
227
694
331
915
467
957
665
7033
3244
173
3313
9333
599
6125
566
6293
6143
791
3731
237
754
191
3636
294
6474
124
3251
3339
15421
140
19131
3500
610
3654
290
123
583
169
6894
3098
16
55
806
146
758
272
699
3563
1009
270
506
324
554
51
16009
689
91
916
3689
3682
386
3405
330
740
834
448
6093
3319
692
842
369
6671
130
317
521
840
3985
3607
82
15798
346
17
3862
439
857
248
574
3830
18
62
156
3246
597
466
289
422
6452
937
267
457
149
264
570
377
3296
550
666
548
445
301
3658
802
490
3661
609
6086
212
62
164
175
3410
156
457
424
967
306
3058
10
209
495
715
532
843
320
102
336
551
3120
435
222
152
629
131
170
275
3554
964
241
818
702
247
63
6305
3228
558
962
156
3491
6191
3723
3174
530
500
748
3926
684
3323
753
640
68
6343
235
3730
6368
365
6586
285
548
618
3484
616
6440
83
3658
868
846
590
929
73
777
137
6
470
144
512
3472
163
3240
982
647
740
3387
367
70
289
624
786
387
32
531
6221
710
323
79
971
9961
295
611
478
385
784
402
3505
6198
3856
599
3654
297
120
286
570
273
3293
524
47
531
359
753
3166
9165
179
388
658
3926
991
997
293
96
977
707
678
3116
375
384
970
354
213
3094
128
3626
981
201
285
3380
304
586
3670
26
15704
868
337
78
189
849
3937
593
19
323
188
891
3513
3350
355
982
379
864
9918
643
892
781
9
3757
3911
469
525
74
506
151
296
977
89
3328
458
6258
3355
280
874
12719
631
6155
829
3283
179
43
3412
214
3820
540
3503
3700
371
360
451
542
794
624
219
118
580
187
596
867
3518
3451
788
734
93
319
316
528
6124
476
108
338
6200
690
726
3426
408
117
118
147
466
928
189
3390
3755
730
678
65
3507
3540
208
638
209
868
505
499
614
3805
804
3310
764
3335
95
30
3668
384
333
104
3460
849
708
810
56
288
3484
22176
4
6709
51
823
3309
540
362
167
343
865
680
952
946
70
403
128
634
170
3255
199
905
435
3550
3626
698
182
3109
525
63
780
792
604
535
6579
488
24
344
400
934
949
676
115
564
723
660
951
533
3356
344
688
799
253
288
336
622
3753
3536
967
35
3430
238
3838
33
3733
779
3731
593
775
3269
760
93
776
736
235
795
230
27
3470
203
3196
74
3915
101
361
58
3509
197
681
668
3911
687
905
580
598
437
658
303
439
3047
189
1
588
141
1004
346
511
730
601
6
784
967
3606
638
3349
6347
3642
3096
72
660
6210
933
698
3324
296
7
6153
496
342
3538
999
9158
3635
621
3574
695
172
170
710
694
361
3089
169
599
805
771
623
3705
5
656
738
481
822
3699
572
3970
265
175
5
62
796
123
565
266
3298
175
3463
919
218
130
6849
29
298
3651
621
283
399
3056
3946
125
9464
992
460
3403
718
3235
691
628
196
651
918
90
185
308
9202
828
148
488
556
3273
58
6396
73
3286
3664
120
908
721
839
3377
3
787
386
97
3152
3231
964
563
515
852
3679
126
65
186
723
989
700
716
402
703
86775
448
241
3977
6657
446
3930
523
62
334
3536
3225
197
128
150
3215
638
936
547
3054
833
3033
3871
413
3655
9511
814
641
6975
273
3222
724
3481
478
615
455
142
821
317
876
284
881
6519
561
344
625
675
883
501
312
3876
525
6843
6197
380
613
3676
697
54
309
3768
3437
27
3475
65
88
531
3395
424
6207
276
3594
259
307
9210
236
69
229
941
81
353
753
17
899
6795
852
542
226
402
357
6260
6191
438
208
3386
376
528
536
930
762
93
6272
210
52
6175
393
570
572
266
566
3754
108
282
3320
147
477
85
3540
3379
740
120
181
33
101
720
333
9675
633
393
3596
3253
191
707
236
3784
675
796
3764
429
467
22
577
275
345
95
137
6798
784
190
3402
6175
3482
83
374
93
796
3335
3154
3761
3693
960
826
6384
437
3774
232
243
3266
611
350
674
109
96
3606
747
104
569
892
250
1000
3543
207
478
513
582
3278
307
9119
965
870
808
924
1000
178
384
564
576
88
574
922
3228
257
380
379
569
9506
809
767
730
266
632
3588
526
3706
55
722
424
9274
159
3472
3693
552
115
3368
513
345
250
318
446
415
755
628
108
661
929
709
407
699
3332
127
831
274
53
755
491
940
3604
6353
3108
418
436
3196
606
132
68
523
8
641
15
141
30
630
3357
859
3252
304
837
28
879
3225
90
3440
43
657
613
3250
164
224
864
6187
12172
322
823
741
378
3309
10
60
3602
291
795
51
3481
89
3292
496
427
3395
918
3250
201
287
252
909
3253
92
72
822
324
13
650
12894
63
254
426
98
333
465
106
3652
581
413
2
271
414
416
3140
49
3879
366
25
3369
3104
251
211
6744
439
399
3690
178
322
6309
3374
6313
3432
734
458
3310
326
792
359
190
598
639
6658
53
143
806
330
606
10
365
224
671
3351
418
138
18181
123
81
12912
1006
3809
36
240
3842
511
153
6109
38
3340
21
9940
6838
121
135
3110
9180
107
30
374
262
359
42
3348
3791
538
518
890
3221
162
3540
507
156
886
3829
346
305
991
394
3241
3513
983
153
3453
3498
375
3400
485
3549
278
372
320
706
3428
525
408
920
3568
239
639
531
3158
3971
358
6130
438
950
152
374
118
543
644
936
54
241
129
654
854
3196
345
42
3292
577
46
342
6813
156
3203
448
212
99
3359
71
227
338
3882
698
807
3879
3231
135
485
506
732
954
56
3777
785
3303
15
588
784
111
655
13
307
169
3477
160
3497
924
397
532
893
3606
6219
26
633
3839
218
356
628
213
6475
3243
116
6093
526
630
36
98
893
3711
3636
3886
976
383
184
9137
722
3278
618
310
734
26
340
3172
6764
210
612
180
328
767
85
423
878
3643
901
3443
260
235
139
32
509
3436
964
27
6945
276
639
3658
323
540
884
580
480
432
376
36
550
224
9317
968
119
188
309
354
407
854
3424
158
3936
786
315
853
647
3791
213
146
2
249
844
930
835
61
3652
3605
3312
6372
201
789
20
419
655
381
605
164
3983
636
726
3211
896
6827
670
3660
381
641
475
414
649
78
731
735
230
25
352
976
15
6799
886
102
607
39
163
614
651
630
3889
203
49
239
371
6402
273
3121
266
3837
471
81
6338
3593
10001
199
3453
818
653
26
210
969
3964
446
372
3818
134
243
564
382
3197
6622
18
48
663
410
393
901
543
143
3083
270
866
519
368
541
632
171
879
6451
886
666
3986
13
3478
426
598
927
690
275
6834
368
840
715
895
604
7
658
3819
375
358
3448
1
353
232
68
706
3749
3223
3953
804
3214
3215
118
3635
234
867
392
3100
444
125
61
239
692
623
3736
6545
6378
3152
3873
3399
3271
651
656
296
9494
149
831
33
9354
3179
3728
3753
967
557
3343
758
6813
133
3673
6508
461
913
928
481
415
9569
249
126
896
550
3510
269
6404
12807
233
3650
686
66
354
849
307
849
301
805
957
222
662
264
662
411
552
12243
3712
1
396
3473
492
213
6683
965
894
916
141
72
3522
3739
329
706
323
407
731
469
3146
391
616
1004
505
630
546
6224
203
756
50
372
66
732
3618
947
3965
3687
528
3103
812
206
246
845
131
884
3485
183
441
3208
445
969
524
139
17
82
17
3660
29
363
857
308
752
45
3250
71
443
18
679
372
3771
6726
641
113
752
219
844
3664
617
773
585
175
330
740
205
124
114
3255
350
3277
812
856
670
47
6707
6259
718
270
793
664
12198
604
765
479
3968
276
617
128
10
3390
3271
452
567
588
738
3727
829
31
3608
470
470
529
663
207
653
208
12240
3333
6121
609
660
71
6667
3223
329
491
814
754
147
873
500
642
730
631
564
135
3499
861
3184
3173
3459
3401
322
3508
609
465
288
580
6276
314
366
466
202
552
833
66
267
523
187
757
33
653
12318
3394
12
106
134
31
9439
524
519
331
837
823
250
346
384
3145
90
534
968
840
283
132
198
274
318
944
339
223
6216
69
367
911
6818
199
390
960
48
3442
263
352
3446
3324
864
615
429
449
3141
242
486
3036
622
559
341
3700
831
54
391
191
337
762
799
53
283
201
982
956
3233
879
3645
6291
709
752
248
904
481
355
3794
3761
103
542
3871
316
276
572
343
384
915
395
887
205
891
3409
620
6411
695
3234
850
3598
260
804
520
66
96
456
705
565
337
695
416
308
3606
859
766
212
476
550
173
538
385
221
180
318
738
595
451
259
473
268
3527
15
927
3160
772
3405
647
954
922
520
3303
337
232
224
699
35
3472
6
902
626
130
956
31
11
338
300
839
434
316
6112
3965
6223
3173
398
54
272
657
501
109
549
277
281
12
64
82
742
831
959
3496
6091
221
185
618
1008
580
224
793
745
87
186
562
402
799
545
3493
3890
3180
868
667
648
6886
20
533
121
155
936
267
3696
127
332
382
195
377
3555
3117
848
675
12277
6681
23
3061
704
594
3229
271
28
468
3216
954
110
505
506
6734
361
435
584
24
967
339
518
6514
211
978
369
143
873
947
267
3298
99
741
249
3434
226
848
481
698
171
387
24
3660
964
891
523
6249
13098
219
146
545
6297
3858
3517
740
3572
184
47
3360
3420
642
3483
968
456
215
192
963
780
381
375
23
111
51
3785
384
450
3333
3137
755
86
9895
81
543
6297
720
3332
772
3499
327
808
264
335
123
277
732
3123
167
472
306
286
174
78
452
356
864
12635
521
114
526
650
3423
677
528
363
291
553
3113
429
14
103
308
294
3913
6646
448
6100
567
218
689
512
815
827
3100
515
3207
285
381
441
6250
932
314
480
555
98
545
554
591
628
3197
866
43
803
264
757
777
346
558
718
721
220
816
982
811
3341
3507
262
3416
228
418
908
555
593
3092
57
234
736
639
6195
312
105
3536
934
3735
3503
139
3994
108
3400
762
198
6710
580
192
757
6753
863
876
583
309
6736
807
813
3597
3807
10
49
3565
663
569
3104
3492
3725
39
930
783
171
772
3073
563
862
783
219
70
259
509
6238
519
3225
812
9
527
27
305
407
92
1007
221
3425
586
3186
9647
886
3270
14
744
215
794
864
541
416
420
389
450
122
3871
29
940
6334
3590
187
600
3344
76
3726
556
6623
84
665
173
3255
400
84
6687
926
3318
890
50
199
594
794
3743
3180
520
3936
384
374
372
467
134
88
737
258
3243
3495
503
6658
702
597
741
224
3329
4
536
286
939
466
6340
455
116
3377
696
266
3576
503
452
161
976
624
334
335
6992
933
789
338
990
821
411
190
109
98
827
773
222
541
242
105
461
906
370
367
475
198
46
327
3935
759
392
3801
546
963
583
3378
74
46
297
3591
95
3598
854
257
9881
365
3714
507
792
6460
177
653
3545
3122
34
748
982
36
796
877
393
900
342
286
783
893
287
863
6072
911
3808
774
446
185
312
326
255
534
3829
325
931
3396
912
568
3734
657
242
3786
145
208
6334
848
13071
505
577
608
576
422
88
374
174
789
3699
683
6099
442
313
160
200
582
6295
405
23
517
531
551
3512
36
314
889
467
462
878
386
3376
3569
263
76
782
897
337
574
495
811
6187
798
617
144
347
153
925
497
3609
49
846
12324
456
876
337
198
6202
738
152
793
6383
142
679
6512
3297
230
3804
6887
759
658
40
9189
208
553
6946
246
3123
393
292
408
494
428
804
92
144
3296
510
536
3136
45
406
232
3202
3279
857
258
315
3266
313
614
153
12751
922
479
493
607
390
697
308
132
6159
410
3359
114
251
3433
175
935
485
3847
500
630
3135
3368
589
348
469
9166
3435
167
446
146
283
290
769
446
588
3849
58
635
179
342
231
432
341
251
224
3257
998
609
199
450
3204
117
3596
5
91
3737
561
322
246
455
3246
583
292
3695
6741
8
847
488
3650
6241
581
906
12
3632
866
274
3559
291
735
40
730
325
350
6587
21
194
78
3221
3935
394
941
436
6603
456
921
3815
252
460
143
416
778
59
165
505
3572
675
374
747
194
429
3400
179
974
913
3387
3245
970
3676
9298
6868
3309
3047
544
124
3484
828
843
584
10
691
3125
940
294
427
3490
259
152
431
59
501
489
567
3200
518
919
173
9222
509
6176
3635
275
689
407
3833
3317
825
42
723
966
3139
286
467
654
3209
3134
83
6193
3181
154
3186
542
699
194
3398
3707
3275
766
51
28
796
3288
356
333
414
6262
195
122
3991
3210
3373
60
87
3691
55
543
6117
435
3482
959
280
725
46
741
184
3143
142
91
250
465
655
86
3071
3328
885
869
643
466
3591
177
3224
16131
245
859
915
6203
719
105
118
6696
3220
3907
265
66
286
141
3671
116
558
716
82
165
3673
177
631
434
6641
187
563
701
67
123
292
647
404
804
400
777
6452
3734
64
132
572
526
616
3324
646
341
3356
3524
6841
310
415
3872
125
506
145
772
3498
581
930
100
949
939
9297
60
3940
3382
251
12962
993
384
3429
3359
3382
370
542
1
88
6096
3534
214
225
192
3882
689
135
532
346
827
468
96
6638
234
921
298
3584
622
172
101
300
569
244
3178
507
512
3428
891
3846
3062
138
601
424
9
56
474
3460
356
3591
3926
510
95
617
6325
641
963
3712
27
193
3594
157
518
3868
13
3580
3875
30
609
122
245
85
242
392
150
89
368
81
396
439
3095
36
6626
9970
436
486
390
3280
752
248
3439
422
3893
56
778
930
878
333
814
205
3888
803
222
3484
888
3139
706
174
3256
382
3544
721
3490
542
686
753
6710
556
296
306
227
300
952
31
566
142
6517
494
691
652
953
383
794
3675
846
798
149
170
813
677
807
139
3513
6238
195
224
589
2
267
957
976
319
3094
159
737
324
3483
216
82
856
3348
368
147
416
929
3381
3121
769
443
3847
6192
42
401
3403
950
6112
100
378
3615
114
371
670
333
137
15496
403
46
333
288
9853
379
208
460
535
2
703
3704
506
388
820
491
3755
646
273
563
567
470
59
3201
3254
6097
552
338
987
975
563
263
615
255
12
8
831
3711
9957
114
3367
403
987
300
426
646
641
260
341
3922
162
6289
611
290
78
312
515
9965
3643
335
732
108
859
590
453
353
584
6282
174
3889
3543
591
353
761
693
3269
7043
537
3666
884
1008
3465
113
3843
3698
6279
714
301
565
6323
92
542
465
89
430
3696
570
414
976
849
10
719
591
516
593
213
6830
12504
586
390
317
82
406
3642
6342
848
613
616
67
522
794
499
282
831
983
858
374
3685
803
410
730
3244
3493
15210
87
874
905
528
432
311
94
3511
868
423
6698
176
828
3319
6350
160
590
75
61
3419
654
200
3332
906
60
970
298
414
120
722
381
951
14
192
177
629
3195
3245
822
238
287
542
25
535
3430
428
30
3350
3326
513
946
6265
3318
77
93
217
739
313
183
3877
90
654
252
130
3428
52
3180
668
107
9150
531
3321
3378
147
210
253
202
826
878
3271
111
745
3814
927
182
354
255
507
3750
909
599
6925
479
3653
717
184
590
117
3903
711
365
128
886
9873
9480
679
261
829
3129
6744
351
987
217
107
3106
136
690
3143
3315
3323
825
260
80
346
316
150
3687
3590
71
455
36
666
464
184
3396
500
199
104
134
6380
558
570
18
780
3341
633
314
3
366
3307
257
243
43
102
425
262
3923
3263
404
149
3680
3602
6267
831
992
3377
853
3244
6242
343
765
323
703
746
583
493
943
6446
3560
601
382
142
739
915
35
3372
3346
311
729
16
85
194
576
863
3154
908
98
251
3566
710
111
3106
744
905
637
724
775
3762
3367
175
3342
21
503
3333
671
113
36
229
279
6475
3736
497
7053
482
3353
3813
6277
5
811
104
130
3815
72
6810
162
3069
71
97
205
778
200
607
604
672
685
839
3451
61
426
252
701
6709
576
452
16106
3056
6290
745
771
320
239
3131
67
516
312
207
556
6649
594
516
3664
118
105
3449
951
105
3388
185
214
658
737
149
3056
249
3718
383
854
465
922
1
173
67
939
3842
921
230
3741
344
127
3080
4
236
673
369
3604
37
6392
6372
278
6639
154
3170
3972
679
3560
3905
969
6487
9573
946
583
3852
610
326
539
577
1000
73
950
12560
6218
533
352
377
293
212
3314
398
84
696
500
619
6086
905
520
579
839
3201
693
3092
3461
6313
824
32
341
6756
3496
3491
597
257
436
581
647
3403
844
8
3528
804
265
37
6314
3579
322
745
271
488
90
646
694
994
41
3819
300
3874
9359
801
3240
3336
520
757
177
371
3781
4
845
3155
804
182
74
43
64
333
213
325
3371
655
12820
444
3436
533
3579
470
186
880
3929
3676
793
724
987
3750
874
442
379
71
331
627
818
931
39
544
750
955
260
3712
393
959
816
3330
381
22
769
476
3566
263
3076
84
3646
601
142
473
545
364
3274
3181
3507
826
6092
3352
431
14
34
677
694
607
687
414
563
3708
3213
582
3155
3209
441
663
225
682
7
3806
136
189
62
846
3789
3586
45
3314
756
3175
103
3859
246
3723
195
395
3402
646
765
3555
625
702
3519
1009
3306
371
126
233
285
489
905
3476
3645
3187
461
659
58
814
482
3169
448
791
1
3324
120
346
727
358
362
478
568
314
121
775
205
24
457
786
194
10037
1
144
28
186
575
1007
344
6366
3607
675
75
673
947
63
467
3321
117
162
205
3865
481
3696
3164
354
499
749
129
957
43
261
727
35
3461
3041
311
3239
3726
3879
3921
799
9180
3478
322
204
824
11
30
77
3238
6373
9275
3327
6194
433
820
428
919
306
22
87
6750
3807
3311
80
3497
851
733
678
538
243
3078
778
3791
514
516
376
292
370
146
733
910
6363
6705
83
517
3917
3891
203
3303
144
288
606
3432
675
3520
493
3975
978
730
183
935
3589
797
524
309
697
302
3384
3312
568
256
435
776
119
347
3953
3246
778
794
763
6516
498
664
6129
6
353
499
324
6722
3180
168
6453
3300
196
3304
3312
12
279
570
3296
46
318
3401
407
277
898
5
348
964
12414
741
3700
3233
962
639
73
455
3190
3675
114
725
573
266
3836
3148
227
490
229
3442
877
156
23
987
644
550
465
940
3481
531
154
362
3796
193
293
704
6079
611
625
607
6758
3041
124
3342
170
75
415
195
3109
872
202
3599
6823
3244
387
78
6343
849
3153
616
679
629
28
231
42
3266
71
3399
142
47
241
354
6218
484
280
784
17
396
267
3952
842
321
523
941
142
348
867
323
335
100
341
625
63
3281
515
223
815
5
707
915
570
3542
3874
972
252
6337
477
564
713
71
3756
815
3145
332
3879
361
3509
207
945
297
3162
605
79
251
530
6183
890
309
92
954
875
3823
184
65
742
758
952
773
691
3334
262
808
315
51
92
787
6585
811
3
651
12404
761
6550
921
654
207
132
847
297
555
350
298
3460
868
3986
556
377
6717
517
108
244
756
101
12169
3897
626
673
371
376
486
988
623
386
311
45
3735
3477
69
998
225
55
572
3859
3226
452
6389
9463
620
115
182
108
13006
592
722
249
3508
282
3811
3202
721
893
241
781
3452
203
862
133
250
3508
868
960
420
12408
26
914
985
3081
6438
3828
36
565
1006
111
92
677
643
24
3553
984
3621
3345
3484
290
475
29
3210
3481
428
157
696
71
661
3155
927
3687
6787
801
80
3604
152
345
396
3136
651
69
284
3186
297
489
645
694
437
8
945
3244
3606
36
3710
160
473
3195
90
3271
7003
936
295
3944
624
200
3167
956
448
873
103
533
167
585
183
3662
158
95
530
3547
349
144
605
3184
961
3699
538
609
42
3500
791
3384
266
138
236
974
3596
174
415
6403
3148
779
481
249
11
914
3463
486
103
108
243
688
977
3725
54
172
6889
308
3199
998
6286
571
3938
660
3362
295
6209
666
3406
4009
3053
414
692
3690
747
3775
3505
3810
570
760
920
481
853
456
3479
343
22
6650
186
3171
251
45
633
643
6191
50
741
262
210
253
420
669
3291
21
987
3749
520
193
373
9642
828
843
243
154
820
681
3480
57
6738
297
401
872
321
417
33
570
187
6719
990
708
3717
101
387
445
781
3226
837
139
103
447
816
469
3711
528
31
3369
3219
920
164
6668
296
3
3278
92
552
1000
401
464
572
3867
175
3255
910
155
3427
943
3194
686
207
950
138
52
470
816
168
73
26
598
96
3746
263
139
75
3127
694
460
381
309
172
237
572
3364
440
974
919
3574
6274
580
6193
824
603
280
6056
44
935
593
51
3710
466
256
768
214
57
79
300
661
950
873
3696
3056
437
3818
118
744
672
3496
9232
207
3139
437
300
3498
3912
7021
881
47
802
132
4003
178
227
880
570
378
958
866
17
974
33
439
208
709
529
3100
416
6851
67
3222
575
976
436
139
726
125
235
3368
631
6487
661
3647
3217
864
740
759
399
66
227
9520
3716
937
42
58
618
34
932
3199
586
684
412
851
226
11
3742
202
6477
3447
6388
933
779
969
253
860
3244
412
597
341
3155
839
709
8
808
3864
3044
173
766
143
3873
3185
800
897
384
520
758
3236
376
437
3770
972
7000
3126
279
723
3859
419
318
570
679
205
3840
146
254
705
459
917
3648
