719
448
312
485
67
50
506
684
584
186
475
676
168
441
695
382
352
146
358
329
199
664
365
153
404
60
598
312
5
328
545
161
645
154
382
444
589
528
68
521
489
326
48
201
21
377
111
239
619
246
83
614
406
61
79
372
374
100
23
278
255
330
454
497
434
363
251
568
171
456
415
601
578
174
22
263
606
644
218
412
334
642
1
448
128
381
226
133
232
350
647
205
474
48
81
16
351
643
582
53
716
722
558
154
82
102
482
173
155
30
499
338
680
298
611
702
727
321
17
700
50
420
541
443
567
536
118
672
157
54
364
49
151
726
258
453
531
681
472
599
337
130
257
715
510
100
410
685
505
470
257
693
455
279
212
568
365
592
622
668
441
675
442
350
498
30
9
200
414
257
356
12
115
372
163
51
661
574
262
592
82
313
306
173
397
212
617
364
749
545
547
687
466
381
363
722
655
194
475
534
229
446
338
480
90
36
95
363
695
444
54
298
152
738
665
457
594
434
515
642
406
24
348
223
169
618
104
696
530
8
711
673
330
461
624
8
128
50
8
440
308
5
477
535
131
235
45
255
343
257
746
269
251
678
37
635
715
214
348
595
670
179
727
263
606
606
68
359
404
678
252
7
463
694
661
238
528
625
529
433
425
663
471
696
198
248
479
17
585
565
201
467
495
203
622
280
246
463
654
359
157
709
204
239
543
83
494
381
104
696
49
711
411
116
571
373
259
521
260
311
26
73
555
506
177
665
666
244
674
201
397
538
727
217
304
420
652
499
347
455
333
67
399
528
315
751
439
665
611
302
194
34
299
430
56
336
365
624
722
31
248
711
225
564
500
47
174
595
282
241
640
658
652
452
5
510
81
738
424
560
446
376
123
340
701
348
278
613
441
711
317
1
412
414
568
176
164
618
532
397
198
111
403
732
384
508
584
182
568
279
731
613
393
10
486
705
391
424
191
737
611
74
320
459
12
103
102
76
51
645
580
664
340
239
96
293
288
214
362
154
675
171
577
406
591
707
460
83
140
735
498
272
545
426
645
598
370
745
232
326
243
133
19
398
693
595
476
320
21
221
463
200
139
743
670
708
502
417
347
725
235
66
269
376
427
310
618
487
393
231
239
143
96
57
270
57
291
16
331
164
507
671
451
104
552
365
578
138
514
106
463
112
445
435
433
103
534
67
101
61
226
347
188
216
94
300
564
407
40
128
728
110
388
403
301
625
712
677
312
543
96
325
732
620
60
370
481
343
419
120
253
644
604
71
657
433
683
503
9
294
319
675
84
261
446
240
254
676
248
659
558
62
483
531
477
737
360
218
519
5
145
144
566
710
331
356
147
691
531
327
8
609
267
589
117
241
523
418
429
692
559
535
723
496
630
387
243
23
696
25
598
184
616
249
540
377
14
287
743
640
34
548
37
55
61
662
196
569
167
44
746
384
353
566
221
186
555
131
127
626
87
497
692
667
26
109
483
182
510
199
455
49
693
51
495
732
662
434
694
357
405
74
200
167
346
223
216
390
16
559
70
45
327
276
454
216
281
739
158
155
749
108
114
283
483
78
76
700
470
118
554
644
177
79
720
621
325
115
38
466
676
653
114
398
63
74
122
255
746
130
132
345
239
290
597
296
439
740
365
721
738
305
367
467
500
388
733
106
135
492
110
274
352
33
75
299
258
598
288
159
100
693
185
698
476
725
723
738
349
169
357
525
388
81
678
64
573
485
130
289
443
444
485
201
695
210
158
660
371
154
152
279
186
88
630
20
48
283
351
187
154
24
276
43
272
628
9
651
399
604
517
282
248
104
82
673
351
532
658
67
554
523
616
278
708
662
281
118
547
302
187
748
495
721
150
546
738
204
559
387
223
490
337
665
181
281
363
535
189
32
240
85
99
155
656
27
678
259
643
218
465
437
157
522
555
128
343
259
412
335
602
279
293
659
74
388
612
539
152
514
635
459
239
731
546
283
183
635
332
327
700
597
199
83
333
368
184
104
397
337
513
273
602
356
630
400
571
527
510
746
240
723
2
24
302
38
643
503
524
644
509
303
623
630
79
210
39
106
284
276
555
117
10
247
286
417
170
619
130
160
102
218
191
158
570
701
5
525
565
339
2
723
175
490
174
579
698
205
397
187
15
225
159
354
427
351
605
623
171
73
570
505
373
437
108
658
590
510
542
6
62
266
221
163
255
120
627
293
717
698
197
16
424
92
82
229
640
108
516
9
591
623
12
672
734
75
272
672
378
369
287
373
277
391
305
466
555
492
561
663
667
514
361
500
616
165
656
98
552
29
271
123
383
704
222
164
688
629
31
193
244
279
187
541
734
444
26
58
17
563
335
193
530
559
511
728
564
394
33
504
385
336
563
55
732
432
644
327
214
198
578
237
620
194
29
275
145
65
488
74
486
309
502
132
608
315
369
670
610
89
144
596
494
464
98
150
459
384
132
209
18
402
733
252
1974
168
218
7
148
486
18
110
672
426
272
418
477
689
535
746
258
45
266
91
713
461
519
212
612
121
150
220
559
257
11
139
438
584
432
667
348
384
466
86
239
77
545
170
582
224
389
746
410
440
542
224
570
113
92
517
744
293
414
670
329
558
330
349
511
439
187
619
740
140
355
496
596
92
642
633
146
613
402
40
725
127
603
457
393
278
585
532
7
417
584
283
387
660
723
337
210
278
25
34
15
309
555
447
617
467
571
470
488
231
137
64
611
145
750
545
482
55
307
674
169
210
199
305
211
485
73
158
156
69
468
92
45
247
662
192
305
702
468
725
717
438
695
25
439
174
521
114
503
745
624
84
336
417
113
91
521
730
507
507
324
502
548
197
656
655
645
623
724
693
197
454
101
663
269
102
667
351
161
238
25
131
485
279
279
503
309
494
324
48
234
322
570
700
303
478
541
646
378
91
16
279
327
405
200
628
126
116
69
143
554
48
204
288
93
323
96
345
381
505
688
82
250
405
533
629
564
721
266
369
418
381
530
561
124
377
595
491
569
585
95
240
712
120
85
214
680
47
748
454
293
659
222
484
42
686
751
391
581
193
513
369
595
443
15
689
585
453
272
35
105
520
671
111
184
324
660
24
314
653
139
237
675
632
369
66
516
529
668
511
288
482
19
166
487
321
138
641
343
489
158
614
39
358
350
192
423
25
105
132
182
84
559
279
20
545
390
167
144
44
632
215
618
402
439
478
478
345
612
527
245
457
704
207
495
705
390
45
114
568
62
460
3
277
77
585
422
666
264
565
448
178
121
437
642
308
529
572
36
600
155
314
207
139
517
53
59
433
197
157
698
201
179
36
433
647
492
254
33
123
248
116
504
662
213
325
349
716
677
314
80
436
518
427
307
534
596
508
334
495
173
346
334
94
360
712
551
89
255
431
383
126
648
658
443
574
168
235
749
352
442
687
347
549
176
82
345
733
605
223
682
308
534
142
300
616
155
313
137
85
149
615
745
294
379
447
656
35
56
483
256
315
445
691
455
711
207
338
647
136
554
330
574
622
86
416
348
185
398
300
668
239
186
413
428
95
322
189
193
319
340
697
567
690
7
257
68
170
195
709
14
665
589
29
594
662
406
321
272
697
64
127
159
525
716
490
492
352
524
616
748
602
619
734
366
191
384
276
686
134
164
338
83
307
607
676
128
722
160
3
102
318
716
270
337
562
498
45
528
355
529
129
434
459
484
537
236
200
588
27
401
470
467
21
26
294
265
673
252
455
182
324
709
194
289
420
663
94
688
157
515
624
207
678
703
22
540
336
496
479
247
169
675
111
633
422
219
602
736
714
465
202
210
516
471
706
264
238
584
194
82
212
353
444
745
79
511
302
25
654
506
185
353
525
155
351
558
499
514
460
734
308
501
314
73
347
214
525
422
639
598
240
728
251
632
585
310
379
619
691
542
22
221
285
576
341
233
722
58
729
39
158
18
659
485
102
349
281
711
63
250
50
283
76
74
99
343
463
632
682
123
550
734
296
140
333
103
59
326
44
744
518
207
745
304
346
513
583
2
480
223
345
2
112
213
182
524
233
418
386
568
183
743
642
330
664
360
683
48
726
185
406
82
227
492
97
491
311
652
58
748
524
614
244
87
406
656
612
147
379
328
225
570
488
224
48
509
632
535
301
552
15
266
357
228
749
133
678
149
330
523
470
340
481
690
735
430
97
209
516
616
304
144
500
161
370
264
408
493
479
641
571
236
321
234
428
324
304
53
164
213
459
476
658
556
99
348
486
110
547
97
622
133
649
468
5
613
481
259
713
39
3
646
300
382
488
377
59
291
375
134
249
543
715
451
127
535
591
481
733
117
82
219
524
235
622
501
210
304
50
737
256
587
366
315
183
42
15
323
613
238
304
736
703
56
248
358
13
588
400
427
57
747
408
505
274
695
154
571
483
597
468
647
345
94
738
165
644
210
641
43
740
93
349
693
272
410
575
612
713
716
563
561
500
684
747
295
443
496
114
720
492
99
411
728
732
285
569
273
70
327
280
467
11
271
737
359
593
332
320
25
647
415
656
331
375
709
199
152
270
508
589
399
687
620
364
260
495
283
332
306
613
388
341
206
536
587
176
138
717
621
196
692
347
143
591
78
607
343
601
391
120
506
170
245
442
516
683
337
463
712
683
506
473
466
7
698
444
452
148
219
83
258
388
377
11
712
149
35
496
183
356
591
289
323
438
605
165
748
123
145
2
731
564
263
230
58
555
432
10
111
462
645
378
199
101
103
25
237
747
596
64
656
100
363
349
712
45
266
170
593
475
717
465
638
559
426
586
283
583
222
649
583
481
311
195
51
381
356
105
54
458
660
292
741
49
198
247
479
719
696
20
431
440
258
32
349
729
211
632
330
380
100
160
668
705
206
712
267
639
594
573
496
491
648
263
334
20
183
507
123
77
122
505
719
301
156
278
654
609
122
678
674
628
52
680
709
415
352
132
261
307
490
304
485
399
33
503
698
572
372
26
459
313
52
316
608
456
712
266
520
68
700
296
230
611
208
38
468
706
689
355
596
218
362
28
464
129
78
321
287
659
58
632
335
427
294
93
61
611
343
719
227
520
97
319
168
534
722
677
29
51
486
461
746
472
359
682
280
157
368
603
478
581
321
716
103
446
160
104
706
484
342
184
331
363
548
56
532
430
726
494
422
264
325
390
571
352
139
489
12
293
498
495
577
156
748
98
33
237
328
262
743
306
537
357
220
730
181
263
42
643
243
326
633
734
73
507
325
72
189
147
614
668
435
153
535
302
200
710
223
579
660
216
328
104
533
89
353
442
161
509
357
327
479
335
751
646
376
216
475
563
598
596
516
199
610
676
685
685
9
749
366
685
315
315
414
298
285
26
479
734
171
424
156
252
658
198
194
256
168
662
430
191
547
242
381
354
549
54
458
126
218
510
378
131
745
672
96
675
543
659
551
647
207
208
222
615
730
155
349
144
651
712
283
633
435
501
49
78
381
68
516
579
38
448
541
611
229
602
404
547
34
714
391
682
441
553
299
184
150
670
686
177
536
296
463
264
517
512
264
138
28
119
430
688
601
249
347
235
144
385
672
153
548
216
211
459
724
630
318
463
465
518
132
494
386
491
668
219
230
47
596
60
622
166
482
475
514
227
142
644
147
68
408
98
355
702
266
368
498
683
542
657
717
191
354
441
374
626
470
712
591
394
291
511
85
567
289
419
318
297
277
402
246
39
355
259
706
69
603
408
385
611
144
161
616
408
650
630
209
511
143
478
382
486
62
378
751
223
661
43
401
145
202
282
500
145
78
679
723
400
390
273
567
300
162
579
375
670
92
207
735
280
261
473
633
84
399
442
385
613
748
722
728
265
18
738
109
630
503
63
455
647
244
221
552
587
301
395
494
733
583
37
265
603
510
712
643
495
154
246
682
635
10
623
218
351
19
282
700
185
356
491
600
346
379
432
106
376
597
538
260
89
482
400
458
307
434
116
130
146
331
328
424
127
519
33
567
410
375
282
344
287
284
305
280
574
590
309
445
394
62
635
280
225
608
748
306
6
451
132
493
419
541
587
370
144
134
537
224
321
423
204
742
623
511
100
404
352
378
745
727
556
355
213
429
366
307
286
493
481
457
196
614
362
12
749
740
378
523
62
355
319
599
104
534
723
616
739
179
568
496
80
531
237
630
301
485
103
715
506
224
639
36
705
89
715
424
567
234
163
750
341
359
673
590
658
444
667
446
88
115
583
103
420
257
477
83
210
542
607
453
371
155
29
313
664
60
751
44
571
586
10
578
634
189
332
587
255
144
552
383
682
675
310
685
314
260
328
474
313
659
572
24
96
463
263
398
224
217
295
327
402
250
607
498
93
109
528
391
517
577
407
456
166
506
354
357
247
149
534
257
713
210
436
268
422
383
52
395
39
641
297
557
315
675
494
69
452
398
616
326
147
597
439
313
146
645
88
148
709
449
522
747
739
393
421
239
11
363
504
348
175
123
114
501
738
271
310
49
97
678
102
3
161
143
234
322
738
29
122
658
646
457
550
171
230
353
554
427
134
93
729
353
716
677
583
262
653
376
457
606
561
392
405
516
133
469
468
626
361
667
45
293
557
174
558
188
701
50
271
612
531
366
634
389
96
265
218
126
522
536
181
431
401
322
681
68
616
59
181
384
140
194
673
104
23
230
432
137
354
534
124
523
42
122
3
22
461
262
158
230
301
206
197
44
350
507
579
37
497
316
75
377
488
157
371
718
667
742
279
568
231
69
727
223
9
200
741
73
645
666
364
163
175
528
486
409
136
351
590
716
325
565
503
710
621
673
123
173
390
673
239
655
746
315
406
687
338
682
485
31
629
682
656
602
643
115
24
147
696
566
42
703
355
94
561
189
109
444
549
21
415
476
118
114
521
24
626
388
177
248
419
53
336
511
95
179
524
283
695
402
320
400
6
269
545
676
542
250
395
37
709
221
15
312
125
422
424
379
684
384
731
483
497
503
250
70
54
672
614
594
128
296
598
732
185
167
147
457
382
21
63
115
624
49
483
735
137
214
240
263
308
324
247
748
373
332
2
90
214
13
578
41
571
482
481
76
5
577
101
315
276
77
63
507
169
516
292
222
394
711
108
589
459
745
316
400
145
590
41
566
365
60
383
350
449
5
454
639
703
83
20
384
137
401
179
180
338
42
646
90
559
663
713
191
327
730
729
469
89
359
71
327
164
616
235
129
192
47
667
536
63
55
627
700
341
127
605
285
481
650
110
406
503
622
166
297
253
146
201
468
369
213
195
355
12
391
535
7
223
706
23
335
223
8
96
68
692
98
744
116
403
118
464
265
340
524
377
370
218
629
119
198
741
172
565
17
368
537
550
639
727
491
482
178
667
176
711
533
315
14
678
711
656
299
364
575
22
11
88
631
57
2
126
39
340
593
312
49
230
361
725
485
241
428
108
533
356
109
218
290
221
306
178
688
383
106
548
669
10
746
502
484
372
200
42
621
103
58
352
389
574
103
497
106
707
143
586
586
6
458
655
380
190
405
222
651
332
742
268
289
459
437
708
634
497
101
343
265
138
391
363
625
374
426
422
491
713
23
59
102
247
133
475
105
317
481
78
213
82
342
93
154
574
71
73
608
231
559
33
267
227
382
11
133
149
436
23
363
27
258
534
239
94
326
599
314
91
302
602
325
126
728
88
264
129
282
349
611
420
35
633
243
14
175
570
528
520
394
302
101
590
598
145
671
190
364
646
510
516
131
21
4
307
325
66
669
663
173
148
300
294
32
658
474
3
145
224
283
610
466
251
506
141
315
584
1
87
130
226
719
568
96
587
619
154
174
709
583
553
537
735
101
42
75
301
651
149
683
129
604
590
5
683
297
92
225
734
681
627
495
443
480
418
606
124
694
712
135
284
410
104
130
627
249
444
584
88
178
668
214
116
571
482
313
328
192
116
220
386
4
275
199
45
451
345
300
117
445
429
381
22
230
716
90
7
403
203
68
352
348
336
450
655
557
36
471
265
343
479
243
136
486
427
610
338
252
158
555
205
672
590
656
599
665
230
109
129
408
31
738
2
246
361
406
173
661
467
558
612
454
642
683
596
219
531
147
518
665
114
215
51
202
524
51
262
579
604
731
402
679
427
518
226
29
568
363
310
361
539
601
699
579
193
228
337
377
154
697
270
465
733
687
692
122
510
84
63
380
269
401
392
355
718
716
221
561
557
16
66
453
336
239
481
198
550
419
622
684
95
74
85
578
96
427
30
118
450
347
595
433
653
394
349
738
209
507
314
261
481
550
13
89
238
582
511
379
509
309
610
54
701
699
592
686
207
374
310
671
651
568
268
128
734
54
330
279
538
514
238
139
268
562
620
375
614
429
165
741
670
374
525
129
707
339
727
384
21
730
567
426
545
221
612
647
315
181
587
118
229
677
329
213
632
289
480
259
124
730
289
275
217
607
200
169
406
406
281
239
231
271
672
574
493
66
44
466
160
535
53
576
377
386
205
403
420
81
230
188
503
228
427
396
427
281
54
156
334
11
29
574
728
379
700
744
357
204
366
400
518
708
197
584
354
601
291
191
549
572
226
470
153
370
303
307
437
249
8
517
562
474
607
688
359
609
673
185
660
375
36
610
535
329
173
113
273
48
745
182
76
589
457
287
487
682
602
83
506
204
527
195
38
519
522
130
136
47
221
288
323
150
138
607
711
543
185
620
127
366
707
336
441
116
414
137
144
462
501
185
735
587
740
656
192
434
647
289
467
139
446
103
731
329
674
145
240
135
547
344
311
660
200
473
183
424
216
624
481
522
75
541
128
161
567
201
184
359
415
687
423
445
142
370
716
523
672
508
23
79
460
104
476
573
541
588
170
711
365
204
661
558
136
439
532
266
66
142
256
107
220
602
725
606
290
238
490
651
186
313
595
364
647
240
140
523
356
565
64
179
184
739
380
587
605
600
405
47
203
106
607
61
467
259
289
717
641
248
494
90
603
425
534
222
532
471
716
524
114
105
114
604
529
86
130
465
395
535
709
222
229
468
578
213
252
462
571
40
196
21
617
257
246
201
300
553
435
693
718
646
189
414
480
70
115
488
535
546
496
372
583
255
426
342
724
40
306
605
11
246
452
634
70
479
66
444
628
91
574
403
34
531
364
13
379
457
72
108
616
421
404
588
39
184
441
149
189
660
158
80
593
694
471
544
259
574
707
505
455
71
16
670
396
736
728
470
654
454
551
7
658
647
186
77
136
503
475
386
743
252
461
733
173
512
191
679
561
221
598
228
515
680
636
37
286
28
108
620
185
327
347
213
359
49
442
250
635
125
111
449
40
30
463
65
81
39
180
411
21
136
538
397
286
311
250
164
9
106
239
578
150
336
732
365
668
166
120
182
546
387
92
424
599
157
267
351
367
700
547
293
269
8
669
42
468
743
612
41
485
671
630
125
679
724
190
227
546
283
662
662
407
642
414
359
184
475
662
71
637
43
446
396
374
93
581
254
489
745
744
250
42
721
267
459
80
682
411
125
271
103
629
19
641
633
574
312
747
94
610
214
51
327
668
46
424
405
299
427
243
686
140
611
357
197
73
517
594
268
560
336
535
14
70
686
297
130
326
371
318
146
129
502
366
18
459
437
353
570
368
219
746
496
270
643
155
409
79
298
117
83
745
31
180
159
614
560
328
554
500
17
132
312
374
424
742
62
58
400
163
116
450
147
387
79
701
453
432
519
742
399
357
109
195
522
433
315
409
209
726
663
49
55
520
49
393
572
393
300
257
594
375
412
547
193
723
251
497
340
181
353
623
371
545
288
28
457
639
86
247
396
160
107
239
160
5
515
554
647
636
266
440
596
262
487
71
41
721
426
82
700
126
706
196
214
186
279
377
279
196
724
453
120
225
426
480
245
234
305
654
402
311
253
383
741
66
114
156
46
686
426
579
322
456
483
475
359
614
122
56
614
548
538
749
620
96
658
79
124
94
331
309
715
675
670
399
481
636
45
693
103
439
676
520
302
62
123
502
164
415
52
162
188
406
355
238
593
243
191
603
164
202
531
522
22
559
232
641
361
740
638
167
539
324
497
193
181
256
376
35
663
367
231
711
526
401
365
433
622
644
56
250
327
633
448
120
483
451
32
717
121
125
231
589
618
717
490
59
638
694
41
644
146
729
451
219
418
410
744
27
356
189
121
224
506
173
26
349
574
315
148
556
729
479
164
433
441
450
255
245
608
706
48
244
23
631
202
269
7
447
531
83
80
288
142
750
56
54
440
167
218
353
332
219
74
543
376
227
706
498
305
543
89
407
151
384
296
88
46
280
454
537
215
183
12
624
353
422
31
267
232
238
210
117
591
379
699
667
515
460
171
73
442
439
193
224
394
431
23
4
325
696
49
210
485
567
14
255
413
275
213
138
448
629
406
89
190
383
300
652
674
171
436
555
692
551
322
725
443
621
749
695
61
708
298
378
184
436
57
539
123
473
708
259
648
689
628
214
63
373
338
528
731
558
196
723
716
117
376
389
187
546
550
1
309
697
451
531
14
519
474
604
517
415
700
416
601
108
723
438
525
611
136
263
459
13
570
57
61
283
155
600
575
711
437
324
735
522
182
23
69
742
436
284
189
18
550
604
261
110
216
295
519
310
223
139
225
32
484
174
532
31
730
489
102
60
289
364
55
341
407
703
92
507
49
508
76
224
317
123
500
695
663
745
652
26
53
396
578
714
532
335
715
211
223
488
447
433
626
457
695
656
451
51
563
17
590
403
554
636
624
489
367
190
84
707
172
162
178
103
187
177
475
460
595
727
565
3
257
68
545
306
191
702
281
152
547
144
381
232
713
306
42
440
707
7
158
398
374
397
152
203
172
663
377
605
168
580
49
92
659
149
559
564
528
511
727
218
208
241
295
254
290
380
261
462
58
279
398
518
745
143
599
261
663
366
623
205
210
571
236
435
468
371
604
522
715
219
425
577
639
242
77
322
372
84
597
491
131
663
54
689
71
635
685
317
182
165
381
281
419
219
35
167
278
74
624
475
604
202
10
670
237
425
22
109
586
586
296
254
605
133
717
225
520
525
146
348
310
58
501
633
495
455
178
179
487
63
15
201
393
705
480
452
44
733
442
424
536
559
132
493
429
375
570
208
372
465
273
136
399
430
578
604
350
107
133
43
649
692
58
570
534
103
357
520
14
646
425
169
422
395
629
174
323
175
68
424
9
433
732
474
371
134
502
706
476
700
313
59
53
492
582
147
517
632
662
8
492
627
90
247
390
689
334
467
256
501
718
666
437
657
311
352
107
357
650
164
92
17
600
98
157
262
57
158
395
105
214
259
634
288
705
92
254
33
330
271
222
404
651
613
612
424
215
327
572
187
15
272
334
511
659
497
583
41
20
192
566
208
53
484
312
433
200
600
97
229
153
382
604
360
259
12
22
365
604
554
418
432
619
680
407
489
737
705
551
102
583
549
377
185
400
659
331
46
70
737
541
67
383
106
305
190
524
209
151
539
247
327
576
144
323
45
631
417
456
427
7
353
385
208
85
434
664
324
423
519
188
632
372
226
493
276
407
728
584
686
553
666
508
460
5
7
422
164
690
439
81
308
353
548
715
129
645
393
668
537
395
262
407
126
63
694
556
21
496
674
698
524
203
413
217
128
443
699
644
316
593
20
312
549
298
621
587
355
672
437
5
521
423
727
170
623
677
4
224
611
456
700
48
320
259
642
145
190
212
326
640
295
215
740
420
140
606
658
179
478
694
571
554
665
407
68
206
383
173
251
372
587
212
2
119
465
703
727
665
565
578
676
651
747
544
93
569
59
427
103
7
528
131
454
21
320
534
663
478
112
454
167
144
389
276
168
141
343
351
65
93
746
193
107
501
5
269
352
450
163
430
659
220
489
619
687
432
677
2
661
660
91
713
296
235
605
727
254
59
610
378
141
447
23
672
231
634
220
553
204
576
410
579
214
143
488
517
274
161
68
441
634
366
235
361
608
599
422
102
596
176
724
733
34
67
473
483
130
219
275
305
52
682
347
624
258
169
458
617
577
547
495
326
442
743
37
662
145
651
5
722
689
124
134
587
522
268
474
476
343
181
623
515
726
214
500
714
316
179
599
745
205
62
665
746
174
502
694
97
599
512
709
510
123
507
82
387
101
185
141
627
495
572
433
107
146
259
651
620
716
39
588
149
76
491
12
90
317
379
234
250
445
711
525
91
6
481
191
45
406
86
247
530
179
306
732
399
624
704
80
738
261
63
489
718
618
119
129
174
338
420
434
538
673
129
637
291
750
241
68
701
327
169
132
37
138
182
335
166
150
429
146
314
568
18
190
455
353
284
400
350
248
514
378
501
728
39
574
736
548
628
737
321
424
405
704
339
740
314
7
423
130
436
665
300
177
543
703
391
108
297
222
212
413
687
216
685
601
717
717
82
136
577
583
83
387
585
709
84
637
259
468
650
496
750
134
431
341
680
235
180
505
504
420
730
314
195
176
358
483
449
345
146
507
296
454
566
230
154
26
573
402
434
288
169
405
189
278
592
267
596
719
456
384
516
676
495
694
303
93
107
484
217
709
58
209
204
237
741
533
329
612
723
191
443
671
647
223
492
728
193
583
569
686
456
396
433
182
91
177
661
274
637
523
333
342
99
485
572
631
445
105
28
495
379
119
27
424
485
112
482
79
592
717
584
449
562
385
277
126
64
204
736
698
83
666
717
323
590
346
103
449
491
274
432
11
557
442
50
464
251
347
415
66
519
508
217
444
95
33
357
320
215
412
192
572
183
20
423
741
277
627
37
455
13
445
185
128
11
621
21
612
615
623
551
262
283
632
643
724
742
251
418
329
6
552
507
691
65
431
178
374
472
247
579
551
452
22
578
542
612
492
3
174
59
221
185
552
651
483
544
208
155
224
429
511
244
138
750
192
200
383
351
331
145
385
246
673
110
469
118
95
317
324
191
64
710
369
423
658
475
293
451
7
496
12
167
125
2
79
628
278
635
228
645
310
728
130
554
273
179
732
87
589
141
457
195
293
735
374
558
299
464
33
664
236
151
531
111
345
247
103
84
252
235
221
370
314
506
485
588
16
217
26
498
200
606
158
145
627
391
447
357
600
688
58
432
130
612
320
723
511
171
327
522
527
322
539
252
420
661
196
160
588
529
176
654
310
172
718
517
691
561
98
595
384
646
110
500
432
132
4
580
529
329
309
606
66
660
556
508
67
25
340
224
354
537
117
368
677
715
606
383
187
150
466
150
19
58
643
743
243
289
387
727
665
371
169
25
231
368
90
511
72
276
639
674
643
671
70
355
503
2
573
57
542
167
433
662
484
155
696
515
275
467
587
460
219
339
252
396
665
134
82
730
471
392
459
527
686
728
350
372
354
160
117
373
745
490
686
703
696
65
568
198
647
135
441
235
399
203
233
83
511
143
131
111
723
678
336
352
385
77
492
299
571
20
393
487
186
417
135
586
625
587
36
733
227
244
627
3
553
185
342
687
649
169
88
393
584
614
456
656
470
367
305
507
397
41
392
170
581
256
98
589
169
253
59
299
413
227
647
390
655
125
182
622
513
572
481
670
583
43
182
109
199
328
506
290
333
629
206
366
379
284
153
209
348
575
300
471
2
419
718
155
191
58
82
580
3
249
542
493
476
751
729
387
34
24
321
499
582
320
484
177
734
72
395
707
506
1
659
716
502
51
455
502
679
62
179
496
737
592
347
385
246
302
217
228
168
477
467
729
336
511
491
639
487
730
526
307
451
673
32
735
381
496
352
399
209
93
150
249
397
350
268
174
335
682
375
194
263
706
604
477
718
79
327
202
527
335
347
167
751
115
740
587
97
236
273
499
350
508
587
738
5
267
34
294
603
45
686
690
208
567
622
184
404
301
254
354
696
517
248
653
217
75
107
457
359
309
374
449
495
152
69
439
325
200
139
676
168
498
500
386
124
683
401
472
141
331
248
641
365
573
463
243
306
313
726
144
127
458
186
202
300
165
454
666
613
215
166
415
687
212
260
369
451
733
333
369
474
228
347
62
15
194
684
570
633
351
316
499
592
319
77
128
235
440
275
306
330
304
588
502
58
672
621
410
530
90
454
368
218
491
635
366
651
321
165
357
644
614
711
208
502
508
537
7
502
225
458
594
80
83
368
688
106
503
286
479
99
90
393
309
468
78
311
381
34
121
411
725
85
722
330
240
472
265
660
154
7
356
393
595
225
5
495
511
194
302
241
76
572
129
153
181
658
668
261
465
408
722
675
541
119
374
711
238
486
239
102
565
440
228
446
2
310
353
440
57
150
45
359
657
151
425
178
602
452
311
434
559
163
171
248
338
58
363
148
406
304
35
502
670
382
86
132
140
384
465
43
535
368
1
331
88
37
618
399
677
4
24
688
363
714
702
250
106
348
281
598
682
625
60
512
142
92
148
228
170
349
705
143
257
546
168
134
422
500
697
385
213
525
278
137
37
386
458
372
695
168
580
683
741
56
319
267
135
509
457
291
603
389
298
5
330
689
484
431
70
399
387
228
378
720
6
232
362
376
641
147
142
548
497
373
681
452
246
318
429
720
621
4
413
112
715
305
585
664
652
582
323
378
464
552
576
259
477
574
140
577
72
460
634
24
702
742
599
317
709
82
700
161
456
273
708
466
12
333
145
99
46
137
351
27
578
748
304
619
105
404
47
410
46
578
285
271
658
72
14
551
232
143
465
190
729
341
226
633
173
216
679
249
203
688
323
48
294
398
385
675
541
443
704
419
682
219
388
367
691
486
534
724
88
114
152
585
3
209
195
278
77
743
280
370
353
444
281
398
12
638
116
722
500
241
259
249
162
20
61
687
357
720
198
669
81
518
316
581
183
646
671
658
500
614
164
351
259
264
319
202
620
401
271
554
337
88
469
118
594
648
580
69
300
241
78
84
60
421
62
149
101
555
373
243
550
220
85
289
270
34
232
267
605
121
619
1
173
680
471
146
197
642
522
188
35
548
584
311
722
446
458
54
676
113
16
251
423
201
310
576
216
91
185
615
251
437
678
462
232
21
731
431
208
287
130
626
364
615
434
474
273
319
731
154
361
627
383
686
87
521
577
619
691
181
315
551
573
697
435
330
349
730
185
568
270
751
451
270
265
57
127
586
213
605
660
105
608
472
79
589
120
34
519
562
724
123
494
306
580
177
654
548
138
96
8
328
620
384
371
438
2038
137
384
619
386
512
741
349
5
446
655
15
26
30
521
653
394
343
121
47
513
345
418
83
489
235
114
577
425
502
344
463
358
376
300
462
108
732
468
218
315
432
638
559
390
37
95
380
251
252
161
414
477
603
414
207
266
471
677
109
326
425
253
3
59
76
730
125
721
380
525
258
64
653
91
148
661
44
275
318
609
443
348
350
292
52
556
717
102
547
12
428
41
58
171
574
155
163
547
603
429
579
258
30
83
505
552
500
218
314
344
351
285
249
135
258
623
189
137
118
210
390
106
181
195
543
340
261
112
28
570
714
172
4
687
219
589
717
710
546
106
541
150
679
620
187
121
296
147
131
388
749
519
454
18
350
219
9
548
392
497
435
750
234
262
58
534
342
306
616
387
741
375
339
234
240
395
209
645
98
569
230
204
525
468
152
700
355
449
435
224
713
234
116
572
606
276
38
507
446
328
409
560
209
717
70
222
506
682
686
119
603
146
553
91
87
528
174
309
389
703
529
581
594
670
617
374
525
647
262
706
647
15
321
305
132
173
72
129
311
635
73
654
161
71
427
547
47
563
57
614
275
56
567
96
326
305
491
65
426
269
197
497
482
213
601
368
690
510
504
44
673
147
412
683
730
344
263
206
442
143
292
93
53
95
304
196
328
632
478
641
425
216
187
130
34
108
212
443
243
166
748
654
80
56
329
618
676
597
707
671
431
226
739
135
406
178
52
183
76
227
352
78
176
545
72
163
725
455
587
360
124
602
75
511
157
526
480
683
132
567
225
9
224
626
299
145
147
558
527
375
391
366
626
265
580
129
321
651
369
703
99
38
390
594
356
155
92
277
330
201
325
172
151
227
247
402
367
11
49
30
319
390
361
595
454
318
500
463
350
292
251
16
723
723
237
410
348
262
111
374
716
154
190
557
212
155
646
196
316
557
314
39
122
180
574
103
276
387
173
504
144
179
576
539
703
409
611
123
322
482
444
210
423
207
236
155
617
203
493
268
27
56
437
347
739
282
563
654
159
686
708
696
494
607
314
633
64
17
220
293
255
507
744
327
727
322
195
86
144
428
449
67
534
187
350
679
277
77
620
675
607
713
682
454
666
233
574
557
308
452
108
53
215
712
320
586
727
253
262
680
395
530
721
564
214
241
674
74
492
218
176
354
601
702
683
69
161
429
559
440
371
371
394
544
576
498
157
320
102
152
421
246
384
342
611
711
737
212
647
573
483
649
441
125
415
663
362
91
406
306
373
212
230
54
352
312
541
341
487
192
136
530
464
531
337
103
191
134
657
156
460
120
85
70
396
733
111
85
345
726
16
49
612
490
420
450
292
326
421
436
96
9
159
7
312
661
602
224
430
306
217
303
294
115
380
152
1
242
355
20
280
208
123
70
52
154
248
456
289
410
749
327
105
319
116
359
631
159
558
582
84
428
622
351
149
106
333
421
209
528
645
286
672
317
665
220
274
387
480
66
484
582
117
390
458
689
306
705
80
559
599
148
612
633
364
292
709
257
22
95
690
578
116
317
640
43
237
335
410
173
493
330
340
649
432
82
258
466
371
537
160
2
81
622
718
663
535
69
631
647
675
254
622
17
64
43
32
231
278
437
242
26
593
520
117
386
485
255
397
202
562
108
655
517
198
217
334
27
608
284
385
395
336
596
255
699
75
372
225
314
175
674
333
406
311
318
58
57
703
157
410
80
485
535
576
100
360
596
642
245
597
38
445
503
354
678
207
740
730
375
656
204
315
522
66
323
574
455
641
643
520
273
724
730
183
248
662
517
604
209
89
514
520
402
450
639
735
237
695
311
40
566
12
28
144
340
320
281
635
429
54
740
499
736
458
47
139
746
687
603
711
352
698
185
720
228
157
440
424
325
67
321
663
301
268
102
437
427
506
320
101
638
743
474
540
522
600
481
457
23
673
684
629
66
591
606
89
149
662
467
258
533
711
711
527
413
363
423
66
239
618
482
474
457
128
309
158
46
285
578
46
409
25
227
143
423
139
260
716
398
29
116
237
527
647
575
28
173
480
721
486
586
630
557
525
405
384
231
395
14
248
26
18
259
103
373
673
656
141
652
495
290
112
542
715
736
116
676
652
692
277
354
582
344
196
576
616
258
348
212
88
393
680
317
583
359
472
399
34
528
83
673
46
626
544
574
599
719
751
437
149
233
556
290
382
302
189
523
460
115
698
373
654
39
93
311
22
538
251
386
84
717
107
419
515
171
551
426
584
493
537
745
549
84
213
589
75
57
413
208
456
556
660
662
435
462
329
146
663
244
626
700
129
612
502
319
98
499
469
306
63
30
394
353
442
261
32
167
491
393
644
59
241
268
351
386
707
522
36
40
598
656
88
610
80
30
326
135
407
640
67
306
197
656
41
368
176
11
508
307
231
266
614
272
226
452
182
189
486
136
436
26
190
355
743
399
310
110
283
138
285
499
652
206
686
165
39
76
270
419
71
65
159
382
473
202
525
500
80
68
449
603
410
456
254
247
138
494
224
212
596
745
265
480
144
33
116
301
159
373
689
355
444
130
276
671
278
349
41
210
22
514
150
537
152
233
127
337
640
748
345
720
515
92
738
351
432
366
579
38
649
39
738
728
65
263
598
297
488
305
641
312
316
193
748
660
284
664
253
503
291
406
190
443
165
159
72
44
265
397
688
192
119
611
67
750
212
462
614
673
733
669
484
505
415
275
572
26
336
260
280
120
423
722
227
290
483
267
722
99
142
148
595
469
31
663
156
185
460
105
454
232
406
314
360
729
312
548
675
444
50
379
288
367
640
130
319
682
53
73
490
445
694
121
169
313
68
505
595
482
185
232
390
129
304
469
263
693
13
577
166
24
225
267
639
62
161
549
51
52
497
191
58
427
139
278
558
507
403
432
680
243
695
270
706
644
164
602
193
373
527
50
443
514
708
739
216
553
254
265
689
507
75
668
108
339
690
658
211
384
746
472
330
191
359
182
153
198
251
518
750
68
148
439
342
691
130
319
352
265
452
651
636
471
300
283
375
679
98
668
15
199
251
686
111
98
477
166
177
638
749
33
528
611
391
150
619
463
510
604
642
16
580
423
346
124
252
103
380
530
451
46
215
332
709
650
562
597
16
85
249
653
104
32
645
740
460
22
524
377
349
582
724
253
207
581
170
281
43
524
656
566
441
448
560
310
95
363
253
329
484
254
690
750
219
282
586
73
261
473
595
107
323
190
358
671
525
298
674
40
165
110
97
118
561
626
615
260
220
648
195
117
77
34
151
433
194
267
49
643
508
82
327
194
672
532
176
43
393
152
189
748
722
284
98
661
554
262
302
412
1761
370
687
426
558
46
188
77
553
299
32
452
257
410
370
427
619
567
228
554
668
62
33
191
235
660
621
1
649
384
3
704
664
301
309
601
88
390
235
485
255
67
158
92
261
159
664
371
654
631
50
639
522
485
389
18
58
450
411
96
440
106
315
629
168
120
376
408
416
259
115
70
491
741
616
633
170
519
318
561
192
419
10
75
325
741
496
162
599
654
379
313
747
523
35
198
471
185
108
333
678
696
722
39
594
84
563
373
726
679
432
40
564
82
151
619
18
391
311
526
327
135
99
217
373
229
382
253
597
726
340
440
716
617
271
214
217
649
616
669
747
620
699
185
461
180
278
604
202
300
608
332
436
187
748
592
703
260
525
374
423
244
389
164
74
649
506
271
399
66
710
223
510
508
530
271
664
67
701
224
223
294
78
688
171
619
522
502
227
598
584
601
38
271
105
438
572
566
654
416
142
707
674
509
686
352
636
369
290
154
442
197
628
670
21
398
146
388
24
498
399
502
424
588
358
254
375
365
29
612
124
236
136
87
671
733
704
127
615
517
599
387
367
576
221
162
431
314
639
152
391
216
265
118
492
730
466
314
537
336
622
179
619
573
369
181
537
383
737
599
65
659
688
646
456
447
4
341
594
274
136
351
627
667
603
402
91
171
180
595
196
96
523
557
525
664
709
613
278
600
439
695
576
176
465
260
566
403
49
160
117
417
710
92
570
79
248
240
474
544
374
248
502
733
25
161
29
621
425
23
270
322
707
573
613
334
184
94
453
464
278
350
116
277
276
400
633
478
705
101
622
609
174
398
580
523
696
478
239
172
432
567
467
133
633
193
500
517
630
342
552
174
489
172
303
357
502
606
302
300
707
526
395
484
526
633
694
354
400
38
372
278
582
497
682
297
454
367
204
353
471
326
589
553
578
19
450
493
476
484
99
715
96
479
541
388
337
264
586
366
423
238
718
558
731
446
531
423
638
217
125
408
347
249
641
622
200
638
508
456
400
621
460
727
187
8
200
602
412
436
702
126
150
83
166
136
245
577
530
326
648
455
543
419
22
83
387
480
649
495
556
15
254
28
443
290
267
29
612
683
265
39
708
125
606
695
479
149
96
285
580
79
264
259
390
151
647
369
705
423
317
691
312
56
575
711
697
598
482
581
172
270
414
185
460
657
103
1556
290
629
275
70
751
214
169
372
93
47
258
173
7
243
54
294
213
491
19
457
711
187
295
484
89
356
635
709
96
81
652
368
691
243
188
190
95
416
657
219
73
716
103
692
693
140
45
591
395
151
166
255
724
738
289
396
486
144
660
579
215
395
290
416
406
554
367
529
199
380
747
5
347
307
415
719
717
467
571
25
652
292
243
73
185
421
177
68
453
563
65
278
313
131
522
326
588
478
76
378
567
314
244
57
631
224
604
368
512
543
497
137
33
651
528
25
335
560
742
396
189
194
228
475
676
449
435
409
439
658
610
575
683
392
431
551
412
285
69
39
349
382
564
401
217
428
500
80
113
25
614
397
93
86
716
608
541
446
181
544
672
303
683
351
575
729
364
395
687
600
666
637
293
304
483
29
491
653
214
381
695
49
404
442
335
84
481
182
239
671
421
106
253
681
248
346
260
654
335
25
668
340
564
697
379
150
727
167
708
6
575
582
324
515
683
524
164
496
146
186
456
380
444
198
557
571
699
97
702
555
720
110
124
404
292
473
98
83
19
550
483
190
653
213
113
197
228
400
650
267
699
90
291
449
435
561
557
388
109
370
261
719
486
423
744
649
248
95
296
289
680
673
243
401
735
715
415
616
532
245
153
57
511
177
12
235
615
508
628
477
404
543
12
435
102
497
474
510
347
517
654
410
8
747
751
130
35
44
470
25
513
234
413
336
726
668
473
344
512
106
684
670
593
449
541
55
503
303
271
729
9
371
152
2
211
94
386
466
37
704
446
662
595
256
284
746
591
558
461
703
388
78
101
623
740
211
502
581
103
625
4
710
738
90
152
289
543
268
466
703
571
40
697
521
721
683
338
423
681
508
714
21
119
461
740
518
204
480
224
563
266
207
142
123
368
338
30
673
134
456
255
117
645
541
606
327
65
375
339
567
16
748
244
485
52
123
409
357
373
336
402
727
30
610
433
458
714
658
442
4
179
609
524
736
497
545
364
671
189
224
94
141
233
158
304
511
84
672
643
88
171
401
720
314
607
635
129
723
588
470
348
505
401
699
255
585
218
731
304
595
5
159
352
706
739
485
191
11
600
485
498
142
386
642
410
371
556
355
411
23
438
212
137
476
569
56
442
75
323
114
673
553
445
642
57
654
427
240
50
547
362
672
227
497
6
486
121
11
33
724
368
504
620
629
319
145
400
696
239
742
585
133
234
114
430
211
700
659
304
455
745
494
232
35
2211
356
284
246
289
717
675
489
498
751
340
245
697
110
113
64
26
688
639
396
171
620
302
646
70
121
74
476
669
312
434
59
488
726
554
173
690
246
720
131
506
655
399
627
11
608
82
227
434
48
459
90
657
600
589
639
381
500
153
314
730
187
52
371
645
168
661
486
256
224
186
749
626
740
443
534
192
392
170
531
500
723
559
557
264
88
122
656
381
422
496
632
66
715
400
143
119
206
191
408
583
469
383
748
377
129
90
636
3
101
257
651
604
554
37
562
135
518
418
364
550
373
707
275
185
482
291
19
176
58
745
226
294
106
120
662
252
751
683
742
312
604
518
420
597
661
196
37
333
377
656
282
103
653
153
545
74
110
246
133
47
117
367
323
149
510
452
78
577
649
44
533
730
14
593
47
5
256
124
559
616
421
708
78
498
721
130
734
161
343
118
717
557
372
290
191
700
127
416
543
147
243
205
515
363
639
272
85
458
501
383
85
570
419
2
444
14
276
235
349
342
68
193
20
95
667
264
513
327
25
133
666
713
240
22
360
685
161
5
191
68
483
488
288
308
739
365
268
747
248
57
490
493
677
491
352
336
328
371
71
92
47
477
1
249
409
31
46
685
216
299
208
61
76
428
460
750
154
137
676
360
732
42
250
495
343
412
539
746
495
530
659
665
455
454
746
446
686
660
47
260
531
668
530
419
296
186
19
649
650
536
237
19
396
352
17
128
275
251
72
199
628
87
360
607
473
138
696
182
170
489
302
512
183
65
225
505
202
414
326
131
176
529
299
388
42
89
457
355
156
525
165
746
569
649
661
600
153
650
534
421
232
558
331
695
337
250
248
336
379
591
242
554
111
409
725
177
257
447
11
637
571
558
351
22
127
131
347
637
63
215
246
189
436
228
62
45
64
379
146
264
231
54
75
379
156
431
613
668
365
204
280
466
334
427
514
115
739
223
663
220
583
689
267
164
437
590
266
125
38
651
400
156
679
279
504
445
113
474
263
67
592
308
726
23
655
176
469
223
154
53
643
738
721
46
542
168
643
354
541
172
271
521
603
708
458
605
288
491
176
224
25
547
203
418
158
244
451
435
106
92
657
747
120
715
3
320
444
342
89
282
426
506
604
560
231
15
159
98
521
186
418
252
511
123
482
177
469
657
315
410
652
405
368
331
489
727
20
482
747
349
601
618
92
527
218
55
134
742
669
694
714
67
100
338
66
308
346
456
6
251
445
484
19
543
127
437
149
501
257
413
52
189
579
343
12
318
733
546
329
353
33
729
94
249
257
233
217
6
204
608
388
660
702
697
38
708
327
112
82
141
518
546
648
708
231
376
453
707
659
696
87
667
454
487
199
687
658
535
144
18
279
454
43
404
349
128
469
487
583
547
680
574
238
676
308
22
284
368
285
361
435
447
566
717
647
206
203
268
143
412
393
317
352
72
425
543
505
666
108
153
487
562
380
630
462
33
551
185
729
695
609
258
508
500
195
606
525
96
39
703
650
168
733
686
584
508
46
61
96
660
201
180
684
468
442
84
714
529
178
259
702
320
509
201
198
293
347
194
314
680
678
659
579
180
331
677
529
516
414
662
51
416
669
604
148
606
524
519
429
95
645
185
294
347
41
749
46
266
355
584
270
600
359
659
59
233
104
473
306
708
352
735
106
455
719
381
246
259
64
384
499
382
