117
5
112
25
54
45
22
44
2
4
28
54
34
34
38
31
28
129
293
3
13
18
11
6
1
89
63
100
1
268
292
18
36
8
13
15
47
23
47
37
24
19
89
16
170
10
52
111
7
18
10
30
74
4
2
6
24
19
55
92
9
12
13
4
29
10
88
8
52
4
286
61
39
79
38
9
20
1
8
14
28
19
37
26
3
90
10
22
6
59
32
72
4
112
4
48
39
16
33
23
2
1
87
33
15
3
28
36
34
6
1
87
27
1
14
11
128
54
12
53
35
70
24
55
31
67
7
23
4
68
67
289
13
3
12
55
4
32
47
40
17
10
56
41
17
21
32
21
78
46
4
45
71
64
77
8
25
33
18
36
6
5
46
12
23
19
87
5
201
53
8
33
44
1
22
287
22
55
11
3
94
74
72
20
15
40
16
8
18
59
15
9
48
18
6
115
84
2
29
13
73
21
45
17
19
205
1
44
46
10
12
29
74
46
39
123
15
66
28
3
130
108
103
15
10
59
23
6
23
55
63
31
56
47
37
32
72
158
56
110
1
3
1
32
40
35
11
2
2
22
9
5
61
20
32
1
11
24
19
17
17
27
97
47
34
17
18
10
27
16
55
26
21
58
4
47
15
88
49
42
49
30
79
57
3
31
16
76
3
3
71
9
28
12
10
76
81
15
5
9
14
107
10
7
45
76
47
31
5
1
13
40
40
56
16
5
51
46
16
107
17
24
91
110
8
20
9
149
540
25
2
26
35
106
67
104
52
20
399
19
8
2
131
4
42
3
50
19
56
24
75
8
10
34
5
31
158
103
18
71
6
81
82
81
4
169
38
55
80
181
31
152
31
3
18
119
87
25
46
15
22
42
18
8
10
40
2
13
1
32
34
122
1
25
10
49
14
86
149
33
95
58
42
66
15
23
9
64
2
62
5
29
346
19
8
4
15
13
24
38
61
53
24
6
2
15
91
167
5
3
35
28
21
27
184
53
16
130
36
2
1
53
35
31
47
46
48
9
22
10
7
41
52
65
9
11
18
4
44
39
33
44
18
26
81
93
33
10
20
9
34
59
55
70
32
17
40
8
6
22
136
112
22
3
11
29
14
61
9
95
15
9
26
76
18
74
97
28
24
27
5
90
13
26
27
62
42
22
4
26
9
7
6
4
105
87
15
48
1
50
30
9
5
10
19
142
14
6
20
4
62
20
18
1
7
10
4
76
12
10
29
38
79
38
62
27
46
134
5
24
146
3
2
71
11
52
73
19
12
29
33
84
23
161
3
36
39
14
112
59
32
36
67
1062
2
20
20
23
88
184
7
13
15
89
29
29
1
33
70
56
9
13
23
32
44
118
4
1
24
266
16
4
108
17
55
25
19
19
4
6
52
56
67
48
37
60
69
83
36
4
14
41
32
28
7
3
7
12
22
9
20
8
127
41
5
8
63
19
98
1
59
12
61
42
15
3
56
18
18
21
135
35
61
61
16
27
32
19
71
100
13
3
26
36
13
12
14
22
6
17
3
4
17
209
23
31
272
16
47
13
2
9
9
2
84
84
5
14
145
2
4
36
42
40
24
18
9
22
59
38
57
26
3
144
15
42
111
75
99
6
34
182
121
6
73
16
27
33
28
27
47
3
18
12
10
3
37
25
56
39
2
16
22
1
27
46
82
26
53
44
43
42
20
16
1
70
1059
21
463
28
87
11
53
39
60
12
4
33
90
11
3
22
37
53
26
15
10
28
34
131
25
9
79
82
83
36
6
68
18
3
59
8
52
4
24
20
8
4
5
244
15
12
5
7
25
41
86
1
60
10
37
18
17
71
9
40
20
176
5
46
6
6
3
32
7
13
118
14
22
32
1
19
616
14
51
1
25
18
65
353
8
69
3
48
48
78
81
65
11
5
3
13
56
53
122
8
65
31
37
24
5
106
25
384
22
4
145
3
6
77
127
57
16
68
98
20
27
10
43
46
9
17
48
28
140
9
30
8
57
25
30
99
29
30
18
157
3
10
52
50
40
70
1
16
122
73
32
244
23
18
13
40
216
23
10
82
60
65
64
200
60
7
81
30
29
13
9
4
53
25
26
22
46
15
46
214
17
55
71
2
29
47
85
9
36
13
67
128
62
100
87
16
38
6
19
6
9
44
41
117
67
71
119
8
83
14
4
19
6
53
35
12
2
31
3
16
23
62
17
3
58
72
57
81
30
2
43
20
64
17
2
31
40
8
19
69
13
16
10
64
32
50
33
14
76
139
6
2
50
43
12
18
64
36
1
22
38
43
12
10
14
21
2
55
8
133
128
16
73
9
11
16
22
127
142
95
80
36
130
68
36
20
55
76
10
15
77
22
6
8
102
5
75
69
6
42
69
150
17
93
25
1
46
35
27
1
280
4
67
31
61
21
12
31
37
20
4
86
1
14
1
34
21
9
39
59
64
166
154
40
79
15
25
149
7
42
66
154
89
2
32
26
34
146
40
21
41
106
14
45
20
19
11
3
44
9
95
8
18
144
63
53
154
14
35
7
98
2
47
17
25
87
820
401
9
27
18
14
55
86
115
22
31
69
29
57
5
51
21
38
57
61
10
4
3
12
60
47
18
174
41
82
10
17
42
72
8
41
56
24
83
97
8
33
89
27
22
22
38
4
86
19
34
106
16
145
3
18
28
4
17
16
38
9
62
196
25
31
104
23
24
20
6
112
39
11
438
36
57
192
52
17
1
36
42
9
42
13
36
7
94
12
4
7
22
75
24
51
100
15
113
102
41
79
7
115
1
1
142
126
74
24
68
23
53
8
43
98
8
38
57
68
3
2
9
36
13
60
73
19
45
28
74
61
28
75
47
54
5
53
13
6
17
10
80
87
46
2
25
48
134
53
3
2
10
66
16
35
4
2
18
3
11
36
20
39
29
209
10
24
43
11
10
8
9
20
25
21
12
195
30
67
42
6
1
12
12
19
24
70
96
7
10
222
50
40
123
47
104
42
55
50
35
10
100
31
38
33
65
63
5
8
16
33
26
3
31
143
74
2
37
19
16
67
65
86
40
24
2
10
15
66
10
23
10
226
7
50
70
15
30
1
1
4
86
9
14
1250
11
17
25
21
2
25
10
80
34
26
263
63
5
22
154
16
14
120
72
84
10
48
99
47
79
43
49
21
32
1
35
18
13
84
14
43
62
20
14
15
70
48
6
24
60
3
411
10
278
5
58
48
59
9
22
40
156
2
44
53
1007
2
13
33
1
44
31
64
60
38
8
30
120
20
91
28
35
53
8
94
88
7
25
12
37
24
56
33
11
109
62
84
1
49
8
42
10
50
109
32
118
77
1
5
199
32
48
34
31
107
16
3
7
255
407
8
6
32
14
11
19
10
23
39
83
10
13
90
89
124
32
11
3
23
36
4
2
2
8
12
46
65
77
16
22
11
46
5
74
26
6
15
50
120
98
26
24
9
21
16
10
49
49
4
16
40
3
22
10
14
54
56
84
15
2
32
25
14
6
43
1
27
37
43
27
18
66
11
118
19
10
113
4
8
59
6
18
5
13
135
75
6
70
44
138
34
14
50
48
90
10
15
11
16
57
79
92
10
95
25
24
6
9
7
94
2
1
33
25
80
20
30
17
22
39
43
29
131
20
8
29
44
6
702
55
1
40
1
93
42
38
21
5
8
17
9
49
21
2
20
94
24
241
26
24
28
20
3
3
28
10
6
12
32
37
10
82
1
22
9
6
20
59
63
92
67
17
159
89
9
22
3
32
66
47
112
98
11
43
3
38
21
54
172
33
112
70
53
6
62
4
17
23
15
37
53
107
28
22
5
32
258
6
1
23
36
36
18
52
48
2
76
32
93
52
61
30
86
2
26
70
15
39
3
25
28
8
16
152
3
5
76
97
20
14
112
35
3
156
9
22
17
18
14
57
64
13
24
3
94
9
14
97
28
112
54
32
43
29
96
12
6
13
39
67
2
89
85
29
49
141
6
151
3
20
230
7
20
144
85
32
8
5
24
59
48
59
44
19
65
5
75
3
37
350
36
41
41
54
23
10
12
51
21
1
13
8
6
33
13
66
6
48
90
8
1
18
16
18
1
37
35
51
33
68
8
6
49
28
80
28
20
12
154
102
7
21
22
35
64
41
74
52
13
74
129
173
8
55
90
130
46
7
58
31
64
127
33
11
1
9
72
58
100
79
82
35
28
126
9
68
32
56
109
46
27
147
10
31
43
29
12
207
6
2
4
143
208
5
68
12
143
34
48
35
30
38
152
64
127
22
21
6
15
129
85
16
2
20
39
50
3
35
62
16
125
22
236
162
12
14
50
17
21
46
27
3
156
29
17
16
1
16
21
100
63
29
38
20
3
49
27
3
13
35
1
9
3
71
67
6
6
290
147
4
20
9
36
145
12
6
102
23
62
231
168
153
50
25
41
2
50
3
1
107
14
14
80
43
67
18
14
2
95
3
10
45
3
14
49
54
67
51
54
9
51
6
4
11
3
5
16
17
8
8
6
112
8
81
6
2
105
2
44
75
12
42
32
24
87
24
23
13
15
4
32
7
38
10
62
18
3
23
27
10
78
84
4
126
15
11
69
27
47
42
31
21
50
96
23
11
29
40
10
56
38
5
11
51
18
23
9
11
43
27
50
107
46
12
15
53
136
3
10
108
74
31
36
18
73
33
45
50
141
32
25
31
9
7
149
80
51
63
13
21
26
11
94
18
9
37
34
98
67
7
27
17
8
140
12
5
63
17
55
34
23
37
80
3
32
5
4
21
10
13
1
3
130
9
6
101
68
4
134
90
77
16
44
24
95
7
50
91
5
30
18
41
169
13
190
33
30
20
44
29
13
16
28
17
388
6
40
22
24
85
5
9
6
6
11
19
52
31
12
11
70
625
33
26
10
215
151
2
59
83
4
237
20
48
10
28
25
19
24
8
17
15
104
32
106
239
22
20
8
24
15
35
24
23
16
28
28
5
22
35
185
13
43
10
14
7
541
20
55
18
244
66
10
40
38
24
12
6
23
71
24
15
45
93
9
73
36
7
4
41
22
14
73
24
503
47
30
20
151
5
1
10
141
83
62
29
15
27
12
5
18
15
32
143
7
233
86
21
161
402
14
4
130
32
6
15
126
53
17
26
74
15
37
2
58
38
52
20
11
66
22
36
43
79
64
21
29
16
37
8
11
32
8
24
5
7
101
11
18
85
18
502
76
42
63
218
23
11
5
9
24
3
15
35
116
11
62
10
14
1
26
15
16
4
72
12
6
16
61
1
6
1
31
157
36
37
22
6
16
67
21
52
183
47
98
51
46
69
3
9
8
16
34
7
1
62
4
6
14
39
22
67
118
78
11
52
13
9
38
74
104
44
6
17
10
18
1
112
8
10
35
15
25
104
25
77
10
37
8
53
63
4
37
5
35
1
62
13
127
54
9
16
12
16
10
5
43
2
24
20
6
2
78
25
16
5
24
2
45
26
25
54
18
82
10
29
10
17
11
36
1
9
10
6
30
27
122
52
79
20
21
35
59
38
10
27
6
10
9
43
64
19
32
64
4
26
12
104
71
19
69
45
16
34
68
14
14
5
61
77
131
38
20
107
15
44
24
116
13
131
7
10
29
15
29
25
15
13
18
42
23
13
28
25
202
116
3
38
8
21
11
22
29
16
4
28
15
259
49
70
13
35
209
28
45
84
68
12
13
3
33
44
16
30
69
26
65
15
35
16
41
44
12
66
22
40
35
78
23
5
4
84
84
4
6
7
11
50
17
35
60
7
31
92
40
11
67
21
3
49
117
9
15
108
7
55
84
42
120
56
6
51
10
3
13
35
11
9
24
57
35
22
86
108
100
8
43
66
29
7
87
1
68
100
28
107
8
74
33
70
42
78
51
55
4
53
20
20
68
1
15
95
20
5
17
39
7
65
60
118
63
96
31
35
9
5
6
22
117
28
5
24
37
111
6
21
38
12
108
1
138
67
13
89
2
112
8
26
1
27
19
81
41
111
170
6
2
25
14
33
23
11
56
110
6
29
155
24
7
29
7
15
52
38
6
2
109
76
117
44
66
2
41
17
27
24
35
47
93
74
19
5
22
10
114
91
2
36
25
15
61
76
28
51
23
3
6
32
42
99
57
38
51
52
100
28
81
24
6
63
74
35
9
2
17
29
9
5
17
90
55
50
4
94
2
21
57
27
24
39
13
19
13
6
22
19
3
31
82
1
5
24
27
14
7
109
142
26
87
104
29
28
22
45
19
226
48
10
6
27
41
152
30
67
2
13
53
15
125
257
23
43
23
41
282
63
45
14
32
85
73
25
15
1
67
36
112
14
58
8
15
107
43
53
113
4
8
25
55
10
38
46
7
4
28
8
6
44
139
3
25
24
8
8
21
67
9
56
15
25
3
12
20
26
6
28
25
47
24
39
3
27
91
89
5
11
47
117
19
24
16
13
1
63
61
28
35
3
11
22
14
10
70
95
19
63
135
66
17
29
45
68
45
1
23
43
19
13
37
19
5
2
55
67
22
191
106
9
4
38
99
17
12
61
170
19
67
8
62
41
25
42
26
41
12
53
49
55
77
11
53
13
30
25
18
5
27
60
248
33
19
8
7
41
41
8
2
40
68
2
1
30
30
423
13
48
31
13
177
242
60
14
13
13
24
1
23
17
4
46
2
5
49
63
85
134
10
68
5
12
32
22
34
11
146
33
49
109
44
16
3
27
9
21
55
17
11
23
15
3
132
34
83
4
37
6
27
14
17
36
71
4
12
35
13
55
142
38
2
28
30
23
38
72
7
13
9
58
39
75
18
26
1
51
32
22
37
79
30
24
1
16
21
62
48
27
19
4
49
41
39
18
24
128
70
13
5
67
2
91
29
78
3
2
4
17
62
2
5
11
66
61
20
41
34
202
3
6
104
10
13
20
4
46
18
51
11
3
16
4
24
5
27
5
12
11
16
31
40
16
8
11
3
6
43
15
3
4
56
44
70
4
11
27
16
87
5
11
22
41
8
38
27
41
11
4
85
87
5
14
47
40
38
20
31
1156
62
35
12
3
6
106
16
57
41
42
176
323
48
15
16
95
37
13
6
53
17
11
9
4
28
22
23
117
8
33
13
51
25
89
74
21
102
15
19
63
58
15
64
6
2
117
37
47
13
31
109
14
429
21
27
50
54
58
143
40
96
16
6
10
4
19
83
21
26
129
33
26
20
6
8
50
51
27
77
20
10
13
82
50
14
60
47
7
89
28
155
61
37
10
23
2
5
26
23
38
84
9
61
856
32
3
28
2
20
6
12
40
45
14
43
14
102
121
5
59
17
84
30
9
55
10
59
5
10
26
29
39
6
33
6
15
5
28
11
2
19
45
11
78
72
66
18
77
27
122
18
5
42
36
13
43
50
86
4
7
86
35
17
8
14
19
135
18
55
15
71
43
120
5
4
134
86
33
3
3
15
37
16
64
179
5
149
23
69
10
1
18
2
3
20
23
112
101
33
38
49
22
99
52
29
7
12
12
21
45
31
54
23
3
16
45
5
4
9
3
42
3
50
48
7
30
64
6
26
30
10
12
15
58
2
30
55
4
23
47
3
28
126
18
68
49
129
6
19
63
19
18
3
7
110
8
76
29
21
19
15
15
15
2
21
68
39
47
117
1
107
86
9
40
43
9
50
24
119
8
87
24
14
25
35
83
132
64
26
29
8
18
34
21
21
13
55
11
47
43
65
14
74
27
43
19
324
148
173
19
49
4
11
3
17
28
70
6
158
18
1
9
27
15
26
1
24
65
1
90
1
21
25
7
63
13
7
1
12
61
233
82
2
37
23
35
33
84
24
13
44
3
24
33
51
102
108
4
70
22
5
968
312
10
2
17
12
18
71
109
39
94
36
11
57
36
63
42
23
59
3
7
272
25
97
162
2
73
40
8
18
5
57
35
26
25
66
10
41
2
51
67
47
49
121
4
34
7
2
41
22
4
21
27
34
102
32
50
19
23
20
60
142
71
12
63
52
5
119
11
11
163
15
33
6
12
13
14
5
18
53
49
2
199
38
50
17
46
1
8
42
55
21
50
39
44
6
4
3
66
2
23
12
16
30
43
33
44
53
37
24
17
57
13
7
36
123
20
6
33
6
1
4
36
1
6
80
81
57
57
26
31
111
29
43
6
7
35
8
77
50
18
117
9
37
7
7
61
84
51
55
1
71
124
30
4
74
1
49
9
1
3
34
59
371
8
65
51
113
11
18
75
3
221
10
20
27
2
121
56
3
2
72
17
32
78
7
33
8
9
112
15
92
42
21
2
8
1
22
285
40
5
5
29
36
64
5
56
55
16
47
32
61
20
45
4
61
216
111
10
36
20
28
2
7
2
4
27
1
128
14
63
9
43
19
26
23
22
14
50
92
290
34
4
34
183
1
17
336
144
57
29
22
24
21
13
34
66
84
65
5
50
82
77
41
23
18
23
31
63
28
7
12
6
18
17
3
16
6
8
39
29
4
36
25
25
19
63
25
31
16
68
23
45
12
40
123
37
120
32
93
76
18
210
6
14
43
142
5
29
12
8
46
9
38
19
14
38
4
211
42
6
2
43
31
20
79
2
18
25
22
8
35
59
2
31
34
107
5
37
27
40
22
54
44
63
70
15
98
26
26
102
75
50
16
16
15
14
90
23
4
22
9
1
4
23
18
2
24
22
72
3
151
27
73
10
15
25
18
1
108
27
14
67
176
54
50
4
13
40
56
48
33
45
77
22
39
11
9
12
28
21
42
13
14
5
36
14
32
8
15
67
15
33
69
140
13
75
10
1
72
96
75
108
57
83
24
12
8
51
51
13
16
62
8
173
73
43
4
71
3
14
2
47
5
18
23
39
106
8
93
14
26
16
65
23
35
10
60
19
40
2
2
34
120
30
46
31
6
8
40
56
63
35
37
11
144
47
41
59
10
19
14
29
38
94
11
5
4
32
17
34
46
18
31
7
1095
21
50
88
105
45
1
30
82
11
76
14
39
95
42
104
17
1
45
5
98
17
37
112
42
3
16
49
53
19
25
7
30
53
8
6
143
33
10
8
42
89
41
14
30
5
32
12
16
13
4
2
102
38
12
18
111
45
91
12
10
14
15
129
23
1
26
23
1
7
28
11
7
1
96
60
82
15
20
31
8
23
15
15
122
65
58
7
131
4
11
31
113
24
35
1
62
21
18
39
60
19
34
2
146
62
3
96
14
19
25
9
91
39
39
52
8
19
4
11
50
110
55
29
1
59
17
40
4
22
5
47
160
3
51
6
62
4
13
12
54
5
109
82
10
17
37
8
83
115
1
12
25
89
75
2
16
5
8
101
28
12
29
14
256
69
26
112
88
1
517
47
6
1
53
238
61
21
14
32
14
29
190
36
9
45
1
8
20
5
20
73
31
3
57
68
19
45
1
16
3
1
8
50
13
16
33
23
179
21
9
54
20
1
16
59
73
42
12
6
55
80
9
33
90
28
12
6
37
1
35
161
68
75
16
179
39
64
28
15
20
136
79
6
30
35
37
6
7
10
11
9
24
24
75
5
1
92
16
23
19
57
24
10
20
64
4
71
130
55
34
219
13
56
27
3
3
30
22
32
83
115
9
72
45
3
70
30
31
2
17
11
117
22
130
1
37
19
22
58
19
31
8
6
31
26
4
20
10
47
8
58
13
9
16
54
10
65
88
65
82
55
5
26
2
59
46
52
65
648
22
19
36
58
1
76
62
7
49
10
26
109
66
6
40
18
66
98
78
41
34
16
3
119
27
20
32
29
48
92
43
88
25
32
27
16
95
25
14
124
26
35
8
40
18
4
80
53
3
69
19
78
79
53
5
36
45
49
33
44
279
103
76
11
2
63
29
55
106
5
48
3
5
60
45
7
46
10
62
13
260
45
34
21
1
14
58
45
32
4
7
101
9
8
11
43
33
16
141
38
31
2
33
3
26
16
4
5
10
18
66
6
82
17
61
29
57
34
36
1
18
81
60
27
6
32
9
172
13
86
45
101
39
28
83
49
139
28
45
52
11
13
57
13
80
19
56
74
7
70
61
1
35
21
66
198
8
7
6
5
4
144
27
69
23
43
1
10
44
27
7
86
69
18
22
62
14
21
103
6
60
20
62
10
22
40
47
85
15
34
4
37
27
3
20
84
30
60
13
39
1
78
2
7
15
50
14
24
7
4
11
63
32
5
58
19
149
69
6
44
52
48
7
24
11
28
13
12
8
97
57
5
83
117
59
31
5
316
21
3
96
21
13
2
30
14
87
14
30
42
53
10
5
9
15
52
23
30
31
12
37
58
147
11
68
57
12
37
1
9
1
4
22
3
46
115
141
4
111
85
20
34
64
57
39
45
5
4
4
107
14
43
21
25
36
58
139
13
130
80
123
33
8
1
90
111
60
14
4
73
25
49
8
27
29
16
37
95
78
70
56
32
4
88
17
98
3
31
5
27
63
14
4
66
5
10
11
7
66
12
5
82
114
12
7
47
34
82
117
22
292
15
21
64
49
3
9
82
13
8
17
4
82
23
41
5
5
77
1
18
124
9
12
56
128
2
146
58
15
31
51
19
23
11
15
11
38
33
31
32
53
21
80
374
38
95
17
59
169
12
46
48
7
27
4
11
24
21
5
47
37
4
11
72
47
10
4
95
101
82
18
12
74
15
46
10
24
73
36
57
41
19
25
35
35
15
21
15
21
44
86
4
31
2
54
3
70
52
30
46
16
30
11
4
113
19
3
110
20
57
42
16
72
76
47
8
9
7
2
75
6
48
16
126
7
20
10
22
50
2
98
214
30
74
32
108
42
18
227
31
17
10
18
37
53
25
6
37
68
5
96
38
24
22
41
22
35
3
83
51
14
149
2
2
19
68
43
11
692
36
77
19
169
59
10
42
11
6
1
58
33
96
56
86
7
8
13
36
145
12
19
164
68
6
22
86
47
10
57
56
2
12
37
30
272
17
17
28
5
14
348
28
7
2
36
11
68
46
10
23
54
13
14
13
35
53
78
14
11
136
25
16
23
48
104
23
27
5
66
3
78
11
22
18
17
30
170
17
14
2
34
17
11
26
59
37
96
8
70
20
1
6
28
20
67
12
39
49
36
11
21
21
51
98
137
115
18
48
29
31
35
7
25
88
53
3
42
88
62
69
11
23
34
27
28
107
28
21
2
3
53
12
75
21
46
15
27
99
12
30
37
71
107
287
56
30
71
17
59
33
12
149
6
19
261
29
39
5
4
25
6
7
122
68
174
323
13
18
3
8
1
8
30
33
109
8
23
3
37
23
75
11
83
24
3
11
10
18
11
50
32
59
2
51
10
13
11
13
64
263
40
71
27
2
27
3
5
7
16
44
8
1
39
3
56
1
7
64
55
8
82
19
25
2
39
114
55
67
124
90
4
4
4
133
155
35
109
20
2
4
24
137
102
41
37
37
46
18
24
15
90
28
32
54
22
79
110
9
29
175
19
61
15
111
14
31
65
10
11
32
119
69
8
8
153
90
743
81
23
3
63
125
7
46
25
24
67
113
3
25
21
21
35
100
21
9
46
74
31
27
40
8
8
3
21
8
54
14
8
15
6
62
43
49
2
18
54
32
61
30
3
11
9
14
7
33
10
28
31
3
46
7
21
114
86
22
35
50
12
47
30
35
12
15
1078
37
9
39
24
19
18
26
3
74
34
5
20
37
19
16
26
9
25
69
29
147
19
41
150
6
3
7
7
13
33
34
38
64
147
26
69
12
19
9
57
36
16
86
87
16
5
7
18
8
11
132
10
18
55
24
48
37
11
41
10
35
77
4
69
111
22
45
27
32
16
9
14
159
2
18
16
56
29
67
1
9
75
65
11
39
1
34
22
27
40
40
50
50
7
36
7
5
9
3
106
27
68
114
12
57
34
63
22
25
110
152
1
6
25
75
50
49
78
17
4
75
19
1
15
10
60
18
10
28
9
115
77
6
9
4
64
33
2
21
20
102
11
8
57
1
74
29
36
72
20
87
98
22
26
13
21
15
22
93
108
63
68
70
39
17
8
4
13
78
8
3
16
4
24
41
36
18
57
16
12
2
51
27
47
97
68
23
15
74
10
126
17
25
301
2
30
38
24
2
71
82
12
48
1
105
99
114
4
16
9
5
15
72
20
70
103
12
107
90
130
42
35
66
27
62
32
19
46
32
149
48
17
62
144
39
19
1
10
2
42
27
17
32
67
99
21
14
145
33
66
142
60
33
35
25
28
63
31
53
14
33
60
63
76
164
1
2
9
7
46
44
3
61
48
4
6
12
112
31
121
137
32
3
7
1
53
104
40
2
31
41
137
3
78
12
12
6
90
789
19
28
4
12
62
32
25
13
56
30
44
10
6
47
21
95
3
7
89
29
32
5
8
11
27
8
2
3
15
17
29
77
73
10
26
8
17
18
10
8
3
26
130
139
19
7
6
33
17
5
38
12
54
10
64
35
5
87
1
9
38
54
6
43
10
26
1
14
24
1
1
104
11
10
32
35
20
15
119
6
60
28
33
81
6
26
21
29
15
9
53
4
37
62
23
70
93
27
120
20
106
119
12
113
13
5
5
25
24
73
72
1
47
39
1
1
28
22
29
57
11
273
36
27
3
14
10
14
8
388
76
11
19
9
31
3
28
29
32
94
15
1
83
98
48
49
76
11
68
12
4
9
44
15
10
14
2
36
585
23
501
12
7
30
10
25
169
16
10
8
23
74
20
30
9
26
14
36
43
87
61
70
2
19
70
142
2
1
2
2
23
57
14
47
209
1
35
19
72
6
13
85
1
11
49
17
125
8
21
21
25
37
30
5
45
82
46
7
4
38
24
22
13
66
40
33
39
83
1
25
20
39
2
33
12
12
142
32
74
57
25
11
43
35
76
51
50
19
26
17
20
31
10
8
15
85
45
46
75
3
11
27
4
59
1
12
6
53
114
66
31
121
39
29
86
22
329
10
9
11
4
42
27
12
33
16
65
5
18
44
2
13
14
42
3
35
69
254
35
45
1
54
37
17
150
30
26
51
17
48
6
92
101
48
5
10
69
13
50
2
8
11
11
161
11
82
15
21
73
10
32
35
4
16
10
1
22
5
307
28
25
36
6
119
93
11
118
31
94
78
9
2
4
34
47
12
92
61
8
221
41
2
28
28
45
19
338
75
21
5
29
490
109
48
8
9
7
53
53
1
2
4
35
8
35
35
68
71
14
3
70
17
8
23
29
94
1
44
23
3
15
4
80
21
1
108
69
15
25
59
20
20
50
20
18
89
8
25
23
21
13
46
83
136
28
34
11
23
37
6
80
17
83
39
24
34
75
38
87
49
3
3
43
4
85
65
206
23
3
13
9
37
10
19
32
4
656
18
76
31
9
8
21
55
21
15
19
14
23
11
2
10
376
154
25
32
76
5
15
15
39
45
67
17
43
15
25
44
7
37
309
72
6
50
4
110
45
50
139
4
20
5
2
109
51
13
5
8
17
14
23
12
27
10
47
544
6
28
43
16
84
2
37
35
42
28
71
12
13
28
12
8
17
61
38
14
7
17
17
82
4
4
9
23
24
71
39
5
56
55
23
63
8
13
83
2
17
14
1
33
132
28
26
31
158
14
31
34
12
12
8
19
5
37
97
17
526
3
4
5
64
13
212
179
100
8
36
47
86
4
30
55
27
44
6
21
9
50
3
5
109
31
97
22
13
46
22
51
11
183
36
74
20
9
83
6
71
20
4
120
40
70
59
55
54
74
43
65
11
32
61
2
33
3
40
5
369
4
7
168
30
19
12
1
24
64
22
84
36
23
13
17
24
7
3
80
105
18
13
35
34
92
12
8
8
56
68
13
5
30
76
37
66
147
22
50
45
11
28
5
94
85
21
12
27
20
3
68
15
31
7
56
1
4
7
39
12
11
108
9
46
94
30
35
34
19
19
5
53
49
102
105
13
17
11
37
54
46
12
24
41
7
34
31
81
35
70
2
45
43
30
50
20
6
51
9
82
48
132
28
76
8
59
41
13
12
7
74
22
46
22
11
24
28
106
3
27
92
68
247
20
5
38
59
57
12
25
51
2
27
17
2
117
2
17
10
72
42
3
4
26
11
7
89
1
7
28
25
17
1159
81
13
61
15
20
48
39
4
13
34
1
173
24
183
50
13
33
6
4
103
55
22
9
7
15
13
62
3
85
26
7
18
11
93
4
28
25
93
14
85
98
321
16
48
44
71
48
65
4
10
47
155
31
78
62
49
15
15
9
8
2
2
25
71
26
125
59
36
23
27
12
87
25
73
26
36
7
22
44
29
27
65
10
111
6
67
7
45
101
13
26
8
41
126
66
39
11
72
30
15
1
31
7
1
28
2
42
270
13
1
129
55
63
17
4
49
26
33
6
50
5
21
30
124
27
2
37
31
1
49
26
1
10
5
50
3
18
182
38
104
28
60
8
71
80
74
22
47
9
24
10
8
84
16
46
7
184
71
48
46
13
17
30
50
4
20
486
97
252
4
21
34
6
61
5
53
28
7
47
23
5
16
45
107
85
34
9
18
36
77
12
27
12
185
60
24
25
55
42
160
9
24
113
5
90
30
27
29
12
107
67
24
25
44
8
23
5
26
24
18
30
65
14
17
52
177
14
21
107
2
64
44
27
100
38
3
45
160
8
14
48
74
45
9
4
96
24
70
26
170
1
89
13
41
42
3
4
6
16
73
3
74
161
47
115
32
61
83
6
39
20
36
38
49
16
164
22
52
10
26
40
42
44
73
51
9
26
11
49
7
25
5
60
9
1050
1
44
15
17
150
7
46
44
12
28
38
13
10
12
16
29
4
40
8
56
1
19
13
10
11
9
73
50
48
58
8
77
7
67
76
66
39
7
52
51
70
36
4
11
20
36
16
32
56
16
5
30
3
60
95
5
43
12
12
14
26
70
19
17
17
6
53
1
67
52
57
7
87
12
43
27
8
49
25
42
5
34
219
19
15
50
9
24
20
18
208
82
1
40
30
163
29
11
415
67
31
15
28
16
2
80
50
57
52
6
13
29
317
29
11
77
65
7
90
95
36
9
25
64
1
49
14
42
46
20
6
35
7
93
10
38
20
70
76
12
2
14
108
1
17
6
20
75
12
58
17
16
33
12
14
12
42
80
2
28
41
56
28
51
13
458
54
1
15
24
119
197
6
160
10
27
62
100
65
116
231
112
10
87
11
1
17
159
1
20
8
82
35
5
12
38
17
51
2
16
12
14
11
5
28
42
22
82
64
1
33
8
10
26
13
22
149
39
24
24
5
71
10
26
74
7
31
15
42
72
19
15
121
35
9
123
27
49
5
107
230
11
102
6
3
9
26
19
20
49
4
83
13
131
68
28
90
7
20
48
14
7
335
13
28
8
7
86
26
6
138
16
8
19
20
33
51
27
24
656
17
16
9
93
54
181
97
12
4
45
86
64
10
11
24
14
20
64
13
94
19
77
59
42
61
2
32
110
20
57
65
26
68
26
12
33
175
43
26
30
75
5
21
34
11
221
44
37
33
6
44
3
11
101
16
35
144
28
134
81
24
13
55
103
18
30
52
23
78
65
2
41
13
6
33
45
44
41
2
60
2
28
13
82
38
46
31
9
75
4
20
92
2
1
26
40
26
43
12
13
1
23
12
299
13
32
43
41
2
7
5
11
30
3
45
10
3
4
8
15
6
78
53
40
108
2
35
108
28
23
13
30
12
234
8
54
30
9
94
111
115
58
14
1046
40
12
35
19
13
29
59
61
90
86
101
55
20
27
60
12
19
56
54
88
100
122
25
34
70
135
59
18
41
52
27
88
96
2
1
1
14
22
76
14
37
129
1
10
162
4
14
12
22
26
29
90
126
5
194
6
81
36
34
6
3
168
23
56
59
4
22
5
1
37
47
11
134
22
1
113
20
138
19
34
1
191
107
55
72
10
18
52
62
4
89
86
17
8
25
21
23
56
138
46
2
45
13
64
152
29
51
41
13
87
30
88
2
37
12
82
13
46
22
30
151
89
26
66
1
1
19
23
151
22
11
35
36
22
18
17
71
11
69
1
20
5
1
4
41
47
6
18
19
14
16
46
2
28
148
12
4
18
52
39
18
232
11
156
22
56
50
38
29
2
35
38
10
41
14
22
27
30
6
33
41
17
144
23
39
68
20
22
17
63
32
51
17
59
40
2
82
3
20
22
82
49
101
40
25
64
7
5
29
21
68
6
32
107
15
20
17
41
126
105
29
106
8
98
51
86
191
187
13
23
91
86
40
3
12
134
2
3
77
1
78
7
71
19
37
76
72
13
11
13
21
145
9
41
4
160
3
5
3
12
85
2
27
48
17
83
43
72
9
5
5
30
6
43
11
39
83
14
95
5
7
18
88
1
21
36
77
30
52
28
42
5
40
3
57
184
12
3
14
90
116
67
165
102
7
28
10
399
13
8
27
37
23
23
39
68
270
73
25
31
91
25
24
17
99
9
58
179
15
19
24
64
9
21
15
11
11
5
22
3
31
23
26
34
5
10
40
31
27
43
133
1
76
78
43
12
33
28
5
57
86
151
65
118
17
11
22
39
2
46
51
124
20
25
4
14
60
48
22
23
13
6
42
39
3
53
75
35
52
28
19
21
74
65
111
11
21
13
17
56
3
1
98
18
2
56
25
64
13
2
10
119
12
113
7
51
48
8
130
6
42
31
25
11
7
128
12
14
41
93
38
32
28
12
4
26
14
8
5
2
116
40
31
7
58
58
15
1
8
18
45
22
24
2
23
83
45
64
692
128
123
60
116
23
36
4
7
65
6
15
159
7
124
11
56
40
1
265
54
1
21
10
167
5
9
26
50
116
116
25
7
21
36
6
66
93
251
98
16
23
36
6
43
1
1
11
50
37
20
33
3
23
69
33
326
21
88
16
8
46
18
40
4
14
116
25
50
12
98
6
48
36
49
100
39
43
16
16
9
72
29
43
84
31
13
13
80
10
25
31
49
60
71
110
50
9
26
55
39
13
47
1
21
137
82
37
45
76
18
37
247
35
2
14
51
56
13
28
34
23
4
34
69
45
27
175
5
32
10
12
64
55
167
10
111
33
423
12
4
100
17
17
1
14
20
59
19
7
11
3
12
30
5
12
22
2
6
6
21
63
144
17
26
12
12
54
5
65
14
25
265
38
50
122
15
29
100
4
95
13
35
42
21
3
15
4
14
29
128
21
52
63
34
170
36
86
1
8
36
43
8
122
33
84
86
115
6
51
6
51
36
7
7
75
32
15
33
8
40
47
4
3
14
73
14
2
247
24
43
23
16
38
142
57
26
27
7
26
29
12
16
4
68
48
150
10
19
23
76
42
15
17
21
12
102
47
184
484
7
37
26
59
18
2
25
2
12
7
1
147
3
20
19
24
1
2
37
2
9
50
109
30
10
70
15
50
33
62
18
170
72
6
20
49
19
39
28
22
28
4
20
23
7
15
86
7
57
20
8
419
32
17
135
22
39
10
56
33
3
281
6
16
47
5
65
4
145
35
39
15
64
69
39
24
22
48
1
8
130
14
39
12
2
66
57
38
4
14
8
96
3
13
10
57
28
62
61
20
29
16
14
49
45
74
30
16
52
22
51
28
7
2
20
7
1
10
13
51
32
35
20
74
54
3
4
54
28
70
32
76
115
49
12
54
7
11
126
40
7
2
101
29
129
22
68
58
32
84
21
5
4
16
120
12
15
14
5
7
52
13
151
24
54
74
5
34
42
8
14
29
23
49
46
27
22
14
49
32
28
96
5
39
21
7
53
79
45
28
19
26
83
90
30
10
22
3
50
6
65
21
4
149
20
134
34
2
2
36
52
119
86
30
39
17
135
19
17
38
9
144
52
43
15
97
1
134
28
4
34
3
72
39
22
11
41
51
44
146
5
14
10
24
17
71
18
19
8
4
21
3
13
193
58
61
41
14
44
29
3
76
33
6
10
93
27
1
117
12
7
17
243
36
4
59
44
3
331
24
141
6
5
33
21
22
5
1
20
76
7
4
56
90
75
10
309
20
2
14
8
3
10
6
60
66
27
20
7
38
6
28
136
102
84
32
27
52
2
32
41
244
33
3
19
1074
41
39
4
19
40
72
60
9
1
16
9
42
25
45
90
35
16
28
36
63
17
240
312
46
114
15
136
51
7
66
30
139
114
9
93
9
30
19
12
9
23
20
2
153
5
173
12
22
92
934
13
26
311
44
78
29
4
14
550
7
36
3
21
82
79
25
10
17
39
20
1
261
8
5
28
67
10
40
158
56
63
29
36
22
28
25
20
21
20
26
77
27
17
29
41
9
20
129
8
4
54
8
128
21
1
15
45
8
7
103
138
12
18
46
22
9
16
15
16
1
3
47
35
58
20
58
9
5
36
6
16
36
129
8
25
9
1
2
51
2
149
37
115
1
24
11
34
2
76
42
1
110
189
159
78
123
1
14
71
103
41
76
50
4
32
30
18
15
2
13
17
85
57
83
18
8
137
199
2
50
42
15
17
30
28
138
108
41
8
71
60
42
88
121
45
14
15
25
21
49
1
6
9
9
2
33
2
13
5
16
69
90
11
6
60
4
47
75
66
50
40
82
25
392
67
12
9
34
18
28
16
9
3
2
37
16
34
117
29
2
21
54
6
31
22
13
146
34
17
48
45
82
5
19
22
6
6
2
33
84
29
73
9
62
63
1
273
48
111
144
65
8
40
12
66
18
13
319
14
164
29
21
90
48
40
35
68
76
46
25
71
17
22
42
5
3
23
122
125
80
125
33
66
69
10
64
30
24
19
4
34
12
7
20
24
55
29
1
2
103
28
181
8
7
11
87
16
5
163
7
56
43
32
5
87
31
34
29
23
29
62
8
34
38
21
76
4
31
19
57
27
5
74
96
2
21
32
25
9
52
63
5
13
124
15
12
115
104
7
8
12
11
81
16
4
217
27
26
17
74
32
17
12
1
4
39
34
31
40
5
9
14
85
30
79
19
4
5
78
14
81
3
139
9
161
19
58
28
91
16
29
34
184
57
34
11
33
34
34
137
7
45
25
79
26
6
242
42
4
110
16
12
53
35
12
69
2
1
46
4
12
242
26
119
13
8
48
5
22
84
122
1
36
20
29
7
3
34
19
5
3
26
133
111
76
33
26
11
35
51
55
69
12
1
4
49
37
10
15
60
22
18
12
69
5
19
106
21
4
6
37
71
49
57
42
1
12
23
6
107
10
6
4
52
7
25
67
6
17
45
77
134
16
62
3
107
20
280
10
22
9
59
11
28
10
39
83
18
9
1
208
31
39
1
22
135
66
5
1
32
125
27
233
72
9
85
104
9
5
62
27
89
26
10
139
5
6
19
44
6
14
27
20
32
29
14
15
8
7
77
13
11
152
59
22
5
61
87
41
118
25
67
33
78
5
30
6
30
32
51
19
28
90
12
3
38
44
58
105
11
13
3
57
47
16
7
75
128
42
47
77
29
3
92
7
3
88
134
39
47
64
18
19
3
132
46
4
256
4
18
33
7
9
32
191
12
33
8
27
32
79
61
12
11
24
53
36
24
13
87
20
4
5
15
1
5
54
73
39
25
34
18
31
4
3
20
75
16
15
3
19
12
19
38
50
16
67
23
88
31
1
6
65
2
77
32
228
11
22
5
18
35
60
2
35
41
88
30
36
8
55
21
49
44
45
83
29
21
137
94
316
17
6
6
34
1
53
55
27
137
31
49
42
35
15
110
12
2
86
89
16
92
39
4
15
11
35
106
54
114
7
110
35
12
5
15
16
28
50
42
26
167
339
13
104
4
4
38
30
53
8
13
39
1
30
37
50
67
18
5
65
3
4
84
2
22
53
79
65
189
37
15
239
123
47
27
70
21
126
43
72
384
50
74
69
31
12
55
61
4
19
98
23
11
38
10
268
47
48
64
93
18
30
5
3
87
10
85
16
19
17
64
8
13
61
3
22
49
36
241
25
43
111
46
60
6
8
3
18
79
10
38
9
7
4
3
1
66
42
7
3
51
7
19
24
98
2
20
56
10
11
12
20
5
18
970
38
46
49
9
11
10
1
26
11
22
32
10
9
82
2
50
2
79
6
61
16
55
62
37
10
94
16
6
106
6
30
63
108
56
15
9
74
9
15
2
29
72
86
7
282
113
85
19
85
6
84
64
190
2
11
4
10
34
18
35
34
33
5
28
26
46
12
58
34
52
16
43
4
2
50
26
20
5
30
11
33
24
138
5
21
22
16
21
96
8
2
683
11
11
29
6
41
20
38
28
8
23
1
24
28
167
36
51
31
12
8
4
13
9
7
93
12
64
26
32
12
12
38
26
38
96
51
35
76
7
827
49
75
10
6
2
3
20
18
57
31
61
22
82
60
16
71
55
9
2
16
2
22
8
24
16
81
91
17
90
6
128
6
10
71
1
7
12
171
2
21
8
28
170
39
94
11
41
53
74
6
6
141
48
88
86
1
40
18
4
204
14
1
3
42
42
57
44
23
160
108
26
4
70
46
306
42
16
140
27
19
20
5
87
12
17
70
26
11
4
113
49
1
5
13
13
20
48
13
8
23
65
1059
23
7
11
13
112
13
44
8
13
47
49
7
2
50
30
21
5
4
12
59
115
71
118
77
13
9
45
46
43
44
45
26
14
22
61
125
12
60
56
63
9
21
32
80
22
54
4
150
220
2
99
12
31
29
62
14
36
29
5
14
15
5
15
20
8
28
5
9
42
76
53
87
49
163
4
20
21
27
56
27
47
14
141
19
10
24
41
108
62
4
37
4
11
29
37
41
9
18
21
96
131
17
5
20
39
4
5
106
34
4
8
33
44
60
10
76
38
66
9
17
5
32
19
54
47
12
23
5
22
78
15
81
47
2
24
30
19
65
71
113
28
18
16
26
26
10
24
2
32
28
17
62
113
21
35
23
2
99
93
128
2
15
48
19
1
11
21
26
65
10
161
1
13
3
25
20
13
38
96
3
46
29
28
2
39
10
16
34
99
33
14
20
1
1
14
38
59
13
17
269
12
64
28
249
1
12
46
6
62
17
31
37
57
12
29
12
8
23
11
37
27
43
51
61
46
152
26
119
22
4
56
28
9
41
48
15
33
44
51
3
44
93
40
12
3
100
3
5
79
9
7
132
8
10
13
2
28
74
53
9
19
153
78
20
58
20
80
31
42
44
58
9
64
144
6
35
2
36
136
22
29
14
16
28
97
28
363
5
79
46
36
16
7
35
142
5
77
7
41
35
23
40
10
109
74
300
37
27
38
56
5
531
50
48
36
12
149
91
14
22
4
18
66
56
34
10
41
4
183
93
117
88
108
28
158
31
6
19
100
21
78
15
12
19
7
5
26
45
63
25
105
40
59
24
60
44
126
1
2
23
24
6
158
13
30
63
19
19
56
9
27
34
75
49
47
10
8
26
10
129
32
36
17
17
14
58
9
2
5
62
39
6
30
43
9
711
11
27
7
17
36
37
5
11
46
2
23
99
20
53
38
18
63
3
10
9
22
30
70
18
12
19
67
23
261
17
13
131
7
1097
20
18
5
16
11
2
154
26
25
10
16
43
15
29
26
33
22
10
165
12
53
8
134
46
49
6
73
63
30
101
90
21
26
23
28
16
50
9
9
70
16
21
73
62
1
10
13
49
50
4
1
12
25
110
21
56
98
24
6
36
39
39
19
79
53
29
76
19
14
7
69
14
34
7
9
56
37
21
37
15
17
21
6
176
21
14
4
23
33
11
42
23
34
175
12
38
245
13
17
37
13
119
21
70
8
4
52
5
1
20
76
128
56
6
211
1
97
24
6
12
56
145
4
452
60
42
24
2
10
10
37
38
25
40
16
28
5
15
42
31
6
1
20
52
6
49
77
51
36
6
1
18
34
178
24
1
1
44
5
2
9
99
9
82
88
36
58
8
107
6
52
49
23
25
106
121
25
33
28
12
5
25
56
31
181
8
174
75
159
286
39
25
3
55
103
2
27
76
5
13
4
137
48
20
28
34
22
39
106
99
15
19
56
27
32
4
71
17
47
15
19
20
8
38
11
30
1
15
29
20
9
10
51
43
32
40
18
19
43
177
19
110
332
26
3
3
56
21
80
11
43
34
8
48
31
48
52
38
27
8
35
486
34
17
122
79
36
67
95
39
34
4
28
13
171
33
48
40
10
4
212
8
38
6
1
2
15
29
17
12
2
34
39
67
64
18
17
19
26
24
20
37
90
30
18
45
115
39
25
5
30
5
87
6
56
33
143
78
41
98
16
77
14
108
2
43
35
32
82
21
12
63
7
72
94
35
11
46
77
68
3
1
41
3
177
1
48
9
45
108
111
133
28
15
57
36
3
19
24
2
3
78
34
20
22
4
71
13
50
11
67
15
23
18
12
14
15
62
26
77
51
147
7
57
60
23
14
14
44
11
28
13
14
62
26
23
68
31
96
1
9
51
37
10
71
29
5
1
107
49
14
41
7
21
64
156
6
18
8
94
25
17
4
4
10
1
52
67
54
35
8
21
5
59
48
3
55
15
11
11
29
27
36
2
75
45
23
19
64
