26
193
75
203
24
13
96
60
63
120
47
446
3
10
32
24
9
47
1
65
5
35
119
29
41
126
38
8
4
60
93
96
65
205
30
25
13
81
12
9
17
9
11
65
99
47
202
70
17
29
15
54
130
19
17
178
103
35
20
47
120
21
59
172
70
193
11
84
13
25
90
34
351
53
67
87
87
280
30
17
119
47
202
58
205
18
41
73
54
239
78
73
192
90
25
109
21
126
112
206
56
9
4
22
207
50
11
8
102
103
52
16
298
41
35
63
41
39
168
66
80
85
26
91
62
73
55
377
95
86
201
60
21
57
62
9
34
21
96
5
11
15
379
36
25
56
367
37
35
34
96
114
11
11
4
34
52
32
4
13
89
10
9
16
21
95
220
65
102
6
428
14
24
95
96
16
59
216
177
8
54
54
31
275
76
14
100
8
56
6
62
58
119
4
118
13
299
48
1
14
236
56
46
69
6
7
27
130
45
10
46
57
195
6
66
28
60
193
15
25
226
54
7
280
41
14
187
234
58
15
27
50
31
94
59
86
208
104
53
8
28
12
45
6
12
15
14
37
13
64
9
56
15
107
336
7
5
53
182
357
203
58
66
174
76
5
12
32
16
53
20
298
44
52
83
194
6
15
9
47
2
72
104
172
68
573
3
180
39
167
24
10
16
73
65
70
57
68
178
58
126
123
16
91
25
7
216
9
497
123
197
186
58
14
59
187
68
16
19
92
57
233
19
62
38
59
62
27
35
62
19
90
23
21
118
12
71
22
111
97
539
464
12
39
74
74
120
9
113
42
15
4
42
12
168
96
187
23
410
16
9
6
60
29
412
104
27
15
81
112
15
188
44
7
19
12
37
53
46
36
13
17
222
12
175
119
52
101
185
1
84
27
10
11
443
261
12
116
10
206
44
54
19
14
36
6
97
87
169
82
38
172
42
102
63
183
16
21
206
231
219
40
9
20
229
234
13
80
31
13
32
31
181
10
44
363
87
15
75
2
71
18
124
3
24
126
77
12
351
62
72
20
17
68
56
61
35
9
128
39
114
44
87
62
67
75
50
395
26
42
296
87
36
36
64
86
24
70
28
19
16
1
82
38
97
48
19
122
27
62
21
176
80
191
72
27
430
10
26
70
50
166
15
3
26
80
45
42
6
39
69
40
19
193
268
21
129
70
184
35
79
3
26
44
44
69
223
13
111
172
25
4
84
54
29
79
8
53
25
1
48
60
9
65
116
114
24
46
9
516
38
1
87
42
616
202
114
17
38
53
925
45
129
33
86
5
60
124
60
116
124
90
55
40
35
27
26
60
11
203
87
5
11
23
122
49
74
91
4
61
85
122
197
237
40
67
7
119
56
21
120
13
125
5
60
92
76
215
368
107
35
94
233
172
613
1
71
689
122
52
198
110
244
22
45
41
169
46
2
207
25
26
111
115
15
94
33
33
30
84
21
280
52
71
87
31
41
94
10
181
15
217
241
513
98
54
25
67
218
33
385
19
171
45
77
28
102
33
15
74
169
99
69
1
106
8
82
16
2
8
26
55
27
3
31
96
111
204
33
129
92
18
36
59
120
41
54
90
106
179
179
297
38
90
5
38
105
14
34
36
70
51
126
25
105
46
202
16
26
100
16
359
179
270
8
35
64
74
125
82
251
1
232
565
50
34
62
16
384
59
11
11
26
31
3
111
12
3
261
76
169
48
264
61
411
53
78
296
22
44
48
31
21
167
17
64
166
24
77
14
51
80
15
43
8
12
2
216
59
19
24
202
105
221
13
119
7
251
18
33
9
275
65
42
13
2
32
121
388
177
386
223
46
339
129
91
195
34
72
87
93
36
38
98
11
46
2
121
36
38
54
56
215
214
79
28
23
80
221
53
80
59
13
69
68
20
195
36
29
83
92
12
277
20
104
419
12
2
106
69
21
212
10
504
37
33
63
33
94
10
44
57
209
102
16
7
49
217
24
44
54
258
221
202
49
2
46
357
96
279
4
366
12
166
10
86
91
44
4
67
5
361
198
379
118
14
112
20
42
52
281
10
50
58
98
179
28
109
9
121
46
11
30
31
176
95
39
83
228
24
10
334
26
61
260
60
389
76
192
3
89
191
210
2341
13
661
120
365
22
345
18
42
74
14
49
8
115
50
110
32
42
196
58
95
59
33
355
17
68
67
13
191
39
74
52
173
11
70
88
115
62
41
33
24
173
46
40
17
60
63
71
254
37
28
172
809
22
105
62
75
189
59
347
497
63
419
185
124
12
12
60
67
92
26
46
28
20
28
58
45
3
102
92
39
239
12
83
343
283
60
15
14
25
8
257
10
14
124
97
5
7
110
6
41
251
42
53
15
7
116
98
227
20
33
2
92
52
63
31
12
3
28
30
29
51
94
6
462
119
34
343
172
209
29
23
56
50
183
94
37
88
40
68
387
183
119
4
213
65
3
114
117
64
11
33
98
24
21
114
29
96
28
11
209
92
232
335
42
196
42
46
360
220
123
6
23
17
15
36
53
48
290
225
2
17
83
3
47
196
62
211
11
6
13
361
178
67
20
63
16
51
24
37
33
53
15
100
126
31
35
112
21
90
37
25
36
8
60
106
93
183
204
267
65
59
77
61
49
57
27
11
47
3
242
48
3
217
9
20
93
4
257
97
69
9
13
227
4
9
3
233
1
20
77
130
11
215
76
20
75
1
70
110
48
28
13
175
201
360
12
213
28
41
94
16
25
13
117
234
64
32
343
64
58
122
67
411
90
19
45
54
37
112
44
82
75
76
22
110
81
41
217
96
3
178
108
204
37
88
13
8
33
27
72
124
8
63
76
14
33
48
248
67
25
33
10
16
244
255
71
199
78
169
92
11
64
30
10
334
29
1
19
30
58
35
10
38
19
273
203
226
6
420
76
17
68
724
22
214
126
67
52
124
14
91
112
235
100
48
121
15
8
50
1
224
9
47
35
5
97
194
9
31
175
17
197
94
91
64
66
253
10
31
8
84
57
200
266
174
28
200
119
45
47
3
3
28
25
37
88
44
3
87
68
121
82
102
82
91
45
9
112
73
180
76
30
89
23
28
65
98
233
17
20
229
72
101
54
16
66
5
121
44
189
78
92
11
203
124
5
116
187
257
42
6
374
15
2
235
50
16
44
50
14
3
78
38
99
47
75
1
29
34
120
27
237
111
17
44
14
3
36
83
39
5
42
42
376
9
29
21
24
10
92
14
28
24
21
18
98
252
116
6
35
103
180
190
15
10
7
201
23
56
225
19
53
22
59
57
61
185
108
168
256
365
369
173
93
55
82
277
338
70
3
93
43
167
12
4
53
76
3
17
78
119
23
35
48
35
118
95
46
175
261
113
826
4
389
272
5
76
204
3
14
15
121
7
31
2
128
44
95
66
24
52
171
75
84
93
65
223
38
126
245
34
574
26
39
28
44
54
51
99
4
26
59
176
17
103
17
4
90
192
195
401
35
19
50
351
116
84
84
46
103
7
19
58
126
87
103
13
182
66
23
397
10
107
46
181
11
49
165
53
16
20
72
24
42
30
20
228
105
122
76
20
10
47
107
115
205
99
18
204
27
86
186
73
183
11
23
56
17
91
11
52
22
41
64
50
109
73
3
350
579
382
9
22
30
166
47
35
405
120
11
39
18
66
97
13
261
126
409
16
31
255
44
105
239
32
31
19
169
1
19
111
13
44
26
53
74
52
4
4
25
99
67
34
11
109
61
3
2
26
13
48
17
55
45
112
46
35
74
41
6
237
38
77
68
581
219
66
77
10
36
13
66
166
126
400
17
54
260
75
71
128
15
53
19
105
102
18
187
190
83
92
31
176
52
101
40
30
73
344
84
50
5
49
31
29
229
63
280
4
18
31
102
35
56
7
96
77
180
90
89
100
24
13
31
127
59
80
94
4
242
20
262
45
38
71
18
29
257
64
29
62
36
19
98
79
1
67
7
6
68
433
101
390
204
52
26
13
5
3
18
67
57
96
119
115
21
9
27
4
117
21
70
53
6
27
31
101
28
17
73
9
181
44
71
44
42
250
14
19
52
230
104
5
18
39
174
5
92
61
61
129
71
188
455
24
14
215
74
83
245
18
20
185
56
44
278
12
39
36
7
16
40
129
114
20
97
33
31
5
96
33
19
32
18
29
27
5
57
200
497
125
1
273
22
118
93
46
97
7
34
183
67
41
187
86
13
98
90
203
28
178
56
13
209
14
19
16
102
41
285
55
45
299
69
92
82
16
20
41
48
35
38
239
32
85
15
13
52
187
57
93
48
75
45
100
60
7
12
42
7
12
92
125
2
25
90
217
106
368
26
34
527
31
218
83
101
101
46
88
113
346
378
1
104
236
178
54
102
27
40
24
95
84
1
15
7
130
25
219
45
98
28
50
33
8
194
46
18
122
6
86
82
10
251
212
36
45
32
8
28
47
340
7
551
11
36
29
37
24
39
64
75
27
202
200
399
33
278
104
16
16
94
6
28
15
51
203
3
66
119
165
15
76
30
42
27
94
216
232
47
21
35
20
175
30
5
40
42
58
12
7
43
103
268
2
209
50
56
59
20
7
1
20
5
75
66
256
91
22
5
5
115
49
124
7
180
28
1
109
6
65
63
38
347
59
56
97
107
42
48
20
67
29
126
1
118
181
3
39
41
5
61
32
27
55
65
166
30
213
225
25
255
60
75
102
9
64
56
56
1
105
51
39
26
33
36
219
79
2
95
54
211
9
4
16
38
24
40
113
19
90
175
1
83
107
8
182
197
52
12
26
15
187
52
43
19
6
25
68
199
105
40
39
38
88
8
39
73
13
58
118
16
26
85
83
221
31
263
33
11
11
44
52
2
3
9
14
22
84
51
100
5
63
61
116
87
74
198
48
225
31
203
196
92
54
78
36
62
23
243
97
202
193
6
179
204
36
66
50
33
80
205
32
248
26
10
292
64
25
25
253
67
179
58
9
13
52
214
6
117
241
22
49
19
33
60
333
102
5
194
16
188
5
183
204
109
183
178
80
56
49
36
31
103
251
41
7
107
284
60
88
115
203
436
36
85
34
128
242
124
27
76
227
36
32
105
27
53
13
67
62
10
79
2
4
58
79
84
70
22
93
37
17
39
66
72
19
60
51
12
11
218
115
17
99
46
58
45
78
114
86
49
29
50
214
171
16
14
28
8
43
11
14
51
13
119
117
3
179
82
75
18
1
24
8
166
71
170
175
62
19
20
9
59
68
8
24
21
16
54
80
22
60
199
95
181
286
40
96
37
39
4
19
114
15
29
181
83
96
17
15
59
74
68
208
24
75
12
185
174
174
37
32
5
43
26
4
658
24
72
2
34
26
62
105
48
26
219
72
68
17
60
114
46
93
58
165
7
37
50
92
187
2
350
15
271
178
215
17
124
358
3
38
60
266
32
110
68
61
16
58
37
17
187
73
48
90
21
170
70
18
37
4
23
43
270
185
21
6
30
48
36
18
81
79
118
20
56
130
15
88
24
172
5
3
77
22
18
261
98
29
211
241
8
24
40
261
108
70
107
22
122
20
73
19
34
67
329
88
6
78
1
215
20
25
348
33
80
4
3
187
37
345
26
40
56
84
83
109
94
43
37
5
15
81
18
56
194
38
88
78
35
168
35
68
75
71
37
22
175
17
52
206
400
50
19
171
19
80
89
421
254
29
32
179
6
52
50
44
175
8
165
82
234
16
8
6
107
99
16
52
196
18
5
4
275
39
73
179
7
75
6
22
101
362
33
15
24
66
38
35
54
177
97
3
26
80
53
261
288
58
16
64
63
102
17
48
48
3
368
59
16
70
248
15
77
77
6
253
75
21
205
3
120
223
99
43
57
40
111
5
72
3
70
106
44
69
28
125
179
54
388
38
3
93
47
19
57
65
90
12
3
50
79
22
91
45
77
33
8
49
56
10
4
51
537
6
31
61
95
35
276
50
1
442
34
13
14
97
103
13
1
30
113
45
15
3
63
564
14
56
2
185
32
10
16
14
62
31
50
64
3
61
58
100
88
52
7
29
869
89
6
83
99
2
190
61
11
55
356
61
453
4
85
167
72
112
335
3
181
56
60
70
1
75
217
28
33
69
26
194
1
106
60
52
180
21
129
25
26
123
5
30
43
103
233
218
39
105
53
234
42
86
38
109
67
103
9
53
21
28
234
10
48
39
38
122
73
46
5
44
21
8
64
52
33
24
13
78
107
2
113
38
32
38
1
22
101
38
265
8
70
171
68
207
518
95
64
23
122
67
185
55
33
22
265
6
17
526
55
62
209
116
195
13
16
391
14
7
71
22
4
5
23
333
21
27
78
16
9
23
20
9
71
18
109
207
65
84
17
30
73
10
224
40
15
38
59
11
21
405
113
78
42
8
15
6
40
60
30
59
3
93
71
1
247
8
8
49
44
22
3
29
42
42
38
4
26
67
41
56
3
96
216
46
66
1
46
5
42
126
78
25
190
50
495
41
7
202
17
94
48
231
5
130
50
56
173
21
36
52
109
80
61
10
127
269
17
56
29
74
48
17
89
1
71
108
44
22
30
2
193
12
18
13
182
38
47
205
20
170
387
183
165
193
117
59
50
99
102
42
56
22
32
100
25
174
33
20
29
217
14
65
2
56
60
26
192
26
65
204
60
171
51
61
41
98
46
21
399
20
55
36
221
34
245
34
28
5
173
23
786
46
44
96
50
101
95
46
174
3
24
10
2
96
97
84
18
268
85
30
5
102
265
114
54
72
23
219
108
19
179
42
46
2
84
38
166
128
12
1
8
79
103
5
266
14
2
29
221
190
39
92
16
199
219
13
71
10
49
78
85
104
20
119
73
62
44
243
115
28
22
47
184
74
77
50
172
71
165
24
112
220
74
121
11
17
229
390
4
125
36
53
223
52
62
18
94
40
126
559
96
24
20
28
118
93
11
13
30
71
5
165
99
85
20
58
70
4
222
260
96
166
1
77
8
86
25
64
200
8
18
270
51
63
8
7
36
44
205
125
2
70
28
225
258
242
87
17
17
24
45
16
51
209
2
25
248
36
208
73
47
4
108
168
54
122
8
25
341
40
3
5
75
121
41
40
116
50
61
102
9
54
18
178
9
70
14
45
18
174
59
41
34
126
3
279
2
101
46
166
254
88
104
25
14
14
58
51
192
57
69
12
44
16
37
35
117
121
90
28
221
56
369
7
274
387
3
96
116
3
9
23
47
75
26
24
96
47
1
68
218
40
6
25
89
22
11
85
43
21
14
97
52
71
47
16
114
173
25
47
48
115
91
30
77
18
117
247
61
68
42
101
92
232
71
2
202
99
65
41
353
167
38
178
7
48
1
9
10
45
7
67
171
21
63
90
62
53
104
1
42
125
9
4
9
214
267
188
64
61
1
66
192
271
100
25
204
24
87
4
32
69
91
27
98
213
4
66
59
68
258
31
11
20
77
420
96
96
38
39
86
7
68
15
86
2
45
233
70
63
19
13
11
173
50
13
204
4
16
4
192
12
34
73
171
26
175
177
24
24
73
28
82
115
10
14
92
51
106
89
51
335
70
216
66
2
261
105
6
22
65
37
177
36
81
34
108
5
38
21
49
183
9
6
114
95
5
195
24
87
35
168
26
51
105
116
25
41
8
22
224
72
56
128
117
32
28
46
170
59
14
69
93
4
20
119
172
73
2
61
42
224
34
268
25
61
39
5
28
109
37
59
66
168
2
64
46
76
378
31
40
62
499
212
191
215
129
114
244
190
127
68
223
38
115
108
279
82
19
71
95
41
114
89
199
20
46
3
114
235
187
42
55
113
87
2
184
14
72
36
120
35
6
203
6
5
7
53
229
250
192
1
83
263
84
41
15
77
6
38
53
10
187
82
44
44
191
55
127
25
189
26
91
66
12
217
8
246
28
84
60
107
25
90
29
71
130
69
121
40
20
64
75
109
13
6
1
26
16
27
216
37
124
57
21
68
126
5
110
83
14
46
80
47
17
462
204
5
76
39
6
57
40
39
51
2
86
4
90
21
21
166
31
27
25
94
34
212
196
1
31
185
89
57
18
233
37
107
551
28
28
9
171
109
28
44
115
198
40
597
78
32
6
119
194
96
58
49
73
392
124
88
409
66
40
22
123
96
8
23
83
73
24
10
83
95
19
85
32
26
84
200
193
37
11
48
17
41
72
126
5
55
230
45
11
67
4
89
63
6
96
10
174
179
31
46
129
8
228
76
237
248
2
108
27
12
41
11
170
238
13
19
88
3
54
192
37
29
67
283
43
8
171
108
88
48
44
20
240
241
28
30
35
8
13
11
5
14
166
120
29
15
60
39
36
43
88
370
53
59
112
62
126
6
36
23
44
27
16
87
4
112
175
71
457
286
13
20
64
121
331
81
122
207
123
65
73
52
54
196
236
95
82
16
35
45
9
119
19
53
66
416
25
97
26
12
6
67
60
190
71
70
216
31
177
207
6
65
5
25
109
31
20
6
17
41
282
108
49
42
180
23
34
61
228
4
46
41
50
49
33
296
226
82
33
35
249
75
177
58
16
271
48
200
167
1
46
30
37
57
32
208
59
88
299
16
42
226
87
10
39
33
20
85
10
32
210
104
79
62
33
27
51
6
49
21
19
6
35
26
1332
68
104
52
62
113
27
32
34
231
66
97
198
85
264
10
15
41
87
75
12
61
93
9
20
8
66
1
68
523
246
222
13
124
271
57
45
54
24
32
42
19
86
250
9
218
64
79
13
166
28
104
14
55
15
27
26
49
23
11
9
106
118
46
174
5
9
33
102
94
87
11
114
65
214
58
70
10
26
260
118
203
25
93
288
202
47
205
39
2
17
34
22
10
9
9
58
54
90
360
3
16
109
169
6
190
36
257
109
167
50
57
49
22
58
31
220
82
64
464
213
62
51
91
53
17
255
9
193
15
56
52
9
62
118
101
18
55
10
74
61
198
33
188
246
24
15
65
216
71
101
44
44
65
30
12
120
79
52
45
187
5
113
77
3
16
81
55
129
23
40
5
8
24
52
77
84
53
57
114
13
36
65
67
69
52
19
27
95
65
454
52
60
79
39
42
113
191
129
199
57
19
27
90
48
166
246
30
217
16
259
35
67
4
84
10
48
15
200
26
38
51
7
60
57
412
194
57
43
72
41
82
61
203
62
49
129
32
171
87
192
47
56
22
121
201
228
1
20
3
21
82
213
130
175
113
114
20
272
44
4
42
9
14
81
109
87
300
217
82
21
41
89
23
14
26
35
113
7
4
62
82
23
284
10
50
44
127
34
120
83
106
60
13
73
225
200
20
267
13
20
45
39
33
4
106
9
279
56
20
38
75
10
17
55
84
50
50
28
21
101
16
9
68
71
198
89
83
231
296
97
5
18
43
39
166
29
63
24
402
22
57
1
16
201
219
186
29
19
7
41
66
236
25
106
168
109
90
109
14
17
71
30
292
274
2
35
5
167
2
81
30
62
247
65
90
44
16
50
9
12
184
13
65
63
54
8
166
24
53
51
70
19
95
120
64
100
7
176
36
281
46
94
43
53
118
82
35
14
100
87
47
10
48
18
17
21
86
64
25
66
3
6
5
7
78
4
47
72
363
205
179
8
211
298
117
187
32
5
3
32
178
14
19
205
24
99
3
19
22
54
8
203
173
291
49
41
69
65
115
29
272
8
100
262
5
29
50
81
17
25
249
234
204
67
54
70
16
5
10
94
40
34
122
84
25
27
12
8
102
34
18
19
23
46
11
63
22
173
172
192
5
38
38
63
95
36
194
114
68
1
107
15
46
9
120
72
45
19
26
108
107
49
61
35
51
5
190
11
260
127
44
38
87
165
95
79
33
23
57
23
5
22
20
10
294
117
79
14
108
78
56
102
20
34
237
66
116
29
274
35
14
9
90
38
63
106
7
75
11
92
42
344
8
182
119
14
23
169
90
622
19
7
80
1
28
77
84
17
12
26
169
35
102
224
60
88
43
12
13
43
19
74
50
32
168
48
174
6
7
12
301
19
186
7
54
268
12
25
8
17
13
50
20
100
71
19
38
56
47
77
5
53
72
23
44
34
86
37
26
61
24
7
57
126
36
98
4
23
3
3
63
6
68
68
14
129
227
349
15
275
65
19
89
48
126
125
13
16
13
28
29
15
179
10
6
104
122
189
111
2
31
214
114
11
25
275
21
189
89
26
61
31
66
44
49
23
246
24
49
13
30
43
27
232
116
76
58
190
38
34
114
69
62
42
271
94
65
20
27
17
59
30
37
228
175
235
129
59
261
46
19
198
32
30
66
43
129
49
9
23
27
88
20
200
42
212
57
81
57
83
50
95
21
67
17
19
101
17
357
25
66
40
66
288
121
33
100
45
1
32
79
55
24
11
15
50
48
18
109
48
197
75
1
46
23
19
72
84
105
81
94
19
19
44
17
5
28
57
84
15
11
213
47
240
47
14
56
27
20
270
239
23
122
41
42
85
62
35
224
6
16
56
19
112
111
85
21
47
69
115
234
52
66
232
78
75
270
11
392
8
37
6
55
12
8
60
110
176
234
495
93
41
23
22
96
208
192
166
51
9
94
66
336
17
22
27
7
1
211
2
287
121
34
22
24
29
240
67
1
33
12
27
38
286
27
57
30
22
5
16
9
4
104
238
48
29
74
124
175
181
13
68
8
33
5
78
118
79
346
30
119
52
98
92
10
50
16
1
8
41
14
65
16
72
18
78
24
76
31
7
13
106
31
43
21
35
108
2
7
48
24
330
279
52
53
61
55
43
13
29
49
75
23
4
99
46
86
171
28
61
129
122
44
37
193
32
365
129
18
8
77
17
103
117
21
36
24
33
78
107
15
79
75
166
5
5
9
55
171
233
43
12
91
31
226
56
3
13
189
233
9
86
34
29
48
252
76
50
270
2
43
11
240
122
96
5
32
21
69
29
124
15
182
32
167
16
116
42
193
67
23
90
18
106
31
220
40
75
5
121
2
28
6
15
4
64
12
20
46
4
88
19
42
72
200
34
195
26
47
3
37
14
31
50
32
85
2
220
2
77
2
404
200
46
11
22
19
9
31
27
91
227
57
3
36
9
48
69
6
13
9
94
26
2
91
51
25
44
428
46
28
49
28
97
97
13
33
76
76
36
180
180
91
236
245
22
64
31
112
74
36
34
47
518
27
106
63
182
29
80
39
191
33
42
16
27
15
40
165
33
50
91
30
12
74
62
48
31
5
89
99
13
23
120
242
89
213
42
30
22
250
10
102
41
12
123
24
5
57
110
7
60
59
1
21
165
2
120
2
21
85
100
17
14
103
79
297
83
3
264
4
70
78
112
89
85
33
75
73
25
65
83
21
30
203
56
213
19
18
49
60
18
251
30
53
64
58
46
36
86
61
25
25
190
20
13
49
54
18
4
42
20
8
167
72
1
242
50
15
82
70
17
38
363
14
53
84
34
43
16
61
97
20
11
24
390
20
111
24
40
53
63
103
58
37
2
77
5
5
44
196
129
538
254
3
165
48
180
178
76
4
66
59
33
72
10
219
252
59
10
46
281
21
463
4
27
78
32
31
6
22
13
373
48
21
8
12
2
125
126
7
244
38
51
123
56
37
56
203
29
12
46
56
63
45
78
215
25
241
23
455
23
244
40
66
75
6
27
11
40
102
22
34
50
43
99
116
78
24
600
186
99
72
16
91
96
73
1
41
54
92
54
31
47
226
121
15
33
27
27
43
168
27
5
81
11
32
50
86
109
24
120
61
9
12
36
73
176
33
347
33
185
47
173
56
34
61
52
70
123
50
9
14
211
219
90
35
19
118
64
28
28
17
174
185
8
5
3
34
10
280
82
16
31
65
31
44
252
25
73
43
41
33
3
169
126
264
26
87
31
63
108
55
209
92
65
89
4
73
2
82
57
59
195
60
14
74
35
81
94
22
204
90
32
172
20
95
11
10
336
46
18
101
39
3
62
1
23
39
37
59
66
4
75
5
35
4
276
75
19
11
2
40
37
45
19
64
28
78
72
187
5
181
708
2
36
73
127
29
10
292
95
348
8
52
3
26
27
38
26
46
90
105
376
225
35
37
88
4
247
2
25
96
29
14
236
19
2
110
68
39
17
83
81
166
205
52
54
34
81
21
90
9
4
82
12
110
119
57
83
4
35
30
59
67
257
95
94
28
55
15
22
336
64
180
165
39
85
23
205
3
75
25
34
39
37
17
348
32
189
34
2
79
404
3
1
184
70
14
13
91
54
67
60
98
14
25
47
215
70
171
4
62
40
20
9
276
66
58
4
129
122
22
227
249
9
204
54
27
25
45
1
14
249
111
10
55
37
125
349
39
469
75
28
74
172
8
17
71
106
47
26
67
256
45
13
43
33
99
9
113
37
254
93
66
21
40
8
41
52
7
14
55
53
3
122
5
112
14
63
34
227
102
73
106
96
102
16
73
5
18
30
1
32
107
27
41
25
169
116
113
49
199
2
10
47
24
191
19
63
70
34
20
96
14
85
15
11
98
5
8
6
7
165
6
216
6
48
4
184
20
45
32
47
21
62
214
18
7
44
102
77
190
34
65
11
23
45
108
6
12
175
210
9
34
9
100
10
69
226
101
11
25
17
89
5
78
89
70
54
452
81
356
1
206
266
17
21
19
10
47
71
53
227
14
43
5
8
59
20
22
180
191
169
17
3
2
125
100
68
32
51
87
25
217
1
59
72
122
190
25
3
14
187
3
128
73
117
3
53
211
109
90
55
202
37
55
6
79
220
109
26
69
65
2
105
45
539
83
66
113
94
5
22
29
192
85
63
169
269
21
173
63
40
172
54
46
759
15
81
65
213
19
55
60
58
124
67
90
12
380
52
17
36
188
12
201
196
169
30
10
180
111
19
14
56
717
70
189
3
21
93
8
374
14
28
41
215
23
16
189
49
30
93
195
73
45
21
397
236
287
6
183
116
12
22
66
29
52
60
187
107
36
521
101
276
182
40
55
18
25
175
34
58
34
23
62
33
28
22
165
36
113
31
30
14
109
20
34
174
66
337
87
52
269
100
82
80
34
28
56
28
106
16
126
297
19
34
102
11
43
76
27
2
33
54
9
64
100
33
44
171
106
6
36
9
18
2
374
8
73
62
103
16
10
347
80
11
16
9
21
7
25
97
348
32
115
1
193
25
1
51
23
57
54
2
77
75
22
21
115
209
64
331
16
46
267
186
16
71
173
5
8
97
32
41
47
36
99
295
65
9
17
193
379
20
35
220
14
14
46
114
6
9
107
25
28
63
365
62
11
80
11
3
65
13
46
105
61
4
100
188
84
206
17
2
13
1
32
112
66
22
35
10
75
60
22
1
111
222
77
98
275
5
42
20
1
76
15
10
125
105
185
188
230
188
220
122
29
66
43
184
76
71
204
77
18
183
70
63
11
17
67
202
33
5
41
16
94
61
10
6
98
109
40
8
25
89
264
45
407
37
65
165
60
41
635
186
41
85
115
25
268
45
20
198
12
111
60
51
251
66
168
73
504
17
15
100
83
104
2
33
7
124
84
73
470
57
49
77
128
198
51
187
23
10
22
7
7
21
71
21
9
13
11
28
40
24
250
45
22
338
172
239
32
66
116
59
1
8
38
223
15
45
375
87
39
84
169
47
61
222
17
74
14
207
22
100
10
1
15
36
75
100
130
184
74
130
118
18
11
69
297
66
1
66
47
50
199
189
16
22
166
39
23
56
371
31
57
177
78
101
26
73
8
48
16
67
1
72
76
90
210
175
8
104
62
21
59
75
130
233
199
266
21
47
180
7
240
125
72
34
195
2
82
187
87
10
99
436
8
263
49
26
9
170
96
183
108
110
61
174
94
4
93
1
31
58
53
10
17
72
10
91
194
60
46
31
27
36
37
43
2
38
98
10
17
31
4
5
13
68
23
37
80
16
111
7
50
190
9
63
63
4
103
6
56
70
30
108
98
26
18
24
116
6
9
69
95
199
113
43
52
48
51
52
22
199
5
192
28
58
21
61
212
228
82
211
173
13
38
59
2
34
243
67
77
14
102
94
74
118
400
59
32
32
12
9
73
72
66
3
11
93
76
46
93
16
18
16
78
37
35
6
61
74
29
100
12
49
13
4
183
706
94
56
46
15
31
191
38
10
61
406
210
24
4
2
184
37
93
44
28
65
69
36
244
54
362
71
105
36
36
16
1
35
18
47
2
96
54
44
97
272
277
202
52
36
7
1
282
168
27
247
47
106
243
35
66
191
242
18
189
394
255
8
24
121
67
2
18
96
180
16
273
9
36
102
30
95
167
45
49
33
185
60
8
79
38
21
85
27
1
9
33
33
48
39
31
35
40
68
63
45
298
24
70
84
11
230
22
191
103
30
97
7
64
3
50
5
42
33
91
198
50
196
229
22
70
57
104
23
14
37
53
86
54
17
94
19
202
236
58
60
87
414
129
1
352
43
85
27
7
229
64
38
29
31
109
10
3
4
16
12
33
55
249
4
17
207
237
125
130
259
247
80
111
74
46
39
16
117
60
107
29
382
121
7
13
90
90
84
3
188
35
20
20
10
45
18
190
22
5
128
18
34
227
30
27
65
172
6
32
106
86
32
61
364
18
79
70
6
32
12
69
26
62
77
84
92
20
267
49
169
193
35
102
9
13
50
61
48
6
611
60
24
58
124
4
44
9
74
81
25
96
205
42
11
1
11
193
18
44
62
70
453
31
2
119
7
111
52
66
40
36
173
23
56
1
178
64
342
27
89
14
85
10
51
108
77
64
44
22
116
38
8
167
1
41
36
89
47
235
41
72
170
87
260
391
10
71
57
121
43
89
4
19
9
19
7
31
65
1
80
8
49
97
34
45
40
116
41
452
58
170
7
297
50
52
85
68
98
78
32
168
50
35
40
57
30
235
55
32
36
43
130
283
129
86
39
368
64
19
88
81
101
120
104
46
4
50
43
49
211
45
9
32
28
125
79
80
1
241
7
40
199
14
443
23
61
113
79
17
81
67
197
44
100
14
56
21
59
1
13
44
41
188
10
176
46
392
34
5
39
279
36
241
2
3
10
37
65
260
192
26
1
62
17
29
227
204
51
74
409
8
272
229
165
77
91
19
12
38
13
100
60
81
70
129
259
22
71
19
97
362
53
8
76
110
15
4
62
24
34
272
51
112
5
66
25
63
107
191
32
31
12
36
89
244
55
37
228
218
227
13
1
54
169
212
126
37
26
223
111
60
40
121
9
62
73
180
98
74
43
119
33
13
194
33
240
101
209
26
53
31
374
95
2
21
4
25
67
15
21
42
106
207
5
229
39
1
5
43
104
36
17
329
40
3
25
48
196
38
9
27
50
16
10
333
8
4
25
11
47
116
4
58
20
2
74
89
65
13
2090
298
127
391
26
7
114
46
92
2
339
102
95
69
13
78
47
79
65
200
6
58
1
38
86
234
103
35
32
45
336
63
356
4
64
16
129
16
25
18
63
27
20
16
128
186
18
1
70
43
124
3
193
15
30
37
30
122
192
23
28
166
18
62
73
3
166
331
36
6
45
106
91
35
1
7
170
63
194
54
18
254
436
28
17
8
208
116
37
2
210
20
16
40
8
25
23
81
11
96
56
269
88
185
4
20
40
41
16
35
37
37
606
687
7
61
128
60
289
64
16
23
183
89
7
224
9
12
27
33
55
107
62
18
10
48
282
38
48
78
25
52
74
27
42
66
26
39
49
23
21
98
46
506
3
8
26
119
91
18
38
72
49
88
12
224
80
110
49
4
11
31
43
34
28
14
8
181
103
245
3
71
250
11
69
6
82
178
40
46
10
58
182
17
76
93
44
51
10
18
9
18
58
261
38
30
111
25
22
60
17
116
56
171
127
550
39
212
12
41
58
46
123
91
264
12
48
4
3
287
50
57
49
260
122
19
72
14
2
96
52
78
93
58
41
61
23
64
70
13
84
188
33
62
103
45
20
16
6
81
53
44
60
46
19
42
62
34
170
99
93
185
10
82
108
25
12
88
55
31
360
112
83
95
98
20
61
4
56
36
102
251
83
6
81
80
27
349
23
94
35
114
2
26
51
250
38
107
34
40
292
34
289
6
109
98
87
101
26
207
48
3
12
180
76
47
435
1
184
23
34
55
97
3
28
48
16
170
11
76
108
60
28
65
21
66
222
26
78
95
40
10
43
52
115
129
43
177
6
101
174
96
110
23
47
208
9
10
10
23
53
24
105
2
108
107
67
3
243
2
45
6
48
103
103
106
128
22
31
22
100
70
36
10
71
17
51
30
4
4
271
60
168
16
610
63
33
215
1325
45
2
91
92
81
65
38
46
114
48
48
9
214
102
41
355
105
235
78
58
76
20
121
68
73
195
51
19
23
77
64
30
42
24
467
196
50
27
34
113
12
22
64
55
14
4
29
21
13
106
53
72
10
185
4
21
72
4
17
64
343
108
10
7
39
5
37
97
8
39
99
16
32
36
42
14
7
66
15
84
26
17
21
7
18
81
37
30
19
41
2
53
15
17
65
80
1
257
172
189
7
57
3
28
46
57
7
3
112
48
91
174
81
37
56
91
41
42
12
17
186
218
52
25
241
194
20
12
22
3
59
23
168
14
106
68
61
31
15
32
19
34
35
21
69
277
22
56
39
48
75
67
50
96
120
82
60
212
4
83
115
32
275
65
16
58
82
71
23
509
41
15
52
26
1
1
41
60
30
42
4
104
57
7
56
42
402
28
40
85
93
28
2
15
43
105
69
96
233
3
87
1
84
38
41
2
262
119
33
17
36
45
231
12
35
44
106
125
46
31
61
21
216
173
567
194
30
19
20
130
11
57
94
4
369
41
115
11
19
53
102
37
59
7
22
34
209
68
82
16
210
67
63
74
78
112
30
84
67
12
11
85
57
103
88
24
82
29
62
52
28
26
41
37
48
1
93
31
31
39
55
216
45
300
272
17
281
35
67
206
119
70
7
2
271
50
38
20
11
35
178
464
180
3
259
70
24
34
54
6
299
31
59
165
7
19
191
26
68
99
36
121
41
69
26
64
219
40
294
213
20
66
91
29
24
7
52
41
40
33
123
5
287
1
28
16
23
105
172
199
101
29
58
130
3
5
365
45
31
88
9
22
107
3
51
30
126
39
31
10
103
15
7
21
63
45
56
48
225
270
71
261
74
194
31
2
81
347
3
239
81
59
51
18
37
297
107
89
25
129
12
21
16
17
175
274
87
14
25
32
273
371
25
78
122
47
79
104
260
45
124
82
58
195
125
2
113
33
32
216
216
108
104
98
166
408
186
39
27
93
27
5
36
16
104
81
127
7
5
24
353
122
97
94
210
121
50
22
48
14
13
66
22
19
75
17
76
19
121
49
18
105
34
24
130
76
76
20
21
8
43
67
84
79
17
71
173
29
1
32
118
37
28
48
122
61
95
3
34
50
32
89
74
82
199
301
52
71
102
61
238
38
25
40
6
55
31
99
15
180
6
106
7
23
166
107
430
6
11
13
115
10
364
49
36
96
226
113
9
54
188
27
28
129
49
459
80
45
246
16
2
22
22
224
52
17
46
13
29
112
65
46
47
120
23
40
247
32
2
56
339
52
21
64
24
70
220
56
11
356
64
280
9
73
72
4
51
103
40
41
55
126
91
107
213
76
118
32
42
51
4
336
12
57
36
101
92
23
78
8
77
28
86
197
22
32
32
61
173
53
215
107
60
32
130
27
10
39
110
10
83
72
77
15
129
10
31
77
21
208
57
22
121
64
22
5
22
4
220
4
361
165
19
32
26
210
122
33
7
18
52
24
44
127
64
74
35
222
293
93
82
21
275
2
18
82
32
5
416
99
73
209
56
340
104
45
200
31
10
86
17
69
45
35
4
45
176
2
34
127
14
12
235
6
91
103
25
35
6
22
89
1
60
109
39
92
103
117
9
56
351
76
227
65
88
121
276
7
35
130
35
95
74
46
70
35
2
31
49
18
102
118
50
109
90
270
120
16
34
55
54
34
29
90
110
41
85
10
53
48
15
62
50
21
9
16
221
116
12
46
5
12
17
166
58
23
58
25
166
35
72
118
22
190
88
39
49
215
95
39
72
548
122
36
78
43
166
115
176
167
37
59
1082
24
38705
17
85
38
234
35
12
27
8
127
97
336
120
11
10
13
13
72
4
118
8
27
63
182
28
31
191
170
2
107
1
10
20
76
10
49
78
80
52
8
43
19
29
12
83
72
190
39
282
166
227
76
257
127
51
36
2
172
48
102
364
11
3
14
110
27
123
171
197
76
3
13
86
225
109
11
231
58
26
55
102
80
217
80
24
28
265
192
169
226
205
4
29
218
31
109
12
26
13
24
37
173
52
81
106
24
85
231
4
4
72
374
52
248
605
3
2
337
77
118
49
18
58
4
250
77
72
10
20
35
29
100
72
33
499
82
63
11
72
93
367
4
194
7
181
102
108
82
28
27
7
59
117
213
85
66
67
47
43
93
8
33
1
19
78
98
13
69
103
174
46
52
62
24
166
98
32
176
45
49
109
3
32
58
106
1
17
55
468
29
205
3
381
88
96
165
32
3
28
82
193
66
3
19
37
79
64
248
49
29
39
20
28
7
81
5
36
59
25
28
114
109
295
101
42
57
82
12
97
264
3
40
2
73
59
65
89
91
15
416
128
52
15
8
12
208
14
123
3
28
31
3
57
239
7
14
112
18
6
6
60
30
178
58
28
54
3
59
92
88
11
122
5
5
103
22
166
4
167
56
279
3
56
72
9
36
50
38
59
117
2
21
19
5
70
1
21
67
25
13
118
104
8
22
26
39
3
78
28
107
33
95
198
43
36
294
35
8
26
18
191
89
27
9
73
8
53
173
337
31
78
28
11
126
573
92
61
368
87
301
57
11
124
38
4
48
114
70
104
35
24
9
201
55
27
13
46
28
31
16
81
86
10
95
57
171
113
99
462
14
62
49
34
16
18
98
33
86
1
434
444
64
80
58
2
52
15
125
38
53
75
5
293
24
4
70
63
89
73
113
35
124
42
5
99
16
8
22
21
32
371
176
6
42
77
88
7
18
41
54
57
32
3
54
2
39
67
20
339
69
69
89
19
98
19
5
78
2
102
23
196
43
182
32
61
25
47
47
62
59
15
62
39
24
99
123
123
63
16
105
115
16
121
343
45
16
35
126
21
88
172
43
35
232
32
15
61
87
63
28
18
16
48
197
80
108
7
122
125
116
130
19
52
582
22
239
74
44
95
22
56
51
110
189
3
123
120
15
22
44
69
222
69
63
59
21
126
4
92
126
430
55
50
62
20
8
89
194
3
2
5
73
32
293
5
27
1
37
19
91
173
85
79
101
51
51
21
35
35
332
44
165
113
79
5
64
237
269
7
1
52
175
18
86
55
72
388
80
399
125
10
45
65
234
30
70
65
72
78
16
72
18
6
247
6
111
6
38
53
38
34
70
98
281
285
36
106
73
5
223
63
78
245
40
204
18
36
14
72
42
53
9
98
2
17
90
39
11
63
176
28
121
45
211
3
12
176
31
51
165
298
1
18
2
15
22
207
18
225
105
1
11
77
192
3
168
22
15
66
83
6
184
99
244
3
170
22
42
84
101
172
269
104
80
44
80
276
2
32
1
44
96
45
85
26
2
32
299
16
56
51
71
85
53
53
9
77
206
54
84
45
97
122
67
8
62
13
252
36
91
23
66
106
21
347
13
15
10
358
85
347
20
4
95
15
33
3
56
62
124
40
254
120
36
293
20
13
59
2
2
236
102
45
47
114
13
7
8
39
8
19
42
7
21
29
21
127
79
10
238
56
54
68
94
2
90
14
246
239
61
35
14
413
16
125
22
199
228
39
66
4
30
166
32
10
64
223
202
215
7
13
2
76
16
38
58
65
20
39
264
559
6
231
44
21
73
7
110
249
37
33
77
76
9
61
9
13
101
49
35
1
22
123
68
115
26
20
16
107
10
124
10
130
102
24
120
39
98
9
20
91
25
59
127
11
11
57
101
13
86
25
29
45
38
119
29
604
240
49
12
35
520
118
23
12
54
64
246
25
22
26
127
19
87
8
6
46
44
17
112
64
110
183
21
195
52
45
264
27
13
38
37
35
26
19
73
27
55
15
58
13
10
73
212
83
58
256
14
13
26
15
199
91
5
91
124
16
8
3
86
17
118
15
94
115
232
61
12
12
126
337
4
130
105
57
51
6
27
202
45
18
62
7
65
52
33
102
26
106
4
29
29
10
78
524
38
29
174
112
113
79
50
92
109
43
83
26
2
115
57
40
17
5
290
122
88
11
97
339
177
12
11
39
77
91
55
24
54
256
72
69
218
57
52
96
77
22
43
342
27
1
30
38
350
197
14
197
245
9
18
2
46
11
252
86
233
28
36
58
452
169
11
14
21
121
85
37
15
11
513
379
5
383
19
3
344
38
60
16
70
224
108
91
42
170
47
31
92
7
29
239
41
193
57
130
222
38
45
44
55
122
360
33
43
55
1
23
8
16
115
44
87
175
35
7
76
43
53
251
50
121
26
67
469
93
201
101
52
52
171
121
29
6
30
18
79
4
62
23
59
122
55
30
36
342
32
9
93
253
41
100
27
202
183
23
21
117
49
44
86
80
1
16
15
21
174
37
173
70
7
3
100
33
101
213
41
1
6
18
43
65
62
26
238
83
8
53
168
71
64
96
9
99
70
168
53
1
27
29
19
94
31
38
80
6
118
36
253
14
18
35
22
11
122
58
351
84
6
191
32
1
105
31
12
24
35
74
62
187
178
75
195
125
18
243
42
28
36
16
270
45
60
53
7
15
32
70
52
260
56
25
74
401
19
26
15
48
110
13
98
60
4
69
988
59
21
130
65
230
21
5
109
22
122
22
40
15
100
62
88
2
111
341
11
40
78
79
72
2
44
106
82
7
62
14
16
7
11
183
62
81
33
46
51
204
213
54
74
46
10
122
1
34
86
16
93
231
130
215
86
100
40
90
14
26
4
448
12
24
165
53
8
45
224
66
216
84
11
48
10
35
68
33
67
60
67
35
29
22
86
128
31
36
93
235
74
39
108
91
294
63
23
5
167
74
50
76
4
9
262
114
28
7
85
213
44
21
35
73
66
3
54
128
36
11
10
254
79
358
5
237
56
56
1
24
64
1
103
34
6
30
68
23
45
63
30
2
6
50
114
221
64
120
231
84
99
33
30
126
5
76
5
339
17
39
102
100
6
15
39
64
198
217
33
119
70
396
31
44
165
96
25
63
49
21
23
29
128
97
53
16
63
56
165
13
32
75
30
223
9
50
53
196
4
40
6
24
25
22
3
230
77
62
52
62
209
75
29
25
83
224
84
38
99
27
103
5
29
253
30
87
106
16
6
27
56
7
22
5
3
53
2
90
98
183
45
10
84
19
56
83
1
214
95
29
55
40
31
236
7
118
18
55
16
19
68
29
113
67
29
227
28
14
46
275
129
187
89
12
17
234
50
12
82
16
17
196
207
176
14
5
4
20
30
123
84
19
219
25
11
56
56
20
81
33
25
83
43
260
96
119
14
61
39
68
185
52
4
56
24
116
38
8
2
2
10
23
6
119
124
13
50
28
5
119
42
8
3
251
355
34
112
207
42
8
4
105
93
174
52
34
94
21
23
64
4
15
78
4
63
97
1
103
10
49
25
21
46
71
117
48
74
109
113
229
81
4
193
18
7
109
57
14
49
51
100
18
172
69
55
226
129
7
19
55
88
121
18
168
19
67
21158
232
92
48
1
26
78
19
198
73
51
268
52
41
62
258
78
273
10
104
26
59
32
41
4
33
70
243
37
68
84
13
68
54
88
9
229
111
30
13
44
20
105
13
349
9
89
54
77
73
15
35
5
267
3
5
128
64
35
9
98
77
26
178
32
34
471
4
170
70
11
24
42
97
88
36
207
43
296
44
16
16
180
4
8
331
58
12
207
294
47
15
105
542
79
75
16
28
107
62
58
24
127
35
24
4
21
63
61
103
102
8
112
6
95
23
4
70
11
35
78
289
212
85
6
2
3
13
24
290
216
52
63
36
46
49
113
130
98
168
37
81
116
61
17
89
1
129
23
97
2
6
72
38
38
173
521
351
71
29
16
183
113
31
63
168
13
2
70
87
72
117
12
97
56
71
68
11
29
23
10
77
168
189
39
167
5
2
14
226
66
105
456
18
40
171
8
26
212
205
278
52
78
6
25
253
19
406
44
110
48
17
241
116
173
1
38
36
12
89
233
212
21
42
101
202
199
11
19
49
48
123
54
91
45
35
50
71
33
24
69
24
11
87
3
99
78
25
79
57
167
38
57
43
83
49
25
51
89
83
458
373
31
9
7
39
5
70
80
25
54
106
16
127
59
7
41
62
3
25
1
63
11
176
114
34
20
422
119
38
2
46
71
46
88
13
239
31
20
11
67
64
10
297
119
19
85
269
243
98
46
105
29
40
59
24
14
243
24
92
282
27
41
15
68
38
72
5
266
104
27
193
41
10
206
7
21
16
229
31
29
45
277
46
20
27
17
32
128
210
80
247
168
172
187
225
37
