1383
2915
241
724
1312
1544
394
144
1635
4559
2821
1693
525
5195
967
1461
406
652
2513
3792
73
3086
1648
376
2230
4381
7598
649
6833
1381
15
389
1070
64
1691
1765
4253
965
5146
5807
8304
6
839
1768
2
1152
446
199
3668
3427
10773
1110
1450
37
1238
2050
2347
4214
502
2161
1654
424
482
2285
2474
603
277
2355
5588
4770
2567
2237
326
977
530
1429
4683
916
4435
6061
176
31
199
4534
2904
2372
1153
234
3181
1589
954
1428
702
1727
722
318
1799
2245
948
41
5527
38
1451
1003
36
132
271
4920
854
2419
4359
1631
542
3602
2499
3025
2233
899
2507
1542
5018
4022
499
2763
1289
8
2847
6564
211
421
143
5281
470
1650
4255
2344
3630
987
3888
7206
292
2117
1972
2481
2277
1023
2223
740
936
379
1381
1184
4394
2045
6255
2932
3432
2454
1504
1441
309
1437
1954
1109
1255
707
930
1588
576
2392
1852
1558
402
2393
2484
849
2145
39
10283
5064
3153
2150
288
13
1593
2466
1548
3179
784
711
2103
1841
920
4636
1243
382
2613
2812
326
2285
1174
434
2525
1303
916
808
195
2355
1818
1566
2577
2090
730
6256
79
336
101
3587
3047
1799
75
81
75
4922
2444
1273
2316
1170
8252
6583
1118
600
1576
3196
3992
1311
1438
12876
3243
869
708
1371
446
3745
1089
1889
1127
1203
2609
1113
948
3835
313
1301
149
1048
194
1398
330
3254
2539
577
1522
5730
196
157
1035
150
5893
12718
971
6382
2546
3407
921
2112
218
3770
3056
87
88
3509
1685
4950
3478
1995
1092
948
800
4596
1489
2817
2956
608
8728
194
2700
4050
1132
5099
2357
2041
1446
1785
1088
29
384
615
2176
1920
764
7249
712
374
5755
823
367
823
620
1493
1572
6658
757
257
3566
1949
221
299
5352
2252
192
277
4226
1283
2502
3412
547
9162
1567
2142
5193
5055
789
1116
161
1896
629
3402
2612
1463
299
1416
2375
5591
2957
1304
1362
1274
3504
1294
1767
998
1210
8677
541
905
899
8841
3169
93
992
137
1373
2403
1590
2976
1047
3313
3968
8
3439
3563
6968
977
637
3484
536
1918
1782
1359
2001
1453
1195
1224
1355
310
2196
2531
3304
2529
2279
2075
1343
269
60
8246
1720
347
296
1910
203
72
8501
4179
1079
2103
2171
5595
1147
2680
3804
516
4419
1460
438
3814
3369
788
3328
2259
149
6001
1826
1540
2095
3783
1055
1475
329
809
2328
2206
2850
3117
1609
1050
4306
3100
646
400
1523
1506
786
3636
6679
2630
6398
52
3070
149
1057
318
5973
317
921
5367
470
1502
8579
102
3600
310
520
100
1692
1724
2150
196
2709
1799
220
204
1152
1123
2966
14
1756
1165
2543
9292
519
2116
371
10222
440
339
3296
1148
3936
194
685
1378
278
1257
129
125
126
2137
1369
2614
2474
1778
61
900
1375
235
760
249
1979
378
2686
1162
4390
4040
599
533
6852
221
581
3456
921
5229
1218
152
1050
5786
2544
3435
3286
2667
5228
1296
951
494
436
3344
2315
2713
1879
8
1919
2613
502
1223
2042
1092
1336
2897
783
406
1466
175
6171
2081
2253
3542
366
1688
3469
187
862
754
3368
9623
2633
1229
2483
3532
1778
4908
2141
723
583
1087
8001
1446
3950
993
3423
264
6002
1214
154
7885
242
1220
781
3741
458
2001
971
1852
4177
2173
3144
98
630
22
179
244
1116
916
2316
2007
3225
1413
163
4612
3716
496
4162
10493
684
355
1028
1018
364
730
6148
621
2295
6149
3336
4695
215
4352
546
2487
1574
7051
948
2293
1834
2212
5285
1265
40
5483
1112
176
92
1783
80
2399
4464
4762
9928
1798
415
223
4168
674
181
3681
602
1426
2145
16
449
2010
1478
337
1683
26
2683
602
8898
1401
576
2375
1331
299
765
4586
2622
903
450
1806
7004
5144
1578
5669
151
385
927
24
1391
1781
1152
1248
721
2416
4693
3491
3281
3247
946
1171
281
1567
177
1486
443
340
1415
2674
1129
1570
1809
44
2982
420
574
301
41
183
956
1110
3095
236
1618
818
5616
368
1110
1837
33
1339
121
3139
523
499
211
772
1076
989
3441
298
2832
90
6414
495
60
2221
1230
267
1561
526
2834
463
631
3394
872
1805
579
2064
3690
916
984
1688
4910
698
2490
3013
86
64
5924
1414
84
534
122
7678
2754
2840
570
1312
1192
1601
553
896
529
1844
1735
2798
2654
810
286
476
1632
11
296
20005
2981
901
486
1415
6171
187
2549
1325
1133
3022
1906
1516
2536
1862
3091
1010
5813
304
2086
408
1396
850
3725
1405
6451
864
3293
8000
379
607
623
662
2211
425
2027
901
1465
3521
224
690
1760
5548
687
541
450
998
298
3116
1051
1166
5527
2631
706
363
521
1492
3569
3231
578
2433
1956
1700
1888
5291
125
1901
309
105
490
98
713
3856
991
1232
614
402
315
1639
406
1730
683
2458
686
3580
415
923
112
6465
668
1035
219
134
1249
6164
804
116
1076
846
147
440
31
1527
3030
279
543
17456
969
5091
5145
4524
2471
1642
3367
8087
108
4124
210
4132
1700
3459
808
352
260
3161
872
90
1412
4936
6424
1305
626
5655
2300
4712
753
3810
296
4300
211
2117
534
2730
6133
57707
539
2427
2096
517
4242
780
796
2285
2824
1699
605
531
1288
888
57
427
2561
842
1259
452
183
3005
1865
422
899
2827
646
806
1870
947
501
139
129
14
436
361
2234
3021
201
3922
460
782
896
707
1177
1414
232
1592
2666
779
6008
1597
907
64
451
3441
1451
1186
75
1595
502
2048
3707
2184
394
105
7427
105
3836
2519
2870
1731
819
581
1618
923
149
473
1335
36
685
914
174
6473
1307
814
2472
5708
6486
461
409
584
1907
2303
1527
2025
904
3890
776
177
1254
87
2210
175
67
6269
41
129
5996
816
6221
2606
4610
789
378
312
5750
8656
316
173
5399
698
5771
398
173
427
286
459
1889
591
12984
49
1722
1118
1529
2323
251
1169
1454
1721
866
216
375
3862
47
728
648
2269
2152
1022
1635
405
600
1562
3275
1665
7512
423
4144
5801
6664
2290
264
2356
2329
193
896
565
2461
1925
2186
1239
7172
2
801
1997
1262
109
1232
6473
1111
350
622
841
5246
1406
2090
2240
689
1752
4198
96
69
2084
7635
4238
1048
299
2087
2025
4416
1551
2156
48
1043
122
808
420
2973
1730
1527
94
1521
2303
3700
1022
8155
716
1371
397
5126
3140
4467
710
708
1338
565
48
1441
4226
3575
10
2205
1167
1020
6101
6117
3681
725
1872
6041
104
563
682
2126
30
726
1475
677
2458
2825
436
2927
1859
806
2699
3174
2180
1620
3101
1018
159
1491
1276
460
3347
446
3865
1306
649
1050
918
450
1381
182
1676
883
2395
173
290
7365
2423
493
8708
674
985
4548
2836
1460
306
124
3127
4775
1127
4567
1614
2695
707
1651
477
402
3737
1413
2596
1112
3078
3288
3811
5942
113
822
79
1161
2222
88
3032
1816
4981
8228
9361
2541
1061
1207
2225
304
1269
4359
1830
1172
771
984
232
9997
1028
1102
634
922
312
3925
615
275
350
1718
2062
21
3749
226
505
1892
1432
2391
4102
982
1258
782
1690
2943
544
2725
92
3929
341
4
1397
6816
4792
4978
1195
233
11615
2886
919
316
1121
720
1624
207
341
3420
3091
626
75
1019
1955
6410
4050
671
2407
1038
496
2186
5728
315
467
861
3007
4377
374
4350
72
143
869
1450
128
3666
3727
1283
105
844
589
6216
814
804
107
627
1131
2461
72
201
2269
2201
1958
13
716
1315
1705
1483
4295
934
1665
1240
2331
2760
394
491
1969
5285
333
1550
2906
5667
288
4509
4610
2997
521
178
405
680
1240
466
1527
1015
7193
1340
1481
897
2408
181
28
74
835
4259
2939
1423
1145
1214
1712
6473
396
2355
1208
188
937
1324
1312
3730
1042
1836
2262
897
103
287
387
173
2145
25
218
1473
1516
123
273
119
410
6998
2170
367
1027
1062
23
4354
6631
1560
2026
690
4507
952
3876
322
3815
650
1550
3268
711
579
805
809
107
5660
7215
391
728
516
35
2127
484
1309
2017
5077
1044
4379
1924
325
268
2523
1189
759
1312
1731
861
3549
1257
663
1408
6878
98
672
5358
1461
213
3217
362
3104
564
1330
813
621
3794
2184
842
454
937
1052
1249
175
631
670
906
2412
4812
1491
265
1916
1316
1325
2637
6187
2433
1144
965
1464
5009
1570
1301
319
174
1241
1324
303
4810
4001
1018
1958
618
971
3226
682
2832
607
1298
3941
584
227
1557
5432
1718
267
3027
3958
3155
150
3249
221
2943
1151
1077
1389
6105
4726
726
384
350
1450
1821
1911
32
1003
944
1119
525
6377
1214
268
2281
1230
2666
1450
675
1327
9429
1916
3037
4018
16
805
1164
1444
363
2633
100
2710
173
896
941
3208
297
296
694
1274
1979
634
7268
5841
193
1426
355
667
821
618
448
430
533
220
202
885
3173
1257
1804
244
2186
537
447
754
3410
2399
604
3708
560
4436
2359
1060
394
1761
757
2455
5471
5582
403
251
706
971
615
234
756
917
348
137
4
4659
68
1487
1014
310
183
6423
1147
1770
3978
1093
6527
1555
2251
933
3763
5109
48
789
3434
4037
2750
1709
782
2476
377
64
4373
4639
2
2165
2749
801
752
2955
6302
1342
1405
473
2900
708
473
912
399
2441
1222
2342
6208
4414
1557
977
365
887
3059
661
16
1952
1635
659
344
448
2042
250
119
1724
1090
334
1539
1079
2807
2008
4991
422
2800
4403
146
3410
629
754
1839
1247
1435
4605
547
368
2285
1087
2415
2662
653
6508
1718
2503
4805
2054
407
2537
3808
1889
4031
325
668
463
42
1399
1464
67
829
66
3091
2395
1544
1068
2369
3049
545
1446
623
550
5425
4214
3302
3080
962
770
1266
1655
859
2155
623
1705
994
1775
1555
2843
359
7370
2859
2842
253
752
2778
208
2815
7529
173
3246
56
2445
3788
13
927
3081
129
1837
1728
1852
1052
1957
1543
682
186
2283
205
2145
2253
3532
222
609
3717
2609
2255
47
442
26
3538
1997
29449
34
1129
3979
945
329
2511
4374
1527
1502
2699
82
685
3041
715
699
336
437
567
3459
494
3908
315
567
1263
1511
3785
187
3841
898
175
721
2127
2116
729
2615
5108
2062
2458
3633
749
983
1212
510
125
1025
3119
1694
1423
190
835
2726
1260
1602
1915
698
2052
314
15
191
1678
1898
8672
670
6359
4463
657
6462
659
1143
8160
4734
525
247
1623
1257
11658
6305
264
1944
1735
408
833
2274
2605
1683
2815
911
504
2263
5823
1991
1473
1355
982
683
1220
1183
798
1346
4503
1675
5709
657
1108
733
2401
1491
772
6290
4760
1968
4554
46
5711
1382
2164
1135
1114
1126
1700
1358
380
10
2362
585
2809
1077
1492
236
1514
4806
8172
2241
2284
511
2939
215
758
91
5301
1047
982
2719
1607
396
549
2278
7642
90
1482
13902
1990
4593
4045
72
1491
189
1051
3543
270
6911
4892
2295
2032
638
522
1272
1411
3004
3984
2452
2998
587
1141
2468
1976
1904
292
2444
207
1708
1498
767
3268
689
978
1856
1073
2576
342
3069
247
46
500
48
3604
3352
792
562
268
1422
2684
3106
1907
1127
359
1314
1573
87
2798
2791
10
1314
619
1705
1170
1064
3161
1463
7432
1711
432
362
2532
939
912
2530
2950
4132
2884
3623
1876
311
238
1874
45
509
626
3068
896
452
1607
1085
4223
1106
6607
1432
2929
4422
922
1588
1177
32
1304
749
1481
947
448
2388
8472
1352
150
3790
2042
466
3073
1683
3036
956
1035
3529
76
153
2262
642
43
1186
5608
1503
332
4203
3016
2684
75
3449
2245
1396
2109
7820
749
1834
1860
2076
847
2537
1093
3831
3789
1378
685
5842
884
3515
4222
1288
2787
1145
736
782
2390
229
1739
4208
1429
1058
2667
131
53
386
3014
648
2633
2218
6118
1684
2120
1489
856
149
934
201
2607
2497
2999
1253
6648
2448
995
159
8436
8192
3287
169
1914
2652
698
1486
2606
1279
93
1081
1076
577
2967
1551
1355
87
7406
2934
1942
2066
484
1013
1453
7848
36
1953
142
2695
1218
646
2696
837
199
8302
3777
1570
3925
1393
515
3093
1207
561
2343
476
4236
2666
652
7078
621
2854
5257
1715
1924
3346
70
1317
2041
5618
6110
1804
3253
2547
2781
158
1748
4205
583
77
878
682
677
3411
747
334
1510
5998
3787
5960
930
2299
1333
2034
134
925
6598
1934
85
4949
881
327
762
832
1707
4948
1859
2288
1064
3596
51
743
523
7529
592
410
121
6007
54
125
983
1728
867
2294
1952
5320
2482
2254
189
441
381
330
330
4717
60
376
5856
506
3279
7221
1016
708
395
1007
3259
861
2781
1631
3114
6409
658
2664
187
44
1519
835
1480
793
4129
2645
8777
2817
1591
1505
1722
4136
927
1046
11
1525
9293
66
911
4055
5175
3009
2844
1806
1071
723
4187
1257
1484
524
101
699
1714
1084
525
1900
2333
4642
107
3102
2475
1401
172
1409
2083
52
340
1796
585
987
2084
549
767
2116
3371
4389
253
60
638
1970
608
1041
1986
6819
5987
1541
2661
2453
1828
4318
156
316
4848
4416
1775
2044
191
1460
1802
1497
913
851
1392
961
507
865
828
1976
3038
888
2653
437
1238
4
2807
5664
1328
514
2701
7134
90
2416
135
166
3138
2537
993
1263
547
3699
5593
862
238
814
3513
2184
31
242
1942
982
1168
532
2880
1032
123
5979
1661
415
846
4060
2082
582
7646
1442
526
1534
220
473
1824
329
1424
4196
3507
1374
2260
1964
31
2567
5201
503
1573
4432
2772
600
20
5056
1206
964
3405
3826
482
342
198
1339
308
1668
1145
22
839
1072
793
1063
4636
156
3440
2505
289
823
1749
2327
394
1310
678
1520
4790
1192
1069
582
8448
771
645
868
417
1595
11559
88
3002
1236
1723
6836
3265
1051
6625
1476
411
930
20
95354
382
1697
329
74
3332
134
1214
2921
29
1967
1635
2625
562
776
1153
44
85
2842
574
2727
4009
1048
985
1574
2492
116
506
4303
2611
6275
448
807
5251
1110
5405
1821
299
2237
2312
5128
667
3844
2417
1225
107
735
2628
2516
1708
1407
64
505
803
2235
244
3422
559
2965
407
294
246
2203
3780
1427
252
6434
1738
2274
4421
3133
2872
1984
548
4223
3787
2129
7567
2332
4530
97
118
1903
118
3541
2322
2213
946
1463
6517
3861
187
1736
4328
2176
85
3529
1060
3187
1978
2876
2714
184
1800
2448
771
2000
1504
7557
1386
1430
194
542
409
6719
570
1942
116
906
1193
1038
204
6378
1127
3696
1876
2257
511
2662
1440
2955
1138
4752
2751
864
1307
456
3994
177
856
310
1525
501
2031
2441
505
3135
2960
628
239
4160
4204
125
3438
3930
190
1917
344
1140
228
1269
935
153
3158
462
1348
2910
1200
569
5720
718
727
3423
642
463
2736
272
902
4522
273
2253
7
2924
3445
306
828
3346
523
4358
2604
2899
1759
503
36
192
617
2237
435
5647
3981
1196
2615
4604
259
2540
3751
445
957
3169
611
2838
1435
224
834
603
3910
790
267
137
2143
424
3147
723
3588
170
4216
2736
3529
7707
729
923
1605
1272
2497
226
1128
464
2345
630
277
1462
3214
1497
3986
2281
1214
354
646
3103
1348
3165
1666
82
88
3345
442
852
4559
20
3275
2211
684
5076
1209
179
461
3570
5674
462
489
748
6086
374
5269
1236
239
234
190
207
1355
823
1410
143
1738
446
963
846
5878
19
4744
65
4096
737
1049
346
94
2245
7029
1990
966
2542
2320
804
2349
717
5162
826
733
4074
490
1878
1514
318
341
636
2694
4276
6749
497
1703
3418
864
2506
1524
76
46725
2961
558
2188
1493
689
1407
4066
1336
2547
710
2094
2676
558
2893
1574
3127
2289
9639
289
192
2982
1713
3407
1452
2458
941
78
1491
1709
365
1130
824
1525
5389
588
236
1861
305
1581
2535
2672
1977
1098
6
3497
737
1206
5236
3303
807
436
5171
267
3103
2315
4480
1989
601
7390
1773
1826
276
2063
3387
2523
2834
4165
854
5032
2277
2872
3968
1406
1003
1971
1952
1504
1454
640
5691
3382
525
3079
3184
1121
1013
740
2425
555
250
1052
4546
893
207
3169
531
1151
2894
1486
1678
1255
7864
3058
2936
3005
3585
604
871
668
2528
6379
1875
5926
3609
599
814
1676
181
3078
97
17
1808
3246
395
953
4448
792
4152
2118
1781
149
6420
124
34
4973
424
1739
1017
15
5402
703
1955
2874
800
1193
6109
1062
592
840
1132
2666
1340
3822
4939
7
602
2589
1352
5488
265
5651
499
276
1376
1506
1809
7903
3809
817
310
372
5020
4292
6258
823
63
5313
467
4390
238
759
1006
1059
3596
315
1634
197
1307
1665
582
1637
1263
8839
4666
420
1309
5566
2365
907
1844
6602
1833
4107
304
1992
1453
2288
1294
539
51
2775
601
542
2964
480
2017
823
396
460
164
253
3996
1098
1061
445
2605
7506
1632
1813
1911
804
5772
3457
6445
2831
4367
1899
2180
2715
185
2988
1042
986
479
57
1058
1315
592
2898
2853
2709
194
3124
501
2194
451
1213
6972
2568
1903
2497
2102
927
4062
804
10042
236
2647
87
568
69
62
54
188
1193
1743
889
2756
1115
7379
1637
2357
1083
4382
5003
5092
128
798
518
115
1076
5197
516
1363
2492
4268
881
3500
1120
6258
107
2885
1123
1186
1952
4074
842
608
2954
815
3110
510
871
538
4537
840
2844
156
143
2697
3578
1312
3308
3100
860
896
3825
3017
2494
3155
1038
1869
183
9552
3662
734
825
3265
2728
273
911
7
4612
720
792
5782
10
39
2477
2584
2397
274
2424
4158
1076
871
1414
2401
1320
2397
4464
182
175
1965
135
443
1326
4247
4384
1727
455
782
3656
397
3388
1788
1532
1385
1148
3962
528
922
367
2960
3385
2728
3749
757
2250
379
77
360
432
73
531
1684
1324
518
7465
4182
422
45
2070
2413
1363
1159
4909
1652
1043
3777
1601
671
3526
884
3629
630
4783
914
939
536
627
914
226
310
934
410
2985
3623
183
119
15560
725
1858
3079
5915
568
12094
1977
2231
1248
1602
471
278
920
2373
4175
5946
1760
384
1443
4732
1269
994
1351
234
1723
371
46
1628
902
546
3387
723
647
6952
258
6361
10612
3851
5204
1468
237
1314
5776
4368
143
8980
2310
697
6348
58
812
92
1419
1940
853
1024
2448
6413
7717
1177
3944
4244
5220
189
1019
3666
1546
622
1506
126
176
1627
3772
1319
2509
2736
2211
5283
208
1699
844
3780
8239
730
4474
3581
361
4313
31
4305
1482
1533
1457
590
2358
233
2152
3319
2481
921
2154
4627
1020
2191
2037
377
1401
10110
1118
747
1297
13578
2508
2332
4259
234
233
2364
1369
407
1162
1310
7813
5113
581
1388
1553
5461
4959
1623
2741
1347
1329
366
479
140
1344
173
3999
105
294
1423
3593
1764
439
8524
710
1930
116
387
2023
126
2012
758
680
1442
828
576
1515
2445
431
2495
699
770
1486
60
455
110
1709
3931
1045
275
207
2896
1246
2087
2899
2263
1849
3765
1480
1728
1823
3408
700
47
2969
4627
5795
453
951
1761
3028
952
312
1894
1108
1991
857
846
1879
518
14991
5525
327
1146
812
1976
2643
12288
178
10
646
1540
240
147
787
566
3189
387
6683
481
80
2005
2563
76
2644
673
11
2193
2399
5298
2487
8
2145
1925
2362
3343
1370
568
3322
7535
131
2444
598
1235
394
52
1648
1116
1037
2511
401
442
393
684
2455
9195
2549
5234
642
143
2269
1573
103
32
2151
1548
2621
660
1779
3337
42
376
450
3740
1475
964
333
603
380
513
2052
687
2624
6236
1068
1259
1782
4061
17
41
2358
7617
1319
1696
1446
4426
3646
5365
769
1407
1073
3348
471
786
2856
2092
1864
609
4407
294
2603
439
2193
1169
1227
1824
22
2401
1765
7660
4962
3882
1210
2121
59
70
811
152
2092
598
2893
697
1587
1731
1277
333
577
4674
862
612
4602
3327
2792
3091
4712
904
3840
414
114
360
2574
508
215
2957
513
279
6777
1820
3406
81
2210
392
111
2774
1178
535
488
252
1529
1511
184
852
957
88
3322
431
3231
4665
2343
43
392
3087
561
492
936
146
1911
396
726
1899
518
5537
2448
656
209
3802
1170
2887
3069
1921
1246
1732
233
256
412
289
2624
179
1921
782
6166
957
119
641
2102
854
3893
3576
2308
2092
596
1749
2505
1336
4539
4136
2036
3496
5334
743
1166
540
586
2140
2107
2766
2581
380
87
428
449
356
557
432
1096
2040
4259
1008
2784
356
587
989
1706
1073
1504
808
2286
3341
2532
466
1808
930
525
7
1828
3432
3759
1038
450
2934
7485
1916
143
2066
1096
2828
1499
3560
1343
4538
186
4193
1392
114
1210
5525
786
1806
2852
4439
4281
2573
13
233
847
1043
805
457
2007
261
117
1687
417
189
5
633
416
523
69
509
8459
1563
4082
91
438
44
351
335
1421
2975
460
923
1770
1257
288
150
1699
85
2127
78
6561
1860
695
470
52
526
97
125
952
2783
2085
2285
1051
5993
350
1145
1342
302
2502
599
531
776
1843
670
2986
4114
3345
2337
1137
938
4348
5108
901
58
2032
917
58
3235
1860
206
731
716
111
3566
1178
213
1533
575
1672
524
5099
802
4341
1867
779
2961
1143
318
95
197
5269
1226
429
2707
234
1165
3340
660
2718
765
4985
508
66
6
541
575
206
129
738
4624
337
841
3371
627
5136
1776
249
722
1815
6354
585
961
1976
857
1341
1096
260
1884
860
1012
365
408
4230
3078
1425
646
2176
2419
646
1067
3855
148
991
3019
4737
786
2367
2223
632
56
861
829
4000
1570
1007
405
88
911
336
2868
10404
313
2602
663
673
733
5417
964
243
2434
2171
14040
240
6994
5173
659
4543
828
5472
1728
2833
2574
1252
165
775
2965
38
3021
612
916
3814
4492
896
1449
1621
2662
5098
910
2389
10457
651
717
2014
140
2352
4381
2429
2223
3814
754
2892
165
1291
983
15
847
3013
2520
1993
201
4258
526
438
1070
3426
205
5534
1272
2551
1542
178
205
679
1125
582
1903
369
1574
5388
322
5353
830
54
289
4771
450
1435
8258
1504
8518
208
3033
1099
1927
1188
2155
3030
3203
2175
2033
1646
5212
243
8656
218
1387
2755
7
917
20
240
1689
64
3062
322
4486
12918
486
7395
2282
1502
335
914
765
1027
1327
1637
311
6428
1484
318
722
14
170
6154
3889
1714
842
637
335
1342
160
3015
429
698
1192
2693
195
2492
3561
1374
665
15
170
4746
2685
4080
1198
1678
2134
410
725
1878
1408
5782
1970
474
2475
142
538
505
322
2438
3763
3167
860
1047
2362
426
1952
157
282
580
2586
1961
87
5739
218
4433
300
587
612
4200
1776
2661
1419
1698
2871
545
3229
311
1439
597
2029
2036
2016
4345
358
3960
411
821
1705
461
1011
4215
1151
2156
1742
2563
190
2743
4371
295
3694
922
899
2276
170
571
50
6823
782
3566
1058
720
2569
3221
33
4304
1104
626
957
1136
6824
455
1637
1213
1140
1436
4940
828
4734
850
2816
1111
232
569
1694
250
2947
323
1979
1477
806
1608
69
156
7467
140
306
1810
1913
733
1252
174
5288
4476
486
350
909
2350
3867
9
3352
221
755
315
1247
3826
259
5266
823
1414
4906
4915
2756
655
178
4215
961
129
761
1308
1961
2751
139
1642
3471
470
66
3499
1910
417
3516
1422
1255
842
468
1629
272
169
2582
870
406
1099
3240
243
3148
3065
1100
2390
6710
2460
67
1577
747
3062
112
1368
305
2145
1412
8
1156
1322
1937
1469
2439
5273
1470
2433
8156
3688
3049
5193
155
222
1198
615
115
194
2420
3414
10
1298
114
2319
555
4916
829
6777
646
1383
1427
12558
405
33
441
1643
3355
1282
193
3930
36
314
320
1078
7389
2519
3501
901
2303
149
5100
562
694
1281
597
1952
2793
776
272
169
2919
937
1498
4315
6621
4214
253
416
2290
3527
2142
4475
4126
101
4631
2384
3076
962
619
1733
2438
348
3061
741
1279
4373
2296
2656
160
850
1444
1982
1275
2137
2606
3084
1167
219
167
50
1850
1811
1579
4472
3097
1138
3722
5002
3380
2302
2940
1035
316
93
1814
972
941
3457
1780
6875
71
3336
1210
118
1964
1455
1860
4367
1641
1599
4106
2140
4145
237
1086
4697
188
71
408
290
2241
1391
1736
1642
1954
2032
9071
2351
2355
1431
2143
1847
5197
1950
4091
1902
1954
476
3075
768
912
1782
756
4212
1066
1442
315
1722
3647
777
35
2848
1913
2046
229
434
361
102
2175
711
97
4120
1647
373
1020
450
275
3106
2739
339
6057
163
3437
634
499
7228
947
3824
785
645
68
351
126
1447
177
68
1618
469
3275
606
4023
1994
2366
494
369
419
550
318
3584
547
414
1853
6285
3112
1482
2140
2548
1054
3713
6447
4055
1437
1002
1479
2417
2936
1356
2303
645
1718
2137
5826
714
236
1242
566
2772
3179
2570
2066
1217
692
3178
931
331
911
240
1044
739
191
718
367
472
2751
1364
1800
2920
2
5625
3970
2397
5362
649
879
6608
1630
1082
1754
433
2763
1449
1270
1544
7143
149
383
946
2106
1436
884
1591
47
3498
112
44
192
568
4646
917
1177
755
1956
812
2817
1367
2630
2161
54
12837
1361
27
2981
324
2284
279
1793
5009
654
3959
3507
3386
1717
802
735
1410
778
1259
464
972
1970
2132
1000
210
1911
1450
1965
85
270
1880
5019
30
704
5546
241
10
163
2831
31
4653
2258
1906
405
184
1410
3042
4713
4330
9709
1021
1137
4321
730
793
54380
240
2593
1548
3873
298
444
154
3579
3128
2937
4348
1002
2903
1807
4213
1043
3984
2968
46
908
1190
5743
1717
1264
391
9404
316
1674
1600
1389
724
710
2101
8615
1453
732
1515
3778
845
1608
1911
1215
460
37
2990
1234
645
171
7500
895
12387
2578
745
1783
1294
1003
1041
1523
2378
20
1531
3669
3081
9
402
1986
38
1287
6023
3071
836
744
705
430
18
109
1407
6043
451
262
129
760
2243
172
1411
2646
7704
7231
4940
1147
2571
2703
411
881
2413
1244
246
3997
2259
5217
2580
104
3245
397
650
3257
3937
2968
3634
11837
5289
421
735
1372
1397
4851
694
357
980
241
3996
159
1039
2302
2969
3802
1991
70
802
2280
5463
3809
5928
1631
4385
790
2493
2286
7506
873
614
4358
1711
216
3041
2535
1483
1003
464
418
5173
1759
2476
3443
1438
1460
28
216
968
520
3272
1088
129
4059
570
7761
258
666
1556
710
1856
2037
1665
826
1643
555
49
4727
2566
1448
209
364
1783
3259
2322
4199
226
1261
7044
415
4299
2938
563
1345
316
180
206
1287
2098
129
2068
1344
717
279
712
1414
538
599
3227
2246
531
290
20
387
462
524
3677
1877
1298
490
3631
1079
1630
322
1587
1399
1559
78
396
6499
1572
2209
746
164
210
1086
1821
26
1093
2241
1018
1444
2070
2383
3355
1952
3905
3372
301
2419
167
255
822
2299
8099
951
1554
1306
1087
3956
640
1117
8627
143
2076
1272
779
2681
1927
875
7867
1479
1498
609
442
3150
246
1762
663
2460
5593
367
3078
3486
570
962
46
261
1911
2732
2000
816
1293
2276
4322
1698
1806
3121
4876
2862
25
1350
6156
1784
3101
1578
1453
1811
3841
2260
427
1789
2641
2229
5936
943
6
1161
3338
3069
4038
338
1356
360
1479
1918
567
47
5212
264
505
1901
1737
1933
45
5954
978
2336
69
8388
31
1724
527
54
3106
1340
5001
1082
1267
1067
1483
1026
915
564
6488
997
558
1178
1988
789
2643
588
2983
456
1370
1066
1750
1402
1978
2930
1053
5386
5227
2093
48
860
3106
332
822
1847
3299
7195
347
1584
437
1064
1260
117
1449
2311
5584
589
777
351
773
87
1740
159
17
4113
552
575
1829
6293
3691
4499
475
146
452
890
4914
1700
749
1201
3390
332
3739
165
5808
1155
100
2802
751
2674
2441
37
258
676
1604
961
900
481
2119
4647
393
1648
211
2571
568
5210
1420
13
1491
1563
397
3488
830
2448
2719
2172
2240
2898
251
558
2651
2666
2311
1710
4637
232
3780
4978
417
1955
2895
104
3214
1880
195
563
2208
1424
1445
714
3596
116
2172
682
1004
601
2417
3961
4370
918
1906
1363
3625
473
1581
175
891
6986
1030
1424
1759
3644
3605
5414
3486
2553
1402
244
679
10524
74
2435
7760
2746
659
780
299
4518
2702
2847
452
1145
7180
334
749
3535
640
6294
3354
4984
3706
944
911
684
21
1572
2008
245
268
3612
3766
554
417
1788
1314
2899
2096
1394
125
1436
2796
777
3415
3016
1217
732
69
2396
2691
8516
3259
2427
1483
3998
3692
111
691
137
143
4765
327
2576
203
851
1372
78
701
1203
2979
4117
1861
1595
1838
4279
772
6744
1776
3654
2222
5205
4474
1341
2318
130
748
4669
2087
3274
4616
5184
12
5993
87
1260
3326
4083
595
620
1110
2757
1041
2148
63
111
582
2182
859
3195
4796
413
130
597
295
2950
1006
3320
1264
1012
522
372
2624
998
1675
1847
658
667
2511
3124
1945
1921
463
6
1838
4229
112
3715
1099
1232
2383
1392
96
3125
2360
740
1111
843
962
2023
8325
1521
919
1492
124
485
4030
717
846
1897
1716
4746
685
452
339
2089
1850
2833
3550
584
608
1700
1274
3093
931
2240
5738
168
9231
2370
263
905
6028
2064
987
515
1513
427
828
4462
488
1190
2333
423
6586
614
10239
4870
1649
111
3529
3356
1859
2591
317
2930
4396
2111
1117
4195
116
2192
456
1013
568
303
5228
223
3335
570
2729
302
1689
1996
4426
287
2992
3637
152
4821
2718
2014
10
830
8986
1132
4575
2268
4135
588
136
1994
3799
4677
2008
913
814
763
5871
411
957
690
846
415
2761
5716
40
1109
10852
2281
194
2301
987
3457
2281
722
1510
45
3023
276
1099
3385
56
709
1268
88
1793
139
5508
2300
740
2077
1685
1423
1213
3433
22
23
2964
327
413
933
45
2505
598
1288
1723
146
9096
1273
637
2805
4681
870
2513
2257
2138
2065
788
1194
197
74
3109
821
378
681
321
1000
337
1371
2506
760
2387
881
156
943
1634
411
1702
4475
317
1421
8267
1408
5859
511
2252
2177
1092
523
2256
717
350
2268
2317
342
209
317
204
3654
328
4123
1201
1836
867
28
162
486
231
3650
3081
343
108
824
1012
1431
373
1565
338
401
384
3386
3968
4828
4723
1645
2551
2120
2176
30
137
1297
4500
3171
2129
16604
297
4721
800
4309
3220
605
779
3630
434
2520
541
69
5098
664
743
4481
2598
6093
40
3097
2827
7866
4007
593
685
3696
396
4813
2661
2444
3176
656
3162
565
1028
65
2969
108
182
1983
8135
157
180
370
2876
3354
3594
18987
16009
1434
1576
505
80
90
666
2779
649
3208
4589
1527
236
737
4975
2691
1770
55
4002
481
820
1849
1065
1992
9240
6151
2316
3648
42
114
9819
380
1115
1238
1421
606
3098
3881
6344
4033
625
6383
5364
715
1422
4051
1369
9491
3242
2724
1304
841
1698
422
8005
243
236
22
1312
760
3269
1326
1779
3997
46
93
2179
558
1103
158
1337
5099
3666
5770
15382
2409
1246
1829
1021
648
98
353
4191
2835
2186
3404
9125
155
813
1504
377
21
30
225
1734
318
2374
1047
1733
215
1966
3568
2659
4922
3016
509
869
471
759
6543
2472
100
327
1677
459
214
199
157
4643
1236
125
134
1515
381
2109
413
1071
371
1518
498
491
3829
2481
4994
3374
2852
375
526
619
1694
2993
3294
515
707
1191
89
4284
1367
1525
1379
2855
2533
1369
457
3035
7141
2984
1016
249
1116
712
5003
967
996
1508
2826
538
2231
2508
2350
1618
871
901
3855
652
1082
887
971
1352
1726
2841
1690
497
313
2662
253
1590
1777
476
50
11422
155
358
7055
1747
483
1689
155
1018
2606
1259
988
534
1862
1330
130
3180
111
1203
2873
1801
1633
5224
1718
2534
3058
3991
6129
2805
420
2187
1674
2239
9819
2555
84
3247
669
32
511
2822
7078
3600
1039
795
718
1968
918
70
6262
219
317
106
2252
1541
1093
841
2171
1859
781
730
1289
3290
1170
613
52
292
3246
32
2233
662
2175
111
4529
5219
262
3259
484
2989
140
332
3505
442
573
1147
93
1426
71
626
1740
2536
11461
1892
875
970
4142
7504
5745
1997
1111
7107
5430
1495
823
2816
4714
2137
812
811
599
1840
1975
2416
2009
1439
3039
65
262
86
984
611
2872
5585
9749
341
3813
276
2331
206
1523
2023
2402
3695
4608
1931
1847
1058
557
3376
2314
1532
2931
3980
220
157
278
6819
196
1577
1090
516
1869
562
2098
436
5094
1331
207
2627
316
336
1658
2839
2368
4820
3474
1418
1079
686
25
335
1547
481
4041
389
930
1562
1026
2300
30
2502
1310
6013
66
1415
296
3617
3009
287
3847
2451
233
5226
869
7987
1785
621
1059
250
1758
939
649
427
79
3681
3152
180
2512
1862
4232
332
584
1375
19
609
642
121
1026
639
1419
67
59
1156
6970
1084
4430
2169
749
1568
1176
646
457
319
5736
5134
1553
747
373
403
1662
3267
2450
1760
1523
307
407
1506
3710
6627
31
4894
1170
377
1032
415
1723
1370
3526
4108
6782
925
2839
1973
2037
1939
983
2031
876
343
364
505
3412
2532
1498
198
429
3533
191
272
1924
965
3449
2027
5360
347
783
1225
1575
1152
5178
272
2106
2684
296
8
4705
167
1367
2969
17
1215
6068
566
2473
478
966
1200
207
511
4227
1110
1153
688
418
3277
884
4534
210
1630
2241
2812
695
1974
1928
3515
626
3631
462
6841
813
1200
4261
4292
1617
433
4599
2343
2255
823
1854
3220
5243
2188
2560
1167
672
2085
3156
285
17
2788
208
1010
354
1829
1479
8195
1080
1131
2117
1787
444
171
2545
512
5845
839
964
1499
1213
1255
4490
2075
13825
135
428
862
3908
5336
8594
145
2003
1720
2685
6610
1228
2139
156
1034
2137
217
256
272
593
1754
753
1155
938
243
857
866
272
8116
2361
2461
138
11
774
299
246
2958
3073
74
249
4126
1115
1972
2987
3337
1835
836
5579
4021
1465
1921
613
3246
80
1853
1050
1536
2346
2011
3116
2699
1257
451
1815
3990
4013
6038
4446
1070
1908
220
633
702
2245
891
220
102
233
2403
250
7665
894
2182
1111
811
475
1658
2367
252
5384
3084
1032
1530
1854
609
2082
605
2894
764
7562
357
1017
9039
198
9463
243
6041
5234
967
187
7459
938
120
56
1008
4499
807
159
1565
720
3144
1077
5052
2997
2713
2603
814
3214
2810
1364
4216
9
2075
2051
266
275
1617
1188
243
6847
4788
1118
881
1981
69
6657
1326
133
246
1218
1183
2568
4582
363
105
2971
1467
1474
1546
747
172
2009
2020
2286
2383
1098
740
683
11317
337
722
1483
602
347
2468
99
2745
17164
134
64
3801
1127
2427
414
1166
1756
1127
1052
3970
1514
414
1201
735
811
471
552
706
1299
409
1486
1051
643
148
613
793
4817
1185
1646
2824
211
5702
3209
861
2280
521
1023
6279
580
2316
764
9
5674
109
717
2320
3134
853
550
3268
7535
2600
2086
4350
391
2365
1827
441
1704
1279
1006
9715
371
121
4218
1662
7278
2778
982
87
749
1383
595
88
478
91
1876
1142
2214
2997
34
690
45
2145
672
3
2239
1760
3601
50
913
1198
314
359
1299
4050
4178
1191
1885
1506
79
507
2574
2722
359
262
7455
3051
2824
415
326
946
1127
1236
2331
888
3762
231
1305
2425
710
3168
88
839
17120
2428
187
4999
1523
2969
134
1992
18
2697
422
424
5492
882
627
174
970
2610
1344
80
1221
3031
820
1332
1154
1247
330
3414
555
790
566
1324
2815
2646
228
3278
358
1422
1245
2228
2849
2697
597
607
5473
910
2349
3889
2145
79
7888
923
757
5289
7895
5167
3686
28
139
334
2803
74
3568
815
6337
1209
2677
3865
151
5773
158
4729
450
282
3843
2157
10128
609
468
58
4415
399
2786
1086
1431
6538
806
410
1489
2937
190
7926
66
112
886
1880
819
2434
731
168
3259
898
77
2200
982
755
1571
1055
2519
2871
1106
642
801
1617
1293
3295
255
1103
328
597
245
2445
847
1104
1966
345
4065
6468
3048
739
1425
586
394
898
1360
272
302
1660
348
3802
1238
1632
248
2971
199
1741
16
652
1661
599
2108
1467
5525
2047
1604
349
3692
2600
2056
131
2374
2211
1110
500
118
11
1032
3276
147
8669
1241
4129
349
853
2682
269
997
2047
1183
451
1871
1567
465
1697
5549
160
436
260
3169
664
283
2367
577
953
1427
1513
26
1635
400
528
1025
5820
1877
1398
1585
150
9
534
3472
607
754
549
134
3047
2166
2527
1291
2526
324
1033
3417
2621
123
865
329
5406
1313
1486
1971
2576
255
2054
98
746
1891
2335
1309
1457
2624
3859
1453
151
6116
796
5278
2279
525
330
194
2816
2002
416
576
3065
1794
341
1247
426
1553
4904
9108
3347
1454
72
4927
4451
716
1667
615
6075
537
444
945
1084
2899
5643
1509
2359
6527
2211
4416
1377
1202
1645
62
230
157
707
1336
2247
1861
1344
3231
1469
3236
5211
811
4005
471
1455
1050
1621
3769
428
5823
1395
3656
1274
510
1882
1308
687
277
4568
3951
630
1557
106
1789
118
3037
4576
6079
641
931
2736
112
437
2706
866
1176
1903
1097
2136
1070
1438
9640
1060
2224
8266
2515
2279
105
2784
2600
2960
3728
955
2316
66
636
1794
1687
1
8830
1960
615
1825
5930
6301
5178
142
1884
21
1693
432
790
301
547
1358
1991
842
8178
93
547
574
1986
524
6686
189
2041
1703
698
2919
145
4882
1062
981
490
1692
1152
4186
2614
1472
1675
2575
1205
2073
202
2607
7043
657
6869
10107
381
1125
1188
3762
2717
5257
1426
826
3814
1159
2533
30
1234
3779
361
4669
3760
684
110
286
1111
510
1781
650
505
2147
6438
860
100
403
1325
182
7321
882
517
856
880
617
4471
2559
772
4974
1785
1017
80
346
712
1639
5378
534
352
298
2328
290
5674
3106
739
1595
2401
52
4207
2098
4547
4065
1091
4621
1782
2337
277
1837
2026
95
611
337
4219
2522
655
1137
1364
555
1362
2347
4813
1061
4494
1076
1741
2084
16268
4729
1399
1129
2311
1627
3396
3043
702
508
1125
216
585
681
1003
3395
1074
661
1703
62
919
1868
754
680
8218
1723
203
2272
4682
750
5492
731
116
685
1476
462
69
782
1958
1765
417
973
1277
972
9288
4573
1842
4716
2620
1822
3891
7059
1600
164
363
3138
4534
1374
276
1525
402
129
3062
610
575
988
2004
1654
1734
2178
1455
1835
1673
1494
830
2184
773
769
7933
27
480
2432
443
6137
878
1616
574
4718
457
3532
3378
13424
878
1835
937
2898
1238
1919
951
484
100
3419
1435
251
4361
2786
1897
1023
10014
1424
7532
1232
1260
330
1175
545
2795
371
3170
372
2710
66
3278
555
4195
3186
718
131
5306
1725
1200
1054
4605
658
3871
635
694
1540
2389
604
1823
922
195
2177
6431
2282
4563
8627
2977
2791
744
267
1368
506
1411
2687
2120
2915
822
134
1981
82
117
1662
565
494
283
371
2756
4871
6284
5501
255
2240
2674
239
619
1102
1566
901
1568
2179
21
1178
1836
1508
884
1968
679
257
1639
1665
550
1778
604
3584
3505
238
1657
1357
1230
2339
1990
3391
63
2048
3758
462
971
4139
968
5382
2362
3919
1150
170
3530
982
885
1776
1137
1518
1719
819
5070
2458
1897
1430
449
305
2111
1659
409
4855
502
1889
556
1123
4527
111
519
1112
3113
1270
3150
728
2985
353
1915
3388
4166
5040
200
878
3130
3754
1681
4471
591
8757
132
2428
4982
783
1554
970
501
976
1560
590
817
2227
353
829
1680
43
188
768
3044
10
952
59
188
3759
346
1539
3043
1137
1853
1398
3632
998
867
495
3397
1213
1605
857
1213
1765
4986
3461
1977
624
1437
373
817
562
3129
3211
340
3122
2534
322
2017
2304
2488
2484
889
1407
1995
1949
5156
1899
131
6000
1950
531
3133
2577
196
206
320
779
2376
1234
1833
857
1059
3700
578
205
954
50
379
4686
3993
1181
5524
1312
2079
1525
3968
3401
60
1969
2265
5752
1573
1020
5064
2111
1827
3144
2198
475
1164
857
2
247
10271
2768
800
2782
112
6480
179
842
2390
1783
1236
2805
1867
1178
4266
942
1015
100
792
858
6190
577
247
3043
7162
8262
2148
1286
2015
714
784
1175
1153
628
3556
2166
2814
4089
785
5971
2353
3831
1233
1913
754
12398
1067
1413
72
4920
3080
6357
478
399
3728
2912
4671
693
1709
144
1032
2013
169
8546
12727
2701
376
440
9917
247
3346
1290
152
1608
1111
6209
2928
1826
6931
1038
343
1392
2847
5552
742
3617
1312
524
599
736
1075
1382
123
542
341
169
4744
550
770
1278
441
1400
491
580
694
4117
1132
347
188
243
518
3744
885
593
7647
1321
8006
395
1254
71
141
782
125
696
2691
1818
1684
3056
595
1130
48
2344
650
7674
1816
1785
3412
1319
2056
3960
1317
3551
5164
918
6056
2786
1369
4157
940
66
1519
1894
2897
629
69
2072
1449
3480
633
929
5012
4098
6184
366
1057
2290
1709
827
10055
4684
2530
286
261
1270
4340
6253
5962
6963
1475
9197
321
90
2077
965
3610
698
394
778
968
123
6045
1027
3778
3865
4623
3570
4712
1401
5446
2390
1849
1035
90
413
806
721
1659
3982
835
2198
1488
1468
68
1245
409
4433
107
1256
11
824
897
8445
7806
2600
476
6615
461
118
186
398
642
124
5352
640
3182
1723
7
1130
1334
1314
577
2062
1550
1781
1391
1301
8407
1099
425
3062
2812
606
2448
191
1470
233
3015
856
3782
10801
1253
723
896
730
2930
1782
1481
1482
310
5454
10
2026
3430
2617
1910
270
8731
104
391
78
1436
1267
1499
331
772
530
1369
1582
4760
2748
1285
4437
2869
3103
1589
2044
3754
114
4329
313
383
1463
1602
80
582
71
754
619
3565
1822
2281
754
124
538
47
744
1493
5471
82
2142
1678
393
2578
2697
263
1071
761
43
284
1279
2012
4767
195
2428
932
2011
993
2965
6321
958
661
3402
976
3964
2711
1593
1968
2164
502
6831
1600
1728
98
4743
1393
324
1688
216
378
1142
111
70
3147
3206
2349
2860
65
996
2361
2998
267
303
290
759
3049
1923
942
639
1811
119
4883
3140
3169
243
519
3667
2861
56
232
3771
514
58
1563
212
1712
975
191
4397
118
3950
198
2598
801
54
801
8720
2284
775
2929
1867
2963
629
3562
3855
1015
167
162
7979
166
2663
682
694
2020
96
4651
903
4157
2411
769
1812
1082
817
4213
1936
683
2603
3157
516
1876
579
2672
1068
1938
795
20
2186
1328
24
150
9453
2167
1318
333
971
1377
3341
1262
3744
5260
252
4990
672
126
2947
1424
4082
691
732
1399
3049
4078
373
2505
384
990
2900
833
7534
1007
182
279
554
82
3695
2614
1853
644
401
7985
341
597
1402
2977
650
2527
180
1555
1499
1397
751
2799
2377
444
4637
4887
1920
1017
3500
358
3173
288
115
5832
382
2700
344
288
381
2166
832
1257
2127
2932
3666
887
896
1566
3870
1091
6915
1229
1804
951
2115
211
1131
2177
241
1
4436
2406
2020
297
6518
301
321
628
4192
3008
4786
114
2878
5212
383
132
3306
879
910
3396
322
4279
1739
557
111
1292
3162
1611
2852
868
3936
1411
470
352
686
2069
163
1469
823
2682
649
1965
3643
4964
9573
3346
1221
2763
126
391
2134
448
193
1039
238
1612
1686
1060
3776
528
3258
426
409
2631
1421
389
927
5103
654
2024
678
1916
359
3502
239
1500
3258
591
1781
1551
1710
1046
522
300
1193
2879
2181
384
2042
659
1502
716
24
2965
273
1804
7946
3329
1201
1398
6193
2043
3827
2331
3209
1026
5204
3588
2866
740
1363
2359
565
1506
2005
3466
473
2158
3574
5788
1602
477
3360
2324
3016
405
399
2765
1290
73
3984
2221
1132
128
2407
563
144
5835
5321
490
5533
3230
5009
10085
201
590
3152
1204
5302
6831
1313
119
822
1754
513
1541
166
2548
298
759
200
176
1745
190
2172
127
439
2742
878
1667
4757
2615
1307
5825
1085
874
7709
2922
1772
11
1526
1027
388
2794
2046
688
1077
2694
1562
1964
142
3731
3210
73
427
233
1773
4116
1752
533
358
5056
2354
156
1131
623
333
147
1157
1075
734
3440
531
2076
798
455
3226
227
1402
10580
112
847
3975
768
733
1541
10
1580
7558
2558
1010
1923
525
105
352
480
250
676
186
643
906
2585
2852
1370
477
8086
1976
3141
1333
558
447
1470
1360
1006
2815
2429
428
1941
2852
3697
1050
2475
527
3496
2532
472
1752
910
606
1304
338
8666
6803
427
861
1647
2233
2642
1970
712
4173
752
1070
3965
1747
3152
9049
3432
143
2467
708
2
2558
1466
1793
7801
1296
633
630
576
2199
531
3323
301
451
3338
1143
857
975
3495
400
793
1462
3178
1160
4340
2546
3917
1915
418
3118
624
1238
1428
693
4115
2021
1304
2692
928
741
2876
666
1488
440
674
586
2552
302
2613
819
1000
354
307
228
2879
3356
800
5575
2029
790
9076
2912
3540
2380
2766
402
579
1364
1415
1702
564
3240
517
329
3095
324
5784
743
395
149
196
3597
1520
350
3820
650
2661
2945
2384
548
1154
670
2407
5705
13331
2213
183
5743
2509
118
590
914
1882
569
1120
676
1049
2882
1741
678
905
3506
455
6478
297
336
604
739
151
2018
953
2916
628
1592
250
2242
5038
6995
2718
4196
1378
4464
3539
1252
13184
2192
544
3992
3555
5645
1485
880
322
4485
2842
1264
4865
241
4811
3244
3545
1380
2014
867
588
165
448
55
2356
2845
142
679
1961
5575
905
1621
2613
1311
2883
7646
6537
1837
2906
1848
1083
3663
2757
1945
1361
2016
1828
1073
3679
1258
4617
994
158
309
2545
116
543
4036
5573
616
900
4694
621
3691
1185
3458
335
3891
2895
3922
374
2204
2593
527
4486
1653
1929
40
4734
1486
3618
3566
173
643
3190
8642
1293
7378
3415
4479
2209
3170
1752
1200
318
217
769
2316
272
155
165
9582
358
647
592
190
1591
946
5203
1319
471
1184
1574
1548
1568
2180
905
1184
3454
17
2564
1608
1829
1397
956
601
398
241
5404
2405
1274
141
645
6875
4349
19
5632
851
7931
2055
786
2434
3077
47
2256
839
4408
1202
2841
455
626
269
499
686
5962
1133
669
4096
4305
395
1320
377
2892
1345
3320
388
1707
4105
1804
229
999
606
533
49
6102
2842
1150
354
445
319
1049
1098
666
1760
8791
4813
2253
4597
147
2926
6839
240
2350
1060
7554
5539
166
923
437
2372
5484
623
602
337
1355
325
695
725
193
1511
1881
763
148
420
491
435
2212
374
68
1622
2451
2013
990
728
530
566
1266
693
3429
49
10603
2044
46
365
1430
2022
19
2752
4878
232
2821
2443
2497
2436
1352
469
38128
379
1953
1662
282
1653
905
350
287
1635
521
847
2782
618
144
182
95
1869
313
862
540
531
1107
3966
330
8948
1730
406
2684
1698
2424
8
174
353
1675
4746
483
3084
259
10120
1588
6218
798
29
868
7927
4377
1486
262
3894
6076
1150
255
4839
403
1658
1473
3345
3864
2291
4409
795
538
1230
1673
551
2112
1359
2169
667
1932
1256
2975
5017
6191
1249
51
383
547
289
2186
576
691
1673
2318
1426
127
405
1488
1078
1601
2123
1427
1490
86
633
1524
7557
3442
276
2379
563
231
8275
4732
1773
2577
6508
49
1325
2014
1718
2955
1057
256
2413
3781
1642
2447
2864
606
389
2329
3648
1722
2704
2973
1478
377
425
980
2283
2609
1402
771
469
888
1162
1573
981
2933
3394
1739
753
592
6159
1813
717
5528
2414
748
2184
449
346
974
291
1338
139
3599
4302
304
2086
1172
4480
1168
361
4678
770
1449
1213
433
204
2549
991
486
4956
836
434
877
3546
901
4
737
843
787
1265
6681
1898
524
3476
3544
2214
1469
2509
184
39
258
1152
4415
275
6648
78
358
7455
76
682
191
2150
659
1393
2805
658
3280
313
2331
1342
173
6502
6201
154
5352
2729
1635
744
2415
1438
3888
119
1756
310
2534
4084
813
824
2013
638
1824
455
3577
1873
3276
282
455
4228
793
4824
1077
6058
3644
5218
5917
1565
6990
2642
130
2285
1230
1132
3342
80
4470
1823
1533
3455
2865
1809
8
312
1002
1275
5209
1510
251
1188
5853
260
3007
429
720
2489
2321
120
1232
1081
4251
2808
456
1626
271
965
2321
314
1153
4544
4235
2504
1055
309
2835
1194
696
1624
416
6
1588
3310
171
3461
1378
3276
236
1379
1935
1953
9278
3567
1090
5928
1907
1211
847
632
630
131
1477
309
4489
2537
1223
1138
1410
230
4376
357
1488
2585
4497
2608
2269
2193
899
2875
1096
1396
1702
3040
11560
2971
831
1922
3059
671
1258
544
5296
369
508
3919
691
2827
1389
355
1186
876
3318
5710
2422
1508
703
633
294
491
228
572
350
1740
1728
1113
1663
1256
1260
2294
2621
2922
958
188
368
6668
1872
3943
3530
1663
649
2449
6798
1224
139
902
2632
5111
1973
5503
1821
1007
1173
566
81
3061
611
1251
1946
5088
1197
6553
1873
1682
2180
206
7695
30
2999
3020
1855
1555
354
429
645
659
6483
719
7
409
37
309
172
659
6115
424
373
2119
2353
4956
10
1284
30
25
690
896
4535
54
1542
1104
524
4672
3150
480
2532
4675
308
1947
734
2324
8
2781
4858
3180
1962
738
275
2312
556
4544
4881
325
916
1070
4749
4547
840
2279
1626
1896
104
1419
1103
1664
338
1985
574
3712
364
1258
230
96
1746
299
3127
908
610
3061
2997
707
1244
3307
1122
714
1960
2769
2424
1096
149
520
626
718
279
356
1523
457
318
5268
3512
388
35
5282
171
66
4973
203
1118
242
2958
129
494
5853
438
2485
390
1059
1509
1351
866
1561
1365
392
1250
5321
478
1636
802
8677
72
1125
403
263
121
489
600
1646
62
54
619
3056
456
1638
4680
2584
2541
3865
1305
577
5150
4827
402
287
999
637
148
57
6342
790
548
2168
250
1027
2191
9519
495
3954
150
31
3215
3580
785
466
2227
944
1632
740
2011
4507
3260
13220
2221
847
1024
359
945
1798
616
382
647
4679
4822
964
687
787
1561
7797
627
1725
305
619
4294
975
438
171
1795
2530
80
1595
266
9392
5
714
1277
1849
2318
802
567
3422
83
2010
1129
942
2351
799
16
891
2506
3372
5152
247
192
2016
2238
2460
935
1334
315
6084
14
1972
4072
133
1216
1509
1889
4929
2126
4561
3191
1226
2312
7
3513
56
1513
1266
2917
153
68
278
7249
3995
2604
3258
1346
4
2192
254
656
593
633
3040
6360
3041
740
1358
4558
1270
3168
3652
874
71
2103
1084
374
815
12
3989
2938
1048
433
115
986
53
1879
3483
791
823
302
1904
368
1045
1649
2627
1336
986
1946
3315
522
1114
671
9009
3876
2159
8
667
892
1918
2200
280
248
3980
1728
985
2479
39
782
175
770
1619
167
2000
1195
1308
1129
1085
199
44
3264
194
498
309
2262
1461
33
812
2343
2941
598
93
551
997
21
4419
4675
2994
3628
1660
11593
2125
2735
926
3174
1533
5925
2329
2205
1111
969
1802
5392
1228
3960
1181
634
27
1592
1259
5022
256
4286
768
1121
148
71
4527
1087
2592
501
1116
910
855
434
1063
2902
980
3040
870
3688
881
802
536
46
760
7172
303
1910
887
882
1846
5595
130
659
569
1046
1202
3460
2129
1790
1409
226
3205
1381
1210
98
9175
3848
1587
102
1345
98
692
2117
4186
147
1205
1016
3213
1695
91
5220
1552
393
1505
811
3296
7134
1854
8252
3403
2667
2656
194
152
1171
190
58
794
81
722
1412
1773
3446
537
1074
2837
4789
459
1470
527
1478
5210
798
5008
2717
7162
1264
77
2056
74
2852
9482
225
102
5696
1202
688
75
1
1779
382
543
3143
311
5866
2579
1488
2982
2
1697
937
1572
1403
349
2471
673
4931
4832
175
454
4052
2426
7453
3086
21
3623
2432
681
85
1456
584
745
4120
299
537
241
153
970
3492
716
3644
500
1421
739
411
7444
374
9171
1393
1539
478
2009
1293
1360
450
34
698
588
705
11926
5146
89
1532
499
7254
77
1536
2039
1778
3398
3249
2482
429
2906
992
389
203
1076
4845
2291
391
1385
2222
611
275
5952
1562
847
316
1067
2220
382
3659
286
1649
1300
799
767
2906
4360
1943
1269
2489
155
948
541
1044
687
1403
4025
3780
1514
2648
2393
172
2088
56
479
1280
4613
4755
1148
3333
2050
5375
6145
67
1801
2407
713
742
471
523
579
3740
3263
83
848
639
1091
636
2350
4512
3548
267
366
4168
793
331
2103
2320
274
9920
4076
2021
636
3164
2
2281
1052
1371
830
426
2235
2882
1408
1241
17
49
2307
2162
306
1609
4921
1579
722
1864
4052
1392
3149
3235
1650
3658
4996
1533
4568
1224
684
435
5139
296
1297
927
2779
543
3411
742
6316
278
111
1817
184
1595
3870
4783
240
1827
1285
1798
1832
239
4756
2998
2792
484
1362
5194
8267
1510
760
2941
4574
2299
1451
253
5685
2443
4423
75
448
784
1193
10269
1095
6197
3427
1340
421
47
231
1929
252
45
1259
6138
1653
1243
3011
1929
2382
2169
3387
561
2370
352
1209
3615
1018
2402
1221
133
1773
720
978
650
891
308
7
1097
1279
1936
1874
1850
9210
98
1217
1883
838
141
881
273
2744
89
3629
8250
1144
880
816
3268
2000
762
229
2855
1176
52
1438
2430
1627
123
1698
2176
3142
3498
184
1080
2402
403
752
2242
763
1213
789
64
91
2857
2703
1544
2293
270
3122
2214
3929
989
1624
7260
5212
269
461
2849
1266
3577
5690
119
2871
250
2399
1565
248
3714
1800
4009
1089
1436
616
172
2559
7256
3002
1618
866
2088
1353
1702
1019
1768
77
1730
1844
3421
3100
83
265
1106
1603
3164
1970
1152
1106
980
712
2024
1305
5250
7747
299
702
1467
1982
44
1646
3355
5509
1305
98
635
909
220
2207
871
8648
300
52
179
1331
646
2483
847
1108
2964
2833
2682
70
3353
2223
186
1909
589
122
135
1597
1998
320
1279
529
2399
438
2339
84
26
969
4180
220
210
1966
3801
1172
375
2699
3154
2280
557
551
3403
1469
2081
6496
7360
942
93
524
925
4052
138
1294
928
57
983
2351
4576
1291
3111
572
84
1667
1425
605
5252
6112
867
5840
5436
2893
34
4537
6400
3404
3365
7740
869
2390
1309
70
3015
1700
2010
1919
3303
3236
2497
2767
464
1253
883
1475
903
4062
3455
469
466
4034
2930
1317
478
3358
6921
70
367
232
1964
1665
3681
2516
1247
1939
377
75
378
409
2822
604
3852
229
289
861
6729
516
4849
2983
335
1652
1870
716
5017
1093
6700
1797
3499
1933
2610
6909
150
177
4879
1615
2445
1759
2684
175
1931
952
3234
1251
3605
127
3401
1528
1039
965
4008
80
1650
1605
3012
5504
1612
7336
456
296
5749
1545
4044
186
2538
161
3865
