89654904	113
8836349	107
5684069	78
12105702	89
10606261	157
13413924	207
8362052	91
3452168	44
16206578	214
53892545	107
7236044	147
5248496	89
12461426	84
5264407	108
2188074	38
4829733	92
12438311	231
7760774	135
3911757	54
7144787	109
84054886	160
282201823	129
13063604	218
8305916	109
84373686	82
7568653	156
5417202	111
7209327	89
53174793	100
6335178	106
3100047	64
3541324	52
4244666	62
11289490	184
8319425	149
9098714	107
11995533	146
6348987	85
5359566	84
7744564	116
7381035	117
9375188	145
7335706	117
4223953	65
9262317	190
10804085	153
10235228	198
5423806	108
3105150	51
7712744	115
4454798	73
7986815	130
6189888	85
11061647	194
12371369	90
8881978	160
13135649	188
1528861	15
6289549	129
5019753	94
2443535	31
7489403	146
19178444	186
9298639	178
79452096	127
7682425	148
6582834	93
11389453	158
10487687	172
8339537	149
5612325	105
9518078	167
95317059	142
5515364	114
6575029	131
3529616	61
5624032	96
14429161	184
7180509	148
5388984	102
12407392	223
8009630	126
3658398	57
9690686	153
87555985	109
85361307	133
6637769	98
7623287	133
10512903	211
82873044	168
2421321	34
4618700	69
10478080	162
86829228	149
13147356	155
8353946	144
21626482	206
14363120	148
10435754	119
15263685	170
7001897	114
12900602	150
11911480	159
7200922	105
7618184	141
7309290	144
9718903	183
11078157	215
9600329	165
1072874	12
4848345	69
6920547	75
10819695	118
10008285	195
6206697	122
6575929	138
10150874	135
52745824	192
9822468	161
6148761	69
84011359	210
9346670	201
18069247	119
5180354	96
61213842	236
8158523	141
14033213	145
4256373	85
7858335	131
4251270	65
8002125	152
10147573	189
8324828	132
5399191	100
3156782	58
6873716	129
7104862	123
93091161	208
5326244	114
15817834	119
8508844	150
5571199	68
6583435	121
7210828	139
7724151	145
7654207	78
3221923	69
11397257	141
4327518	69
6239719	118
3673407	59
17448758	178
8053458	155
5132623	91
2698395	25
3900350	70
3343200	68
8558075	105
5887898	120
3303874	65
5027857	68
6399419	125
5432511	109
5522869	101
20119836	210
405555	2
6705912	134
5139828	90
7327602	143
12202363	212
7088052	139
4492921	88
6960772	67
1840456	26
10403034	204
3691418	66
4121888	61
4788907	100
10922059	164
5862082	117
5681368	85
8298111	175
7832219	160
100919477	177
1080678	14
6913042	119
20314057	214
12224577	150
13835689	168
11949304	192
89748262	73
2836482	45
13063904	208
23208175	177
2858995	42
4745380	87
9806559	101
20656872	185
5406695	105
10023294	116
8117999	137
5656152	93
10035302	81
6421032	135
7579760	114
12249493	210
5230785	104
3365114	59
9314549	143
12060975	123
5864783	103
4622603	51
7802199	147
7215031	121
57814507	134
11485213	179
9020365	150
9650760	181
14399443	172
7398146	150
10801383	145
5112511	98
3893145	66
2750027	56
6461257	64
74441949	201
5556489	93
7484900	130
34533387	159
5649548	73
9622843	176
7397246	155
8182239	125
9745020	170
7526927	128
7474394	151
11333017	157
10560031	125
77293740	185
11193129	219
6907038	141
9268321	188
4824630	98
3521211	62
4439488	68
5378477	66
83867268	160
4980728	72
3405038	47
6502684	112
12075083	132
12775122	176
6818482	130
12164840	199
6498181	110
12368968	212
9258415	186
10140969	202
10497592	101
8056460	141
10781871	157
67978890	129
6537505	68
14933778	75
6253527	113
31194089	107
8324828	122
3779673	35
10813390	208
7992519	137
8725880	168
7160096	106
3350103	42
8321525	149
11492417	228
10521307	175
7146888	147
4286091	76
9547796	152
2031976	30
6641371	117
12562590	231
14290474	126
4751684	82
4718963	93
3818097	63
6017279	68
3722338	64
8125503	82
58446104	81
4822528	51
13047694	92
50974712	125
18293488	180
10407236	148
7831018	138
8262389	115
7189516	113
4930597	82
10415341	204
7162498	141
2856594	39
4664930	92
3737947	67
6695104	137
12918012	202
7677021	132
4878364	84
12118610	227
10267047	200
12352758	147
6076116	105
8768807	174
11849641	174
6560320	117
7864939	114
4818626	78
3688717	71
4028830	64
11791705	128
1663945	29
8893385	175
16151944	208
8938114	187
7950193	159
10582846	173
2894718	55
128978699	177
6831990	134
7588766	84
5577503	71
7518222	127
6876418	108
11997934	203
10446860	119
9687683	196
7556946	147
8269293	143
4327818	70
842629	13
14413552	175
8176835	130
9229896	182
2857795	43
8549369	168
7323999	117
59962356	106
5251198	100
12440712	174
7697734	93
16792846	209
8585091	109
7559648	121
5260504	85
7356420	129
4538550	78
4679038	68
555649	6
9226895	97
8234771	156
9336463	185
10414440	214
4910484	85
9217589	111
10283258	182
3480986	70
8881977	144
3187101	47
6333077	93
7414956	149
10804085	146
11245362	121
8176235	109
10165584	201
8339537	134
45588430	116
6184484	125
4761890	73
11482211	99
4410670	40
5641743	106
8411882	156
14583159	196
68867749	156
10995606	140
2531790	36
11927390	227
11058945	181
10192001	171
2827476	48
20352181	154
6976081	137
8642728	102
11231253	170
9626145	124
4564367	80
2454342	46
6983586	113
5520767	65
9938041	178
4515436	63
6422533	126
6185985	85
31426736	176
8102388	147
1659442	26
7476795	110
7855033	139
6453153	81
8379763	107
8606404	87
14505109	170
2892616	43
18986924	235
7351316	136
17616563	142
13346081	109
5977054	108
9189672	175
8256685	115
4275886	74
8335335	118
3945678	66
11407464	155
9207982	116
699439	1
24785666	214
5185757	74
9624044	131
3915359	66
13927846	161
11405362	201
3181398	41
2724812	35
9536689	166
60415941	88
4896375	94
8069968	96
9914627	174
4871759	101
8797925	137
11932194	240
2692091	44
4140200	77
11936096	220
7336608	141
7503212	72
14687624	185
5489547	87
2307850	27
6772554	119
2229500	27
7356120	77
7313793	114
8623816	96
9909223	192
12646942	139
8897587	153
8102389	153
94014241	107
6952366	141
79151307	112
3831006	70
10497292	177
10820895	142
8018636	137
105014649	88
38992387	134
6143058	111
115780611	94
4878664	89
8519951	163
12158536	122
9904420	182
16435622	237
6966174	126
4725567	91
7203323	48
7806403	162
5745909	106
7876647	155
3969093	73
13206493	128
6759045	128
9500066	177
3287064	45
4964818	83
9216087	174
4537050	93
6481971	117
5368571	109
5964145	90
9520479	177
6162270	100
56889627	152
2848489	50
8339237	137
8314322	158
26631824	78
10566035	191
9587721	79
7855333	123
15496632	222
6911540	144
6369100	125
5647747	100
13860605	157
5681068	39
6557018	110
6037991	119
7730455	142
3352506	38
12415497	189
8360250	111
8554172	100
9265619	144
7770079	133
12821952	171
5677766	105
7500210	159
8367154	161
6078517	116
101182142	233
9956353	199
83483628	127
12619625	150
8756199	119
8481226	167
8967231	124
15072165	186
4603090	90
7927979	140
11019020	129
4179224	84
10958082	40
11725364	192
82021109	151
5844370	117
9184568	131
6776156	121
10157479	200
99903940	169
10242433	161
2973068	49
6351089	140
15869766	244
8623516	111
6027486	102
7348015	69
8034246	90
9566708	189
7321598	138
4489319	89
8854661	158
7337208	59
2259820	40
10806487	172
3066126	46
10460669	116
7675820	134
84748622	179
4270182	79
3966992	66
6884224	129
113508183	181
98133728	205
3483688	55
4625005	97
8599800	166
4477612	79
7391843	160
3060723	52
6724823	127
10626973	178
7020509	120
10498793	139
8619313	165
14835917	156
4430783	68
6477768	118
4378850	65
6149362	131
5360767	78
1897192	34
6683397	109
6763847	141
4770296	92
9847384	204
2717907	31
7859836	137
11024423	149
10258042	173
4425979	65
6837394	137
6728126	117
9071396	120
9962357	131
12505853	224
6196491	110
4020725	77
2189275	21
49060710	180
13041390	133
4628607	86
132146888	163
12178348	169
96128169	28
3971794	54
13807171	174
4714761	79
4952510	89
9670273	167
7994921	155
4987332	88
5630636	91
1836553	24
4043840	46
5503956	115
13230809	114
8780515	175
81085722	141
1930812	25
2844287	61
2746424	21
5286319	100
5855478	61
7575257	148
8832747	164
7543437	140
6547112	109
32037020	164
5499754	90
8019236	160
14974905	175
56831990	125
9174962	187
3896147	50
7079646	132
11169114	180
12805742	23
1713476	17
27001357	163
10617368	129
3414645	57
6560320	124
5264706	75
11485513	160
8524453	128
8736086	117
8971134	170
10656092	197
9835677	82
4059450	69
11173317	162
6591539	130
72838342	219
10852115	193
5088796	73
4379750	40
13600341	192
9745020	172
1929912	22
118583170	151
9585020	186
9521380	77
4301401	27
12214971	116
7589667	138
7238146	121
7313793	104
5881894	86
4296298	32
6831690	131
18520731	220
7238146	126
8560776	115
4366542	78
4717163	81
11588478	184
1611112	21
14197416	206
7537733	113
7524225	125
8692859	173
4713260	82
9858492	161
5953339	110
13055198	150
6688200	128
7333906	122
8448205	123
9759730	90
9787947	149
8956725	179
131293752	98
38672686	215
3998511	57
8115897	155
10994705	174
2938845	40
10482583	142
14623383	171
22761194	185
8989445	187
13483568	202
38064505	110
7169402	122
4213145	67
8549069	144
97489524	110
6471164	126
5996866	99
84622543	141
9627646	154
6701408	96
8336236	114
6947563	125
3950782	41
7946590	148
10969189	137
14339705	181
7382236	127
142918253	72
9625545	176
6950264	121
4657725	76
3010591	53
8124002	65
4705455	64
9479653	174
25200226	194
4374047	72
11501123	156
14776179	175
85660595	221
10414140	159
7603775	114
8824342	128
11648516	212
13661279	162
7012403	114
33247680	123
14525222	167
4028530	60
5944033	108
7708541	131
12105703	113
9172261	159
15262485	131
135339092	135
90188338	133
6016678	115
110083032	141
12571595	129
11984427	188
73357068	167
2543798	19
2168862	20
76537565	150
10425547	156
9200478	73
3112955	51
9368584	191
14678918	209
9955152	205
9943144	156
4689845	73
15636520	224
8591995	156
1600005	21
10324684	157
37927919	146
2801959	14
7075443	137
21652598	70
12559887	157
18267973	197
9962957	207
23185960	135
5484444	96
7587866	125
7665614	142
4658926	85
7953795	154
2445336	32
9599128	185
3791381	67
21183103	214
3842113	60
4707856	63
11800110	154
76098089	183
7656308	124
7142986	134
12340149	160
8444303	107
98845775	185
102728414	102
12762515	147
8039649	144
7876046	149
21737852	243
57723250	112
11751180	167
2586725	49
12291819	178
5975253	117
4830333	43
8094884	139
15840347	219
25622891	137
7747265	105
7832519	143
5799342	42
15506538	186
2252915	26
8214959	159
9936540	86
10860221	141
9722206	81
5170747	108
118259867	192
10298867	120
5941331	99
15920198	95
4515736	79
14460682	191
17248232	201
6272740	103
20284339	145
31077617	181
7575257	126
7550042	111
12963341	173
16494158	213
17645381	133
9755827	118
24990694	160
43925985	158
4283990	46
7290978	70
60425847	128
9391698	151
4520539	55
2481958	37
15498734	168
6644373	114
3889843	62
1604808	28
7325500	79
4764592	79
9340666	133
5529472	63
7808804	145
10299468	144
56375404	155
9716502	107
1573589	29
11312605	85
9420216	122
12078685	185
6734129	119
9212186	69
12181350	161
13042590	132
12302025	180
9163555	115
9730611	163
9719804	173
3059822	39
11021121	82
4893373	91
17752849	144
10641083	93
4952510	89
4377949	84
10170687	164
1268297	17
4151307	49
21759465	184
6939758	136
6710714	120
8154921	123
69145724	199
6468462	100
5032660	54
7671918	146
8140812	137
122999243	136
9496464	98
12177748	114
7544938	65
9366782	181
24232418	175
6248724	105
9398602	121
4023427	57
5081291	67
4796112	90
18234651	205
12336548	136
2518882	21
5063580	83
7549441	122
7328503	96
1963533	32
21980103	136
7358521	90
9671773	117
8824341	162
11468102	190
4545154	79
11527540	207
7950192	153
11212642	132
20516385	173
2910628	21
12336847	159
11269677	144
102193477	138
7638297	124
17517201	241
52155353	94
153441361	160
9037775	93
6645573	113
12338049	111
48157443	108
13227207	138
11726264	180
6300056	53
6348987	125
3073330	22
12865779	126
3872431	50
22632113	104
20813271	91
7751167	95
6535705	31
2773742	47
11960411	125
102877007	148
16569206	206
3094343	41
13547508	101
7734057	85
10258642	132
4503428	55
6592440	116
53917460	211
4088868	67
37146829	136
14907061	186
16521175	223
12858576	216
6284146	32
14646798	125
11926190	224
10415341	110
13773550	173
9199577	115
45510981	108
7119871	34
9844983	160
5252999	108
10132263	104
11499021	140
62110806	166
17218213	205
11716057	189
12364165	143
7273268	115
6038292	116
65769203	231
10255641	188
6880621	64
8887381	147
11439884	146
13128745	87
10383821	138
3621475	72
3954684	50
29289694	186
6355891	41
6190187	83
5896903	93
464091	2
9591924	102
12645442	127
10643784	194
142795175	193
23316543	116
5986960	96
9525882	77
14038916	122
4955212	83
9509372	94
9972863	201
7094956	117
6494278	119
28969993	120
5415101	108
5878891	91
7375332	94
15836445	145
34072598	232
9736614	169
1260192	23
10518906	144
4368044	38
11631104	118
7771280	120
7494506	120
104718363	94
118597579	135
6260732	125
3520310	70
32588466	171
9543293	88
5860881	44
9710198	188
15945414	192
4558963	87
9235300	102
23502660	170
6353490	119
11408665	179
7381936	102
9287232	175
9016163	85
7501411	122
10041006	102
10390725	62
4284891	76
6316267	55
9477852	122
13229308	154
2593629	18
14661807	105
8947719	185
8418187	139
13088819	231
27343872	163
7304187	56
4933598	80
13042891	216
4846244	44
18264971	33
10240631	104
10409037	143
12020149	153
12276209	154
7493906	85
91523877	224
17584743	207
14017603	91
6883623	98
68267973	149
7643400	43
5898404	89
6222007	109
12594409	53
8980440	112
11520034	102
12788030	203
10502696	135
10330387	66
11033128	187
942592	1
9873200	154
6388612	115
10257742	145
16483351	226
2677982	31
3613670	55
6461858	109
12019549	213
4461702	73
8491132	168
22745585	100
12497148	201
91693784	168
2936744	28
14668412	145
13122741	162
7378333	121
7671618	159
6649175	34
16602827	138
3287665	66
8852259	94
3967292	55
7557246	96
11657821	92
6832290	108
19545274	209
8835149	128
8606105	114
9867797	136
2657869	21
11876959	161
6660283	104
9104117	132
5346058	63
5234087	89
35460669	141
6143958	107
16963653	111
8229968	140
17965082	217
8662239	138
9250610	172
15429689	220
7980812	116
10501795	24
12973548	191
526976141	112
23541985	129
10843709	142
8178036	123
10173689	139
59868397	193
7366926	85
9877703	63
12109905	152
8139912	93
1940118	18
13078013	178
12717486	158
8960628	68
2188074	26
18659718	195
16916224	138
9236201	166
10586749	124
8378562	82
38278539	143
15285900	136
15671342	39
7285875	88
28130066	123
16783239	129
13362291	117
11106075	132
13112835	147
6204897	64
9171060	160
8620814	133
15034041	150
16060687	187
8656837	120
15013628	180
6545010	94
2428825	28
4523541	49
7253756	113
9642356	155
11107576	95
13111634	150
12824954	197
14879744	205
3627778	24
14099554	170
221489596	220
26472425	182
19446812	211
6784861	87
28246539	171
16524177	148
13515688	194
40162522	177
3810894	52
14903459	113
7677621	116
71098150	159
7881449	125
25187018	110
10722734	138
16412207	183
16514571	189
15128601	128
15489727	97
8299312	47
21405242	169
13816476	92
14280268	149
106747638	179
7738860	128
9654663	100
22628811	159
11649116	122
8459613	115
37955536	156
25988521	89
9485357	156
6220806	99
36593280	202
8989745	115
14154789	110
26172536	168
9485657	178
29646918	116
7722650	93
35067123	111
20625652	93
14154489	154
6938857	106
35852716	168
12951934	140
3652093	33
4455398	71
10732640	123
18046133	99
8279199	91
10105246	77
7342011	87
7696833	140
22427985	190
13806871	41
15951117	158
18310599	109
24589642	201
11328514	89
1648635	12
14013701	133
8111094	97
12567092	160
52812466	179
29450895	154
37911708	125
35493690	168
4539151	20
14463383	206
10148774	89
14421656	157
17455662	107
4419976	86
14419855	189
6672891	105
12217073	154
4589582	61
26018840	197
7721149	73
17072321	165
27139744	150
8447906	95
11846640	163
11537746	173
7738260	149
21670009	56
7533231	99
10747349	190
9573012	145
10451363	85
7944189	98
16251306	136
9618340	84
7725352	92
17737539	128
26322331	187
10865023	205
13590735	129
4256673	64
128146276	199
10996206	106
5803545	87
9906221	160
57105162	199
6152964	85
85764160	118
18647411	63
6184184	43
9178564	95
9826371	182
16383990	159
4682340	74
27433328	144
10207610	123
6807975	93
12555685	105
12681164	196
5497953	110
11123186	145
19181146	222
7502012	76
17843505	97
11589678	121
3095244	55
9568208	147
8237473	117
6923548	123
20867905	160
17336788	135
5910412	89
7400547	97
7868542	113
7232742	92
7710642	149
5614726	101
8248880	104
15448902	186
17022790	164
13396813	134
20757736	190
7716046	91
11516733	143
1968636	26
24489079	220
23757520	153
7946590	120
6758744	113
11421873	165
12693471	108
7307790	124
8106291	115
4673335	37
26008933	51
36730167	203
13247319	164
5688272	96
9909523	106
43466097	142
13108632	167
12236285	88
5760017	95
4024928	60
6549513	112
13019476	151
7043924	43
6117842	91
2678582	49
104263577	118
14729050	187
16796748	140
17199601	125
17166881	180
3065826	45
5930224	104
14113363	45
10761158	159
11629003	224
14658505	136
9983370	178
8659538	141
13736627	221
19616119	141
12488143	112
12244990	171
15399070	183
9122129	182
97762695	166
9681680	146
27549501	194
4478813	37
9078602	112
11221647	147
22609899	146
10273952	125
8084077	148
13793362	133
10038304	136
4999340	75
10494890	131
8485429	110
24227315	169
91846880	80
22871363	192
21173197	139
26212762	201
13819479	102
11620898	87
13752537	181
5788235	78
71655900	116
7230341	123
5606321	46
16544890	158
9038676	115
17407932	218
21547832	138
8595298	176
9617740	147
7230941	97
17058513	177
3709729	68
8546367	158
6969777	126
16073595	46
11722362	204
14769876	124
7551842	90
11596582	108
6912441	99
11872456	204
12909607	215
18502420	154
6956569	98
9141641	114
10444459	197
14061431	76
2632053	15
13071409	138
8958826	189
3256745	40
13044392	181
11972419	149
9362880	57
11900374	132
7142085	109
3656596	65
82133980	195
29687744	133
63133548	131
12972947	163
4202339	75
15499634	80
12748406	153
16821964	221
4368643	80
8080174	158
9737215	179
15014829	199
16445828	214
8797024	122
2499970	48
4637613	86
14326197	151
12984054	170
3139972	38
4307105	42
2561809	35
6662084	129
16706992	207
12712384	110
7656608	129
8883179	109
9571811	172
16004251	118
10230725	159
13222704	126
9886108	141
3114756	39
9220290	174
13108632	132
11500222	162
16787142	182
8345541	164
8694660	122
8787418	123
10647387	137
7185913	129
49004875	119
4818626	41
4551458	90
19026248	129
5310335	56
9792149	186
570659	1
7178408	91
8694960	148
24192193	191
115072766	191
26209160	227
5209472	55
5449022	33
5064780	63
11037031	138
7716046	112
13854001	84
14636892	102
13739929	185
29638213	153
9405506	127
10320182	131
13150358	110
12580300	119
12931821	126
12759813	160
20191881	199
8881077	133
8831546	169
6842798	128
5757916	88
16036371	164
13036287	172
13268032	139
11357633	135
14835016	102
17541816	223
11851143	134
9438527	118
10097741	193
104066654	193
12311332	138
8755899	111
9050384	164
11831030	92
9895114	139
3525714	30
10067122	87
12845367	142
12341350	181
14059329	181
8275897	44
39377229	198
3795884	29
8705167	159
5648347	90
14990214	154
2909127	43
13356588	132
6359793	130
4513934	44
9222992	110
22697254	134
11835533	102
2393103	29
5557990	73
75330808	221
6627863	67
6785161	115
13851298	200
4035735	68
19333641	188
6594241	93
4777500	88
13833887	110
13334975	142
6168874	83
11907278	137
85696918	154
17558027	220
5533675	72
7024712	59
140656632	86
18306396	222
7149890	121
6105234	89
14061431	66
1636027	4
8857362	164
8528656	116
60404835	202
18186021	144
19522460	130
8871171	123
7598072	18
10672602	165
11237557	159
8809332	131
48058080	182
11601086	184
23734705	138
5593413	117
5705684	106
37678762	215
3483087	60
3570442	68
7535032	102
16036971	217
8793722	148
24362400	77
14162594	118
12902703	184
19477732	44
3162186	1
21976802	129
5936528	128
47368548	191
21704830	126
29306805	159
6423134	68
5742307	86
24912045	116
16135132	227
5404294	86
362027	1
15866164	181
6799870	57
105423206	194
6943361	105
18282682	149
2772541	32
80698779	75
15507739	200
7330904	107
10358005	138
20912333	109
10108248	155
25589871	127
10735042	156
6622159	81
14053926	166
18967111	223
20339873	177
12290018	153
72608699	43
19753305	48
2816969	48
7899161	162
6870115	129
14456179	168
4282789	54
7879048	161
4250369	67
2443835	30
5273412	40
11055342	166
10333990	97
6962572	63
23722698	187
24908142	204
14427361	202
13961168	89
7605576	34
14743759	175
10986299	141
14867136	207
9040778	131
8042051	59
8172933	120
7106362	126
6536005	51
19398182	166
8644829	45
26231373	190
23419508	41
10372714	182
6003470	117
10525510	194
5929924	96
3595058	69
29539150	204
8484228	161
2882110	22
12006940	121
8068767	115
3172092	49
9298940	13
8368355	130
9573312	89
19889891	152
20232406	228
7513719	86
12307730	146
20865203	70
10047309	108
8050456	175
2722109	43
7016006	54
5071985	55
1250585	12
7778484	126
8586292	124
5038364	99
94867077	160
15962225	172
7004899	116
7710943	87
3109353	51
12863378	171
6499982	126
20042687	203
18601182	215
8831546	73
7006400	86
24459961	237
4659226	70
6698406	127
11508027	220
11142397	86
7227939	124
7239047	70
6331276	102
34922431	233
11350728	125
31179080	133
11582174	137
29365942	65
12739400	97
16827968	117
6998595	54
5864183	104
9075899	165
13187281	136
6400920	105
8462314	152
15418283	30
10352602	155
4942604	43
5568197	100
13427432	174
20842689	212
5654651	77
13507582	229
18942496	182
28894046	188
7981712	141
6394316	105
11138495	208
1812238	28
9879804	158
20374095	167
7160997	100
9107720	192
122812826	194
9843482	137
2640158	36
14425860	156
8914998	156
84327457	194
13072910	215
67646882	130
8938114	144
12368067	164
3630480	69
81096229	160
23639846	109
9019764	120
22440592	173
10297967	120
10699620	82
2707400	22
9693687	127
9694889	153
4662528	43
4961516	58
25567356	126
6027485	57
25088556	126
17273147	179
25124878	116
9858491	126
9360178	147
3621474	65
22956017	192
10317480	90
10919057	91
13124842	106
17700916	184
6668388	118
2920834	49
9847084	123
6708613	119
21337100	100
9049483	83
6297354	98
9306144	114
26426796	144
11179321	57
88424130	128
11480710	109
19594806	84
9576314	143
12478837	165
16079598	213
6554016	115
9110122	114
18593977	146
9688885	133
10703222	181
90044548	132
35817593	195
15608602	146
8226667	56
2274528	34
17508795	166
7998223	139
7591768	111
11572868	171
13606045	169
1606909	2
4822529	48
6193789	126
15995245	125
9893613	165
7882950	113
7008201	46
8815936	159
79109881	178
10095640	97
9437026	187
87881690	196
37288217	196
16471344	174
18668724	172
51912802	182
9832975	109
11664725	100
30664558	80
14460981	117
16738212	137
6961372	125
3887441	79
15429389	183
10829601	148
14164995	219
5014949	73
12034558	210
6136154	79
1895691	21
5605420	98
11282586	123
13510284	166
11977822	217
10921458	181
9586220	140
14409649	84
1978542	32
3126764	34
10145472	151
9289633	90
8374359	100
1684658	9
21388732	119
13745332	102
14791489	178
10000781	98
8788619	156
4303803	72
14885748	143
10153276	99
12691971	140
57662312	206
8199049	131
8074470	78
1379366	5
18357128	144
6821484	120
10774066	213
4414272	90
12569794	109
13059402	183
7816308	148
18264370	164
13335275	133
19484937	232
22116689	127
14694228	142
5494951	53
6987488	122
5465532	106
20252818	133
10092938	172
14838019	158
6976381	128
12365065	110
25508219	137
5898705	119
4835136	73
57393343	183
8497436	163
10206710	135
4754686	77
10591552	74
8537662	99
113786158	190
6062308	83
13184579	162
11461498	122
3832206	49
7973307	152
5703281	105
291078698	135
9003554	191
21823405	80
11238458	183
27053589	186
9184568	80
12730995	131
11992832	72
5654651	54
24143562	182
12736698	241
31224109	52
38288445	179
9829073	143
10727537	167
110207310	98
7887453	134
13340378	176
24402024	182
5344256	99
4634911	50
12067579	158
24444051	61
10578043	59
18695140	157
4951910	100
8145016	110
28528415	160
7610980	133
3717235	68
10812791	159
8822841	150
3517309	60
7256458	136
7553344	108
10625172	213
22796616	126
9859992	102
40238470	130
21870835	151
7346514	23
14131975	142
13171071	241
13232009	184
5897203	88
4380351	69
11505025	200
16679674	208
9698490	80
5739905	65
13220603	131
2661771	44
2405711	36
15841248	92
5971050	63
6665686	81
7781787	150
102037980	115
3290367	30
20274132	147
5046469	76
5480241	104
11556358	146
7784789	62
6507486	97
18155102	159
11194930	139
3956184	68
2642860	50
5281517	51
12746605	227
75142889	195
13883118	104
25898164	107
26271598	237
6977882	68
8752597	132
58858864	122
22930801	190
14516516	164
19458220	163
4103277	75
16824666	119
2277530	18
15562374	188
10158079	161
13109833	183
5895403	100
21822805	122
6293453	48
88496776	159
30049771	223
16311643	160
10089937	144
10029899	130
8479125	166
3333293	26
16456635	143
3856222	60
8111994	125
9077101	143
18742270	91
6167673	58
12105102	122
11100371	162
3656296	35
2456142	2
9405507	100
8322126	110
9286332	128
14676817	159
9441229	141
18419268	136
8256385	91
7121072	137
3869430	81
46511510	121
6442646	31
4721365	42
9174061	135
12888294	222
14000192	189
7453681	102
5141930	59
85598456	175
34067194	198
7131578	65
6626962	51
6409025	62
8990346	147
37922216	198
9404906	97
10628775	143
5361667	54
4918288	47
5840468	109
9773237	99
5928423	91
6081519	120
27158356	183
5613525	59
13560416	123
10982397	167
22657930	220
5769023	115
8783516	124
5268309	99
10128061	167
7179309	71
43456191	112
1731787	21
11860749	203
8317623	160
15200947	121
13495875	143
6681296	38
9661568	48
12081987	148
70023175	111
16061286	229
28990706	146
5675665	71
10456767	141
8127003	138
13376101	128
1646834	2
6570826	138
9031171	65
12599213	102
22681644	110
4616600	33
2990178	43
12641839	175
10005884	155
11250765	61
4900878	57
8698862	85
13053097	203
3436258	70
19668352	185
4715362	83
7977810	153
89868337	133
8865467	160
8435897	62
2227999	2
6035290	28
11018420	158
10789676	205
1735990	25
9623144	167
7230640	76
11036731	153
7430867	143
6103733	101
22192036	126
5902907	100
13974376	149
14143082	114
7698335	143
9445132	186
8293608	155
7237846	66
15994345	131
11740373	189
6403922	97
14566648	174
3748154	35
4788307	62
12851071	207
6891428	109
8482427	143
7118671	97
4653523	91
1666046	6
12075083	131
12106603	120
21207119	154
13641467	155
12982553	149
6058405	103
21352109	199
7409553	130
15469315	186
10729939	156
11353430	109
9095412	128
14565748	174
11665326	178
44993155	179
12502852	62
15352541	208
20373195	80
3692018	34
6273340	88
10202807	182
6659382	132
15349539	191
9561005	191
5465832	100
19094692	119
18409961	121
11788703	182
8109293	123
11249264	181
9670273	118
12658049	111
5300729	71
4894273	62
6406924	120
97572676	90
10502696	150
13762443	196
18033525	199
5450824	72
53426352	121
7176607	106
15733480	59
15271490	196
13708709	95
7683925	113
2832579	19
9963257	127
7169402	89
4766994	54
6592440	101
11981124	94
8880777	117
2475955	27
15160121	176
8592596	140
9971963	75
10231025	158
9150946	187
20447041	201
8943817	79
23003447	242
33012031	186
8377661	139
32600473	105
6981484	134
5807447	93
6975181	132
8722878	105
8913198	181
8352145	155
25796100	170
4445792	76
15616407	189
12224577	182
17473674	117
11661723	159
18201031	155
11106075	187
11714557	194
4797613	71
15241171	107
12144727	131
11498421	125
12304728	121
21558939	182
4956713	102
43285083	221
5950337	120
7711843	102
5964146	67
87636135	217
7914170	159
10251137	202
103302073	97
14264358	191
9896916	137
6132851	105
4170219	44
12826455	171
7211429	123
6937957	35
17003878	202
5885196	108
10655491	213
21187305	123
6666587	112
20077509	154
12720788	159
8146817	42
16921026	163
7982313	92
7935183	87
11972419	206
10441457	110
82262761	142
2838282	43
7163099	72
3807891	59
4847144	69
10154777	65
8905393	118
16635247	69
14071937	211
7990718	159
3401136	47
20559312	201
8606705	88
3891944	56
4637913	67
6777657	106
4821628	90
3977798	38
14752465	172
15135205	129
12876286	193
16595322	146
34541492	71
16187666	165
18122380	166
26387471	211
10046409	132
4658625	78
96740553	159
12580901	169
5426208	61
10166785	138
8449706	121
22562769	144
8210156	131
14457379	195
3792282	71
20325464	137
13342779	117
18958105	218
10795079	122
8525954	133
24790168	161
6581333	103
37022851	96
8395972	150
27086610	193
11176919	185
16447929	152
11297895	118
12966944	144
10306072	131
15233066	160
10390125	158
6796268	111
8660439	144
7907866	104
543941	8
6945161	87
14826011	129
5846771	91
9111322	98
3270554	54
7728053	90
7260660	73
3258546	54
4625605	48
6820283	115
28455470	232
23718195	223
8019536	150
6825087	113
105052473	86
21796388	167
6439044	91
2853292	29
17514799	74
3756259	58
15197044	112
8845655	114
10072826	158
40296706	144
13048594	180
10844010	60
7969705	167
189683721	122
6603247	71
4060350	72
9383593	150
5734802	94
8636723	71
10055115	208
9536089	181
17155774	207
13074110	180
17097237	189
29536149	152
7532330	99
65319221	98
13522893	171
5444519	105
14240343	149
31145160	215
2765337	51
18471800	196
17763356	94
8218561	79
10049411	85
7959499	113
14113063	94
5167445	88
7423361	69
19325236	144
10565735	186
3141473	26
6694204	134
41630444	137
9745020	65
6747638	91
15825639	183
9396501	158
7250753	135
11463899	136
13399214	131
20542801	165
6565423	122
4368643	66
9758228	174
25320601	108
5467634	78
6034690	113
5819455	47
3584551	40
18760281	152
10667499	155
15508940	204
7008502	117
36924389	40
14921171	107
8440400	67
10292564	185
14235240	107
9365281	43
8977738	114
57877847	155
3640987	39
13584731	128
8296910	111
45265727	150
18091762	204
6423734	103
37690770	134
3957986	30
12142926	151
23015154	149
7487902	159
24922851	103
16227291	151
7679422	69
46880741	171
78408341	134
5736002	82
13182178	53
9042579	146
9769936	99
11021422	208
19918409	124
32404750	117
9856690	158
52773141	178
60715829	223
7625989	105
9121829	187
26877979	167
5879793	116
21674512	188
15284698	118
12269305	115
9390497	173
8546667	100
13112534	212
1816741	12
12523865	150
12596511	105
8395373	4
12414597	194
2449238	39
90109089	203
8791021	23
4221251	72
7390041	115
27801659	228
8544866	95
10143370	133
19097393	195
6293152	85
7013904	140
8688657	170
10888138	161
22774102	177
7957097	116
8592296	85
4323916	82
8476423	116
20646366	168
14671714	118
23555193	164
8159724	122
3154381	31
26781919	104
8003026	103
11111778	210
15269389	149
18928087	195
15243874	120
110801083	111
14001093	121
11079959	123
12064876	86
8362351	114
7727153	107
6466361	113
20521787	136
8678750	91
11506826	201
10839507	195
16634647	101
7073642	80
9892412	207
5472136	119
31878820	198
9267420	96
8964229	95
4247968	34
27375391	234
13376401	82
7206926	88
6984486	63
60460669	233
8236573	124
2783948	26
9980067	124
14755466	135
6662685	88
15084173	196
6854205	60
5222980	113
15947515	148
17208607	179
6055703	123
15607101	153
12016847	215
10984499	176
51796028	105
9585620	152
7508015	94
13814675	191
20811169	178
3686916	65
8619313	125
4392358	51
27970965	203
9731511	148
9745320	112
17142565	195
39526122	87
17853111	218
5217277	60
11552155	149
20890719	150
8416085	73
18773189	198
29311007	167
2104922	22
8539163	95
7354018	127
11001008	232
7837021	103
9447533	83
10217216	87
9100215	172
2919934	44
17079526	100
9142842	144
18449286	83
18011912	79
7201523	68
3680611	64
12063376	227
7649704	110
52698995	96
10301870	128
14144883	66
3843914	45
2993180	40
9129634	189
10884836	109
48873993	100
6076116	126
1181542	1
5824258	84
12605216	84
12525066	178
6537806	122
24392118	104
7810605	150
7947791	138
6758144	89
3701624	41
3512806	45
7230341	118
4890671	85
56682196	168
27308449	157
12564390	2
6849701	129
10993804	117
11617896	123
10357704	193
54451496	196
7835220	138
12461726	84
48898008	220
10258042	127
23785137	115
11026825	221
7339009	123
7817510	138
5990863	72
11637108	177
18372438	130
11094968	103
7044824	110
11441985	180
9860292	144
16942340	127
17597352	229
11222848	136
7227339	98
6074014	93
15551867	125
3644289	63
8899089	106
7956796	69
6536905	121
71713536	47
10356203	87
9257214	72
6365497	101
13167469	180
5721593	61
9990574	187
52835280	212
60765061	185
18757280	198
10334289	121
1238278	8
16346465	153
8391470	103
6144559	119
54756788	221
2999484	28
6133752	101
9701192	46
4256673	55
26285707	146
19444111	132
4702753	49
8207454	108
24247127	229
3692919	38
14159292	202
9925133	65
22424982	60
9604531	135
8288506	163
14950589	166
11209639	51
2955356	43
44586100	154
14823009	144
10240932	162
17919754	164
13947058	147
24031592	148
44061371	86
16100311	136
41324251	233
85627874	147
9175862	117
9733913	151
19416794	129
10973691	66
4514535	48
8279799	131
9110122	137
15137306	116
12539474	195
14006196	210
20506178	152
2880309	51
1317528	2
4561064	70
7620586	97
12480338	177
7669216	76
2991679	48
10311776	110
5787935	77
3741250	2
10617067	127
12961840	236
19953231	171
12786830	176
12374972	97
7673419	122
5035662	71
7627790	121
36961312	188
14750063	136
5313637	76
9959655	148
4977425	89
6620358	52
13499177	170
15846051	117
7989217	74
10013088	178
24366902	89
11435682	129
79099374	136
12040862	213
73660259	48
10864423	87
16440725	223
21223929	236
10688813	133
10740745	128
93061743	139
8215859	98
11606489	184
6567525	59
7644901	146
9687084	151
23933430	214
8133908	98
4911985	63
17372810	190
12446116	206
23758721	197
5342155	59
19272703	95
11805213	207
19033153	135
22502132	123
5724896	74
14119667	220
5569397	86
10129862	80
8632521	159
6047598	104
14683722	136
4155810	81
8908694	135
15051752	193
9779241	118
7031316	63
5058176	94
7066138	107
20262125	188
6837994	130
46045316	125
12293921	194
11544349	139
8080475	139
9154850	171
7302086	128
7179609	141
2944850	53
17929660	239
20288541	168
13582329	172
12302026	185
8771809	87
6785461	53
17996301	102
6850602	86
7028313	122
10098342	117
8646330	132
3906653	47
2008561	40
9665170	91
14656104	218
10678906	187
21922167	210
13277038	181
1952125	26
3866728	63
24758949	174
11786002	148
4656524	58
51612313	127
2460646	17
11987728	117
7248952	96
7389441	85
5638741	107
15866765	167
5013748	34
7860136	91
16613033	234
16389092	135
2845187	44
36462999	162
7846328	113
7168202	103
10410838	179
11575269	203
22844046	125
12676361	154
11239059	122
4465004	70
19777920	208
6421033	85
12871183	225
17434950	195
13387508	141
23309338	139
16939938	133
9885809	171
19143922	193
21938978	142
1821844	25
998427	16
2524886	41
15040045	5
13998991	133
10264946	181
14817906	171
6034390	113
12983754	94
1072874	2
1522857	16
9962057	121
6564222	93
12760113	138
22088171	91
26371261	163
11175118	202
88331673	165
12613321	141
8449407	111
4239862	62
8665542	78
5071085	69
20202087	188
3791982	58
10661195	146
11616095	154
11160108	157
4667932	48
14800495	154
9835677	191
12654747	97
8870871	159
8029443	163
12119511	96
18475103	78
7061034	127
6948764	22
48195867	135
5651049	87
8319724	51
12566492	160
9191773	83
10916055	151
11548852	213
6466061	16
8419087	65
21352709	174
7020509	67
8843854	122
8307117	80
6105535	70
34499766	130
19166437	221
6904336	71
5388684	59
5785834	101
11036131	208
20003363	219
9106219	134
14947587	174
9394100	154
2244809	19
15214455	165
6262833	41
4107779	37
8322727	102
7099158	118
8037547	113
12450318	215
9383293	136
12383077	189
8151019	92
7090152	99
1312725	15
13966871	157
13364993	184
11419171	159
1099891	3
12276510	200
8407980	155
6742535	57
25807507	221
7183211	140
5047670	27
14541732	176
7644300	110
10223220	111
12654147	99
17130258	117
5319941	89
12609418	162
15334530	194
21922167	231
6744036	51
6593941	122
20240511	164
22219954	210
17726132	215
10807687	140
5212173	98
4504328	55
14692727	193
13253923	210
4428982	36
8671245	171
27528188	108
7994921	143
24152268	40
6830490	72
12011744	166
5836265	84
7099458	116
6393115	85
12097897	176
7683625	136
3260347	38
10631776	80
14024507	210
17766057	196
62342851	174
13821580	100
23708289	202
98976057	143
6488274	34
22034137	135
12256697	134
9584419	149
9107720	140
14927174	117
10071625	143
21981904	212
2298843	24
19816345	165
53885641	165
8665842	148
8352745	105
9749823	65
12635235	131
5115813	88
65035842	68
13807471	211
107290078	95
9165956	174
13489572	134
11939699	96
1957529	20
8644829	124
7865839	77
10090837	190
23049075	229
9992075	195
7785089	117
31726624	207
9033873	120
10829601	148
6769852	69
7510416	139
6570226	121
26003530	176
14678919	164
12132419	185
8593797	79
2634754	52
10658793	142
10581945	126
10053014	133
5877391	82
17461666	225
59143742	157
4691046	64
8305616	114
6425235	103
10361607	148
8001825	132
27291939	210
16128529	62
21963593	179
14457380	153
19115104	84
6824486	99
13627658	222
8994249	172
6849401	112
9094211	104
10463070	150
13577827	236
39469987	169
9805058	159
4812322	72
4626506	62
4106279	39
3262449	50
7191916	65
5865683	107
8908694	126
8760401	98
26225970	234
5809248	82
2670477	45
2372090	2
13112535	133
6109136	114
16766129	174
8767907	157
71836013	140
11248364	139
4579676	82
18460994	134
4997838	64
6798369	113
15418283	176
8697062	137
26318728	84
3685715	38
19606813	184
8805129	139
1299816	21
3396633	49
16420912	93
11422173	154
12722890	175
6302758	126
26473625	126
4727368	77
18494314	121
17037500	150
42820391	137
10650989	116
5801143	27
66884403	139
10039505	125
703342	5
10926561	112
6907338	88
28395132	128
15050252	206
19978746	192
15067362	122
31804374	232
4771497	51
14009198	134
27031676	55
4077160	23
3999712	68
288643268	228
15982637	185
6014877	43
18725760	170
7271167	126
6465161	81
1621318	9
66095508	147
8775411	110
8967532	113
5242792	76
39080642	54
8523853	141
5429509	60
6537506	84
5956341	92
6036491	118
5934427	77
12243189	187
31970378	180
6043095	103
62595310	196
11759886	124
3641587	70
2805261	41
17506394	124
10151475	191
62175646	144
101121805	197
9366482	145
7324600	136
9313949	168
19713680	165
14279668	166
33693759	163
15821436	176
15079970	212
4559563	76
7777585	141
10741345	191
2596931	25
18125983	137
5273112	91
54076560	132
10115153	189
12996362	174
12726793	132
7722650	122
13033885	194
20086214	140
3930368	59
35487986	107
8243177	137
6839796	65
11813019	224
9392298	129
12161537	174
9542993	139
6440244	87
14587061	152
10282057	148
6726925	83
6668688	89
3017796	58
13795463	66
7985614	32
8712672	145
10789976	154
19425799	189
8909295	117
2782747	47
11325213	7
9292336	82
11980824	235
9849786	110
62155533	142
8368055	92
6793566	93
11415869	151
19687863	196
8105691	155
2803461	38
4770296	61
19036755	204
27123233	216
19713980	235
7130978	141
25015910	117
36238158	138
9494063	112
9261116	92
3794683	68
13497376	190
27623347	55
17019789	178
5455626	45
6068311	86
4971122	81
110391325	97
16324252	124
8135709	141
11089865	154
16253707	133
3211716	1
74440749	209
30742006	162
9476352	191
9234999	184
11206037	130
10454666	113
17585644	169
6104934	115
6152964	39
18239154	149
8084377	163
6083621	65
10470276	172
4346429	48
26587697	180
12155234	160
11293692	130
11028626	67
27088111	162
21888846	73
8337136	96
4346130	35
15711867	215
2842185	50
2934943	40
10995005	135
11198532	112
8870871	144
31030787	114
27569013	119
9871999	175
6526999	83
1555276	31
9325957	121
27850290	121
12259999	91
9752524	144
4972022	96
13416625	85
12740901	59
21885544	191
6025384	75
22682245	166
3704926	59
58820739	186
16646053	53
8467718	69
11178120	149
9996878	124
4570370	53
7896158	96
6076116	119
17975288	127
27578319	100
11381648	219
22163819	234
6856906	136
24615759	219
11644013	177
23162846	221
18414765	119
13550210	173
5779530	108
5013148	91
15614606	168
19445311	199
26424395	146
6044896	101
4928495	82
8776312	139
10367611	121
39639294	128
9456539	167
11930693	89
8770608	131
9525583	114
42818290	155
21426256	99
6969176	103
8539162	161
19552178	186
24032492	151
47186633	185
31588237	185
16811758	187
17979491	108
10601757	109
9510273	146
7668015	105
6495179	81
55848272	87
7434468	81
8527455	79
8823741	156
13377601	98
12712683	170
3441061	34
5195663	51
12592608	223
17643280	173
10098342	129
8493534	77
27701096	157
4669433	86
8998451	90
14287773	120
3091641	57
41503164	148
15670141	191
9594925	148
9247308	115
34077400	106
4100275	28
27221095	142
19954732	118
12008442	156
8285803	78
7207226	102
590121396	158
141531982	154
17349396	210
6847000	102
14995317	145
17955476	173
10738944	40
7159796	106
9915227	172
4910483	92
9245806	69
23212677	236
13829385	135
17389020	173
13557714	130
19984150	208
8525354	117
16416109	154
10135865	155
9673875	87
4588982	43
8323327	136
6914242	98
20764040	149
7661411	77
24057708	187
15556069	171
788295	4
103003986	139
14204620	120
8531358	96
30117914	176
7728953	137
17967483	222
8995449	77
8855261	89
8637925	48
25132083	181
15580985	206
2119932	31
9197176	123
10222619	67
17055511	132
4880765	54
49156170	182
6130750	58
8419388	73
51013436	147
35845511	85
34883106	200
69695969	218
8299312	157
29179825	225
12932421	179
6140056	80
9761530	194
7924977	158
32006701	157
30857279	118
4945306	85
13439140	185
15109389	166
6072213	78
9691587	99
3628078	57
12847168	135
6533003	103
22420480	164
6222908	112
20263025	205
14048223	185
17099939	76
29796412	138
15055055	196
6288650	61
9605433	106
26489835	167
5594013	80
8846556	72
7479197	72
4575773	96
16566204	98
10858119	186
10916055	28
62821351	104
52650665	153
6084521	112
46875037	95
9798453	112
12699775	69
14330700	145
10020593	175
13728822	203
17357501	231
4935099	63
5710486	76
143878555	242
33730082	172
3763163	19
8907194	102
12178648	24
7290979	109
6449550	53
15513443	87
48538383	209
11307201	182
6181182	131
14402745	152
12906906	129
8776912	109
11310203	134
7449478	71
6431239	126
35894742	110
10276654	179
10397029	184
7107564	129
106194691	174
11068551	105
26226871	135
46306180	94
8901490	141
8888582	163
8704566	150
8546067	137
13643568	137
20966367	167
8184640	140
23197668	142
11903376	88
12307129	183
16410706	202
26113099	208
21553536	93
7022910	116
10324684	207
6848801	71
17229320	160
1683157	12
18155402	101
88114936	197
19534768	96
17850710	139
11580373	180
9137438	125
27615843	212
15293705	211
7235744	143
4727969	78
4911685	99
10066221	171
18696942	162
73997671	165
6064409	90
17384518	146
10299468	74
4612096	71
92877427	189
9763332	123
7487001	113
4785906	76
4516336	68
28391530	90
9764532	111
16885004	205
26334638	148
96702129	178
8327230	82
7523024	103
7290378	120
9885808	53
12213470	101
8564679	101
3706127	61
11122585	138
21565543	81
6998896	98
7354018	52
23646450	76
12327241	149
11784200	199
36207238	196
7738259	144
13682292	71
9521980	128
2860496	39
9480854	117
18535140	141
7899761	143
16900613	122
17957577	190
8926105	106
3700424	43
8786518	108
11982024	97
17330183	169
9418115	154
76047358	175
36821424	187
11432380	150
4439188	68
