42034498	125
7962200	106
13557114	179
9586220	119
3435057	54
4361739	79
345217	4
10436954	164
10740745	171
5449322	65
3756859	41
4474310	82
2996782	54
5156938	84
19065574	124
4680839	88
55187257	101
3772769	61
7213831	106
4800314	68
1451412	18
23821460	163
4923092	83
6179681	119
799402	12
2405411	46
2238206	37
7200022	137
2225898	39
16322751	160
4417274	89
7178408	132
10957181	178
5139227	92
10086935	163
8420888	168
2813667	37
3740349	40
3773670	49
280377	2
69340245	171
12558087	213
63687996	73
5783432	106
3440460	72
2508676	33
16397798	194
2188375	35
1863570	20
5313036	75
1349648	12
99164576	59
7734957	111
2292840	40
18850638	219
7698334	150
2043383	18
1503044	22
1939518	16
4803616	77
1093287	10
7281673	139
1372462	16
4606093	76
8322727	179
873849	17
7654207	122
11466001	177
6547412	97
11338720	232
7766778	146
5454425	103
1048258	7
69630828	157
135481682	155
91519975	135
3137871	42
7499009	132
1480530	4
11943600	167
86791105	131
15144210	217
4086166	64
7176007	117
8926406	113
14115165	147
2409313	43
4184328	84
3565039	55
3548828	50
9235000	154
5941331	111
6274840	65
1357753	8
4032733	49
4854649	11
2323459	44
4741478	47
4443091	72
6638969	75
4881666	48
3701624	18
2635355	36
6856305	84
8632221	134
3128264	28
1274300	7
8608806	167
10761158	141
4235360	75
15215656	87
7088051	110
11528440	120
80966547	129
91460837	160
69152628	102
3864026	67
9958154	185
3844214	49
5003542	78
5705683	37
5820956	101
8273496	48
8042651	129
3229128	44
8133308	152
3368415	68
6441746	110
6200994	119
3231229	37
1526158	16
50806006	143
3076932	50
3593257	63
5334950	95
4331720	66
1473325	13
9360178	131
3315882	27
2348375	15
7569854	38
14669612	198
1777116	13
12746605	138
73000444	122
5309434	96
13869610	121
4666731	88
6956869	108
10751552	165
5336451	44
3474081	56
9421417	173
10706524	191
8393571	83
5482343	95
2553103	31
2436930	29
1474827	17
3059221	33
82822613	40
5137126	64
13996890	175
5551686	94
4942603	40
891560	14
1284507	13
103541324	193
289982	1
635499	8
5338252	85
3694420	62
5596714	36
1497640	25
4052545	46
11702849	220
2526687	45
101753401	159
1772013	20
12717487	165
13571523	152
9951249	115
609082	11
4522340	38
1629423	17
1894790	19
1496740	8
77205786	71
10900745	132
4244066	19
14155389	221
6395817	131
11376545	151
7703137	113
54063352	111
3645189	58
7391542	148
1674752	27
5560092	103
2045785	33
1980344	15
1482031	7
3515808	16
1113099	6
791297	8
10653691	192
9997479	98
4135397	88
7187414	135
3891944	16
4597688	64
5173449	60
2462446	32
4044741	58
8085578	151
5346358	44
38602743	83
2831078	40
4712960	93
1876178	29
5154237	21
4003014	11
7210228	90
4264178	18
3251342	42
3269954	48
3856522	80
1317827	21
13610247	196
5210072	54
6451351	106
7209628	118
7628691	126
3529316	71
12099999	229
6821183	118
5827259	106
9074099	171
6052401	81
87948632	129
6299456	79
3067327	35
4125491	32
5316639	84
9285131	126
13084016	179
6535705	118
2585824	43
29379750	192
3544626	44
2777344	17
2627550	30
6825086	130
8577287	103
28445563	198
6932553	125
18117878	164
4197536	72
1950925	10
8847456	145
11872156	170
10265246	104
30969248	16
2777044	56
3411643	59
11325512	137
13407620	174
4185529	60
38214599	81
4888570	60
3710630	75
10469975	146
6188086	100
2690290	35
14001093	137
10629376	158
2922335	22
2410814	32
16164851	160
2504173	33
100402252	43
3372317	34
7489703	152
1576290	12
2772842	49
11886564	238
10822697	156
2964962	55
4214346	59
3985003	46
3550930	56
11228552	212
3903952	32
1297115	14
6828689	119
2216892	14
1562781	9
1468522	12
9285431	181
3172092	44
5586808	105
9519278	94
1844659	21
4670633	94
7610680	70
9476952	140
5464332	72
708145	8
5786134	100
4229957	34
2260419	33
5951538	68
308594	3
7819311	134
8906293	164
7758073	87
4324816	17
2926838	46
11325212	133
817414	15
1254788	8
1600605	14
7760174	135
9044981	111
4265679	24
9356876	179
2557606	38
909571	7
26807735	134
10501195	161
7399947	83
580264	5
13099926	125
9624945	185
6548013	117
12469531	214
8785918	156
5056075	76
10367311	206
6892929	28
94434805	147
170816873	146
1630324	7
3676409	67
5192661	86
14968000	183
6501783	122
63414224	72
4713861	50
9109821	163
4166917	31
8770308	164
8924904	170
19309927	170
2678282	36
10107648	205
21164791	14
973211	14
6457956	119
4206241	33
10807687	159
1641431	33
3751156	68
98688476	33
1302518	13
1665146	18
6339081	99
5100804	87
4630408	94
7734357	151
896063	15
100252459	71
15935808	153
110568136	138
2852991	22
1763607	5
9393499	169
4516336	79
1956629	5
436774	3
1100191	1
3167289	56
216031268	52
3057120	54
2171564	13
796400	2
4547556	83
1439704	5
2298843	32
6836494	137
3954083	72
673323	2
18345121	126
3127364	37
2465148	29
1739592	14
2575618	38
2291339	28
6439644	89
2106723	38
2984475	49
3466276	65
13334374	176
4439488	81
11591180	225
3402637	48
10689113	210
8175034	113
26140116	503
4558063	73
6650676	109
8009630	115
3538922	44
3308678	24
1775015	21
13068707	185
3252243	69
6686399	103
832122	3
2642559	14
146412748	233
1778317	9
853436	3
9114323	170
16108716	196
666118	7
2028073	37
6920246	6
61703149	78
3874533	74
15795620	201
6013677	63
1267696	18
8550269	138
11207238	176
1702970	33
1880381	26
9171360	164
6349888	123
11432680	133
11692643	65
3925566	73
3033105	46
8741790	104
3490592	24
7634695	97
7038820	93
7613681	133
4223652	53
6845799	128
4082564	76
1659742	15
3813895	25
11681236	212
492009	7
104943804	222
9263217	180
672423	6
1865071	22
5131423	76
5866584	102
2469651	45
6926250	142
759777	4
2913329	53
5275213	94
10429450	185
3687216	73
7087451	111
880453	8
763379	6
6834091	137
750772	6
3998511	70
67807483	12
13786458	129
2116629	21
7022310	131
1888186	32
5073486	86
6228912	112
105381479	80
6471764	124
3804589	58
9754025	187
5275513	111
11462398	198
2906125	31
1883083	32
3468678	61
11569265	171
7172404	45
3309879	20
2436630	19
5952738	99
17632773	168
3049015	48
14527323	125
6856006	84
1338541	17
5839867	63
2849389	43
10717030	4
53049315	133
8205052	133
9738415	189
5062379	73
2532090	27
1999556	35
7824714	157
39979707	98
9700292	127
7456383	101
13501879	118
1863571	14
2803461	52
2595730	48
3794083	65
2539294	20
7842425	139
827620	10
10552527	104
7061935	72
4989133	104
6783960	34
1646234	13
9531886	96
6473266	60
13704206	56
76669348	503
3770368	60
10543521	158
9805958	183
9391698	78
4135397	77
96949484	116
29058549	216
2975168	53
6384709	118
1157527	10
881654	17
8961527	174
8462014	141
4260576	54
6606850	75
5654651	55
3255244	27
5153337	97
3112055	7
6718219	115
9817366	191
13149458	129
3467478	15
74859812	103
6145159	106
5636340	37
3926766	26
2233402	21
6556417	114
10036503	209
1835653	28
16503464	107
1829049	9
6337880	106
2890816	56
1960231	30
3972395	79
6718519	119
5839567	104
3034905	19
9783444	192
12847469	230
4202640	25
5875890	104
8815937	124
3431155	63
1647734	29
4530145	69
5170747	52
4763392	78
11946302	235
1401580	19
2000457	21
3918060	70
9714401	162
9553499	176
7455482	159
2484361	49
23245398	161
10696317	201
4493522	75
10505998	153
7742463	118
2934343	34
1992051	22
5926321	59
9571811	127
61441085	43
5620730	86
5760317	90
1694264	25
10519806	187
4881365	62
10153876	169
6866512	107
6864111	114
7870343	160
4373146	67
2593329	20
840228	12
1168034	12
693736	9
1998355	37
5775627	114
35195603	9
22302806	225
8220362	172
4862154	88
6078818	87
23392191	197
2459745	37
8670344	148
7023511	141
1485933	12
5383280	70
6686399	111
5984858	100
5606621	94
9663069	158
3403837	72
4920991	73
6904636	99
2496067	17
1186645	21
533735	3
9420817	139
2140344	33
13888222	206
116506766	204
7736458	91
6642571	99
5615927	84
5454426	45
3041210	57
11268177	165
8549969	166
4855850	42
1847360	17
8154321	77
4750783	39
9339465	180
10765061	185
88869911	82
3733144	59
7381936	102
6330676	108
7863738	156
10989002	84
3644889	60
68587073	153
2510777	27
2776444	58
4927894	65
102627851	102
349119	4
8570983	149
3421549	50
9835076	97
1643532	18
2761734	29
5283018	86
4584179	87
3273856	38
2148149	14
5482644	80
6097430	61
8963329	121
10767162	89
3622375	64
2206086	28
6926550	52
2925036	46
2643760	46
3305676	14
960303	8
2007961	24
1937416	23
1063568	18
6065609	123
1824846	26
3505602	68
7078446	125
6201895	113
715949	2
1241880	8
3376221	58
6816381	123
3272655	27
1430999	25
3342299	34
12056772	230
91716598	156
18556454	240
2281133	35
6069811	98
7088652	121
5025156	83
10495191	145
7693832	156
6706511	66
90899185	86
10092638	184
5478440	58
4656524	50
5696077	95
5925421	117
10617068	68
12353658	111
6410526	120
759177	11
4540652	47
657413	4
4434085	78
5951538	101
846231	4
2651265	58
72717967	214
2173064	32
108764604	503
49361199	48
7276269	111
1808036	26
5025456	61
362628	3
5925421	29
74906641	156
6670189	134
2696893	7
17610559	92
5992063	56
8441001	165
15622711	36
4955812	76
8741489	174
2030475	37
4217949	50
5466433	46
14314489	133
13350284	106
5006244	82
17235624	163
12655648	128
5687072	67
9801456	178
6623659	124
1200454	24
5589811	97
6753641	135
1702069	35
6157467	79
7114768	97
4694348	53
14940683	169
5864783	101
2723010	41
1960231	17
1690061	10
2869802	54
2183572	31
5916716	121
5763619	107
8929707	161
2865299	54
951898	2
6526398	40
4751084	79
8214358	91
12164239	48
8899389	145
13190884	199
29741177	242
70765240	71
1456215	17
8984042	185
24768254	228
4407068	70
2159856	24
80495551	227
11159508	169
2894117	54
6991090	117
9440629	194
1039552	19
6971578	73
2865300	46
5527672	97
10407536	142
2612241	32
984018	5
2250514	6
1545370	4
2795956	47
7015406	126
17174686	216
1651638	8
11108176	17
23918420	157
1358653	20
2903724	28
10598456	48
6442946	53
1033550	6
13912537	25
5284819	19
3378622	47
11711554	200
1967436	3
5106507	77
949797	6
4381552	48
12826755	207
11253167	184
3092242	57
2469951	17
13303154	94
4044740	60
5164143	64
1839855	35
14505710	88
5902907	65
14472689	86
22620405	57
6311163	73
2929540	29
1020040	4
3009390	18
14464284	35
11596883	216
2378393	4
17635776	214
1671450	5
13174374	202
10159580	50
6701108	135
3557234	3
18029022	222
2702297	41
1158427	8
7513419	59
6563922	125
2010663	17
11623900	214
5008646	41
7348315	96
8405879	142
3301774	35
5584107	88
10825398	213
5476339	62
10022994	92
2179969	28
3898548	76
2621246	22
1144919	20
12845967	150
3324588	32
4623503	50
7923776	150
1693063	6
9711098	183
2581321	29
48430314	78
7737659	159
2762935	13
53866728	151
8384566	2
5497352	87
8614210	131
6678894	86
16649956	190
2036179	16
4536148	74
7154093	95
2011864	10
7026513	69
5203167	75
1894189	9
3566840	68
978014	14
3112955	46
9204380	188
4736975	89
12161537	125
9499765	75
2567212	42
2627850	26
579664	7
11705551	129
10039805	213
13130245	204
2385898	40
5548684	83
9886108	173
9648059	74
3417346	56
4874462	80
6187786	87
10783672	203
8924004	99
4657725	69
5159340	56
6265534	89
5705083	66
9706595	88
1086983	7
5700280	97
5382680	87
8817138	127
7544038	143
10763559	144
9794551	180
2433928	4
5118514	42
11749979	85
7434168	117
4231758	30
54192733	83
1909800	14
15204848	207
14346910	221
2722110	28
3956785	57
11761086	157
5936828	84
19772817	24
7043023	67
38043492	77
14209724	228
2455842	25
10868626	145
9658565	137
4421777	39
5891499	69
5593713	71
3247739	26
3468679	45
12724691	94
9458040	77
16015959	214
2600533	38
12796736	106
23789040	240
4129694	43
2808263	10
450883	4
8057660	63
4439488	73
7145087	105
16348267	102
1704771	32
3920162	62
10754554	72
6157767	42
8086479	113
5554388	55
3309579	30
1915803	24
8636724	115
11246563	181
18702345	130
2107924	20
3342899	43
809008	15
1817041	24
12103001	8
1778317	15
5033861	51
11309602	205
3677609	22
1244882	12
1390774	6
6414728	38
4863355	71
2899821	36
1679554	19
2864098	30
4660727	39
11409565	118
13251822	41
810809	3
3988305	33
1073474	2
2998583	6
21377024	185
2150551	20
5326245	107
35181794	87
8115596	126
8047453	146
7285576	140
3852320	73
842629	3
13610547	84
3768567	58
64560044	58
15783012	227
7339609	133
5750111	93
1982745	15
16555697	187
12418199	93
4668232	60
3562938	58
16967556	180
8083477	57
1812238	3
2709802	40
6648576	119
4395060	71
11812118	134
15018132	3
12466229	190
14249049	152
16319448	233
52522784	130
20498073	82
7136982	37
31237017	33
3453069	11
1756403	10
4654723	43
3234532	65
6176679	95
14759969	166
11644313	140
3634383	55
6191689	47
1491336	7
7562049	108
20616347	70
9643856	87
5029659	60
16216484	171
8727681	112
3266952	21
9194774	99
5733601	29
16469542	198
8229668	93
2390101	35
3938173	50
20655372	77
5972250	66
5651049	80
24849906	59
3058021	45
24475571	66
9366182	143
12905104	137
10190200	165
6673491	87
10941571	122
2399707	23
9162954	70
11362136	156
9279728	129
19503248	178
7370528	72
10199505	110
32855333	173
3545826	47
2662972	19
10430951	97
22053049	186
6610752	73
7949892	108
1586196	5
1584395	8
8507343	113
8610908	104
37199061	503
3614269	33
3822000	28
8448506	135
9804457	95
114130173	170
4797913	65
553848	7
1995353	21
10184796	58
8690758	111
106808876	55
11426076	98
5147933	67
8495935	118
5630036	97
3190103	38
1001129	6
2545298	30
7059833	89
4794311	88
5122417	3
487507	3
12571294	181
1463420	8
929383	13
7070940	122
1515351	7
5056976	70
4105378	62
4793110	79
2493966	45
8330231	131
1879780	10
2676481	20
3998211	74
1150622	9
36275381	200
3435058	58
2321358	8
99713620	239
3756559	11
3127964	44
9722806	129
9263217	115
8635823	125
5770224	37
6207298	64
2535992	37
3470479	43
3751456	41
8307117	97
1518654	15
10919958	160
8176835	61
33862165	200
10360406	174
16190968	97
25759177	233
1961432	9
4006316	29
4294797	76
80342455	66
8299012	13
9291735	164
9976465	123
3741249	42
145343776	186
4327518	45
10192601	122
45906629	176
8089480	86
3526315	16
10887838	84
3607065	37
24608254	151
5007145	72
15451003	97
13367995	27
3453368	27
10839807	121
1830250	13
7400847	125
4901479	88
8598600	101
10364909	184
8810533	76
33522952	181
13951262	131
5665458	69
7377433	115
1819443	8
9140440	140
2669276	40
6805574	63
2685787	20
11780599	142
3744852	41
3477684	49
22323219	146
5530073	51
13202591	215
10573840	123
11248364	159
23861085	179
8561977	110
10289562	181
4802116	36
6748538	79
28388828	116
2472353	28
1544170	4
12420900	181
7784189	112
16175358	131
2662071	12
2941848	44
8581189	92
9284231	159
457187	3
7178108	58
11310503	102
7891956	31
4092470	34
10821196	69
28971794	135
6490075	74
28163086	164
1207358	10
10470276	170
2728113	42
3017495	22
13344581	175
15126199	7
14580456	151
1613814	20
4167517	72
9362579	123
10049111	77
3041210	31
5771424	49
16273220	142
2142445	11
12296922	210
423566	2
4302602	56
22801720	114
5269509	39
19242984	205
7433268	81
19518258	208
17871123	112
6997394	75
8586293	54
19486737	71
21851622	156
11108176	179
3507403	14
20529592	120
17698514	156
11687539	133
12468631	172
25193322	20
4655924	48
2441433	4
10508400	142
20020773	205
48596019	47
25699139	30
6674391	50
5170447	81
60195603	149
11445888	116
10837106	38
6333978	52
46997515	224
5135025	58
3498096	25
4570670	38
7034317	70
5873188	67
1724883	30
2434229	34
15961623	164
8790721	128
1979744	28
4926994	54
6471765	84
1256289	16
23379883	106
19552779	35
6515592	85
6934655	114
2491564	7
8767906	81
20112631	216
2893818	13
7937885	73
11066750	212
23445624	133
9878604	128
16817461	128
10435454	80
5668459	32
17645681	158
4311308	85
2118430	13
113959066	48
15878171	201
8902391	105
10134964	118
4937201	34
3140272	31
11476207	139
35319281	132
3372618	45
1798429	33
507019	3
1650137	29
4998739	57
11917184	152
22689749	220
6969177	112
12572195	228
2697494	22
11530842	112
49827392	143
12398987	116
1887885	19
8830646	38
9219690	34
8040549	99
10612565	144
7380735	110
1863871	18
11749679	148
4678738	42
5934427	18
10500895	187
6542609	124
11567765	38
2573516	39
38427433	220
16770932	107
16467741	163
525030	9
2385598	28
10141569	114
2001356	22
5199866	83
44179945	219
15235167	108
8358449	82
13553511	126
12048967	89
9989073	153
3711831	47
11846040	190
14315090	70
4238061	74
109209183	167
6030787	33
3632581	35
5992664	62
10990502	72
12071481	170
6680095	58
3932169	56
11087463	32
1032348	14
4727669	35
13362892	207
12649644	80
6041894	32
38828184	152
8296010	50
4039036	44
6010074	89
57791993	181
4262377	19
18678330	170
2063196	34
11628402	190
8159424	104
3002786	48
6914842	66
12903003	54
14057529	164
4159412	21
7753870	114
21259351	120
9787947	111
2638357	26
6198592	98
10021494	64
9111922	22
1229272	4
1753401	27
65876070	165
1737191	25
6985687	58
7262761	140
5749511	9
16649957	225
8127904	18
984018	10
3001585	31
26920606	108
18325008	52
2300645	18
9411210	154
16829469	178
3922564	41
14075539	189
4546655	64
8040249	110
4663429	11
8944717	141
3740349	50
16073294	57
9907422	176
2946351	29
10910652	114
7654207	110
1369460	2
15368451	199
1061167	3
3039109	40
4531345	61
3565039	64
12173545	59
3447966	36
9393199	159
3568941	39
7770380	72
5146131	68
14972203	136
3290967	57
3797385	70
10235227	167
3571343	56
13927547	184
8252482	89
112303226	190
27488263	148
2099218	17
30319640	155
9561905	40
5093899	34
2526086	31
874450	6
7278371	26
4203239	68
716250	10
20244114	165
14840720	139
113834188	174
6202795	100
3832507	51
11242360	127
4448794	69
3443163	37
2661172	17
5706884	48
7806403	86
3085338	62
14615879	18
12317935	94
9532486	122
1242480	17
4906881	89
5294125	97
100403753	157
15077269	234
8928508	126
6584935	95
44276305	155
1018840	12
9021566	140
12929419	38
8451508	172
23764424	79
1779818	5
3326389	20
7459384	59
2560609	25
2852992	6
7537134	86
11598984	81
1904996	5
9526783	103
3189203	14
12939025	164
3084737	21
9971662	134
22754890	129
16002750	180
4522940	73
84470047	127
11544650	196
2369988	41
11267276	135
3852620	63
2892016	27
16898813	136
16902114	80
11180222	208
6447149	43
9409409	33
3529316	50
10167985	161
3277458	16
6202795	61
6200394	108
99907242	155
4406768	31
4000913	39
7262161	112
8944718	170
2382597	20
10589751	140
1872276	6
19514355	151
15671342	177
12513958	133
1817641	19
1863871	26
3153780	26
13593137	155
10288061	137
4717763	14
18350224	25
4256674	25
2481959	14
20023475	67
6070412	117
3374419	21
4446092	17
9210685	93
14297679	175
23605624	19
7722350	3
5261104	66
4622603	38
9037175	173
1051860	11
11475006	106
15713068	145
8442502	158
4444891	14
11638309	122
1391974	12
53886240	202
4997538	59
5921219	114
25110169	176
9288433	42
8459312	98
3310178	24
4370445	67
10205509	101
50948596	108
22005619	105
10201607	169
8101788	103
3644889	48
8719276	87
3156183	32
19210865	39
3968192	70
13661579	98
12362964	101
4449395	43
12815948	150
1042554	4
6875218	103
3023499	28
16737611	101
6998595	83
7495107	115
86979323	54
16357573	75
17380615	108
16373182	126
10684010	123
14958994	155
10523108	135
15920798	102
23629940	124
7039121	80
3292167	62
800302	9
6468463	115
3608867	70
7828616	91
21986108	219
2687287	27
8676048	123
14071037	51
20624152	124
7315294	46
9310947	172
1068671	7
153531118	130
3479785	55
1783720	26
6993792	131
8092782	152
22695153	178
12423302	86
6825687	61
9996577	128
6203996	95
3084137	20
40077868	150
8620513	140
11185925	146
8183139	107
6581033	74
6805274	128
2951454	31
1148821	5
2964062	42
1930812	20
10931365	73
5422605	102
21846820	34
5569397	93
2993480	44
16326352	210
772385	1
5444819	91
5898705	86
40367551	54
891260	4
11695044	209
5479341	101
5673864	110
6311464	89
7634394	104
28597459	111
3543425	40
4913185	27
15043047	23
5943432	132
16948043	194
10208811	116
7284074	126
15583687	163
7741862	119
112093695	55
6987488	48
15752992	147
7888354	109
16146541	120
8311619	111
16638849	82
82007000	151
1970137	24
14147284	180
1663645	5
4332020	71
40426388	91
12937525	154
10442058	127
11874857	224
4024027	74
690133	8
9453237	180
4645418	68
6348687	76
13949461	25
1413888	6
8114696	166
7607378	152
7572855	101
3400836	54
13475162	130
7891656	84
1509948	8
14999519	215
7515820	101
3316482	22
7807003	17
30481742	222
4531646	27
3093142	48
2978170	31
3734946	55
1950325	31
8177735	84
1423193	18
10441757	85
13043191	143
25227243	41
15959222	32
15036443	218
15165224	199
6694805	51
11659322	215
2454041	10
6185384	97
44584599	107
8077173	32
8071469	140
16489655	221
76977942	64
9855189	146
6776755	78
1286007	4
9305243	14
3565940	15
8503741	138
3014493	58
7224637	33
17472173	165
5804746	102
7041222	120
2064397	15
437093995	159
5412999	51
46733049	163
10312977	178
2656068	28
34145244	93
19028350	110
4734874	46
18784597	200
10605660	123
9499466	68
13249120	12
2726012	12
1666046	17
3333594	38
9227195	105
2820572	36
8506742	121
21856126	84
2579820	27
5058777	57
17370709	29
2167361	7
4145904	42
4077160	77
22403969	149
7916272	101
3602862	64
461990	3
29844742	181
10080030	43
7334807	135
5730599	28
13240716	103
8765805	157
5886397	117
3405938	29
12212870	162
59287533	204
4562865	3
6768351	86
2299144	13
5223280	41
12319737	15
24936961	233
2205486	16
12003638	146
1027545	5
21349707	164
2540496	28
10286860	24
14575653	185
5571799	70
3038809	45
5174650	90
4487518	77
1488035	13
13166269	171
15539859	63
574861	6
878952	6
4017423	72
2265522	30
9510273	139
7501111	76
6689701	39
9932638	83
2369088	17
12848969	88
15654531	111
4297199	69
2369989	43
2590027	32
3585452	42
1700568	14
5893902	33
3636784	55
8195147	137
1421693	15
19086587	74
12250994	171
14054526	206
7849029	52
7964302	105
11214443	204
11249565	71
51378465	239
11738872	138
23071289	205
10622771	115
4055847	64
1439404	9
13065405	184
1559179	22
9278227	110
15482223	134
18388948	24
2206986	32
6696605	35
7405351	20
12188554	150
5522268	87
18818518	24
8561077	9
11400859	164
12578199	183
1347246	16
3165488	41
16478549	100
44042759	161
4430182	35
6370000	95
6285647	67
5302830	65
13400415	152
6882722	72
6288349	103
2600233	16
4296898	51
95920138	168
5020352	18
18445383	146
5640542	92
7452480	12
2682485	29
3640987	29
4220951	18
7299384	82
10962884	193
4920090	102
7025612	82
6156267	90
6563922	88
4093371	44
3188902	8
7407451	86
11735870	71
4600689	87
5484744	41
2430626	34
8504641	104
6943961	115
51326233	190
11327614	116
8154921	115
2181470	28
79761290	88
9430422	122
6195290	73
5342155	92
5373675	88
14459180	72
11888366	178
9519579	90
7459084	51
9628547	149
1932313	33
8264491	139
3817798	38
10875830	66
13765144	159
3873333	18
1665746	29
1234676	9
2396705	12
91008753	40
21824005	10
6679194	102
4157010	34
12391482	125
5150334	67
2503573	26
13253023	44
6224109	91
687732	10
5437614	51
11413467	79
7289478	103
2585524	38
7109364	135
1772313	29
5841968	98
3294869	23
11591780	201
67069020	202
18515027	184
9085205	25
3894646	40
9047082	155
16071794	169
11843037	191
11600185	124
89003194	107
106457656	162
3293969	31
10293464	184
4555061	25
6363996	102
4843241	89
12353958	201
8338937	100
3081735	64
6263434	76
6880921	132
3735546	54
7746365	9
10730239	159
5940731	46
5770824	81
12037560	147
11964013	99
3177195	16
1781919	3
21160589	197
5643244	81
1849462	27
3937273	63
7245650	42
6471464	94
11593280	147
8723779	134
7455782	70
8952822	80
17669396	134
23267312	75
9559803	178
21232934	238
7942988	93
4942604	54
6694204	50
11235756	45
2358582	18
6316867	67
863342	11
4062151	70
11981124	128
6192589	66
9562806	113
2005259	6
1240079	3
8429293	174
3567140	44
1227471	20
2416518	42
15711266	75
6249925	84
4841741	104
10804085	56
17026692	142
1947924	10
8954323	99
106466361	90
10742247	113
10140368	163
1008033	19
13593136	60
12287917	223
9052785	52
45968768	20
6299456	98
4495623	47
8096985	164
1846160	36
7432068	51
1835052	6
8404678	108
3914459	38
11470503	130
14342107	116
26238578	503
17254836	176
7164900	73
8026740	141
3075131	59
11245062	162
16872696	78
4367743	38
3539823	49
810209	14
3598360	61
13226306	78
1674451	3
24538611	177
1889086	10
6304859	6
8241075	99
4485117	57
2939746	54
2896819	41
13220303	172
11079658	53
6611051	62
3194005	28
1466121	8
15827440	205
19184448	125
13283342	134
28219221	218
2519182	18
19196756	42
15284099	169
937489	8
5753113	65
4661927	64
17707821	107
699439	1
7964002	59
3028302	6
1652538	23
34159352	201
1968936	35
2285635	20
1640830	14
18009510	32
4099975	27
560152	10
13077413	33
1932313	37
6866813	93
1793326	21
4498626	43
8356648	116
6920546	86
1473626	22
7093755	82
16229992	71
414260	2
2793554	50
14457079	52
4182827	42
11300296	64
26183644	44
38823081	228
9013460	112
2046986	24
8304115	115
33139312	115
2502071	14
6238517	53
6185684	68
11532342	109
1909499	15
1269797	10
1349047	12
6426436	102
3811794	45
20386403	43
8337136	131
14359818	101
10142169	114
3729843	68
1675052	12
5742306	97
9119427	88
8860365	79
9063292	160
6088423	72
2230401	7
5619229	46
2031375	23
28440460	130
15250177	176
1383869	11
23326149	198
6406023	20
26751300	150
8191844	100
5086995	67
44858971	503
8329931	121
3962788	45
13581730	182
3939074	26
761879	3
14069535	170
3027702	49
12404090	192
9428321	42
21972598	218
12673059	105
1388972	3
4331420	18
7258259	34
3277158	29
6991091	102
9695789	118
67507895	137
28481586	141
3023499	19
2737420	32
15366350	170
3212317	25
14390437	76
9592224	27
18914879	101
3008789	40
13729722	141
7464788	124
13994788	163
11783900	128
18549850	34
6049099	43
1112499	3
687732	13
13121540	49
17051608	164
8908694	32
13512386	111
4680539	8
8020136	129
5958743	72
6331276	63
6404823	51
1277002	10
19032253	59
8341939	127
22948812	143
11324612	96
10695116	133
2594830	25
14383232	119
9868097	135
21186705	144
28570742	103
3823501	4
15617608	122
13220302	141
12453321	190
1306120	6
960304	15
14076140	118
7222536	47
6464860	47
2472653	33
66981064	113
8894886	128
3299672	45
96996914	122
10075528	177
14688224	71
10989001	51
26972239	164
13923644	186
14617680	234
9506971	157
16717499	78
4737575	66
8503140	128
9874701	133
6927750	7
2033477	4
7042423	90
3551831	31
6621259	70
5286620	54
12607918	138
3150778	7
4622904	41
17965682	157
5889999	109
26047358	166
15672843	161
1590699	10
4283090	68
3334494	42
2059293	25
9641155	23
80940130	103
17569133	117
94088687	169
10974292	110
11039432	100
1802332	25
5267108	43
995425	6
5156638	63
81311464	120
684129	3
10732340	159
1665446	10
3686315	47
14157791	140
1087282	19
2329463	36
19424299	151
18936492	108
9741718	148
4307405	61
9826671	125
3018395	18
89903759	98
2829877	27
9015862	125
2683385	34
1332237	4
26970438	503
635199	6
5771725	110
5652850	55
13288746	148
2637757	26
11967916	68
11738872	174
7867341	94
10956281	200
11559959	24
6933154	34
4875062	70
11242661	164
9594925	77
25616587	29
4483016	49
3474682	30
6022983	81
3188302	15
10000180	11
4924592	72
6505085	86
15007925	40
1931112	23
3916860	77
6857206	142
16154045	63
14343008	133
3335695	36
2129837	18
1192349	3
28601661	218
7748466	67
1110097	2
1760005	18
13937453	134
18931690	117
15965226	121
6543209	82
5247595	54
16479149	44
2137943	6
25147093	166
13298652	165
10198305	163
15094679	135
10442959	177
3893445	35
4026729	80
13167769	65
11306301	124
3726240	66
775387	12
26717979	213
3116557	18
3743351	23
2069799	27
12416698	140
1335839	21
13372798	128
17061515	64
1445107	12
7499309	82
5865384	53
12764916	134
3692318	60
5048570	69
6200994	13
2173665	32
4021325	56
3533519	40
3036707	17
4322114	56
3819599	48
4803016	83
28150778	52
28024399	20
6834993	55
8698563	75
2424322	14
6126248	69
12785330	9
5446620	89
3091942	25
8105090	141
28985303	86
10265546	144
2861096	19
110247536	121
78139071	64
30765121	104
48033165	109
19684562	175
19279908	167
9603631	81
2360082	23
8394472	161
12596510	59
4412771	62
3039409	23
5407296	89
8246779	94
2212389	2
5255100	51
1696065	28
17258138	111
14191412	92
13802668	165
9614138	88
9118226	90
3895847	60
13543305	184
24653282	165
5229284	64
10718532	54
8343440	70
7007901	13
15139408	188
76694564	184
14622483	103
1261092	4
18243357	119
25882554	159
9132636	45
6654279	122
5371574	96
7562349	68
919177	3
7511317	123
8504340	135
17166881	186
15135505	160
9285731	86
3943576	59
92907446	180
10807387	144
9122729	84
40657533	69
1743195	28
10176691	182
16437422	200
13932950	44
32075744	208
16354571	135
3996710	56
11963413	216
3136370	42
20953759	155
11749078	144
1291411	1
18558255	165
1094187	17
100502816	203
13554712	203
2613141	10
8845955	134
1695165	26
24436246	119
8154922	92
4900877	85
6534504	20
9678078	125
6322570	122
6135253	33
6354090	79
2705899	34
751372	7
4558063	82
10604760	130
5903808	65
1941619	27
11617295	130
17848609	127
34678979	162
35771665	195
14401845	132
6385610	71
33281301	156
5778629	91
4973524	20
22487723	89
18526735	228
5038364	11
9997779	13
1783420	20
16422113	174
955200	3
3547928	62
8768506	191
6692703	53
3695921	29
4946507	91
3439860	1
11545851	135
11977822	86
2029574	19
4955512	33
12772121	183
47818830	100
13236513	120
16178960	186
12396285	80
5661556	45
11080259	170
4737876	87
15446501	211
3765565	54
4098474	62
9456239	191
5127220	76
74149866	5
14007696	223
4074458	42
5597015	77
8415185	139
2613441	17
5712887	27
11843338	184
1094187	18
9634550	35
4712959	73
3495095	40
8361751	83
8428393	132
14062331	37
12079886	174
5514463	83
3291267	54
11979624	33
13225706	198
9300140	118
9327457	24
8351845	94
5543882	34
8311019	107
7334206	88
4921291	28
8625317	169
806307	15
16037271	217
2176367	27
21678714	223
25927582	205
90329427	99
8450908	103
3217421	32
29717462	183
8042951	156
11107575	165
17893037	162
869646	1
8350344	127
20640362	130
14696329	42
11413768	150
13938653	130
8767906	163
31909439	178
2402108	9
13319965	105
2929540	12
3997611	41
7846928	126
5758817	101
5805946	83
25058537	136
650508	12
1461618	15
6399419	83
2033177	9
14278167	75
6070412	16
3037908	33
10731739	86
3749354	27
9593424	26
14140080	236
17847409	145
3160684	55
13499477	140
3673407	61
15925001	71
4808120	90
3933670	68
3017495	26
2737420	38
7302686	109
19254992	139
36899773	69
14007096	81
8065465	92
6644372	105
1775916	34
4013221	39
3197608	17
1142817	15
8139311	87
7076044	78
1466121	2
14359218	229
5246395	50
12421801	125
12402889	139
6179081	26
17345193	218
15265787	89
2221395	43
12944729	10
5515964	107
12732496	1
8126704	169
11785401	210
1749499	5
195645765	83
20840588	53
5272512	49
12788631	138
2690590	42
3707328	21
12339850	58
5450223	50
6161370	62
43121780	7
1038952	11
3520011	34
1932013	12
9647759	86
14392839	43
4003614	38
9043179	110
80883995	44
20945654	106
3754758	33
11965815	64
13371598	159
17080727	118
2020869	13
8282201	153
76380266	162
3991606	58
4364741	17
11582174	188
13686795	240
7194318	75
9049784	13
19378669	167
1223568	1
8158524	106
9763332	149
1230172	2
8744492	127
9726408	84
7211429	133
13266231	203
8009330	63
12521464	178
9693387	158
2390401	24
6155966	20
6787562	122
162143526	137
2351377	26
15328526	166
22612001	25
10339694	85
4356937	53
926081	11
13750436	182
65508039	70
2775543	30
2048186	9
40073666	209
22103180	123
14398542	75
6227410	86
4078061	61
10205809	184
15874570	94
983717	5
2727813	6
2436029	7
10412339	115
3057420	38
3059221	36
6435442	94
11604988	135
2869502	37
13056700	124
30209172	138
21430158	118
2116029	32
13526795	158
2978770	17
728558	5
2966763	33
29468606	66
5106807	39
4614198	58
6623360	119
9455638	107
3920763	63
15597495	130
7040921	124
6121144	86
9459841	126
12783528	98
3737347	77
1893890	9
11820823	164
1941620	20
12072681	117
2250213	20
8658638	165
15024135	224
2839783	35
16389393	136
1001729	4
10029898	121
6439043	137
10067423	164
2212690	21
8938114	156
8299913	65
5637240	21
13161465	120
77082107	166
4838739	84
43116077	53
14918468	210
5532775	76
29923091	180
9236501	151
5240090	59
15495731	32
4553559	78
3827404	40
9768434	54
7903663	14
10627574	152
10692715	124
3301774	62
5450523	88
23252903	183
6303058	54
6039493	113
12156134	46
9461642	110
6061407	14
14345710	165
2843386	13
5169847	30
8264190	69
3240835	31
4931197	87
17252435	149
6377204	89
4770596	46
5004743	61
6786062	74
4750183	78
2239407	18
10339994	63
9310047	86
1022142	8
5894802	111
100444879	234
6096229	37
1184544	6
11925289	193
4521740	35
13467658	115
4439188	28
978615	14
2492165	17
10770463	72
1482331	9
82034918	156
6746737	85
6391914	98
7528127	117
6998895	114
2094115	29
6994993	120
12308330	90
15888978	121
48948740	118
10850614	77
20286740	206
3400235	52
3591456	45
4084064	6
26015538	125
1055463	22
2076704	22
6714316	44
4896975	91
4024628	66
17095136	118
6539907	65
1343644	16
14338504	197
5759417	6
3693820	48
13207694	42
31021181	224
816212	6
6049699	80
29974724	185
12779025	126
9046781	59
6932253	63
30270409	81
10155978	193
10605360	112
6211801	93
546643	5
3972995	65
8597700	135
10751852	172
11009714	123
5746208	57
7310191	118
1844358	27
5326845	55
5277314	13
10670801	118
18180017	80
6087823	111
11271478	167
1831450	31
4921890	74
4591083	65
6428237	42
19201259	71
5697278	41
3155882	10
10885436	80
3529617	64
32334806	67
1922107	6
8304716	88
81496380	186
7379534	95
6290150	72
581165	5
6463359	70
5123918	67
2604436	10
12202063	98
24717522	122
6039193	110
8515148	142
12881390	230
4173821	1
8162125	83
10295865	166
3026201	45
1263494	5
8866368	19
7650004	93
10181494	146
7879648	17
889158	10
2034678	23
78365113	36
4160013	9
11977221	134
25116173	98
6779157	107
4706956	76
6460657	80
11707952	29
1656741	1
6016979	94
20569217	147
16266015	38
8659838	103
3419748	36
18259867	166
7093755	120
12037260	79
6596343	102
1923608	13
24572231	109
12910207	132
19826851	123
2088711	11
6295554	88
4927594	86
4116485	40
18670225	103
17932962	161
79000312	68
22766297	189
13047994	168
9902619	208
3366615	38
8314621	149
11144199	6
4552059	57
11266975	123
13940754	165
5451424	48
24438648	30
2365486	19
6620958	64
14459781	162
11429077	93
13189683	49
12430807	175
2490964	28
12220374	112
10588549	17
10572340	22
9566107	58
38904132	179
3138771	23
10376016	82
11351929	123
5242192	48
7375032	89
2680684	49
4267480	17
11831930	74
29912285	223
4209243	57
12070580	173
8499237	156
12156134	176
1441505	9
3143874	42
1488935	8
101626421	147
2437531	12
1378165	9
6645573	108
1267696	23
11510128	116
11979923	85
4198437	74
16042975	104
5748310	102
36131591	130
2733817	38
1482031	19
13875613	140
55025757	43
3757460	28
14110962	48
4594985	23
74191592	188
7318897	46
2415917	12
735461	2
8381263	47
13145856	127
14875542	132
10577742	169
3105750	38
16749919	164
6985387	49
40711567	116
5024855	64
10354702	83
7272668	106
2428825	27
9560404	109
38369496	166
4805418	47
9166857	174
5978554	117
4702153	7
3800987	68
2006160	36
5716790	34
13230809	130
8026440	93
2918433	28
2690890	36
8964229	170
16813259	113
2557006	39
1543570	22
9102617	82
7353118	113
9393499	119
4865756	40
32322199	503
11408665	86
1070473	6
13748334	143
3541324	61
14384734	60
20806966	195
3376520	2
17273147	125
11433280	69
1426496	9
5068683	82
8431095	148
1437302	7
3520310	31
10328887	81
4045040	50
4539151	57
5308834	70
8462915	142
3717234	25
2149349	4
4663429	70
10589750	101
15403274	180
152940647	56
12382176	180
4361439	75
1442106	5
9199277	118
3630180	37
10398530	139
2669577	36
3185300	62
15555469	178
4092770	53
1844058	14
10557630	119
15127100	179
17244330	225
8188243	43
1831450	6
6334578	72
17638477	191
10390425	127
5921519	107
5708084	33
8900890	61
3083236	48
4051044	28
5272812	59
7558447	90
2027773	18
24383713	90
2934042	42
7673118	99
3662600	58
5605120	64
96079237	189
46408544	174
7635895	108
2929540	4
3541324	25
3829505	10
5726396	81
7898260	17
3244737	66
21922467	190
8035747	160
4408869	69
3520911	47
9609635	91
46522616	36
28290667	58
3301173	31
2515579	20
61005211	93
7283474	31
7524225	71
9214286	89
9079802	57
6255628	117
3253444	31
3324588	17
6019681	77
3065224	17
20193081	170
3757460	53
1749198	20
2474754	25
11135493	173
4202939	70
24269942	86
8017135	155
113602143	180
3744551	44
259663	3
9156050	122
8032144	145
7115368	101
15045148	213
915575	18
4941103	45
21558639	80
9671774	22
108473121	90
7646702	77
12784729	84
5509960	67
9475750	124
10813691	48
12409493	99
1862070	18
30607221	89
7338108	78
4297799	54
3597459	15
13460453	240
14573852	97
12247091	114
4501927	57
4864555	61
27330664	211
4517538	63
6141256	91
3001585	57
38030283	178
13797865	110
4093971	8
8706067	95
4762491	38
6000168	104
11330915	162
7589966	120
8059161	108
5822456	47
1995953	27
5380279	23
5405795	58
25845330	54
10477780	82
3610067	43
14828412	149
1776816	19
2872204	8
7112066	45
2836782	56
5439716	95
2610439	20
11173016	147
71896051	176
8039649	147
84975565	190
10179093	54
20272932	58
15106387	155
15675845	20
3825303	56
2902823	53
1820043	25
9802056	80
10849114	6
3458772	24
5823357	97
497113	4
1517753	15
4443091	48
8274096	93
3334795	35
4666731	24
15037643	164
3097945	51
111434181	149
21678114	112
1620418	13
18854841	51
11025624	228
8557174	153
9597027	164
8623215	97
12278011	67
3868830	42
5134724	26
1977041	31
6168874	61
8902691	115
19363661	62
9488058	18
6666587	34
35855117	163
5015250	64
9551999	99
2860196	26
12563490	166
5771124	106
1646234	15
1244582	23
12178048	79
8823441	91
10272451	165
3292167	56
5570598	36
21750760	136
4769095	53
7287677	83
3116857	33
8683554	127
7128277	93
5659154	104
1053061	12
8171732	117
3738247	34
7351017	109
3153481	44
515123	5
3156182	46
2098317	28
114755766	195
4350932	18
16305340	171
46514811	118
16969357	129
2784248	36
35687012	123
1799330	13
11395156	137
4306204	4
6973379	39
6458556	70
3315882	22
86706451	86
8963329	180
10668099	139
8144414	90
14315390	92
5426507	68
4903880	104
4169018	15
3764964	67
20398710	7
14178204	169
2261921	32
2875806	45
5893901	39
4806318	55
33470419	166
38615050	19
5225682	39
10490388	107
4018924	48
433172	1
11078758	130
12887093	183
12529269	137
4327818	51
9401004	150
403754	5
4085266	29
10127761	180
15221359	163
20677886	38
27380795	214
16392995	140
6135253	58
9170759	158
3974496	73
20012668	233
22205245	86
12209267	133
17858215	88
8678150	60
1716478	15
4756487	73
6344184	59
16193070	162
10059917	149
873849	3
6359193	84
24781162	129
16927931	22
1561881	9
2357981	25
2990478	46
14690926	135
7659010	88
13546608	182
2973668	43
17255437	68
38495275	169
8524154	121
7418859	103
8178936	107
25485105	150
3577046	44
4068155	47
5515063	62
5853676	13
6284146	48
5804445	4
1579892	15
3415845	12
12638838	10
1250585	3
6887826	39
21054922	116
11866452	171
1819743	11
2956556	52
52046385	140
8518150	125
1641431	32
4809921	81
18192324	47
7286776	106
11633506	213
10043708	18
14813403	85
9977066	123
10192301	109
11048139	195
11648816	204
13857003	105
12509756	67
1045556	6
8056459	143
3537722	32
13148558	127
7199421	112
8924605	162
20348879	135
17465268	88
14105258	174
10782171	105
1841356	27
17630672	186
10943072	45
6410526	82
7153793	81
22389560	97
1262593	2
8308318	141
65671041	44
8144114	5
6125947	7
4792510	43
21940479	217
22695153	121
5196863	20
37142926	168
12865179	168
11695945	172
4214947	59
26424094	172
1061166	6
35714029	503
14962296	55
8473721	112
31841297	107
10733541	103
6465461	73
6373602	61
10492490	93
14280268	91
21540327	184
83302013	142
8430494	165
87103301	118
144471728	106
1071973	9
1073775	13
219363060	503
3145075	30
17895438	181
8707568	91
26002630	222
3650292	57
7729554	108
13068407	33
10743147	124
3105750	57
2584923	10
13212498	99
1396777	7
10139167	186
4844743	69
28562637	119
26425295	21
2143046	15
14369124	38
7093754	13
23035266	57
27367287	102
15094079	32
5249397	86
3821100	3
5101104	101
7553344	44
7710342	72
5728797	91
18369736	28
16839375	54
4404966	27
5289922	62
14118767	182
106434841	95
4193333	53
4759789	85
256961	3
3169090	32
12636436	209
13687996	71
14794791	160
29474310	107
10161682	85
7224637	42
1832050	8
7760473	118
5109509	85
4469807	21
16503464	154
15445300	196
7674019	121
10923260	64
13040789	189
5531273	9
8613309	72
1081580	5
10133164	188
8629519	106
3546427	35
41853784	503
13417226	213
6534204	80
1299816	14
86750880	168
6389813	34
1276702	20
11767690	86
8950421	29
10524610	78
26181842	183
6871015	46
1018540	4
8028842	89
3695321	43
8601902	81
5128721	43
8256985	80
6141857	35
21992411	8
2806463	24
23373878	143
8571583	98
17997502	120
997827	19
16305640	204
1704771	17
32859536	96
8780214	109
11812718	171
4706656	74
19655743	40
9449934	132
18961708	153
7309890	10
13838390	234
4199037	26
13632461	52
18976117	136
4792509	51
5661256	88
12582702	111
20837886	111
5859680	83
14014301	53
14356215	160
5975252	84
4116185	67
4613598	56
1907998	8
13767546	78
5072586	22
5299528	52
9750723	183
7941487	35
4869358	68
14670213	50
7415858	85
8233571	41
1672651	11
14305784	151
4930897	57
15711267	79
15871567	148
6218105	85
5527071	40
903867	2
14526423	47
6861709	58
45559612	109
10370313	25
12700376	23
6579232	57
2442634	19
32003098	160
7679723	29
5992664	42
9290835	180
7806702	152
7703738	61
8864267	126
7096757	123
