16947743	195
34228695	226
27908826	132
29927594	118
2926237	14
11004611	194
269490640	180
95275633	189
8009029	114
13863006	228
9267720	186
92069020	135
7296983	136
9642056	180
10777368	191
6250526	107
6472064	88
9151548	128
14920870	243
7229740	93
10342695	155
4927895	79
111403861	72
6508688	135
3395132	59
7263061	137
6449851	71
5150034	97
4337123	82
7252855	125
6246323	70
6978182	125
11206038	218
3491793	67
67763955	167
103457872	177
41895210	236
61286188	130
1426195	6
6407224	101
8350043	133
9029971	142
13992387	204
7572555	139
5370073	62
8570983	187
8584491	171
5849474	119
5083092	83
4365642	69
16372883	155
5155137	75
4096372	39
71455674	118
13874713	101
24073318	205
6514992	127
3610068	68
10498793	125
7998824	138
8139912	143
3902751	47
7493305	125
10330688	170
9004755	169
11857747	124
10196203	162
10355904	133
5777429	109
6613754	126
127793855	129
6792065	143
6825686	147
8884980	173
6471164	116
6519494	120
68588273	177
22133199	110
8238374	162
9415413	170
13319365	202
3969993	74
8758000	121
9426520	171
8277698	175
8360851	148
1258390	13
5180053	80
2730815	46
11420973	145
65118395	110
91754122	133
12190356	185
11530541	139
19331240	185
67106843	196
10235228	96
9952450	166
5516264	83
6287749	69
6435141	115
9147945	97
3102748	37
3607965	45
6747037	79
12387279	140
17363205	145
11083561	188
10278455	194
6621858	120
10849413	153
810809	1
5735402	104
6647074	117
3692019	66
4696149	83
8166329	162
18675028	220
23417106	179
4558062	56
8246779	94
6370300	83
16228491	182
24467766	222
6030187	117
5213074	70
7626290	119
12342551	130
3896447	79
52429126	118
8200850	120
2874906	34
3450067	51
11337520	139
11264274	168
4742378	42
10269149	200
7540435	99
51847360	188
7419759	133
5321442	89
7471392	163
6295554	127
5700279	115
7146588	124
68654014	184
10358305	205
73834068	243
5559191	108
8551771	166
5422305	73
6454954	107
8766105	120
95846892	201
16145640	197
15448902	246
7197921	108
4809621	95
5813150	94
4204140	73
6845499	112
3603463	45
232807603	134
56762046	208
8519650	158
6496079	104
8733085	117
7572856	126
5208571	63
8845355	73
94021446	126
223959847	154
9864195	91
9402505	166
8701264	161
6816681	128
6900734	149
4084666	74
105513262	230
7383137	133
2906425	43
7494807	106
7111466	122
20501075	152
9147645	115
14491601	144
11952006	129
18156602	182
9358377	157
4704855	91
17826395	111
2276930	25
7015706	41
7628991	147
7067638	108
12545779	178
10712227	163
3098546	58
3498697	62
10899845	124
5233786	91
64918469	213
58539162	70
6452252	69
4477312	88
9329859	181
8402877	120
72740481	172
9273124	182
6836194	139
8103889	142
6783961	125
2677082	39
9141040	177
27712203	146
5233187	79
6630864	123
6730527	76
7951093	145
1134412	1
7634094	154
6843698	106
8136010	136
8080175	141
9739317	204
4099675	80
5812250	86
7079646	128
5243093	83
6693304	144
2095916	26
8808732	140
4486618	88
113021578	227
8179537	154
9786746	187
7607978	137
10399431	191
5575101	93
9187569	176
16140836	109
10634478	152
3984402	74
7703138	143
2904324	25
5810149	120
13070208	227
12638237	198
1425595	24
10939470	171
4262677	48
49904240	207
12949533	158
6992892	107
6570527	135
8576686	167
84674776	150
7973307	137
6653078	128
2985975	45
8933009	175
6064108	106
17086731	172
101839555	71
5785534	101
46375224	195
4152207	77
5611424	106
9549597	157
3067026	46
8393271	62
9730311	77
9452336	152
3856822	43
5404594	101
6232514	105
9814664	178
9290834	128
10790877	150
6138255	97
11515832	199
7548841	155
10611665	164
7822613	162
10595754	173
13575726	223
5602419	70
12738800	148
9681380	188
6668688	93
8295109	154
9580516	195
11034030	149
7946891	139
10553427	157
7659610	120
8314322	151
3803388	81
116752321	185
7609178	152
14788187	87
13613550	153
20956160	134
98756619	130
5623131	92
11632906	211
3770668	56
10676505	130
8322126	135
15023835	214
7743363	124
9789448	192
10619769	171
9484156	178
11563862	210
20713608	197
6656380	113
13711111	137
6067110	95
13278539	173
9596727	194
9957553	91
8805429	169
10068923	79
9059690	134
8603704	174
2769840	40
4731272	79
6156866	90
12882891	180
2270326	25
6852703	123
8486330	138
7471993	127
6380206	84
6534804	128
11065249	186
66901214	196
116227291	189
5944934	108
5302530	64
6421032	117
14988413	188
7274168	135
116851984	134
6668688	137
5759717	102
10543221	209
2557906	42
3998511	35
1661843	10
6160169	83
13745933	221
8407080	122
113662780	181
5974051	116
10779470	126
6281745	111
12546980	230
4213146	81
3423049	57
7555444	142
5915215	112
7505613	120
10938269	187
5693375	120
70604940	221
8557474	153
163064204	155
763680	11
8727981	165
3586652	72
5625833	87
10234628	126
4673935	92
9321154	181
6916644	120
5394988	95
4733673	54
9496764	185
95334470	182
6368200	102
4710858	81
2067699	13
8501038	141
9007456	165
14191112	238
10437855	204
10986600	118
9882806	166
6101031	131
7738560	128
8795523	145
8204152	154
4856150	92
7947190	133
3327890	45
7524226	100
5563694	110
13308257	201
8080474	126
3007589	36
1367059	1
12709081	169
8068767	142
6086322	128
5683769	96
13840192	129
7449479	93
18443583	158
8259086	123
10780070	207
13224805	152
4758289	81
19919910	220
4934799	81
8162426	167
141708193	220
8532559	146
2811566	1
4750183	87
6973379	111
116534984	171
9670573	100
8464716	87
8460813	138
2495467	28
4276786	66
6824485	119
9536089	184
6483171	119
7907866	109
5733601	106
13415725	165
8834548	188
7996122	148
12528968	154
12598612	235
19669853	232
2782148	50
18439981	230
8851359	154
6602047	123
1594902	19
5142529	75
13972875	135
11698346	204
4358737	69
9292036	128
3621474	50
7819911	157
18285983	106
6694804	93
12482439	192
10917857	190
3318284	46
106946363	124
10337592	112
4903579	103
3692319	53
7814808	127
10061419	215
9389897	164
9172261	197
6799570	93
7739761	154
7717246	144
7821412	113
2754529	54
8850458	181
5930524	112
3988905	47
5594013	106
9747121	136
9748322	198
12722290	192
102638057	123
2546199	39
4545755	79
8408280	96
4009918	62
7351917	153
24060110	159
5365870	81
6023283	88
4951009	98
6284147	106
6226811	92
8226967	147
8570682	177
107206625	132
8673647	171
8703065	81
12330844	188
1834152	25
4645718	84
10200105	58
12830057	197
7508916	114
82538634	149
4610295	82
14993516	106
10565135	221
7576758	110
2507175	31
11041834	134
95929744	203
8558074	160
96441266	74
9046781	89
11168814	128
17098738	202
6701709	128
11038832	182
3722638	68
4321814	77
2322559	20
7480098	142
6731127	99
2166461	20
7933383	155
5955140	112
1849762	36
3974796	67
5691574	109
3200009	32
3948080	62
8875074	154
12640938	131
66880801	113
8732784	172
4059149	50
3310479	42
6451952	114
5053974	85
6082720	121
213134	1
14101656	190
14681620	228
7058633	94
7873945	167
83912297	165
5986660	122
11973919	116
5896303	108
3461174	50
4582377	75
4830934	88
4287593	69
103819598	79
8867569	143
6723622	96
11594481	242
10099242	114
66488154	176
3567440	53
11627802	192
8410082	160
6538406	112
7422461	116
8290907	150
19845763	175
4813823	76
8294809	126
8056459	94
7231541	103
9380891	107
10392226	184
102069199	148
6951165	135
2881809	37
4401964	81
81924449	163
5519566	92
6002269	115
10186897	210
6562721	109
7535933	103
7633494	131
2160157	47
12659550	117
89950890	102
14699932	225
13474262	176
6428237	87
9627046	174
358054958	163
10083032	178
8040850	133
8239574	126
7813307	164
6097729	110
6355891	83
8508243	129
15700160	217
14374527	215
8875674	159
4255172	85
7678523	150
8676349	162
3881738	60
9023366	125
5149134	108
7056831	137
6644072	72
4189731	74
8014433	143
104117685	144
10242132	183
1957830	39
4406167	57
6087223	110
3692920	57
11258870	182
7482499	109
2673479	31
3730143	70
7598371	133
1821244	25
12613622	187
8131506	31
5932026	87
11660222	164
8447005	142
3323387	26
4731272	96
6635066	138
4861553	44
15578583	121
15924701	221
4843242	87
2883911	36
13569721	200
9875602	191
17452660	201
6653078	127
5087595	102
5358966	101
23545887	131
10255941	183
4925793	58
2949952	38
9411211	183
6237617	115
6378105	110
136619097	224
8037547	108
6898632	119
14176102	137
5820956	105
7330903	90
3115957	55
16177759	91
49619661	128
6035290	113
6808576	104
6940959	131
14517417	197
5780130	117
2596330	39
7981113	157
7125876	147
4851046	76
9059390	111
1975841	24
10225021	175
5280316	2
7656609	111
11155005	59
8942016	105
56122945	195
8166929	146
15670141	205
8831547	166
12700376	212
2686987	13
3335695	27
3972095	53
94286512	75
8287605	48
11713656	126
8430194	163
10355303	177
12016847	185
73832567	207
11171516	200
6093827	107
15633818	226
6429738	77
9741718	120
69916908	176
10481983	194
105665158	240
3797084	70
8954624	178
10041906	178
1046757	2
13773250	203
6341182	100
9744119	201
5684670	111
8342239	144
7999123	162
27367287	227
11939698	108
11836733	124
7133380	129
10304271	107
3684214	60
3496596	66
14556441	153
6025384	101
8240775	135
5802644	87
7668015	135
8030643	165
81688200	72
9737215	146
7980812	152
3434156	55
7076043	92
9293537	197
7149289	146
6837994	132
9328958	137
6785161	133
4546055	49
3475883	53
1929312	22
2491865	47
8448506	178
9725207	144
9962056	93
3957085	73
10439656	203
7504713	116
6310863	37
68548348	144
7092554	100
17811385	185
5186958	91
4737275	74
5638141	82
8382164	109
10898344	119
94996758	155
8185240	123
12075984	59
2564510	37
9099915	158
5604819	104
2026873	41
11770092	208
114532426	191
1938917	19
128567440	184
80985159	174
8856762	139
9018263	174
6067710	100
9693088	198
8413084	62
6889326	112
1714376	22
7159796	131
3685114	63
15100384	170
8885880	178
8630120	130
7299083	132
6050599	109
18568461	138
9130834	172
16088304	84
6615554	136
17795475	172
3981701	65
12875086	220
3484589	49
8130306	154
9523481	156
8968733	155
7848729	154
4208043	88
13187582	171
58911396	55
16820163	150
13448145	95
14188110	204
18412964	186
6069511	119
1074975	12
8496236	125
4579976	96
10035302	112
6695705	133
9847985	121
3492393	50
7336907	145
5176451	77
12043563	120
7593269	122
5135325	89
5960543	97
20066102	129
3520010	46
4130894	61
3738248	61
2071301	29
10099542	138
4221852	40
7860137	116
15251679	197
12657449	203
52610139	111
3378622	18
16515772	222
5817053	124
36150502	121
129178924	202
6915743	83
6921447	107
9062391	153
5971350	124
14939482	154
10576842	175
16999976	170
12398686	210
11799810	61
12526867	182
6098930	71
2751828	49
33973236	151
5373674	67
4960616	75
16417610	242
9890611	28
6614954	90
3032805	43
9311847	148
23674067	194
5128420	93
3427852	46
12540075	191
8301713	57
7304187	129
5341254	72
17722830	99
9027269	167
7700736	153
8810233	147
6990190	108
4749283	49
9075900	191
3345001	28
17693712	82
14607474	227
25572459	209
4174122	52
11260672	104
2586725	23
13101428	94
8595298	152
72948511	105
5785533	95
10339393	122
6450151	114
6374803	93
97299804	184
7207226	75
5891200	111
8235973	119
7031916	123
6645574	124
6532102	116
6049699	86
16175658	162
44896795	139
4047142	58
11899473	194
9216688	159
7716345	121
7774282	93
10367010	203
7729855	93
5070184	76
14272764	155
8041750	148
7454282	89
11950505	102
12217373	146
16882302	214
2502071	41
4674235	88
5751311	70
7891956	138
8168730	84
9354175	126
10027797	134
10437554	151
11818122	137
13353586	186
2431527	17
11388252	182
7046625	135
5965647	58
58220063	224
15353141	148
4818326	85
15446801	170
9812562	145
5363168	65
46965994	200
3906353	66
8032445	155
7970606	133
130458328	109
4168118	35
5705983	95
10867725	149
17195699	150
7215631	62
5881294	73
3424851	35
11288889	234
8388468	169
57626890	184
8257886	147
18883058	220
9267120	135
14513214	111
14643196	163
17479677	186
14313289	124
116573708	197
39776180	167
8321526	29
10412639	59
6021781	66
11345325	155
19205461	152
7339009	81
7378333	70
7329703	105
26191748	230
17387820	242
15638921	137
13949761	208
92030595	134
9225393	134
11841537	157
21729146	112
9468546	124
5370372	42
119223473	185
7108764	113
16763427	207
13106231	121
7248052	79
10569337	96
10677106	116
42141665	109
10548024	87
10614066	155
6536605	67
3064024	48
91892509	96
5063881	84
296982805	149
20908131	190
10816692	158
10969789	201
9461041	150
1127809	16
5881294	102
8123101	99
9429221	135
26723682	158
2730214	26
5035062	47
11978122	90
6126547	90
21304379	193
4398062	46
69138218	88
9856090	152
10009185	165
4398363	60
9903519	171
6247523	128
7607377	122
9824570	126
8943517	161
8992447	137
7169703	132
79317311	166
11932494	181
10073126	108
10805286	192
8286103	96
7946591	110
4879565	59
13106230	116
6767150	106
15316819	237
7512518	89
11143898	130
8123401	135
11764388	56
12965442	162
6431539	84
8743891	163
10616768	151
5378778	85
8976838	70
31674992	194
35395529	223
20032481	133
13830586	191
11162510	70
12826455	204
4196035	80
19697771	207
6849402	57
10140968	139
14080942	74
11735269	193
6210301	114
66206878	127
11892268	185
13349984	114
23696281	156
8360851	133
4211045	66
20750232	243
14939782	223
10648587	123
4019224	59
15764400	138
15475018	168
19851767	132
3733745	75
9910424	137
13894826	124
86097969	200
8004527	140
14008597	129
57157395	136
37205365	227
5712287	87
12286716	114
10522809	164
91889507	137
932386	1
18859944	221
9835677	102
11412867	176
6831990	84
12337147	189
7449778	140
88622555	102
24246827	130
7653907	75
4395960	78
13887321	171
7321598	140
10119355	59
11064348	140
11565664	209
12508555	122
13151259	122
1832951	26
10816693	132
15894382	123
11226150	235
5412399	88
2747625	48
5811349	24
15182935	116
3579448	55
9136237	75
9739316	173
6806174	113
5215176	82
8758900	124
17034198	206
15412880	180
14570250	56
45130342	115
5750711	88
8550570	165
12634935	94
48632942	103
15095580	149
23291928	89
61734669	136
3354606	38
7679122	85
17143466	167
6736530	119
3689316	61
18284183	159
9640254	121
7580660	118
10651889	140
12536472	200
11610091	190
12692571	150
13885520	157
17203804	180
12506754	200
6759345	111
26210961	181
11274781	122
70063399	77
12334747	117
5455626	41
7789592	101
9194775	167
6472365	115
9815564	108
40584887	96
12043564	134
9298340	107
15261885	192
4377349	63
16595622	188
10600557	126
2935843	40
12086190	179
14837118	188
10518005	107
19657545	54
2171864	12
7881750	125
8636124	128
8127904	46
10926561	99
5082792	70
11901574	127
5509360	65
14127171	219
6645273	70
58703666	168
5133824	105
22783708	171
13540904	74
8772109	125
4214347	65
9910424	177
10738344	127
19865275	80
9535488	148
5741705	100
20576722	209
11557858	130
12721689	164
21485993	229
1829349	16
8186441	83
12512458	161
8995149	130
198034065	179
11904276	166
30391086	117
14000793	124
47599092	141
5743507	54
19356756	112
7105763	127
11467201	175
12646342	170
9305544	77
9974064	171
2025972	1
17329283	53
4749583	67
13452949	117
10750652	175
3626878	33
20088316	167
11518534	140
4711459	69
4145904	49
5852175	66
13413324	124
16222487	105
6205197	93
34949749	105
8640026	163
24034594	92
25228143	215
7723851	159
5476939	60
7994921	138
42321178	144
11005512	200
29782903	73
12583602	139
11074855	212
9388395	103
5512963	101
21694324	162
58557474	153
8251282	121
12359362	40
20748430	82
15686651	171
14565747	121
8860664	124
5543881	88
2238506	37
13206794	125
9499766	157
12369868	168
4831835	42
10922359	179
15439596	189
5472737	23
33613609	173
16709994	86
19187750	199
13943457	135
16770032	131
4319112	54
7551542	54
26830849	185
15627213	94
7540435	99
34408509	136
7464788	135
17642079	130
3537722	55
12455723	160
18909475	161
6665686	126
613885	2
12599212	145
11166413	126
64593965	154
8588093	106
13922143	116
10884235	133
7992519	161
17370408	112
9048283	159
13500078	168
10660895	210
3890444	70
7628691	121
9844083	148
16999375	92
20359686	155
5969849	74
4614498	82
3898848	73
117593749	172
2928339	17
15467814	143
6295253	100
16468042	144
10860520	170
22594589	189
24586340	206
4692246	81
4356636	66
4742678	86
25957001	112
6605047	77
11417070	67
11583674	52
14689725	132
10289862	79
45502875	143
106350188	145
11314405	173
11997334	192
108810533	178
7032216	130
10380819	179
2664773	45
15091077	199
13691598	107
20337172	99
8070868	61
10907650	132
15925001	183
11598384	146
14378429	133
8218862	131
6685799	132
25105366	146
10680407	179
27078806	120
6800171	115
18797205	112
7851430	146
7275369	125
2234003	14
21250045	98
4483916	30
10673503	207
8502840	53
11030427	145
19918709	203
63569722	91
11738872	154
17142866	105
23395792	211
12196660	123
8766105	83
6714617	110
11429978	103
14823909	115
3701025	68
4585980	37
5328647	88
12624128	190
3390929	66
7977209	118
17825795	187
12348855	93
14661808	171
23106711	102
5256301	94
92834200	134
13488371	126
4245266	56
6372102	107
3134268	43
6698707	125
50245854	112
7772181	105
13917340	154
7594769	96
14355315	122
15667439	125
11051140	207
6843998	125
33442803	122
26754002	155
6048799	112
19006436	105
11204536	34
20390005	154
22351437	72
15492429	198
15932806	198
3619373	59
10865624	213
5445119	110
16886505	129
11465100	139
2315955	17
20656873	171
1963833	1
10686111	134
3092542	59
13734225	149
11600185	191
7341410	95
10906749	127
17706019	65
6004671	127
3713032	67
7505313	149
15444099	151
5098402	52
16457536	160
9140140	59
6330976	71
4235660	64
6808276	108
44726889	101
74313169	207
10195603	187
3220422	50
6911241	43
6356192	125
3563538	65
9954552	131
8375560	163
15648527	148
20153457	157
8449106	140
8179537	94
42531310	96
18859344	176
7808203	117
18678630	164
12415797	133
9599128	132
6317467	106
9197176	79
6134352	62
7180509	119
68391350	125
5446621	63
9182466	190
19752704	61
18887562	204
33861265	91
6691803	109
14947587	102
13088820	134
11214142	135
12470131	127
4014421	77
8684154	152
9041378	91
4619601	88
9893013	197
4832435	57
23955043	40
12901502	188
5629736	56
10328586	125
14277566	146
12131818	166
3588153	56
7993420	110
3185901	40
10275753	169
13268032	172
7038520	96
9182767	119
19474430	177
9010158	146
13548108	225
6745536	120
12587805	224
12541576	126
8436798	127
14662708	194
12600713	225
19242984	82
13184280	106
14768975	169
8537662	130
5672662	91
12818950	138
110091738	229
4112583	61
18231349	143
14421357	231
14128373	163
14605373	110
19397882	131
10317780	90
15663837	119
6745236	130
7265463	129
10748551	136
8725880	88
2431227	45
4093671	58
12398686	95
11899473	203
14190211	141
10039504	114
9687684	144
4166917	45
6808276	132
10461870	153
3922263	55
8731583	154
9624044	108
14312989	104
136010915	170
9839579	192
18237953	154
5294425	38
9760930	62
7549141	143
13293548	153
9149446	113
13939855	98
9296538	136
8011131	153
6777056	123
11501122	192
326304	1
22489523	213
4927895	55
18516828	191
7318596	89
15134905	181
2709502	2
9459841	110
4845042	98
13120640	129
8830346	103
6513191	121
10982697	38
10767762	200
9551398	101
14424959	198
7700736	125
6274841	125
6705611	101
7888354	105
3976897	50
24319473	207
13539703	161
5757015	108
8045353	139
13687395	108
17194498	141
11902175	195
8906594	115
2336367	45
35285059	129
1425595	1
12798238	204
1799631	11
15676745	217
11816020	107
22584683	144
4551158	47
8729182	125
12664053	142
6533303	1
45910832	149
10068923	165
64757268	64
12263001	112
8074771	131
9701493	124
8423590	155
6287749	68
9096012	141
7946890	166
13757940	1
15657233	121
15297307	99
11634707	223
18986624	219
4860653	92
10202807	133
16265714	179
4064853	68
5896903	99
8913498	42
25463791	201
2425524	38
8793422	82
9595826	101
13427132	172
13662480	204
4976825	105
15373254	169
19068275	102
9974064	164
9532486	152
5510861	91
7585463	91
13889723	147
9079502	116
26915803	34
14262857	105
11191929	225
11906377	165
15462110	189
11558759	92
23357668	160
8657136	138
4645417	81
17155173	92
4860052	97
4387556	63
6369701	116
10179392	129
14065633	93
19905500	209
9102617	63
4122189	64
5519567	93
17293861	227
11563862	164
7881150	74
6336980	113
13353887	160
7094055	108
6527599	122
100001801	112
138579328	99
9178565	77
13479065	156
4332921	31
15364849	162
7175106	126
7737359	123
8049855	146
6136754	90
8052557	149
19667752	135
19073378	50
5865684	109
4930596	89
12031856	131
3914459	77
53866128	97
9985171	199
27634455	141
17295962	98
13370997	150
10913053	192
21684418	100
5295626	46
51935315	201
105837766	81
8214359	90
8127604	116
12389981	165
19462723	180
18544145	179
18457991	109
4339825	41
7051128	85
11725964	152
10240031	150
15997047	101
4068155	59
19205461	200
7096757	116
9740817	171
9098714	178
8503440	144
6698406	119
6652478	66
6270938	116
5068683	62
16139636	154
7839423	144
8676949	134
8040250	143
6912441	114
21800291	132
11031328	162
81961071	138
14934679	127
5974953	54
488707	1
12446416	145
21634586	175
5304931	52
8453609	175
9159352	79
12247992	72
6054202	75
9538791	129
12459924	167
7814507	143
9071396	90
75124878	125
10107348	133
20822276	215
4105378	81
1741393	2
10232526	145
10661495	131
4339525	57
10207610	163
11345024	121
10682808	162
8593497	44
6225309	128
7076344	129
26878280	127
3728342	49
8380363	135
11644013	73
6204896	74
19771917	105
10601158	90
12368068	145
9229596	130
8092182	71
8409181	152
10419543	115
5708685	66
6207899	66
14724847	70
9401304	102
10467273	124
23800747	159
11117782	90
13458052	170
10235528	32
23746413	182
9548096	132
19437807	173
20163662	107
11930392	106
15990142	145
115268188	216
107022010	239
9913726	197
5703882	109
9619841	127
23514367	110
1919106	10
4483915	45
6958070	138
18775591	213
18583470	166
24628066	149
4188230	81
9257514	167
8746292	94
13535200	231
25272571	190
23773130	225
8835449	99
10541420	135
10368812	125
10376617	170
6656981	114
7188014	83
6265535	84
19763812	32
3945377	65
6794166	96
6916044	39
5530373	93
93636904	102
14454978	167
14552539	140
7728353	110
11834632	85
6189587	84
8466217	170
707544	1
3978399	27
11201234	188
13002366	87
8541264	110
38135649	156
14191412	104
4273784	42
24419436	155
13566120	184
11115381	148
19647939	147
32411354	228
9211885	147
8981941	151
35625173	231
8611508	22
18599681	91
13476664	164
6381107	129
11702249	121
6741934	96
11468402	181
10680407	124
7239347	50
10043407	112
8904192	161
7748766	61
17163879	55
9533687	121
20802764	209
13259327	74
18790601	162
6066510	109
9800254	125
16908418	218
5807447	114
8602803	52
20293344	231
9423218	118
24052906	226
12217072	128
15346838	200
11613993	149
9782243	158
12649043	156
5097502	73
13975276	127
6511690	101
35959583	150
30765121	133
15325225	139
14014601	165
10813691	92
18354126	172
29461402	123
10261043	136
4403766	72
8293008	167
5034161	90
21191508	198
10103445	115
55907110	118
110595454	119
13834788	171
18997731	132
2493366	36
12924016	183
8572784	134
17423842	75
13104429	156
15162222	26
27894117	196
9392298	156
5903507	114
14786386	197
11441685	142
9229896	124
9511773	143
10141569	167
19213266	166
26129309	123
10633278	202
25875049	213
15801924	225
2943949	33
15457907	139
31691803	205
8726481	106
8275897	130
4742978	99
9510572	116
8457512	123
13614450	117
5165644	84
5812851	118
9642055	174
17691310	146
11320409	195
4646618	53
102794755	135
14452876	76
7538935	133
7782688	110
18413564	189
15126499	162
15375656	158
3880236	54
15090777	157
21973799	138
8712071	135
2118731	24
13261728	125
11586976	130
22361643	102
22442394	201
6569626	107
12953735	162
17470671	173
12893697	171
8861265	116
11029826	158
7115669	131
7184412	129
9695189	154
14659406	97
15196444	124
7587565	104
1420492	23
6814279	139
10430650	207
143870750	216
14330700	208
7299384	109
6209400	83
8158523	161
59995077	160
3462075	31
10391926	77
12524165	103
11202736	207
6358593	101
5819755	72
10244234	173
7914771	164
15351040	136
8838450	148
7180209	128
20950457	173
13046193	159
9276426	155
13100827	150
13612649	95
8382765	141
19228576	245
6774955	139
18300993	89
11511930	216
10393427	203
6439043	94
7148389	104
28912657	61
55104706	130
14131975	89
115915695	148
112045065	109
1854565	29
15303011	59
43768686	214
8405579	101
6071613	62
7552443	104
18948800	164
12357561	144
6585836	111
30155438	179
15905789	207
9642356	134
20255520	147
6301257	70
7597771	122
38088520	144
6211501	92
18632101	127
7520323	83
3766765	39
6933454	147
8181338	140
16000648	79
15509840	178
12801839	239
17247632	116
10847313	169
18305195	117
40021434	119
17945269	201
8486629	79
10993504	113
11180221	163
8570983	119
8081375	141
20524489	234
21689821	204
15423986	92
7121672	93
9509372	119
9142241	179
36009414	201
13709910	178
5372474	29
7487302	125
8697362	92
16661363	193
10925061	157
15295205	127
17793975	218
7454282	118
6939158	103
5283618	72
7791393	49
86170015	83
5226282	98
2251414	22
4172020	73
4599188	70
13623756	166
6467261	22
4330820	63
8843254	122
4046542	48
11601386	141
9877403	115
14319893	187
30261404	140
9217889	165
9346970	104
52206085	158
8363853	116
4122189	31
5187858	52
38722218	52
7516420	33
12984354	120
7399947	85
2829277	40
5520767	86
8829445	98
7795295	117
13214299	157
8398375	109
125121577	122
8635823	142
12812646	133
6841597	134
8021337	134
11402060	130
12977750	136
8889182	93
5725495	102
8682052	163
81416230	144
7792293	117
15148713	182
30598816	44
13979779	138
19378369	146
12773322	187
5143130	94
11708553	165
10865623	103
6563922	99
7640098	141
8127304	86
14564547	216
91809056	145
7345913	98
5010747	81
4496524	90
6972479	126
9980968	122
5446920	103
10709225	113
13681392	117
8135710	56
13063004	103
9920029	103
7549141	66
2036479	23
10774967	118
7464188	12
13069607	137
10818794	152
7814808	140
71946482	129
8456010	158
12589005	193
23066186	189
7925878	156
25173509	173
9163255	90
9365281	71
2789351	40
13875013	72
8837850	101
9657665	68
9289634	106
60889638	144
86148701	131
10146372	133
9036875	128
3609467	56
2856594	58
8738188	137
8905693	139
11364236	121
11446789	194
9463143	130
15109089	140
12057072	217
3376820	32
14330099	154
12356060	102
10563634	170
5886697	82
9006256	110
13642368	94
1523156	29
19413792	161
7566552	141
7533532	90
23695081	177
10905849	98
2545899	18
6010975	70
64089949	190
8232670	40
23186261	168
7115668	134
9298940	126
6618557	86
8976537	137
4181626	44
39441770	213
17425343	107
5398590	53
9340666	71
7831018	100
14523121	59
9622243	124
10953578	139
17382716	130
10138868	123
9472448	97
5682568	66
8879576	147
11140296	160
7335706	115
7586364	126
24153469	118
6130750	109
4473709	70
13088519	147
22479617	207
24390317	218
7677021	86
12468030	151
104789508	107
3034606	52
127750627	175
20106627	234
10710126	130
3726841	72
13055499	70
9953050	130
12089493	153
7613981	135
7830117	117
8679651	116
3340198	40
7433268	150
9538491	117
12230281	197
4305003	52
15611304	162
11910280	131
4465004	74
11774294	109
19433004	181
19989553	76
14469988	128
16531982	184
47977930	246
13319365	173
3778773	31
11717259	143
1407884	9
14948488	136
9317251	130
10019693	166
7755370	112
86045136	181
6683397	75
6478069	78
4469207	88
5072586	66
7767678	122
8054659	55
14361019	204
8923704	163
25004502	182
6471464	89
3121960	33
8979539	57
13298351	243
9539691	142
4964217	55
9303443	146
15423085	187
15815732	222
7607978	65
12550882	97
20575521	149
7792294	71
12888293	195
3066126	65
16178960	175
21150383	179
7630793	99
12171143	157
72829036	110
4285491	58
4117686	63
2181469	25
7808504	84
14750963	203
8726480	161
12242589	158
11177219	190
9850086	156
6669889	67
7141485	100
10738043	138
5675064	55
4615699	32
9264418	122
10305472	112
8241676	131
9213686	129
19227675	158
2920834	18
15903388	181
5541780	53
11731968	79
40140908	122
8830645	88
5082792	84
5502756	68
2448038	11
4127592	65
4721365	46
7805802	134
8152220	103
5686171	99
10754854	128
6575929	29
9470347	140
11221047	60
5321742	68
5058176	80
8136910	143
18306996	152
21359614	181
10302470	183
8079574	126
35007085	127
62067579	117
8793122	159
13946458	140
4244065	65
9707797	142
10922360	62
15414380	96
3411642	68
6493078	121
75041126	153
11609491	166
5760618	95
6118442	100
20338673	203
15689953	174
10114252	177
9030271	147
6358293	83
29418475	237
13405519	133
17442154	209
34350272	116
12024352	79
23591215	113
13914939	126
38138051	164
10953879	164
18231650	189
7523025	59
10217816	121
44592404	98
13563418	144
6703810	78
89020004	174
12664954	119
16807855	231
4736975	15
5183055	83
8888582	165
90241772	104
10114252	131
7392442	139
25597075	207
12674560	145
60580145	165
105996866	98
14062331	111
16373182	194
8285803	91
14225034	166
17856114	231
2727513	38
2420420	10
14783083	138
8225766	83
6325573	135
5011647	82
4815925	63
9088207	149
12649344	157
13107131	127
3000084	56
36617596	235
10415641	82
9854288	119
8406780	75
4548456	61
4338624	92
20161862	215
6845499	132
13102328	129
6206998	126
13825782	214
14234339	153
7208727	136
10962585	198
5621030	90
18213638	211
24175682	113
40196443	72
25866344	134
11993432	139
9395000	113
77503572	152
5994764	54
20939050	175
17081927	162
2360982	49
6409925	109
4605192	75
5791237	102
4729170	42
6929251	104
23186861	234
10757556	170
16670969	153
9539691	86
1624320	27
62067278	136
7331504	95
15629615	210
16689281	161
5758217	92
27133140	107
8586593	103
13153060	202
4361739	2
8466517	21
12767618	150
6002570	106
15269990	197
5060578	86
11277482	109
16285227	200
6790565	113
15736782	140
17973787	144
12164539	137
2943348	34
8841152	136
11883863	221
4972623	93
2726012	55
10663596	182
6803173	136
4359638	84
8480626	131
1951525	34
59056988	138
4561365	70
17418739	215
8216159	124
3938473	58
2957458	53
15019032	107
9854889	78
16925829	227
4066354	70
57629292	170
9876803	182
22709562	154
9784345	128
7938185	110
10069523	179
5137727	78
5527671	101
10536617	109
13222704	191
6807375	85
8945318	168
18143694	113
27451040	215
10715830	80
16772733	128
7904864	161
9783745	103
4311008	66
17975889	193
4670333	53
30858779	91
26620717	185
21613273	190
31336079	131
13952162	134
3623575	59
7456683	56
35658193	173
10185096	110
13080715	142
19411690	121
16202675	193
7908166	145
12822552	149
9839279	174
10166785	151
106885424	238
17479677	198
9123329	96
17324180	205
19861072	188
11350128	175
5872888	118
7836721	68
24284651	42
18253564	175
106768951	168
13768747	208
13806871	125
6008874	122
9112222	105
8971434	47
3462675	33
11109977	153
5881594	104
14128973	124
8110794	137
10256241	174
9340366	69
16726204	181
5811950	98
5084894	48
13262629	172
6023582	84
13256626	145
10496692	145
7477096	136
5607822	86
12398386	198
14620081	180
2261020	20
9933539	166
98987163	190
21561641	201
6483171	128
22823933	72
15525150	141
87950133	142
19113303	235
7655708	123
5797241	86
21811398	160
13115837	157
4172921	35
12531970	177
11196731	74
27475355	174
8976838	170
5032661	62
26363456	82
11495720	141
2120531	40
16762227	212
12595610	110
4156110	84
13225106	177
8199049	94
9003254	116
1957529	1
11463899	212
3485488	53
5689773	85
13020677	128
10571739	149
15183835	155
7033116	55
12420600	175
8504941	61
22239166	177
6825987	140
8167830	62
14090549	191
7247452	90
7343511	70
4135697	39
9256913	131
15602898	129
17312172	185
6807075	80
3206013	63
5773526	54
11010315	196
4734874	79
12686567	116
4390257	57
9793350	134
13440641	189
7859536	83
11824125	147
7859235	95
27139144	209
13334974	157
37591407	179
73206974	108
5700881	91
9382092	174
8117698	34
7311992	131
10949376	198
3323387	53
26318128	8
11956809	169
8436798	116
5083993	104
33418787	173
7370229	78
25555049	117
7955596	105
6627262	38
59162654	206
19501447	145
10114852	154
1687960	13
10168886	196
4129093	41
6570526	50
49981688	119
7473193	143
45670681	185
6700808	114
11380747	196
11306300	169
20901526	155
8846555	141
6486173	86
10271551	179
12930620	113
56983886	135
8366855	85
9837478	139
17610559	101
14631189	208
24647579	208
17020388	135
13462554	158
9414212	121
11795607	72
4787106	79
12960939	187
8831846	99
33723779	95
23595118	167
12785329	199
9633650	55
10598156	32
12931821	189
50468294	150
3899749	22
13310959	168
8640626	116
1498240	12
30972250	106
10994404	141
14502107	141
5905609	61
21660102	93
12407091	182
18497917	224
10163183	155
12918312	21
17170183	176
10843109	203
12575498	195
26208859	210
8086779	133
6267036	119
12763415	134
13427432	214
9210684	143
11161910	167
78791682	116
88958166	149
17298663	201
10753653	162
5631537	74
14260756	207
3550930	68
16068191	193
6346586	96
7973307	104
9311848	142
6816080	49
10964386	115
8967532	142
11066750	212
11802812	130
5598816	107
64802596	119
68028421	47
9594025	127
10869226	207
15399371	104
10543221	173
5023955	86
12373471	96
11466901	177
6314765	110
14584359	174
9660366	102
3600161	27
2262821	30
9466445	161
14006196	202
14353814	129
4728870	50
10798381	194
10159580	213
7561748	148
11312904	138
24020185	59
55292624	216
7903063	64
12001537	178
8253683	115
79585080	112
16448530	190
16801852	167
13195987	159
17881029	158
13193886	167
14076740	63
6553716	108
9739916	178
18359530	193
6566023	56
11208439	159
7656909	124
7230040	139
4608495	76
12380075	133
10533315	137
29385454	158
7896759	137
76577490	206
11019020	127
9079202	184
14184808	123
10756055	150
5827559	87
11778496	102
4851347	100
6799871	68
3022898	45
12616624	161
22435190	133
8169030	127
10309374	159
57000997	101
8896087	139
7712143	112
11489415	149
13456851	151
5717091	66
6540207	58
3280460	44
27185672	194
8397174	143
10089937	119
10365209	104
17257238	165
18963510	98
60899545	94
20304151	228
3476183	40
5772625	122
2248412	37
13154561	244
6156566	97
4661927	73
8261788	159
8324828	102
5113411	85
11164311	172
5726697	114
17523205	212
12501951	211
4964217	106
5207070	67
6752140	91
8520550	161
6526999	84
9071997	49
7695033	142
3024099	54
4363540	43
10596955	104
55157839	149
6472665	69
13120940	130
12231481	186
10935868	61
9946747	202
3761963	62
12055270	57
15188038	97
20643964	113
4965118	82
29307705	185
10421045	79
7839724	105
4466505	44
15867365	96
9655864	144
10869526	185
11924989	117
6019680	50
7757171	98
9036275	127
9365581	80
12916512	102
7222236	70
79170219	151
8962428	148
14727849	211
108892484	191
12898200	174
23576506	106
19782123	30
12690769	142
12478236	203
7511618	122
21821304	237
2205785	9
5014649	69
39150587	114
14694828	191
7960399	140
12686267	142
12743303	178
3006688	31
9026069	114
22256577	146
11611893	95
15919297	215
8989746	100
14118766	194
104644516	190
5022454	26
16760125	226
6096529	114
4630708	40
1509648	25
8562878	1
6871915	110
10645586	120
6612552	135
9401304	143
11723562	95
4575473	91
12029454	209
9977666	126
4761290	59
70210492	182
14808599	157
6288049	120
5388084	67
4193633	8
11955008	141
5063280	90
71556537	185
27888414	91
19267300	201
6934655	131
9325956	162
13026080	99
2996182	37
8214658	89
26934715	169
75715350	98
10448662	149
10618269	122
9273724	157
11724463	118
4969621	33
3084437	55
7703438	115
7929780	90
8488431	53
6877619	112
15354943	151
5614426	60
6861109	117
12947131	167
21286368	119
10352301	133
4157311	76
7910268	135
4509132	41
11194330	145
9733613	119
2548000	19
15632017	138
4594085	89
9768435	189
17120051	156
3092542	58
22463407	199
17005979	89
13642667	187
15034942	152
71059425	96
15541660	103
10796280	212
20151355	145
4063052	26
81213602	221
12859776	207
3852320	45
5623432	89
16926730	61
29903880	191
19885088	121
5339453	67
13530997	161
13117338	78
9018863	101
12523865	92
13104730	100
15221959	190
3505001	50
8228167	93
9443931	196
10724535	84
21003890	172
12039961	80
7539835	92
3755359	47
12443114	156
61733168	193
56181782	200
9362580	49
33753797	236
16829169	194
10325585	157
4653823	90
11908178	167
1865071	7
3236032	30
16745716	137
5437014	57
12672158	223
6841297	133
8108992	90
32457584	121
1965334	1
13579327	174
12249493	171
7612781	55
21042314	191
13824882	187
4529245	60
25322102	215
5064781	82
633098	5
5705984	7
29382753	195
8770308	138
10338793	86
8716874	135
13868109	207
11439584	183
10359806	183
5657653	104
21161189	220
9377889	112
14963197	213
1402181	14
16193370	175
17880729	228
7727753	62
4249469	33
5648647	108
7141785	140
23828965	178
11299096	144
25447581	110
9266220	119
12287017	150
6859308	132
13478465	154
8565880	129
9787046	115
6342083	71
9762431	157
6091426	90
5547484	92
10453765	122
11978122	115
7812106	97
5226582	84
9156350	169
6533303	107
12028854	101
5337952	54
88765144	185
25135385	152
54394459	144
4690746	40
4634010	50
5672662	80
10795079	160
8791621	79
26663645	174
10580745	119
4430483	74
17248532	138
6018479	104
19114504	115
6970078	93
7065237	77
7484000	76
3647291	60
53549730	184
51160529	231
112859776	190
17335887	142
10674703	112
15349840	212
15121396	223
5065682	65
8049555	143
8153721	106
68728161	182
13658577	180
15366050	203
3185600	48
14969200	125
10324083	192
9428621	86
4590483	68
16485453	123
10112450	181
7874245	146
69031351	149
15982036	78
3266351	20
16544890	218
3362712	49
10379618	111
8665542	122
9656465	92
14036214	179
6299456	67
7766477	86
21829409	97
15890780	165
8979539	124
101864772	215
37685366	243
8194847	71
10818794	160
91929131	148
6650976	22
26750699	165
29972022	105
7311691	69
20931845	184
16541888	83
7511917	129
13206493	117
24060409	187
1852463	19
11830729	147
101186045	121
9016162	46
6103133	124
24905140	91
9880705	79
10227422	175
12499850	140
13869010	203
15202447	130
14754265	67
14155390	155
18103769	128
33771809	153
44806739	222
14829613	93
7828016	93
23292827	187
5626434	87
11411367	126
15761698	221
3494795	47
14644997	118
5883094	55
18032624	217
17449358	148
6159268	92
1618016	19
10056616	201
11679134	103
21829709	157
9219390	130
49857410	58
6088124	42
6414729	103
13770548	194
13390509	227
4664930	96
38161466	69
7021709	91
3766165	53
8045952	73
35897144	129
17283955	117
9767534	191
6019380	115
11437783	138
11708553	168
4662828	86
3947179	69
11548553	199
2462746	25
8837550	142
19849966	158
19340846	93
23198269	137
19512253	118
4496824	90
10025696	178
4232058	59
69242984	83
12682965	209
12524165	138
7853232	141
8100887	143
11961912	110
9977065	74
12090993	195
13506682	216
7584563	103
15644325	87
5803544	103
3157383	45
11930993	173
11834632	34
12626229	161
8631020	111
9507571	130
10314178	134
3857723	58
8836650	165
5008345	99
6511990	75
3849317	39
3978398	66
7634094	47
22857855	194
16235696	168
5885196	88
11585175	109
9183067	131
3663801	56
10703822	173
10379018	207
8661339	55
16421513	203
10922660	206
9247607	161
12092494	214
2112127	18
15487026	172
5913714	123
15645225	164
14373327	146
11286488	137
14161093	109
12316435	117
3118058	54
5092098	87
5099303	87
21763068	184
14855729	145
11591479	167
14901659	167
13039589	169
49751444	117
7689329	153
10575942	128
6843698	94
5975853	93
14554040	134
19061671	187
36078757	184
13759741	89
18857243	181
3962188	72
90129801	229
3776972	33
4191532	73
603837310	232
550903267	197
11761986	129
6520695	102
20087415	203
1966535	2
18036227	186
10950877	141
19741598	218
11935496	63
15117194	102
9697891	126
11305700	141
42208607	107
88581129	128
30171348	169
9772337	141
27650064	208
4483015	83
9831775	170
9421116	130
24081423	129
13540904	203
8591096	103
4829733	70
10718532	107
21524417	181
5438815	104
9963557	142
7698034	78
56584636	126
14138880	228
3605864	39
8635523	131
9165356	181
19928315	198
19124710	234
11784201	145
7201522	113
7158896	73
3212618	39
3324288	44
8685954	94
13998991	224
5108609	99
13343980	159
14906762	91
8743891	156
9275825	111
82741561	85
5809249	62
7978710	115
10269749	148
8298411	135
8978639	107
3374420	37
37712384	201
5055174	83
5967748	95
11163111	185
35770464	99
13712011	13
5523169	72
9380591	120
4223052	83
8310119	110
13352085	99
16815661	202
11813919	131
3199710	33
52638357	175
5499753	85
4739376	81
6175178	57
22950312	206
85965887	227
11014217	117
72235564	97
92699716	179
14363720	198
4696749	83
61749979	187
13399515	207
29017423	134
6095328	110
9875602	151
9106219	172
8211958	109
14044921	191
6848801	79
14276666	169
6157467	97
11859848	124
10213614	135
21612673	86
20117434	58
3107552	26
6007073	56
887658	1
21861229	34
21554436	203
23246299	141
5022154	92
14673214	180
29121589	202
12533471	155
9408809	163
21026104	178
16940238	87
6366098	71
11535645	165
23514667	113
5126919	43
3212618	61
18525534	158
3884740	66
4675136	49
11188626	146
6140356	116
45205689	146
8766106	96
9651661	125
126987848	129
6551914	130
79106579	193
86725664	69
12184352	100
8364153	110
18037427	219
54440688	118
13585632	160
32801299	130
19315030	140
5723094	40
3766466	47
25883755	200
12362363	153
580312136	88
9740217	123
11388852	113
9452336	94
9126932	135
9842581	108
5622831	69
15454005	146
11338720	199
11734969	174
8126703	110
10028398	114
13476363	165
18809212	190
7888654	98
11164011	116
8201450	73
11102172	122
11753882	166
11796808	170
8587794	116
8681152	134
13262028	198
9212485	104
11643712	2
10539919	133
14522220	99
17343392	83
8459913	101
18294990	84
4919789	96
9010458	165
14418355	109
10629676	134
11449790	145
9044680	67
8569181	151
4000012	36
12849870	134
13404318	190
10189299	180
14344208	173
43830225	159
8354546	148
11711555	210
8665242	122
13839591	208
9839579	75
8417886	88
8576986	137
6427637	78
96729446	61
16951345	113
10554928	117
7004899	89
38916139	212
9594626	115
4853148	73
8076572	94
10584047	130
21719540	195
32496008	87
17457764	72
18248160	202
11506526	134
27548900	164
6614353	122
13963269	107
9265019	165
3816897	55
19807940	77
13155161	236
6517092	97
2098318	14
54890671	206
10285059	88
10857819	104
15693555	148
13003266	112
10189900	218
4387856	44
15679747	117
9077400	128
12519962	201
13469459	105
31732327	200
3768266	9
13121541	145
1704170	15
14147285	197
72378453	105
7082949	124
1212762	2
3191604	65
5065981	93
10608963	168
4911685	37
17740541	29
8978939	76
6255928	126
3822301	54
25941991	143
22419580	132
43942496	144
24127952	165
7363624	92
23668064	139
16826167	201
45052593	92
40825339	164
17615062	184
11951706	99
6670789	97
19677057	172
3423050	57
10107948	186
3095244	54
7004899	83
7927679	109
17804781	65
9172260	79
6146960	63
2086911	37
6805874	76
5408497	87
8295410	137
15671041	163
9439128	103
8410682	145
21012896	117
10626974	167
15613405	163
6134953	113
5048271	73
66657161	142
4770896	24
6291651	94
11821724	238
7168502	123
2692691	46
13591636	241
7461486	83
14497304	196
12746305	144
17829397	99
10258042	102
7506214	99
7011804	96
3488791	46
27282634	74
12213470	70
13014973	118
12697374	158
14734754	176
12181350	102
17800279	32
13344580	115
5674464	34
12103301	137
39430062	202
16673972	144
5945534	108
15224361	140
13929048	156
23692679	82
14523120	2
10592752	123
6486473	97
12203864	125
8406480	102
13487170	150
5122417	27
3988004	38
8813235	97
13939253	179
47512638	146
9495263	99
11593881	142
68612288	81
8633122	154
8318525	106
6697806	76
15617908	205
26322330	135
1914002	28
3111454	45
9056988	171
13069908	162
11432080	109
5940131	105
2217493	42
25423866	123
5651649	51
403471980	137
10146672	65
7679723	150
149497484	130
6485573	116
7626289	62
7183812	63
10695417	93
5905308	107
11401760	161
21684117	171
15540459	126
8838751	92
28812394	66
11301797	103
18016414	189
15158319	117
6353190	49
17400127	124
7733757	116
68877054	99
7156795	57
8126103	91
9649259	125
14026609	137
8960927	178
15657833	156
45884115	177
33051357	174
30694576	176
14807099	125
13057600	143
18456791	161
54682341	203
11746977	115
19841861	86
8700964	109
7523024	125
15181134	233
14130774	155
18329511	138
10026897	143
9915526	155
21972299	189
4097873	51
7801899	142
37839063	176
17489583	128
7874545	54
84662168	213
13863306	162
21311283	76
14503007	167
9388696	91
8731283	139
12342851	134
6869213	110
3876034	71
8741190	117
31519794	224
35578644	183
5254500	77
16692883	143
15128600	173
6533603	125
9740818	80
14539631	180
4037236	41
8773610	97
8433496	95
5185457	58
11912381	212
7838522	126
11165512	108
9188770	156
1969537	24
20530193	123
30786134	128
9904420	82
14583758	128
9443330	132
9841980	171
52347774	187
7206926	32
7007301	95
17924257	140
7479797	73
13645970	165
3883539	27
124130354	59
11416470	51
13164467	110
5640542	76
15755394	120
21550834	128
22144006	131
5814051	76
8360250	42
16933634	97
10478081	132
3635883	40
10436054	197
4418775	35
9738116	203
10379619	193
9765433	182
13241616	166
13569721	126
13480266	204
1559179	10
31082720	167
15172728	184
11325812	103
9935940	127
8982841	135
12250993	140
33458112	145
9666071	149
4955812	68
5940731	97
5947635	114
27050288	187
17742643	73
17907446	125
10289562	64
6116941	106
9519278	103
16881402	191
13586533	128
9835076	84
4228155	52
20401412	175
8330832	46
15716070	124
7168201	106
1090886	1
12324540	212
8336236	96
8700964	102
5371573	107
7018708	103
7083248	89
13588633	211
11237257	191
107377132	139
6453153	77
8036346	137
6225010	121
12209867	137
8327529	119
20891920	235
11792906	128
30547184	124
10157779	111
12861877	197
29063953	130
20885316	171
31187786	84
18938293	130
6293152	133
7990418	144
13431335	173
15446200	170
19245386	57
27344172	200
12828556	117
10972490	199
14970102	194
5856678	71
75506718	126
22473013	225
4016823	56
19458820	90
9962056	202
15019933	145
9003554	162
12709982	203
125925782	198
24370805	80
16543389	158
22459504	45
67700916	183
15769804	222
8479725	109
12327241	129
10619469	172
20473157	12
15923800	213
9933238	196
12636135	115
9014361	157
1050360	1
8190344	50
7813307	137
35832903	149
11506827	219
13849497	163
5658254	93
11192528	26
15242072	143
9392298	71
17574837	73
26743796	93
20641263	123
25514223	197
33464416	29
13668183	189
29082263	227
103536521	226
17759453	116
8386967	155
7929480	158
7284074	132
15167626	106
13509084	84
9339165	119
5690073	69
25426268	131
15325825	119
8034246	101
32161297	124
4262977	35
21879840	155
16276521	235
13162966	160
23098906	240
8934511	175
30867484	159
10948175	78
13479065	71
9245807	168
14810701	181
29252170	210
5597315	82
7086250	32
3541924	41
2651865	36
55753713	113
37845967	144
29465905	147
7799198	98
22008621	158
14051224	57
19171840	62
16241700	151
14530626	132
11447089	126
6245122	71
27832579	197
27618844	123
23951741	143
7145387	79
16747818	168
14082744	100
11268776	138
20185276	180
14466985	157
30233186	172
10116353	128
18083356	132
18334013	207
16060686	191
6219906	107
24226714	128
11952306	179
13813775	139
5394087	94
8527755	164
14667811	77
17697314	22
8655035	103
12401388	234
11761686	126
8258486	117
11513730	111
11228251	191
10906449	159
10508399	97
14157491	239
5015550	54
16711795	182
11429078	142
5717991	72
50660415	106
13476363	97
9640254	163
7196119	150
4084965	76
26941319	218
35200106	154
18377841	195
14463983	143
15511641	128
14149386	194
8040249	127
9421417	178
13606645	155
58570682	104
13044992	110
5989061	92
3035207	24
12716586	218
14925674	175
3378922	67
25622291	206
7775783	118
32479197	73
34251510	104
6937356	113
6050600	74
9997178	131
70637060	54
10731439	174
13729122	134
18837129	172
9335263	29
7182310	132
5919718	120
3199409	43
26696065	116
10752753	162
9117626	110
11149902	122
47879168	145
70828281	159
96308582	197
9373086	134
53110854	129
13689797	155
18397954	170
37890095	197
28280160	139
6471765	123
10617668	172
9502167	175
8616311	154
16543389	224
8159425	137
31082720	95
14019704	170
20426628	195
4297499	43
9253912	97
6022982	58
19875482	171
23362772	119
19080582	165
8769107	167
5472737	71
18699944	139
3285863	64
6859608	147
19565087	109
7057432	126
12786230	107
4910483	51
