11
818
611
248
410
210
408
285
418
49
691
733
7
437
652
1045
352
22
194
325
1313
1007
56
94
437
198
389
136
91
1236
576
707
876
1181
9
591
332
498
668
481
159
525
545
333
1048
19
1225
483
314
215
714
721
535
25
399
244
27
731
2272
31
115
887
174
1229
963
144
141
121
416
148
1364
52
6
627
685
1744
164
153
1139
98
603
755
268
277
85
3629
643
12
609
23
677
1401
345
314
875
177
668
1627
222
876
442
818
25
133
705
255
113
2577
14
92
119
985
202
1408
1004
494
1462
242
1
1114
1123
327
581
107
237
212
169
185
502
367
8
252
181
939
882
941
587
1125
163
73
1635
505
741
1019
76
52
298
901
42
419
70
896
211
766
161
1270
93
567
477
697
371
143
14
446
721
609
153
77
520
128
45
619
92
695
1193
41
313
282
709
85
366
178
512
1098
988
46
758
1000
56
1284
4
256
25
274
111
387
1130
279
349
1362
941
158
405
228
643
634
58
2436
1243
1574
265
246
967
468
143
468
1231
651
453
102
21
1215
20
384
336
509
19
288
814
988
994
413
366
250
200
1
380
344
27
162
214
75
159
657
489
34
1669
659
644
202
648
44
99
165
624
183
571
493
767
1100
179
436
206
600
1474
206
1392
150
470
29
118
169
643
2478
123
289
1381
1654
72
370
1589
764
437
697
17
349
182
573
269
112
804
161
169
40
445
135
1704
24
222
169
189
222
125
266
586
1065
368
195
149
1726
344
382
1115
669
585
1654
1575
218
15
394
816
20
608
54
189
380
725
24
381
1248
299
1560
159
185
315
266
285
201
6
252
910
614
56
1493
21
207
245
223
720
1184
352
773
300
138
135
229
459
744
944
55
71
814
70
440
1005
1115
22
30
118
748
241
36
639
572
142
26
524
1224
306
820
888
4
78
387
223
48
418
255
424
694
743
915
469
345
239
406
224
533
616
220
1205
797
1051
880
37
428
978
43
1324
318
72
256
100
220
3
183
1831
4
269
211
1639
574
845
62
657
1880
748
924
183
144
356
121
697
951
1236
250
487
245
202
1061
12
14
171
524
59
239
330
386
34
437
904
175
57
695
921
427
369
187
159
551
535
103
867
1354
101
26
793
249
292
827
118
321
17
1698
165
1251
968
655
1046
678
113
565
357
818
174
131
154
686
984
191
208
206
1078
455
47
571
161
60
463
878
370
261
1302
521
97
164
598
674
51
832
197
92
225
291
2112
74
305
98
27
390
591
342
164
1858
851
414
261
131
502
367
161
546
725
381
728
160
1511
10
327
1259
428
747
377
235
185
355
1946
48
1011
71
14
87
156
61
1739
747
311
1669
34
271
99
178
503
237
362
44
381
1106
143
449
214
1061
13
2187
676
747
12
155
187
96
137
466
276
240
252
289
706
240
252
217
182
77
1092
60
78
1033
365
194
25
11
33
310
12
203
576
170
657
83
438
83
3
12
461
401
490
331
98
303
137
381
123
238
181
124
175
305
91
90
72
305
574
395
413
303
1115
1021
435
459
299
75
52
575
1411
558
258
926
352
238
372
440
1110
932
187
790
914
1098
261
455
731
1021
31
666
586
461
202
394
905
657
36
24
917
355
227
1520
454
1339
871
49
473
181
491
358
160
234
943
461
544
416
687
467
759
354
73
269
334
363
488
681
363
736
32
177
525
490
89
476
241
251
44
34
377
826
378
89
338
185
31
548
50
133
254
202
3820
548
96
2000
14
826
184
3130
324
102
280
1784
479
144
428
1429
73
551
1803
182
15
127
545
161
416
47
102
1156
555
1690
209
836
1363
226
833
2818
492
204
202
1325
82
986
957
174
1098
311
1132
1173
255
109
643
52
611
116
3219
76
158
975
366
5
2559
184
130
522
137
344
194
730
145
54
1228
117
213
506
648
1339
295
42
129
3
316
491
1649
207
396
89
640
400
1198
403
28
568
2230
520
424
1335
444
368
592
76
135
206
166
349
1183
861
458
544
808
68
392
436
186
1281
859
484
313
1412
677
733
533
833
128
104
176
545
22
518
87
334
792
504
322
484
142
308
2074
502
293
803
50
197
288
151
232
332
107
119
586
1055
456
1122
565
1670
54
332
1528
455
112
91
686
999
303
586
10
1594
2216
846
570
456
422
654
661
518
525
62
483
345
1078
158
67
490
526
245
570
194
52
68
187
375
52
554
23
113
1863
9
1220
171
455
415
465
1346
799
1074
422
749
526
439
1502
167
1723
1140
300
18
406
311
952
826
447
30
124
250
534
258
10
977
578
498
1540
468
452
156
1080
12
274
689
443
455
855
1007
410
163
1319
2455
1502
277
43
374
238
108
242
1120
119
938
587
101
77
337
72
886
635
1482
642
307
647
235
146
769
50
1251
119
58
55
278
386
351
1022
482
102
684
46
159
2347
679
409
309
1549
487
1350
202
100
541
236
1093
330
327
275
541
41
49
566
132
358
66
904
268
208
387
320
516
505
47
443
176
440
10
292
103
34
1178
240
323
227
225
946
168
93
590
106
840
378
428
2188
265
372
131
377
825
354
136
1334
414
98
350
208
117
652
306
2271
1021
32
747
120
580
19
127
299
623
458
1029
460
248
140
1040
735
37
695
326
58
754
1217
737
378
105
56
581
282
237
347
477
527
42
535
1290
2024
1272
618
534
680
125
459
1317
512
487
73
254
112
14
1238
1117
1123
1203
700
53
1228
44
359
168
125
434
332
18
1355
199
372
260
560
1033
3
195
112
1
482
71
1883
1048
1055
250
1057
857
25
655
2011
1184
1379
221
268
1188
343
653
62
238
1435
44
44
614
340
466
80
542
1703
396
111
172
45
372
228
193
97
372
186
206
234
38
195
641
960
230
331
291
239
657
252
218
20
163
2060
576
333
895
256
2033
171
711
1787
15
896
265
789
216
55
518
35
613
261
478
333
2481
1010
61
119
457
802
66
264
511
358
509
97
191
872
69
56
630
12
714
618
86
282
136
609
173
1614
3
38
272
584
468
244
82
122
364
1393
815
450
115
645
1261
808
208
781
470
1011
30
1384
965
99
1005
166
355
349
1267
420
67
238
273
655
526
5
1760
144
117
1521
667
253
208
47
2343
349
901
123
214
680
259
215
357
476
1302
524
599
207
84
107
7
232
109
585
322
450
368
615
775
217
733
95
1654
312
101
94
4
707
282
215
129
805
653
2976
220
107
1141
755
234
604
943
256
214
56
241
1285
576
336
244
7
642
304
522
31
157
546
331
352
1138
138
1546
1160
1041
812
955
999
238
415
1506
1044
1264
770
1125
730
247
78
303
374
185
17
119
577
4
64
1548
554
2
728
23
1011
20
568
260
39
270
783
1710
328
560
177
896
276
771
129
164
597
62
79
220
950
239
1244
113
4
750
431
244
273
360
1603
707
196
266
168
1382
218
249
183
35
561
175
466
608
1098
949
752
580
745
46
859
884
831
1571
32
534
264
361
792
218
52
156
107
399
249
486
843
284
453
1784
203
433
113
39
232
285
2708
255
262
548
821
1154
21
143
599
38
761
203
119
988
97
674
662
626
67
2700
113
76
387
102
126
136
165
505
604
576
315
364
115
919
137
429
185
845
2315
193
62
265
694
402
360
522
76
853
314
73
480
162
239
713
106
388
283
398
163
1223
306
134
93
431
960
1580
324
36
229
146
106
1866
232
118
150
386
882
320
736
1054
1061
307
1063
408
543
349
1987
526
118
777
265
308
1019
29
670
200
1505
1140
665
4
715
36
451
768
387
1019
591
424
16
227
178
442
614
1441
273
10
310
232
1793
68
281
31
945
629
457
152
911
365
1115
439
164
338
1182
207
540
573
318
957
341
392
518
843
606
1073
691
388
121
240
485
862
601
901
88
1061
151
122
31
74
159
226
1304
346
155
1013
879
16
192
721
156
62
2680
581
217
85
2
153
439
67
420
250
28
297
290
332
151
786
43
570
364
284
226
74
159
199
606
29
1506
394
686
1032
95
43
723
1026
640
775
679
164
384
2476
56
184
274
1079
236
616
316
1036
1049
2420
107
102
566
797
114
42
34
77
1489
215
1140
347
29
223
588
246
42
660
115
120
1514
315
273
541
286
126
208
568
496
368
170
584
531
727
136
496
315
1328
283
695
969
2381
389
625
380
41
762
652
355
1251
274
28
569
831
128
219
1658
276
35
210
373
1822
193
77
304
552
135
1001
341
6
283
228
198
174
172
999
261
33
145
198
1072
1053
155
346
45
102
576
663
176
709
300
259
1084
38
941
21
679
96
184
1061
183
1935
242
324
66
158
433
826
258
54
68
753
24
736
26
358
255
157
152
439
3869
673
433
79
365
385
98
185
220
148
613
655
948
163
89
593
44
958
1520
2
131
84
970
194
428
202
789
740
200
154
323
135
664
892
598
688
561
140
1039
305
1170
102
64
891
852
883
541
1776
290
295
131
937
118
95
106
853
424
327
2003
402
88
797
830
194
1014
1251
715
5
568
576
91
443
217
1120
175
157
592
6
189
1680
553
466
243
802
1806
657
237
74
129
305
172
919
882
821
136
17
460
1000
20
583
51
313
1
532
104
436
148
330
281
143
205
580
14
644
177
885
193
513
860
292
4
298
194
1157
2170
267
126
200
54
229
480
107
299
970
126
4
167
267
708
677
540
886
731
207
212
323
119
63
287
121
1849
85
172
228
44
550
943
95
633
393
140
669
836
979
190
36
567
93
103
375
1386
1645
708
152
468
420
483
24
1471
92
30
304
571
136
21
290
351
38
28
111
622
326
320
2095
188
225
301
1523
544
362
265
172
129
617
18
340
849
538
379
464
658
202
53
500
443
541
93
712
473
260
1457
308
1998
884
21
496
121
496
549
569
846
63
1247
729
482
216
309
188
191
771
251
595
722
342
25
440
1
255
20
176
902
406
18
1498
1048
1006
193
385
52
96
389
102
88
197
193
194
367
470
497
1213
38
223
215
20
456
417
1060
80
18
1572
591
283
947
850
127
1473
157
642
344
225
372
330
271
210
58
47
604
1142
359
573
293
392
1293
368
112
561
308
16
616
2417
259
167
2076
420
344
57
582
92
644
217
420
476
1513
234
179
103
959
47
151
89
1710
452
16
3140
805
360
965
592
18
449
662
662
305
213
299
1486
212
101
389
138
582
699
193
1460
318
182
453
1020
1043
258
224
175
492
233
1343
467
94
504
8
1155
601
90
15
270
23
309
47
46
206
32
429
747
390
164
194
1018
1601
107
210
54
240
315
1101
31
1528
884
257
283
142
928
567
907
382
276
115
567
548
1328
385
825
1866
210
890
51
719
101
31
138
130
562
638
399
256
38
253
73
408
388
41
702
268
71
856
395
1261
529
277
516
520
116
403
126
317
129
244
425
249
76
364
302
164
157
237
785
397
53
248
568
536
129
4970
989
180
459
2333
360
132
420
414
267
157
1186
400
756
481
198
145
134
61
1538
66
380
547
1772
398
338
122
298
879
53
20
679
285
348
92
402
17
41
250
259
318
984
271
169
781
1241
1005
352
698
183
957
351
801
1322
143
307
133
64
56
282
327
479
208
80
1094
105
138
617
75
336
265
61
885
149
8
478
36
695
83
12
1571
881
215
143
445
34
690
307
378
168
326
570
524
671
1777
382
855
298
1009
1115
617
674
386
1453
448
690
777
505
231
381
346
62
759
1231
230
317
197
42
10
314
329
287
827
158
1407
496
616
383
520
1067
190
426
487
51
17
67
265
637
52
262
82
146
660
1126
114
601
1228
93
121
121
41
60
33
691
627
529
28
1909
91
759
245
1118
254
1078
3
924
18
1130
81
89
76
111
1391
336
326
288
1418
1114
1260
446
98
161
373
360
203
329
622
232
342
396
1908
889
174
466
493
558
99
113
893
1330
939
924
279
265
180
46
633
208
416
1120
1763
378
1276
30
250
9
57
486
87
85
1083
1
468
53
1559
5
501
112
257
263
152
399
42
1439
1096
778
975
534
1
750
414
734
453
45
1305
104
628
278
130
510
407
58
137
13
446
143
127
197
537
238
284
570
4
166
1475
1098
446
102
1261
259
763
206
210
137
605
780
312
1520
5
101
283
317
372
862
1065
922
707
684
920
174
393
225
133
4
130
677
207
161
228
1183
63
962
372
1794
145
101
21
715
152
34
276
760
1067
1285
156
929
586
122
985
519
640
515
235
340
552
187
40
160
383
202
203
93
409
600
383
291
1388
374
89
386
270
638
18
79
1031
396
633
1048
934
233
31
310
442
394
460
337
330
66
718
294
244
907
212
387
125
342
796
216
341
545
72
520
2026
2215
911
540
594
839
1148
81
230
272
142
381
787
653
739
681
287
286
878
373
20
425
1001
190
547
815
204
283
677
49
56
2175
352
53
94
574
857
345
479
489
111
146
201
1508
2472
784
516
1337
277
30
205
11
525
112
439
734
1256
455
922
99
92
168
365
363
258
1452
111
209
537
168
1055
245
1008
906
768
1101
2270
75
397
70
21
185
1122
1980
237
1180
63
75
234
21
1214
1785
962
178
2475
18
229
1095
169
643
494
126
249
747
1459
410
786
264
1121
6
155
94
685
600
681
923
146
1129
469
227
3
276
64
448
1319
2399
993
362
52
981
158
1198
389
89
184
950
319
94
172
313
425
330
327
1660
403
517
189
127
161
58
147
871
1813
374
216
1280
478
392
808
163
488
1139
446
318
20
61
744
1423
490
258
68
278
1105
370
206
264
286
1497
767
603
289
296
173
113
327
336
2
1103
74
1214
799
14
930
102
126
966
188
749
1606
329
88
449
521
405
399
11
237
353
1137
2201
521
294
2134
322
630
1221
842
751
647
1128
132
14
363
667
17
202
9
22
12
789
69
578
254
2219
160
168
466
148
8
113
1306
198
495
1579
255
174
1202
350
1571
166
413
1037
130
250
248
64
231
311
100
221
171
25
73
353
4
87
837
211
574
114
113
81
530
179
50
67
96
205
279
7
635
253
410
969
1436
138
2343
878
81
678
45
36
283
865
400
1550
39
57
124
48
407
228
392
1103
79
81
1938
26
272
200
379
731
416
21
182
85
158
1032
154
1038
321
676
343
428
196
1449
18
552
318
852
460
130
231
396
403
155
470
18
335
615
682
515
154
169
111
36
610
762
604
745
251
122
38
564
192
274
1094
303
1015
34
102
385
490
1611
390
871
1911
279
858
361
622
765
795
363
398
11
277
159
649
91
66
1224
50
428
25
688
149
381
170
815
146
1740
288
170
158
42
326
309
430
214
678
362
813
198
809
1392
40
113
53
56
1492
362
447
22
1128
767
1
912
4
291
2768
1860
219
76
418
318
664
107
456
270
501
600
685
225
1105
153
95
826
75
1633
281
102
248
195
49
646
299
932
211
1479
393
246
215
115
1979
244
182
213
1750
819
311
320
1680
500
552
151
278
292
359
512
150
259
54
600
1250
253
920
337
287
69
515
483
94
162
339
166
686
369
1528
439
195
62
50
205
1295
430
807
428
438
406
60
246
176
206
486
46
198
221
1547
307
1825
403
434
190
715
30
229
520
86
75
342
985
672
704
102
968
1104
687
498
227
213
356
112
970
431
262
1332
1125
787
86
160
437
1472
231
234
844
631
150
394
218
655
5
329
406
81
469
106
203
256
1430
421
638
847
29
152
533
2079
366
524
213
604
330
916
571
234
519
740
429
24
333
1899
79
1167
56
299
1089
40
148
639
375
37
29
47
902
633
9
1618
25
467
238
12
436
655
113
836
208
305
1
486
1050
339
311
794
151
19
361
1177
1235
199
22
401
116
80
415
333
97
802
100
793
1652
70
118
1032
376
77
454
500
41
541
897
13
76
163
271
589
125
648
1153
278
715
254
678
352
185
128
927
1021
216
649
873
101
863
907
336
734
461
446
214
150
396
98
864
177
772
101
1111
395
775
1044
106
1
824
102
79
1405
65
18
607
243
1287
346
781
596
382
44
527
106
1198
235
516
894
170
514
608
1758
208
226
366
107
550
213
456
2674
94
280
275
224
80
301
522
1039
1066
472
343
1551
116
21
18
1251
769
574
9
749
2099
169
1031
68
642
305
1198
286
85
949
1461
1012
136
193
1383
167
655
715
70
74
156
695
873
220
442
1398
101
101
91
180
111
187
505
301
51
30
37
525
807
804
619
1175
21
234
129
424
616
131
60
52
464
135
604
260
804
766
1079
364
326
284
142
335
967
20
280
1901
358
680
69
851
1040
302
298
83
498
133
1487
408
284
828
774
679
111
1703
117
157
68
487
102
914
1463
490
361
591
116
63
264
287
54
150
288
196
775
276
3
369
687
207
340
333
47
2011
303
104
143
190
1461
1604
135
571
392
1059
340
1387
259
516
813
1677
155
109
252
852
1143
377
137
49
285
445
215
137
296
475
125
1126
128
153
216
2704
4
189
284
92
797
322
161
808
165
81
465
451
1491
54
1493
50
124
114
2748
77
234
315
120
272
257
289
228
194
127
359
63
2398
360
806
24
134
418
47
30
291
1282
847
732
117
19
1813
430
822
464
260
428
2335
230
630
22
334
21
340
200
381
392
1310
1118
235
30
1140
14
246
325
228
455
659
148
863
139
218
591
207
399
488
143
15
327
268
399
432
478
1530
405
816
61
195
297
196
17
587
1192
88
594
119
1329
196
614
9
424
106
1279
134
1036
1541
665
158
441
1491
172
1276
520
175
1293
1966
768
1105
203
170
425
306
242
676
214
21
628
152
476
534
1771
332
1340
346
157
14
195
849
798
171
175
276
181
194
71
144
830
194
208
822
234
434
129
557
1268
2255
439
4
54
1205
637
453
269
514
759
269
353
538
221
779
99
100
221
321
227
969
837
97
696
91
15
125
338
77
182
166
704
238
706
736
326
1374
368
374
247
1375
490
278
389
1537
290
1162
788
139
669
255
766
759
1116
4
512
163
1446
576
1014
171
847
688
962
50
991
65
280
104
196
66
884
187
110
23
323
34
351
20
402
748
498
438
424
242
477
1
352
146
11
778
999
186
31
2542
2287
2
177
384
228
916
191
765
289
518
424
506
228
1081
145
1674
68
635
656
40
1404
479
112
1630
607
460
424
249
1521
81
276
1253
405
535
808
500
825
612
747
1344
516
299
2166
541
195
288
464
338
321
207
182
150
247
152
2030
1122
64
157
1199
424
764
1248
777
233
62
692
286
90
100
428
318
335
258
1426
380
165
635
494
378
205
1202
197
763
680
216
874
575
37
1156
262
85
234
49
845
1851
138
91
430
179
66
112
641
136
339
723
921
1192
26
2137
204
12
163
293
51
215
54
115
1262
528
130
209
224
492
1415
222
361
220
53
530
18
485
1349
1171
585
270
2077
601
195
321
883
66
305
2024
212
665
200
197
296
127
721
1012
355
287
516
117
129
92
701
49
115
354
264
410
245
684
283
450
538
717
1401
218
806
1306
464
500
100
233
389
901
644
533
247
464
323
506
319
140
7
758
228
328
436
64
954
792
251
428
843
726
1132
450
692
64
470
616
766
744
121
351
176
952
917
274
432
269
193
922
468
521
329
142
88
360
201
156
128
319
1040
428
1091
1228
11
10
516
45
198
762
58
635
13
1647
838
3
218
98
1521
566
1373
2404
92
648
447
1412
104
1362
159
155
27
267
908
757
155
1
2507
577
296
1201
269
41
166
30
6
65
123
410
1218
191
588
297
2102
442
1373
1295
755
1208
507
1593
97
107
704
84
310
1077
280
863
1541
686
578
820
864
370
348
73
898
896
142
1323
1623
1947
102
666
797
987
109
18
60
4
127
226
315
167
289
1953
676
1492
118
320
176
244
148
93
148
289
1745
1744
328
1643
115
6
254
11
375
971
155
229
690
172
677
299
95
1127
791
555
742
54
670
78
365
12
351
53
131
389
122
1449
408
123
24
789
806
331
182
674
685
161
1553
727
230
18
485
313
22
223
493
1457
78
208
674
183
365
201
227
231
14
2430
5
259
94
7
700
654
1516
317
648
82
715
225
71
714
769
42
165
1183
293
1163
266
3
392
1272
33
210
208
279
446
181
424
867
97
249
619
577
463
232
258
944
1374
130
793
838
43
213
273
1310
497
298
1013
1170
351
169
629
117
668
1234
104
73
264
400
886
286
1024
77
225
108
125
484
59
529
53
87
711
111
768
173
951
35
693
401
801
265
216
962
478
80
654
1002
476
72
1520
158
137
397
706
40
433
76
55
587
302
1
9
110
721
1764
406
609
529
393
264
249
252
1
712
720
288
115
425
38
702
90
368
719
986
550
711
424
949
29
616
351
25
95
1042
240
688
1247
387
424
5
874
102
1225
643
729
2352
156
1828
3240
1328
67
401
19
2266
697
223
6
287
599
435
124
773
59
52
980
217
482
1129
331
1835
1450
372
870
284
198
408
700
860
413
42
2451
517
165
601
876
505
144
814
385
48
843
940
220
574
852
145
225
132
186
198
854
873
620
28
18
336
755
257
243
1548
6
477
322
688
176
597
136
69
206
698
479
51
119
136
1706
519
548
483
505
396
596
124
447
48
879
219
501
203
1375
123
42
1951
1175
1615
1276
502
188
28
916
51
168
747
89
251
1282
132
587
685
40
1171
21
2104
28
744
282
1236
1673
370
326
772
304
275
513
1
150
58
1
24
1014
421
116
658
424
533
703
373
856
344
2598
190
253
848
117
13
544
289
66
229
268
48
402
46
39
708
1176
1321
362
386
1039
298
247
69
34
13
365
2
905
262
417
633
523
312
62
890
65
513
694
658
20
506
33
105
732
925
158
82
364
137
337
93
448
73
180
146
259
226
492
172
75
69
1614
22
256
1022
692
696
349
339
278
150
227
844
516
47
67
366
1252
1506
1023
166
263
284
26
667
368
2285
14
736
969
134
383
192
1658
308
106
286
400
140
125
1233
316
134
1256
208
104
206
54
583
195
620
917
377
228
99
500
1898
453
385
1027
392
531
168
723
98
961
127
413
656
226
426
226
335
76
382
90
609
226
130
545
29
772
17
1148
288
200
232
454
377
115
3
135
290
451
626
145
396
390
2280
504
1882
203
625
306
942
593
337
130
601
1459
918
323
88
1034
105
1205
1996
144
819
184
1
469
163
303
830
369
211
1174
192
76
66
405
803
558
142
1011
55
269
432
83
128
62
69
766
238
370
1358
731
75
81
85
1183
175
838
1255
500
122
1581
20
446
328
479
1030
385
2646
244
286
175
395
1132
168
2173
61
1373
14
1647
2888
461
222
95
1063
114
156
185
194
121
211
138
99
218
524
276
66
320
2892
254
213
76
823
197
296
368
183
23
95
6
213
409
569
3
2053
192
227
68
1613
602
1284
110
537
295
725
689
335
200
371
709
696
727
177
75
134
355
53
165
25
28
493
288
122
210
600
1382
125
697
264
134
193
300
405
1182
279
502
308
190
751
859
36
630
707
118
1495
446
1057
16
321
490
56
209
2133
366
145
202
280
341
84
202
819
129
147
292
35
88
343
4
280
185
59
90
319
78
383
864
439
635
1058
308
506
160
1547
875
191
1
330
1257
891
33
124
282
157
934
555
142
380
1272
145
601
1344
277
941
944
54
815
516
636
1134
670
379
54
1110
162
167
185
420
268
185
102
649
225
57
378
1169
1501
673
470
228
315
298
30
56
157
57
802
434
116
714
1208
422
1373
174
865
232
556
12
85
204
385
240
769
1428
98
811
394
316
1606
456
254
163
119
203
557
52
163
679
1338
233
547
504
40
1007
839
933
407
1447
545
266
597
202
54
622
387
1625
570
451
79
1235
312
1886
1338
806
187
561
163
294
386
207
114
1235
812
1052
106
765
948
494
351
1607
648
1186
901
227
37
1200
480
16
13
650
2746
213
40
2
1138
46
346
465
61
1273
1014
223
306
994
1107
13
1664
854
367
764
127
28
518
120
253
30
716
385
284
160
324
199
199
124
20
932
443
332
2148
1154
20
108
463
62
805
8
1172
1263
141
221
421
453
149
1087
1152
1190
327
254
298
1701
967
21
78
173
220
136
29
431
207
175
122
115
209
297
913
382
227
113
1371
179
2142
153
273
430
514
392
1093
440
900
135
430
294
140
151
201
588
355
92
630
910
573
273
613
269
170
530
75
47
401
124
458
297
267
654
3054
53
199
252
198
247
65
1686
752
257
71
89
171
1599
568
666
73
264
51
80
260
1053
1467
759
255
342
450
726
318
624
821
638
464
204
792
360
1779
259
37
97
21
421
134
513
176
150
414
1739
1104
1464
785
995
838
1024
580
252
2
50
375
27
1218
336
125
31
1886
1411
2024
87
124
475
493
491
715
135
36
12
456
169
67
319
226
70
575
860
176
566
1488
68
146
191
532
484
568
30
54
752
147
235
643
1427
412
197
449
339
748
2970
352
8
206
39
3339
157
286
1227
3
1256
1575
248
29
144
413
476
427
736
1597
83
372
135
386
29
716
196
761
658
613
70
12
175
349
278
828
182
273
804
680
469
118
383
30
85
232
765
686
90
61
502
536
765
80
492
154
118
370
180
73
635
320
47
470
332
23
444
51
1505
697
831
130
173
46
3
1422
361
152
86
223
5
359
101
121
195
409
114
934
110
890
678
1241
167
1624
27
49
461
57
16
23
57
1217
655
197
232
106
1573
521
111
798
337
361
148
505
542
75
403
974
496
704
648
159
586
31
430
697
941
105
536
181
1309
1061
97
456
1250
4
318
645
282
68
665
1893
2236
268
368
118
19
140
328
683
180
2
627
14
122
141
80
731
521
516
79
434
932
65
217
545
355
67
220
82
276
229
77
596
278
253
189
350
1133
322
717
317
293
654
210
323
12
1147
744
1804
212
194
673
44
559
888
1067
248
396
1680
165
354
362
732
379
178
914
282
297
531
31
2159
102
117
1084
2737
121
54
1244
267
586
136
1355
705
208
267
81
583
250
67
237
543
140
239
7
1569
41
1770
165
832
968
18
1226
721
556
899
33
1807
1517
842
544
187
946
205
28
395
458
103
285
503
520
142
722
220
71
10
237
216
138
93
983
314
2143
476
181
538
652
402
71
689
743
428
336
98
358
94
36
137
820
1211
329
633
63
205
24
1137
884
213
67
1215
1701
345
277
41
1604
645
322
278
320
529
1570
350
756
1336
7
335
679
175
55
974
87
161
1787
719
741
231
587
375
108
1034
1082
41
482
46
215
386
1139
162
183
254
1804
478
117
379
595
627
652
52
614
1389
1304
2605
1966
692
119
1449
385
119
197
1112
1095
380
232
19
449
775
465
168
151
302
110
112
1129
39
869
818
196
249
633
631
98
807
578
1801
65
162
23
2043
874
465
1125
55
633
210
1076
790
839
506
702
30
93
270
604
505
336
673
123
55
2004
775
957
51
80
364
737
69
625
675
50
123
236
17
730
725
773
785
1044
594
493
337
1233
917
1077
115
1178
143
37
532
98
371
160
48
693
173
974
151
318
467
753
74
18
323
224
210
22
41
939
27
569
60
287
869
445
1677
443
623
13
328
134
834
842
528
387
330
260
219
19
317
699
646
96
2
567
75
861
101
102
194
119
151
419
386
1082
206
1523
103
542
53
151
640
12
248
23
907
226
578
67
54
699
237
207
2642
792
682
742
81
164
200
1194
1087
2
556
742
467
412
245
152
1835
132
1022
168
334
1084
2372
170
419
570
22
272
84
42
336
730
175
934
346
145
1002
519
66
42
25
1705
42
2050
500
272
467
492
280
1093
612
28
141
227
203
1291
738
156
639
921
902
158
1244
1443
471
177
90
805
192
1062
343
693
561
89
273
744
141
111
203
404
266
767
741
817
564
247
1221
162
287
433
1034
735
1262
1934
922
74
66
1892
1575
738
222
709
445
125
64
134
292
177
42
856
686
501
1489
564
980
12
14
805
33
174
527
89
1002
347
137
552
753
1030
307
138
43
349
104
649
971
174
683
134
1163
124
438
41
452
344
503
595
154
1654
628
392
450
588
46
1314
13
143
208
1306
39
35
594
239
2059
121
913
592
571
1233
196
283
12
1264
344
875
21
139
70
120
46
118
182
799
361
721
1083
65
89
1115
2
467
294
99
1417
607
386
461
373
660
288
111
1057
875
338
1065
536
4628
257
1057
95
839
924
300
2533
598
884
26
79
455
210
1446
1277
266
95
51
1056
998
284
194
275
163
391
564
81
66
132
816
41
217
357
173
85
52
17
72
453
110
458
560
81
1287
139
156
593
1065
431
705
771
236
1375
168
344
283
1
170
433
1721
106
160
21
603
1019
195
402
1575
3
643
595
22
266
72
107
87
222
25
184
116
519
1054
270
167
1880
1116
983
1227
312
1727
480
179
315
305
321
111
274
136
860
59
123
1040
1519
220
17
196
116
1000
554
588
293
2186
1043
213
23
533
652
1629
323
233
14
302
935
1069
507
311
155
493
1661
917
837
1840
555
555
568
1089
228
670
72
814
242
62
1133
454
47
819
486
588
1441
94
523
224
136
15
94
1154
409
217
228
877
397
471
1041
724
270
527
537
6
144
54
89
1301
158
815
296
1550
518
1168
767
710
188
887
335
16
398
990
1009
748
184
133
212
364
744
419
863
686
1716
686
668
52
205
423
582
425
871
757
1355
110
1147
95
1177
108
5
1491
150
228
1210
1045
220
138
1
100
485
176
974
283
71
287
395
368
135
85
1
248
14
772
555
88
396
133
443
179
1468
78
43
914
772
14
62
93
88
340
257
345
132
307
565
948
15
843
269
584
295
679
138
275
829
1614
92
213
177
26
247
605
783
154
402
17
23
243
154
34
821
179
541
1205
91
29
648
129
1110
37
25
1571
571
52
993
373
194
1918
144
1258
1526
322
231
150
1075
259
772
194
533
9
149
2354
103
470
194
164
721
1101
439
547
595
58
281
64
215
573
598
241
139
367
27
365
249
258
415
329
283
1523
127
40
23
304
70
420
177
1547
102
647
95
98
7
795
630
380
759
164
160
538
583
654
1401
1273
335
2096
415
61
52
506
326
76
63
12
123
10
56
327
192
344
58
548
542
95
202
20
112
218
25
2223
1853
1799
342
24
833
361
923
643
493
102
358
836
569
476
56
24
461
303
227
645
301
3
1545
157
207
174
235
12
345
337
32
441
212
4
88
691
1767
32
353
2064
75
65
394
45
949
544
140
157
3998
303
267
468
2
630
834
1723
11
199
765
304
365
7
38
89
253
1018
256
541
418
27
163
1651
408
362
961
357
700
443
212
166
257
1
452
212
377
1103
20
543
352
414
25
313
332
238
526
118
219
511
100
1479
340
94
1884
663
649
476
813
365
1258
335
229
4
131
186
42
248
1355
429
409
919
123
355
1109
624
29
554
81
45
163
1306
489
15
151
446
597
1027
540
197
243
1604
421
1386
650
89
759
434
529
16
340
87
78
307
264
281
393
976
1
32
115
207
29
1359
304
1120
506
213
603
457
19
1167
46
1330
1429
446
1511
28
884
187
349
87
95
1105
304
94
521
179
1058
660
716
247
772
143
155
167
178
140
420
1169
240
500
21
729
2
416
238
796
66
93
328
5
143
974
77
22
988
216
202
695
388
230
286
1523
240
1238
100
318
719
108
308
83
857
240
1424
1329
882
739
510
236
605
229
122
801
490
821
60
966
195
858
338
982
440
471
151
102
232
339
685
110
289
256
778
367
181
1198
197
127
1236
75
5
250
1049
383
196
1965
24
521
208
636
376
40
316
1484
1079
552
749
158
539
95
226
1795
205
94
60
360
913
130
145
325
1378
663
437
1749
541
298
290
142
417
1045
571
1194
1525
25
587
421
2257
349
176
787
729
4
350
503
140
383
50
139
162
971
264
75
879
605
381
509
72
491
118
355
801
456
332
47
451
481
307
233
1032
1006
230
405
91
151
278
101
391
64
1641
17
792
147
1842
403
209
16
62
824
1189
370
36
172
401
494
117
376
536
298
44
919
320
81
162
480
827
271
665
222
190
316
803
166
325
345
526
489
194
932
929
1009
147
219
122
577
544
1103
66
132
259
1984
703
323
113
922
354
550
46
935
346
392
541
1323
372
871
685
237
20
250
109
230
159
108
827
650
317
116
777
1550
6
35
197
474
1201
235
1818
1188
707
1335
501
274
705
13
119
72
322
239
966
186
418
615
1358
1122
38
785
27
122
1016
725
337
498
466
352
1445
363
919
136
509
232
69
478
89
58
523
369
484
11
77
246
72
822
353
97
792
1393
769
93
111
185
12
427
1209
353
72
578
376
856
880
349
309
1122
794
285
439
263
352
186
431
1408
141
4
350
139
34
523
789
620
136
528
1179
154
1000
353
287
231
705
72
933
124
611
525
2663
326
884
1298
335
13
293
218
335
237
513
737
370
799
438
203
248
303
803
369
815
1358
415
986
143
93
65
534
199
54
50
73
720
167
46
414
625
643
166
1331
168
213
333
44
150
300
427
791
30
949
1826
314
235
886
260
30
1586
2465
240
250
106
1119
1771
413
1872
90
37
1182
1612
382
86
59
1328
144
50
670
13
138
1524
331
87
32
88
581
719
26
2467
101
9
443
1395
657
670
77
380
664
247
380
167
713
334
7
954
710
80
295
384
55
460
1165
194
116
12
410
180
610
75
319
1609
430
1337
513
110
613
179
61
1015
206
654
259
393
485
191
262
442
1040
57
346
371
37
82
110
547
556
120
14
480
1609
1236
235
473
464
60
10
236
6
1017
232
550
141
1137
393
141
179
36
1239
310
496
202
55
402
71
380
130
1145
1110
1335
657
257
1051
577
72
209
2002
89
214
676
1443
175
193
1912
424
347
99
90
137
166
11
366
20
360
130
1336
564
4
155
313
1925
42
429
1062
167
2960
56
365
45
34
517
465
858
610
313
108
209
31
118
78
375
349
206
17
1459
728
1103
350
23
157
489
1045
716
1252
195
645
399
331
607
686
916
896
39
56
669
484
1285
213
81
265
104
89
106
1042
39
293
320
781
705
262
1366
380
435
853
10
1084
447
81
76
1821
869
81
1179
794
367
162
128
789
460
199
530
453
96
878
329
99
77
213
543
913
223
579
296
156
1786
204
181
957
1538
565
98
644
482
133
56
183
134
277
2227
145
1444
77
255
262
111
813
593
567
834
320
234
1
155
965
668
44
176
23
424
34
407
533
761
427
844
1465
87
733
1019
396
77
513
235
163
84
707
549
712
613
205
445
391
1020
322
378
750
405
537
769
323
1266
49
1553
453
169
565
695
664
866
257
403
251
415
432
240
608
791
78
466
8
461
347
373
387
398
1004
941
173
819
267
320
1382
399
927
446
714
501
684
709
86
254
375
284
126
501
281
1017
822
615
883
359
649
719
164
199
714
195
843
175
90
44
591
17
146
157
2
447
510
512
90
104
1990
282
54
235
11
371
656
114
1358
276
354
465
997
16
463
416
191
253
371
1576
16
186
791
1941
902
214
249
393
693
38
191
281
89
933
397
481
365
792
323
612
1091
14
389
430
29
415
1140
450
1491
1745
611
1094
191
372
764
33
7
24
27
68
52
267
29
587
135
801
109
35
645
1185
241
244
27
541
659
103
82
297
141
510
731
710
278
2979
155
920
196
892
555
43
171
1324
619
298
38
54
76
942
794
78
83
514
597
357
910
387
113
561
880
443
576
1448
234
466
50
205
1507
25
196
110
24
20
123
879
1016
432
701
43
672
787
1715
424
154
219
27
283
305
1285
87
1035
546
44
148
1489
336
43
618
1289
114
684
271
108
96
60
132
237
978
625
6
114
118
291
23
1038
119
542
802
173
884
65
816
1159
58
847
6
128
151
357
390
491
201
321
1327
594
194
495
678
110
113
258
191
680
459
624
156
236
147
404
513
570
246
464
273
989
365
1181
12
10
109
898
366
14
227
21
233
195
520
249
652
1142
80
236
324
1860
1
1352
159
280
560
49
208
103
295
677
597
317
444
580
659
111
354
1147
351
129
969
225
522
166
345
892
488
2575
1612
1052
405
864
1679
1670
127
277
382
609
383
679
602
125
182
1658
127
1661
1222
205
55
734
391
85
1303
1260
87
421
118
572
445
3216
136
789
99
1204
308
99
737
129
248
28
132
446
451
158
34
848
929
458
219
1258
160
768
573
261
35
195
348
1227
165
286
463
168
224
833
34
359
483
456
1029
847
174
42
1467
649
11
108
105
338
1434
589
184
434
104
783
324
600
238
655
465
567
390
575
1110
76
963
284
228
312
1261
58
401
707
4
23
17
3090
940
313
798
191
42
115
85
469
977
16
455
157
939
775
284
820
379
365
14
387
378
2100
259
85
277
256
1138
31
1374
120
662
465
32
12
162
220
189
1241
1851
913
221
857
389
67
128
356
1057
125
1055
1780
211
117
1637
254
421
13
106
850
84
1617
480
190
44
179
288
832
317
400
1047
902
254
622
644
417
432
731
217
244
737
167
271
145
1183
348
992
429
59
927
98
418
128
178
151
123
16
721
264
119
566
194
1017
411
1205
898
185
630
1610
232
1635
1047
289
114
111
594
694
500
1233
516
326
55
1068
159
135
582
241
1402
1
751
612
164
912
167
942
326
645
1017
27
112
422
133
91
228
374
378
637
298
783
421
746
16
90
45
800
453
314
52
1756
65
1029
417
475
301
619
1930
309
62
673
292
726
143
232
274
184
371
5
357
196
51
5
166
565
1498
454
229
698
1360
1351
300
188
68
705
910
1677
139
285
155
43
918
335
134
427
59
421
625
25
19
214
87
852
216
145
658
102
88
538
68
431
7
3
1352
655
676
96
13
364
128
235
300
101
537
95
833
598
461
534
179
702
113
45
260
4
13
1319
228
94
517
389
1211
267
147
317
567
18
528
75
558
206
1276
4
210
695
160
61
19
573
52
1775
519
232
8
1049
6
241
117
790
377
648
98
28
817
37
470
1349
488
667
564
275
270
62
179
17
1494
473
71
399
236
39
403
564
341
302
1214
605
370
92
210
387
1395
119
521
316
700
2514
933
51
749
853
1055
287
1173
396
525
26
316
2133
299
1410
9
200
122
691
262
143
41
220
226
1438
62
299
989
541
308
6
284
978
55
1257
563
33
252
2332
13
615
86
358
1581
213
685
1254
221
106
970
794
1578
542
233
1145
159
1302
88
1385
199
47
1409
150
455
550
1436
640
155
76
89
355
201
250
52
1045
554
69
737
138
58
187
75
626
94
129
1203
265
1460
235
183
51
292
248
152
125
180
176
1216
607
865
646
347
1
510
672
494
64
19
412
1841
2123
386
832
296
237
720
56
48
116
192
169
124
965
1005
5
303
68
345
936
329
323
304
211
1050
30
100
388
885
1256
290
131
42
4362
313
164
866
545
1438
374
642
198
128
636
446
232
104
374
148
803
199
1529
778
81
237
734
309
220
1237
356
132
232
255
119
67
5
83
351
28
211
583
2116
18
309
667
477
99
425
61
1386
721
40
356
350
497
224
88
327
337
803
2113
272
129
418
1006
358
1080
191
101
1122
197
351
566
126
660
525
163
333
126
535
1608
160
197
42
92
417
725
25
427
43
190
892
64
1107
1170
20
1203
1960
629
704
814
618
454
780
2622
1037
184
8
649
337
391
2659
223
663
1132
188
1005
1418
1546
130
568
619
131
1150
231
584
1004
1303
13
350
133
647
717
350
198
860
137
85
26
653
1288
645
766
214
338
202
91
207
248
387
1337
48
608
301
1037
69
89
445
1290
214
51
173
567
153
112
52
618
918
417
101
2256
585
406
957
106
437
373
105
82
317
579
160
332
815
67
292
803
1076
479
503
129
553
131
277
964
632
111
80
998
223
79
214
637
1059
19
225
86
477
1066
573
154
1029
1003
91
1281
30
63
255
998
106
224
200
1266
807
566
406
1189
170
357
524
46
947
107
35
1398
73
111
914
628
806
223
538
305
194
458
1583
259
76
516
1
193
476
127
508
511
23
689
897
390
563
158
230
960
656
551
1212
1640
752
104
140
1619
1407
297
177
50
1907
609
56
421
261
104
13
1063
372
738
40
868
63
153
2325
998
421
296
45
10
112
365
1694
668
791
361
472
571
586
2858
166
27
598
706
56
254
184
792
55
266
208
247
687
824
414
532
1512
291
358
112
556
8
914
39
604
1506
506
98
911
211
785
142
639
1186
1990
275
368
126
183
1667
11
460
1182
390
891
106
11
830
184
195
829
653
343
189
418
282
183
1186
49
72
225
1439
178
212
338
753
1121
312
1364
126
1359
337
181
177
1017
187
45
1649
379
236
709
506
81
636
93
207
965
606
1988
545
647
917
558
385
454
59
602
583
66
162
152
54
130
495
448
1120
572
173
857
476
38
30
98
458
346
282
628
812
240
194
630
353
63
367
814
777
634
11
463
130
409
203
716
295
54
36
479
638
531
988
9
815
47
161
439
1075
416
356
83
583
776
106
572
276
476
171
18
328
326
42
161
1543
266
481
2232
213
78
60
326
105
231
274
646
280
17
113
179
1082
285
713
214
150
286
229
427
478
8
1387
695
59
144
47
998
375
575
204
1178
760
9
11
460
367
233
188
613
32
154
694
172
638
915
299
137
333
1090
524
38
256
44
57
240
644
110
357
304
355
730
412
554
235
498
379
311
332
337
441
91
470
199
494
1376
551
280
456
1561
656
52
1283
249
18
58
9
1226
84
471
229
124
430
638
633
174
195
670
85
1189
592
83
311
67
11
18
259
448
535
537
944
148
150
688
450
665
66
120
101
84
45
596
22
714
185
123
1809
128
188
13
1223
38
239
519
193
661
94
367
84
1552
581
103
132
61
318
496
28
170
329
816
226
420
10
34
331
63
155
668
590
149
18
697
181
507
411
406
215
200
354
179
163
57
976
38
87
654
3010
635
291
344
509
56
409
754
37
32
808
1647
180
464
528
74
590
709
1135
560
1302
435
1911
386
650
130
318
1550
828
1270
30
2616
1907
864
76
913
177
140
421
128
376
131
18
1060
819
1158
342
65
209
426
319
978
7
472
129
408
528
942
221
1062
908
1383
580
538
244
287
57
68
788
450
824
110
201
177
839
258
326
227
89
84
2000
126
684
423
623
20
88
74
381
1253
202
561
716
196
1492
303
39
259
63
459
546
920
90
553
1415
200
509
1134
420
74
742
19
1041
158
384
676
507
350
329
133
353
504
639
189
112
191
358
691
814
418
459
667
30
401
314
913
846
466
805
131
1084
51
320
1422
1336
184
1594
334
14
262
314
77
407
1930
476
636
195
241
73
605
477
142
2513
248
309
493
309
261
8
52
262
587
683
313
41
740
131
99
56
137
875
2
377
464
667
128
326
453
1093
418
600
190
4
1520
28
662
50
618
49
483
395
1034
10
665
12
1577
1263
772
1
1198
1269
1532
429
105
220
642
65
153
488
354
1685
150
269
478
704
115
71
588
360
4
283
244
119
290
391
458
94
779
713
1557
1113
983
235
729
1197
494
595
1305
742
161
711
307
278
33
48
300
1813
353
872
827
153
554
702
271
441
565
1004
879
493
66
688
50
552
40
440
2376
1513
1131
275
137
346
323
106
1102
89
556
260
362
77
2
534
110
1614
603
124
666
470
1995
104
30
125
573
592
706
1129
551
1021
260
89
293
23
771
111
714
187
311
4
242
384
579
2420
456
295
32
194
434
269
155
805
1835
930
1560
235
1069
9
251
470
642
618
369
177
226
556
2322
864
31
272
859
577
335
112
295
50
92
875
250
771
351
609
132
49
522
163
456
654
350
446
1183
156
908
1780
513
124
665
121
31
63
147
678
282
311
577
423
368
960
184
915
56
5
486
916
501
700
424
301
1242
138
220
377
7
113
366
331
1448
59
316
722
78
589
516
65
201
1959
860
286
430
681
347
1891
247
525
764
120
201
140
491
251
25
989
228
409
289
1010
706
25
182
570
584
1502
498
161
73
231
218
611
551
142
35
261
249
141
900
1485
449
3526
132
394
109
517
459
579
920
452
135
585
17
29
826
12
487
288
220
734
103
1352
118
775
172
380
1229
467
253
557
1795
168
959
701
1440
409
11
23
67
440
343
455
423
599
210
462
1114
460
636
365
449
104
949
208
139
16
377
16
8
11
586
213
47
627
233
111
178
72
1355
428
261
1280
611
1411
2057
168
43
17
411
6
232
374
94
204
587
108
777
447
199
640
485
913
112
179
739
69
103
382
298
666
1538
556
393
606
120
348
16
137
273
1290
651
131
906
434
583
133
25
189
319
12
282
908
371
210
278
494
24
1020
1310
258
315
200
169
36
28
138
427
390
16
51
1002
706
1510
306
1397
58
353
1265
688
17
1271
544
1040
244
638
29
430
179
669
118
13
115
78
95
565
840
155
116
242
512
162
201
387
681
161
433
688
2033
528
158
692
222
881
57
525
650
1623
30
684
133
600
4
470
235
193
14
326
384
508
219
798
513
192
209
216
274
413
1870
1475
331
281
655
169
1129
663
148
1112
466
237
320
527
539
43
102
469
608
484
639
441
374
670
168
680
428
1572
1027
531
263
289
34
129
354
73
218
99
243
19
92
68
508
190
963
635
704
854
5
1031
471
931
29
761
470
64
643
238
330
672
7
17
152
191
56
1161
559
1505
511
245
443
39
499
40
753
150
315
1257
38
227
561
1824
69
1192
33
405
46
161
40
1841
27
532
275
309
341
806
665
1465
505
74
69
13
140
219
597
55
72
256
136
29
239
59
189
243
2776
99
145
511
1011
580
115
2118
195
204
425
196
961
218
1250
585
224
746
453
196
418
317
519
31
18
101
879
799
379
357
836
1089
71
7
480
709
85
121
766
1
882
318
453
683
123
937
1110
195
340
36
190
767
19
103
710
1352
516
713
129
411
60
78
444
180
556
74
162
258
309
162
706
303
555
543
53
809
622
85
1243
801
284
513
314
346
133
15
683
875
219
135
345
32
1588
560
511
549
161
736
267
21
348
320
633
1796
219
1752
259
2081
759
695
282
96
81
313
104
833
510
638
17
316
8
1382
433
268
274
154
304
765
1065
236
383
108
59
1042
1400
396
1111
38
540
1897
149
95
269
14
61
132
770
138
1404
632
840
369
467
438
631
333
407
400
1280
687
99
123
802
17
207
373
20
169
237
18
251
592
180
653
612
85
90
198
492
171
140
225
247
1295
92
1326
140
460
143
84
585
810
809
976
924
293
650
583
1739
923
110
89
1751
535
49
1054
692
1569
941
1509
1860
1431
64
347
60
182
1085
227
70
98
778
945
513
389
252
690
114
1670
208
319
496
460
450
186
1194
670
78
8
1186
456
34
581
234
177
124
56
985
430
1302
679
1420
137
260
177
46
39
444
109
152
194
460
236
1175
2090
152
347
1507
277
269
87
126
511
61
475
437
497
945
396
1857
1175
850
1561
157
100
1147
323
146
22
46
696
51
2
373
1193
1201
480
636
1403
720
72
883
98
211
714
145
148
836
578
852
577
112
389
130
239
58
1447
934
2056
1045
607
138
139
48
2188
230
885
238
47
67
268
363
285
64
284
178
99
422
121
420
447
518
600
434
963
206
191
623
1008
119
320
68
791
105
107
343
305
6
274
989
565
722
573
550
564
463
551
503
1233
55
727
806
57
191
1258
426
1777
275
118
114
35
430
42
136
650
208
301
166
216
1153
1001
1514
43
69
1019
639
363
211
466
478
34
643
163
10
105
332
853
170
1676
396
121
203
271
198
29
546
867
44
72
883
29
374
739
131
441
103
649
212
865
122
387
2067
666
744
278
2107
860
260
172
703
61
1917
407
922
141
286
27
339
357
1351
124
537
139
407
1
104
273
245
865
951
649
60
604
43
116
487
1146
1374
213
1415
758
578
949
919
443
251
285
651
229
31
1093
245
537
839
494
120
169
1040
24
907
1676
383
145
302
47
367
474
63
372
227
65
23
1290
462
1234
986
976
951
19
103
742
40
1282
552
198
356
731
429
1064
