10
15
1
10
5
13
184
31
10
15
1
44
2
69
28
56
2
8
29
15
9
10
4
13
6
15
149
117
27
9
135
26
57
53
28
12
11
4
97
73
11
73
70
3
10
31
29
90
97
34
57
9
39
2
9
30
13
3
16
26
11
6
4
30
16
35
8
50
43
12
96
3
68
32
54
60
9
8
37
3
10
20
17
52
69
14
32
26
1
30
1
11
83
136
28
39
37
3
54
8
134
139
1
71
28
84
1
97
221
38
34
3
117
15
243
33
52
7
31
18
5
8
119
13
1
41
52
10
5
6
9
11
7
47
19
13
49
29
15
31
29
11
16
16
19
25
20
51
123
58
36
10
46
75
12
157
7
9
32
12
9
32
5
5
10
5
83
56
60
34
13
45
33
1
140
94
27
9
17
3
10
10
54
34
5
106
27
18
162
74
20
79
35
51
75
72
239
25
79
7
6
8
45
34
8
38
110
31
39
113
8
29
4
12
13
12
37
2
1
4
151
110
5
227
4
16
75
11
6
35
18
50
33
91
54
15
13
18
8
1
1
51
35
80
133
24
11
30
72
13
34
8
93
11
3
45
9
6
31
34
34
72
85
107
6
22
1
25
8
30
26
73
11
159
12
95
91
5
14
30
74
1
3
110
61
102
1
9
33
2
53
47
51
7
6
32
13
56
8
30
109
48
13
57
243
10
32
8
52
132
9
23
13
1
6
11
13
27
91
24
73
9
2
6
17
57
30
10
74
120
6
134
19
30
35
139
1
70
143
71
13
41
34
27
12
14
156
51
52
8
46
188
13
117
38
13
5
4
7
16
49
195
33
75
9
76
90
20
8
40
14
56
6
32
29
55
56
43
55
92
31
5
7
23
29
10
14
59
35
344
26
119
5
27
11
6
11
31
94
37
91
17
35
42
97
90
2
20
9
48
8
95
89
159
52
290
52
14
13
13
90
5
5
87
26
50
31
9
51
47
11
8
92
76
13
11
285
129
30
9
47
13
24
22
104
173
3
251
7
1
55
34
33
13
78
75
52
21
47
15
24
49
29
48
9
1
50
19
12
29
3
10
36
69
28
35
33
6
2
5
129
55
12
110
113
40
33
5
6
150
13
34
157
2
17
45
14
58
5
80
7
30
7
71
15
12
87
5
94
6
37
12
30
65
8
9
70
23
2
59
27
5
13
45
29
10
11
116
47
19
12
11
178
7
25
29
9
6
17
17
27
53
11
94
6
94
143
46
6
34
381
16
26
26
17
1
11
33
97
15
2
243
13
52
32
135
46
5
5
36
34
37
25
69
4
88
37
8
110
14
10
4
9
91
57
58
4
8
89
14
78
7
11
141
7
28
96
52
15
51
94
166
10
25
15
75
17
31
51
36
2
7
197
36
38
30
74
20
31
34
76
31
33
9
8
17
5
138
133
34
16
96
376
33
128
12
70
72
6
17
55
12
2
109
4
14
40
35
36
7
6
52
5
28
3
46
12
30
1
13
37
97
70
27
43
53
73
8
52
52
113
9
32
1
46
179
23
36
36
242
9
6
32
13
159
146
98
1
42
7
8
70
2
4
10
29
29
17
13
1
1
84
12
3
3
64
4
55
23
12
56
11
6
6
50
56
6
3
2
75
119
7
28
159
54
29
8
123
9
71
11
51
43
15
52
11
16
5
5
8
48
47
94
26
13
13
13
16
1
9
73
75
204
7
25
32
19
123
32
7
17
16
27
176
45
6
41
91
62
152
160
12
24
57
130
52
52
135
280
206
10
37
53
137
15
1
31
16
183
8
51
69
10
164
119
206
44
11
60
17
29
55
7
13
8
30
1
177
5
197
20
78
6
7
121
54
9
4
31
13
70
15
57
6
53
5
13
2
27
176
8
181
4
38
7
11
38
73
32
10
9
53
41
218
16
31
58
34
32
139
55
95
1
14
8
9
91
38
5
177
52
32
5
29
6
4
10
52
2
13
111
36
39
78
219
2
74
15
22
34
72
13
29
22
3
3
2
53
284
6
179
1
88
14
32
130
86
48
52
119
16
95
48
10
16
10
24
70
3
61
36
180
15
30
15
13
70
17
33
11
32
135
54
2
49
16
10
138
11
37
10
92
30
201
7
17
10
114
14
53
1
98
10
29
33
27
7
63
6
12
35
17
34
46
51
17
34
11
158
23
9
9
75
13
48
13
131
33
38
8
14
31
91
95
35
26
12
11
7
305
9
29
49
10
1
117
1
33
94
22
1
11
5
110
4
60
21
46
4
24
30
18
2
3
10
5
2
3
2
25
105
79
59
1
77
56
12
93
2
3
5
12
34
10
267
13
54
4
342
7
14
5
14
33
16
74
14
14
14
35
15
112
34
6
7
116
18
34
14
150
96
2
13
11
2
7
13
8
132
9
4
20
1
22
2
18
35
15
36
112
49
1
134
164
56
28
52
53
10
56
45
1
52
11
9
33
64
50
21
1
144
35
3
21
75
72
12
121
48
1
76
15
13
50
14
38
98
5
1
94
68
136
34
50
114
52
10
51
8
9
75
8
89
200
4
10
18
17
9
4
156
12
74
15
67
6
59
33
37
26
135
13
98
92
3
13
5
2
24
75
75
7
38
21
10
99
73
62
60
32
146
23
3
3
89
15
9
44
96
13
28
68
19
79
146
9
36
17
36
13
13
26
14
3
29
68
14
22
7
1
30
27
17
96
78
12
34
109
14
19
10
6
4
6
15
10
8
13
29
6
30
15
6
75
5
26
54
95
6
10
27
112
31
53
45
10
113
52
17
5
32
203
4
30
2
281
25
1
78
35
37
18
2
29
70
185
40
89
28
7
2
28
6
5
32
5
87
4
11
32
52
25
34
76
29
150
15
14
10
204
23
134
16
11
7
11
80
74
13
28
21
33
11
9
50
17
33
82
18
54
33
55
63
38
1
8
30
71
47
35
12
15
12
122
1
135
74
22
20
31
5
14
35
31
5
36
223
25
36
16
242
62
70
14
13
2
34
35
15
26
13
15
74
7
31
43
12
54
94
31
71
8
120
121
14
1
98
91
76
29
6
8
55
40
49
69
55
160
4
2
17
35
17
16
29
52
76
10
109
96
20
8
54
13
17
15
34
38
13
12
70
4
34
34
38
163
15
30
73
34
8
135
15
12
51
129
72
108
57
49
95
12
16
92
78
80
8
5
2
180
72
147
24
69
136
9
12
49
150
31
3
37
15
4
15
54
190
10
36
50
9
102
36
31
117
73
10
77
9
14
11
57
52
117
2
76
9
7
5
63
135
71
4
17
13
11
74
18
52
18
77
7
65
154
6
49
291
29
6
13
27
10
6
15
16
75
27
29
35
53
15
36
16
50
157
9
34
51
45
33
31
3
95
10
34
113
46
70
24
29
22
14
71
6
33
8
70
23
31
51
3
55
73
135
160
139
36
10
29
12
12
5
60
30
7
59
163
32
7
26
77
1
12
9
4
88
8
1
17
11
157
80
75
48
13
20
93
99
6
203
7
6
30
55
31
94
12
2
37
78
11
48
11
12
13
40
29
18
4
19
121
6
50
110
30
3
3
2
7
2
35
7
1
55
8
14
8
31
90
6
17
32
12
263
35
76
11
30
170
115
20
2
162
4
14
2
10
56
13
48
11
5
27
92
15
5
111
1
32
85
34
17
3
8
26
1
26
28
4
135
85
50
18
56
15
1
58
47
14
17
7
46
30
4
69
89
23
11
35
14
24
4
9
52
1
28
54
52
158
13
31
152
16
6
183
92
74
11
19
56
6
27
83
133
69
1
309
33
11
7
13
36
23
5
1
54
113
19
1
3
7
137
64
8
9
27
3
36
19
2
99
38
31
12
204
2
13
5
33
78
96
161
1
8
70
61
13
26
7
2
58
27
141
4
57
73
211
49
47
12
6
5
57
54
25
2
52
8
2
34
3
85
80
15
51
32
53
67
29
17
7
117
7
44
14
7
1
10
5
196
53
13
10
3
12
36
1
5
5
13
4
42
12
53
163
13
33
74
9
12
129
20
31
73
22
23
15
10
100
13
11
11
228
3
36
10
6
85
3
11
4
10
53
33
14
29
72
126
11
9
9
12
137
56
25
31
18
142
56
20
59
135
5
33
91
48
14
16
140
28
73
81
11
1
33
17
15
59
93
56
52
8
48
173
19
16
49
42
87
21
2
15
4
136
36
3
30
35
30
10
11
102
21
31
327
1
14
25
20
203
16
14
49
16
5
18
30
91
54
112
96
12
12
1
6
1
201
25
76
117
11
5
23
57
48
16
17
12
13
9
66
14
62
23
99
20
71
9
15
180
1
202
34
68
14
17
7
8
4
29
7
29
9
8
52
7
165
9
36
60
9
151
4
114
28
94
28
33
238
6
18
35
130
95
17
85
34
161
10
12
28
2
52
17
15
53
73
13
12
2
18
11
97
1
28
11
8
1
179
33
11
183
86
17
6
2
57
9
118
34
8
13
19
16
35
53
36
12
122
31
14
120
25
12
6
25
10
119
9
14
74
176
196
3
119
28
72
46
15
30
25
7
30
8
13
135
30
111
129
6
131
68
6
11
26
16
39
22
11
66
38
33
12
58
41
8
78
8
53
151
35
2
46
11
91
10
220
2
7
77
52
54
32
101
55
109
32
31
68
95
40
133
30
137
246
183
71
95
28
122
5
2
1
116
10
38
96
51
53
49
16
28
13
73
18
5
1
74
43
3
4
77
12
7
8
9
14
24
132
79
70
14
33
11
264
57
9
27
53
47
78
25
111
44
9
10
15
57
70
83
16
54
18
51
79
12
31
10
15
42
114
16
58
99
21
32
22
12
17
176
16
95
157
19
34
58
51
13
7
4
3
77
36
27
1
34
10
3
156
151
3
117
12
13
12
1
58
5
9
69
93
55
119
11
59
1
30
13
68
15
73
25
98
9
260
97
31
28
6
27
7
50
93
13
31
22
199
31
39
34
7
59
12
29
38
76
22
54
12
74
94
32
47
154
25
12
75
2
2
14
71
75
211
13
8
116
13
4
12
11
45
44
49
181
165
31
13
29
28
92
39
10
73
4
46
11
8
16
95
12
48
91
9
7
65
159
8
34
68
27
6
32
31
110
15
21
8
120
18
94
31
21
15
5
30
3
14
45
116
9
6
89
210
17
157
70
10
39
29
16
32
55
91
203
5
72
136
13
32
19
35
52
6
71
1
134
96
27
6
12
7
161
95
79
52
11
116
92
31
33
49
32
25
25
11
2
9
51
8
54
16
14
13
31
5
134
133
60
30
9
3
42
98
15
16
12
1
98
7
53
75
71
52
35
74
32
36
5
6
51
29
9
13
95
32
16
50
24
8
37
8
12
14
53
29
33
177
226
30
17
32
56
1
54
3
8
6
15
82
16
27
13
215
72
5
117
28
6
8
49
1
71
10
35
12
7
5
9
28
14
61
53
59
51
93
13
3
95
19
78
9
25
36
4
225
51
31
28
7
74
114
18
59
74
132
48
18
11
16
26
11
13
94
98
25
98
39
69
32
68
15
8
10
21
13
10
31
142
17
86
297
137
35
11
13
19
58
160
11
46
5
9
79
5
16
17
66
5
54
121
10
14
25
70
2
59
27
189
26
30
1
49
35
11
7
9
60
8
1
10
6
222
36
37
2
15
36
142
26
20
7
18
31
9
4
8
94
54
1
35
12
8
31
32
15
46
7
16
13
30
12
24
11
143
15
2
36
76
8
96
52
30
14
93
110
13
38
54
91
10
26
22
153
6
91
9
11
53
5
29
55
29
3
12
2
4
90
5
34
11
33
96
14
38
15
9
75
21
55
29
6
246
246
19
1
198
29
43
199
9
5
1
54
26
10
31
10
22
37
9
37
52
4
10
12
24
16
10
8
94
4
58
11
38
10
12
160
36
14
133
5
85
25
12
29
11
16
32
61
167
9
1
6
103
111
22
111
7
30
16
124
10
41
50
12
55
179
64
1
74
181
138
28
50
134
143
13
238
117
54
10
75
9
4
8
136
2
8
4
13
13
130
78
54
19
12
8
156
32
29
3
11
25
8
140
32
7
11
159
75
3
69
7
13
8
2
5
3
16
76
14
53
21
49
16
198
12
17
8
27
3
170
184
32
66
27
54
49
32
12
6
11
26
170
64
95
3
33
99
14
11
4
19
6
4
115
12
140
29
8
49
36
11
89
56
11
15
95
40
55
56
12
2
25
43
26
1
40
23
12
105
10
31
54
16
27
3
42
81
158
115
28
95
96
58
34
51
30
36
55
82
10
138
15
17
70
54
27
173
91
180
5
25
15
22
28
155
31
13
73
32
36
44
3
51
34
7
28
29
138
41
13
10
57
17
155
180
95
33
62
37
8
45
82
14
21
15
37
39
16
48
16
77
53
11
9
9
5
33
6
156
137
67
34
6
9
21
47
50
111
2
7
72
19
53
12
30
22
38
155
73
6
1
225
25
3
67
37
5
11
7
3
122
73
192
153
17
26
32
13
8
16
16
141
2
37
29
16
80
145
32
30
14
26
242
3
3
4
8
7
4
17
96
9
26
55
47
9
159
35
38
39
33
3
5
3
61
88
16
80
3
12
30
22
176
4
2
144
157
17
12
2
55
92
8
8
8
21
37
10
14
22
72
12
15
184
49
13
33
49
92
33
29
31
6
81
35
92
2
52
24
47
4
33
28
1
35
13
1
8
79
52
1
50
27
29
18
7
11
31
2
4
138
158
32
93
32
72
51
13
78
32
18
96
21
15
8
8
69
25
95
173
118
25
76
10
17
12
6
91
139
14
26
2
47
13
3
57
20
95
17
15
12
35
49
11
62
18
14
17
6
22
72
286
35
32
22
73
70
73
18
72
4
78
325
30
28
3
49
14
30
77
75
13
74
11
4
14
10
28
200
15
15
52
66
25
14
29
33
28
34
48
76
34
111
11
3
149
25
3
191
52
67
11
74
54
95
25
120
101
8
53
3
7
8
133
30
95
30
50
48
33
96
30
140
11
158
182
6
15
23
50
43
55
121
137
24
117
29
14
15
12
7
10
12
17
5
74
136
139
28
31
9
7
7
73
32
26
14
6
58
34
39
52
14
62
53
9
72
30
6
34
24
12
25
13
39
11
1
3
117
2
2
96
31
92
1
96
13
5
15
11
30
18
37
7
101
32
26
7
14
77
8
69
11
25
18
35
9
1
10
9
13
56
13
95
53
12
194
55
74
17
36
13
97
20
49
88
66
11
29
135
21
99
29
18
54
4
9
160
1
33
33
21
266
68
11
71
17
36
10
6
2
13
10
11
96
15
203
101
35
14
133
15
12
10
115
74
12
37
54
149
68
14
60
1
80
97
67
1
30
21
4
11
36
26
142
52
9
6
70
12
69
16
10
115
21
132
6
124
53
4
6
12
2
12
33
51
33
3
9
53
6
54
31
6
12
156
93
31
4
36
101
11
7
32
116
123
112
2
5
66
42
16
65
14
1
21
8
116
20
53
17
44
27
116
17
35
53
119
22
60
3
4
14
73
30
58
5
70
32
132
137
35
57
26
134
66
23
51
4
71
9
33
81
47
29
38
361
195
51
30
15
120
8
51
13
1
9
12
50
321
16
21
99
13
19
77
260
25
50
29
31
15
7
95
48
11
30
33
1
12
265
59
67
14
10
2
15
120
21
2
51
77
4
49
11
55
10
14
68
11
12
331
9
184
13
31
76
25
8
42
23
7
13
5
71
27
13
74
24
114
23
90
32
99
30
91
1
5
56
1
117
16
7
28
67
31
16
11
18
28
11
11
7
45
72
203
6
11
72
20
16
31
97
75
15
199
23
11
29
15
30
48
50
25
16
147
105
35
2
10
53
178
17
11
42
6
56
118
80
10
4
6
25
139
14
9
5
96
1
4
18
12
55
112
91
144
120
11
71
30
3
12
50
126
86
11
14
25
96
53
32
54
17
10
96
36
74
27
6
3
35
11
50
4
55
28
13
10
118
51
116
7
50
7
11
15
35
10
18
8
1
94
110
11
98
27
13
4
1
36
158
74
38
30
1
4
7
7
190
33
72
5
141
70
14
34
46
9
6
55
71
52
5
10
28
6
172
18
11
8
15
3
80
80
11
15
98
5
16
37
30
22
70
142
8
6
51
1
194
1
95
15
15
18
134
31
7
105
75
1
56
101
63
33
26
16
67
2
51
5
23
80
19
12
30
3
76
28
14
15
11
132
80
71
33
2
54
35
11
2
20
10
25
16
118
55
4
33
59
5
89
18
15
25
73
56
8
11
339
54
147
93
49
23
10
5
1
123
11
70
76
43
7
8
115
11
3
31
10
7
32
47
197
8
98
27
12
158
45
7
5
70
154
5
78
1
135
37
73
57
33
10
14
29
31
39
7
5
39
11
17
240
131
4
10
67
7
109
27
71
17
14
32
44
35
27
39
4
13
75
7
17
10
89
39
48
10
20
28
70
10
31
8
31
138
23
9
54
16
140
300
14
27
19
12
7
132
15
33
9
3
49
30
37
11
156
39
10
10
27
31
5
43
7
8
53
91
76
101
8
46
4
48
87
51
51
33
110
1
139
10
75
37
14
26
58
24
11
30
98
92
27
33
49
1
31
14
4
10
216
29
3
6
66
12
50
12
23
4
100
17
9
25
59
8
52
9
11
14
31
51
240
139
75
9
29
90
68
72
79
68
95
2
7
48
183
9
35
61
8
114
19
15
48
172
6
13
87
10
74
9
53
61
3
95
15
13
27
96
117
279
15
24
16
72
12
4
28
95
11
260
25
71
14
162
50
2
7
12
12
78
49
91
76
15
11
90
77
13
114
32
3
7
13
12
80
29
206
6
5
35
9
12
79
7
37
9
12
49
9
11
1
44
4
39
6
6
16
7
4
7
7
133
47
2
10
13
8
37
77
83
158
23
96
32
62
29
29
21
1
6
2
4
220
16
18
99
57
17
45
23
4
29
17
81
50
30
53
27
32
11
47
93
31
8
2
14
49
7
7
2
140
11
55
32
183
92
76
68
11
11
61
73
87
95
12
51
19
73
7
251
31
25
37
61
64
13
9
100
54
17
7
31
13
26
32
12
29
98
118
189
9
17
28
223
28
18
30
35
17
16
2
72
27
96
74
90
56
3
32
11
279
2
189
16
10
49
47
53
52
118
30
52
9
17
10
5
327
15
5
33
71
8
220
79
7
72
34
208
75
194
33
57
3
20
4
37
14
16
55
11
164
93
1
5
32
1
28
73
37
71
46
68
12
95
10
104
31
39
71
76
4
10
16
46
7
6
15
41
9
27
37
156
24
4
10
19
32
28
162
1
5
95
10
44
200
80
35
115
1
33
160
18
9
53
7
16
10
3
76
17
14
3
36
33
25
72
7
26
116
80
52
29
26
11
11
29
16
31
10
99
12
78
9
13
36
16
11
132
163
51
6
6
26
10
201
2
29
12
8
3
57
10
36
1
226
13
18
176
6
9
10
95
12
10
16
47
18
26
22
227
1
123
4
20
73
11
23
184
52
43
8
181
9
54
32
32
2
11
70
30
39
96
94
58
6
12
58
5
13
4
6
94
71
32
23
9
73
196
35
92
31
12
117
38
104
28
57
11
7
80
13
58
12
57
8
14
7
198
52
70
52
10
4
10
6
6
14
27
306
31
287
75
38
1
59
12
51
21
83
18
63
53
17
9
8
157
55
25
40
19
7
10
192
52
15
5
157
10
178
3
102
71
266
3
7
1
21
12
11
15
23
93
6
6
7
16
7
12
1
26
111
1
51
73
75
25
34
16
1
34
6
139
75
74
101
9
98
56
29
14
7
15
155
13
11
54
11
32
13
77
15
28
7
1
22
58
175
15
1
29
48
53
31
33
98
29
12
9
7
17
5
122
222
20
25
210
16
29
29
58
11
5
36
32
11
112
76
399
197
19
7
35
98
113
10
93
5
60
59
9
14
2
154
29
3
95
12
9
48
61
10
173
4
18
6
8
115
14
11
107
8
9
12
120
26
51
90
52
33
54
5
73
162
24
40
38
13
50
82
108
40
50
47
9
27
67
52
90
23
10
4
39
30
160
6
33
53
17
32
5
14
33
200
6
98
1
1
94
27
93
16
32
50
1
38
12
33
14
11
34
308
162
2
96
8
32
2
7
10
74
70
20
5
59
2
99
6
32
1
28
27
29
4
35
100
33
14
59
50
12
172
10
5
1
4
11
8
298
16
44
100
8
32
267
14
87
29
73
75
16
31
6
33
7
6
107
9
157
123
205
57
68
49
179
32
13
119
82
31
116
100
10
2
18
14
12
118
13
244
89
1
12
34
4
191
35
45
152
68
28
55
5
53
7
74
7
97
25
60
1
3
27
99
95
86
135
27
181
44
18
59
14
71
11
56
5
75
118
111
27
61
4
2
138
14
7
13
4
31
24
55
137
71
15
8
28
112
24
28
15
5
112
36
23
8
139
14
11
3
129
3
97
55
68
4
119
140
52
15
34
58
6
11
4
72
24
13
8
11
15
12
139
52
13
15
29
12
3
9
6
20
42
126
7
57
10
7
10
56
97
13
31
13
1
77
8
6
2
13
11
76
16
52
59
66
50
15
10
28
3
132
84
70
19
10
11
32
25
7
35
11
59
54
64
1
115
9
9
101
32
215
140
111
11
225
8
48
26
10
74
113
16
1
161
35
77
20
57
7
31
31
10
153
14
11
36
22
8
31
139
45
6
69
1
44
13
2
14
1
1
36
51
13
11
14
119
29
29
27
8
198
32
22
15
72
95
13
75
9
14
13
113
2
40
305
11
3
73
15
60
25
7
44
73
13
7
43
18
242
34
90
16
33
14
11
23
10
208
69
28
54
10
1
2
2
75
50
21
25
50
10
28
261
48
17
77
31
14
28
118
6
2
94
105
21
10
81
15
6
1
49
15
53
43
10
2
146
7
36
47
8
345
38
7
24
190
4
5
121
20
98
1
26
15
15
14
135
15
95
49
155
8
28
34
30
10
31
81
8
73
10
23
18
14
57
21
118
2
30
8
138
6
5
18
33
8
33
140
34
12
202
98
64
2
9
17
8
11
32
61
21
72
8
45
4
69
18
9
134
199
22
160
31
13
119
160
36
14
12
2
55
8
114
11
7
54
18
2
1
27
33
20
25
16
118
98
36
57
53
11
33
20
58
14
7
40
74
6
1
6
198
100
27
6
6
8
2
54
139
27
57
14
46
55
4
30
38
8
12
56
18
11
11
9
8
9
28
35
32
57
78
48
11
30
98
44
3
53
17
57
9
27
20
31
97
25
24
10
238
18
67
16
120
15
8
10
90
10
56
38
15
11
9
9
1
2
14
86
5
98
16
138
4
35
157
135
19
14
54
35
31
32
27
35
2
220
2
29
85
34
56
185
12
30
29
75
7
20
110
34
94
32
30
35
38
12
10
131
44
77
32
116
37
26
26
14
18
70
99
7
13
36
13
6
55
181
1
12
5
8
27
9
130
42
47
11
35
47
12
51
35
92
126
34
15
5
3
14
16
7
35
2
30
5
19
51
31
5
33
73
30
11
79
76
27
100
1
34
46
54
21
98
34
12
14
89
2
32
68
77
165
20
1
36
77
198
8
24
225
6
157
51
11
95
194
50
31
9
30
3
29
16
7
15
78
7
13
84
36
10
57
13
118
35
27
49
12
101
26
15
28
9
5
73
9
10
14
1
124
73
55
58
33
78
43
30
13
14
23
180
1
8
4
13
8
30
178
32
9
83
4
29
11
29
2
14
10
22
11
49
10
10
78
25
117
5
139
136
47
56
76
53
48
6
21
11
57
67
6
73
8
33
18
35
7
5
76
18
99
219
12
16
14
119
2
130
15
12
58
12
3
58
19
11
11
136
14
11
32
1
6
14
21
11
16
27
54
9
48
29
140
123
154
42
8
15
16
18
31
3
16
32
42
11
111
16
50
73
135
1
6
9
29
34
27
4
114
1
94
38
2
35
16
3
75
38
60
75
12
6
25
153
49
12
4
17
2
141
24
338
101
9
31
8
95
7
47
242
52
2
152
52
4
24
10
218
25
38
5
62
75
7
8
6
48
1
1
9
160
91
20
114
81
94
14
5
100
9
7
8
114
6
222
7
92
16
90
29
13
38
74
11
16
15
95
75
27
30
41
15
49
160
17
73
22
69
37
10
4
11
55
177
13
18
35
6
12
32
51
52
15
31
104
158
13
33
32
68
18
21
5
10
71
32
53
13
36
122
35
48
87
75
89
9
29
8
76
16
97
116
27
55
136
101
17
10
96
30
146
14
7
58
32
73
14
12
59
11
8
141
33
26
29
6
6
217
9
73
12
49
15
11
151
14
10
2
114
2
157
7
14
196
4
12
28
12
30
9
149
11
34
51
34
13
73
56
4
2
142
5
33
91
113
6
9
76
3
99
29
31
38
243
33
96
119
16
52
71
121
53
14
10
16
30
24
3
31
165
4
16
35
11
6
13
15
22
58
48
6
11
3
37
7
93
10
11
44
11
5
262
17
53
16
194
93
14
29
46
19
24
21
89
7
34
34
3
21
9
30
7
6
54
94
13
42
27
114
5
17
1
5
61
4
6
53
55
68
17
71
13
28
8
19
31
13
29
30
52
3
1
7
11
13
13
12
18
37
35
14
93
79
83
31
54
1
3
1
55
15
142
17
50
403
26
8
56
32
52
5
48
6
34
19
12
55
29
15
7
16
7
36
6
4
10
118
8
15
25
18
32
72
177
32
116
8
37
35
2
130
68
7
51
30
10
1
13
11
75
50
1
4
117
139
35
5
52
112
53
10
8
31
4
60
8
5
5
34
73
28
54
37
33
9
11
13
11
25
33
8
96
2
51
70
16
35
35
107
2
48
40
2
32
137
19
31
73
198
28
224
51
12
37
32
31
9
11
4
48
4
34
3
2
240
37
10
33
17
50
34
10
4
60
10
7
9
6
54
52
21
9
97
155
135
105
155
2
11
12
25
6
54
13
136
248
13
5
11
75
52
7
5
31
8
54
73
3
55
35
47
8
91
13
117
26
15
6
10
51
6
77
117
60
68
34
9
153
135
146
10
14
93
46
81
98
6
27
26
25
12
16
153
14
16
37
139
10
30
73
6
155
46
11
90
38
17
48
6
31
2
7
46
115
99
9
4
52
67
78
10
40
32
14
13
57
50
14
57
1
7
16
13
73
23
30
5
31
25
55
13
89
13
52
60
113
53
8
49
6
15
35
60
5
1
8
13
17
36
44
122
224
54
73
55
26
24
110
16
28
229
13
3
114
31
61
54
28
51
11
170
46
89
11
7
9
3
79
92
10
47
14
30
27
57
27
136
13
15
2
28
50
32
13
3
3
77
257
57
13
57
59
51
13
176
3
28
53
4
97
6
10
73
31
7
38
18
5
45
15
1
50
15
1
1
15
13
11
48
9
13
9
142
134
8
13
17
13
4
8
34
69
2
8
52
69
6
71
10
74
16
9
13
328
70
294
37
38
28
27
10
204
35
111
6
7
8
16
32
15
29
30
19
52
53
21
73
102
79
36
18
5
8
38
11
217
79
1
143
11
27
163
13
113
87
9
93
13
115
23
33
79
7
19
19
56
2
55
70
17
1
16
87
137
93
12
93
37
95
72
72
15
47
11
116
43
74
54
25
246
12
20
177
28
74
101
67
2
53
15
33
6
28
26
14
31
6
267
10
125
9
134
8
18
235
13
95
73
7
15
11
94
33
3
7
9
13
7
27
152
75
234
51
36
9
60
16
54
30
48
35
19
34
69
10
19
19
31
15
7
18
34
139
11
16
14
33
51
58
13
16
25
8
113
14
331
97
75
101
181
7
13
14
7
7
64
136
46
179
24
8
36
46
8
22
13
21
157
14
32
54
40
38
2
60
154
58
16
207
6
10
265
15
79
22
20
16
17
49
1
11
14
34
6
29
150
1
2
245
48
30
97
7
14
4
65
6
118
228
117
124
67
10
47
8
102
119
2
28
11
36
45
12
17
35
19
95
111
14
5
10
45
30
32
32
31
13
84
139
53
29
71
57
60
4
12
32
28
15
13
29
34
20
39
14
76
10
29
44
117
4
52
7
10
57
10
49
137
13
171
23
16
9
32
110
92
9
31
25
8
175
9
48
12
29
160
31
29
45
51
43
1
9
51
12
5
87
6
22
19
31
9
3
35
10
19
5
184
17
2
29
6
34
2
29
3
21
8
13
8
79
30
52
30
31
31
8
94
18
26
14
94
6
38
22
11
135
14
31
17
59
31
20
27
52
12
8
57
3
32
134
58
12
28
142
7
14
140
20
5
91
31
47
37
53
16
104
28
5
10
48
20
14
73
162
11
142
10
18
34
8
173
133
19
71
18
11
124
27
51
14
70
55
30
9
56
7
100
23
13
67
85
12
7
12
55
76
9
52
2
11
9
17
30
21
58
4
93
99
9
30
37
30
214
4
24
1
7
8
30
89
4
11
44
3
36
67
94
12
32
9
4
13
40
5
58
7
36
204
34
7
3
36
30
60
12
12
32
12
6
133
50
13
10
5
4
24
42
35
16
32
134
14
2
13
12
33
8
2
14
17
15
2
142
21
58
20
19
85
18
24
53
98
33
120
96
80
2
13
35
124
56
110
11
159
1
92
14
96
16
116
119
1
8
93
13
217
107
50
7
32
13
28
113
1
100
119
11
26
30
8
10
34
13
3
22
9
125
97
34
12
57
13
33
7
14
49
1
47
11
3
175
14
12
37
114
34
15
1
99
9
14
40
13
136
11
73
18
198
11
49
99
109
12
31
28
134
39
111
134
182
71
33
10
9
51
80
9
19
35
10
182
99
35
3
47
15
13
57
66
35
52
16
56
14
59
31
30
136
20
75
128
30
11
48
95
20
3
28
146
98
1
97
10
161
56
9
114
39
33
10
1
133
140
37
3
5
10
12
15
49
50
2
4
15
71
8
79
31
57
76
35
5
22
91
11
48
172
15
27
38
112
8
14
181
16
11
53
34
3
9
14
34
133
47
10
54
11
4
13
9
11
132
20
56
5
26
35
136
15
44
32
12
30
76
50
55
13
1
17
80
49
28
12
36
119
18
34
153
134
12
34
267
76
4
17
37
13
30
32
53
5
25
54
50
29
61
6
94
35
198
78
101
23
51
52
26
38
177
76
12
29
12
63
3
11
117
11
38
163
3
88
95
9
1
10
5
13
40
11
245
9
7
54
53
2
90
50
24
7
72
54
74
32
37
5
29
104
50
34
4
28
110
9
28
50
1
8
1
8
29
25
9
40
99
21
14
20
13
97
7
4
13
57
121
9
86
33
4
56
53
13
13
42
85
95
3
57
8
50
1
120
30
18
36
33
12
27
13
32
52
10
278
135
15
42
44
36
137
37
139
58
50
10
76
13
27
3
13
76
4
11
6
2
31
3
10
167
10
19
8
2
59
6
101
177
222
3
26
49
20
15
8
6
303
106
1
9
112
15
11
3
13
37
111
14
33
208
34
97
3
4
37
11
112
13
64
32
46
5
4
50
72
9
18
138
42
11
1
158
49
199
7
5
12
72
95
54
4
1
287
57
6
15
18
36
81
82
8
15
50
30
15
33
6
25
37
11
264
1
4
47
84
13
1
14
50
3
1
95
54
7
51
53
28
51
20
54
17
117
170
9
88
260
12
7
7
54
94
5
120
10
12
79
105
8
19
8
5
116
6
45
5
11
5
116
1
4
77
53
28
9
72
9
56
81
86
157
138
115
200
60
11
34
50
2
154
59
33
5
4
83
237
16
11
30
54
48
31
14
27
36
42
12
76
53
48
14
16
18
14
12
33
34
158
1
26
62
99
16
12
10
9
14
36
33
13
8
113
66
13
71
71
78
27
3
38
27
8
11
10
203
42
8
71
36
17
45
8
74
35
92
6
9
3
31
41
12
17
15
4
9
26
1
14
9
71
37
32
6
7
8
28
76
38
49
122
72
52
14
51
2
32
35
68
32
17
92
1
24
35
48
133
51
15
114
132
7
114
95
4
12
96
56
89
96
77
42
32
2
27
33
58
19
3
36
10
2
94
3
8
36
13
29
23
23
11
37
33
6
41
38
11
63
3
107
1
15
12
30
191
16
101
95
26
9
59
15
9
4
116
93
13
26
30
5
15
33
51
31
55
28
4
47
9
48
95
7
15
51
9
12
58
27
15
36
13
11
56
76
4
10
30
35
8
1
16
15
28
26
91
33
15
10
274
26
9
177
44
115
60
10
30
32
62
4
31
17
10
30
1
74
4
26
15
25
51
96
19
50
68
34
5
12
23
114
16
12
13
176
19
54
178
20
15
36
62
6
158
137
8
6
239
41
6
27
76
19
113
48
74
17
4
200
23
66
321
74
138
90
28
127
32
26
9
27
2
32
33
126
34
157
30
10
223
14
4
17
49
48
11
37
14
15
2
5
15
2
118
17
36
11
11
32
9
100
24
7
13
84
8
35
6
94
11
22
123
13
13
5
28
160
34
93
15
69
17
62
157
152
125
97
31
46
133
13
2
35
7
61
17
14
4
6
102
54
3
69
32
50
12
138
39
32
97
160
23
8
1
125
74
31
79
82
12
3
10
35
68
218
7
9
9
50
1
15
17
9
31
12
17
39
157
76
79
14
11
71
97
6
141
29
38
8
135
1
5
15
10
33
23
35
11
26
74
98
30
14
73
38
69
112
56
9
10
60
50
2
15
42
16
113
1
45
35
9
93
121
13
99
15
18
4
25
40
7
30
50
264
27
35
2
92
13
155
33
57
7
13
9
56
74
28
72
4
57
23
18
215
25
18
7
31
60
55
10
41
19
72
33
36
1
34
175
29
36
32
11
54
17
33
109
14
75
49
8
23
8
57
10
139
32
91
37
51
17
12
90
136
238
11
17
102
10
34
44
59
8
116
194
6
95
9
12
27
4
38
36
6
268
8
14
78
55
139
72
14
56
39
161
12
4
142
8
8
207
106
8
12
30
8
92
90
16
1
47
26
158
7
4
1
16
48
43
53
5
6
114
97
80
1
92
48
18
29
117
76
4
9
93
37
14
88
120
38
13
7
19
96
51
156
14
52
75
7
14
17
21
33
8
9
10
18
6
8
4
29
49
13
4
13
74
58
31
3
27
48
35
12
47
22
8
73
4
127
30
2
11
50
14
29
51
90
28
25
54
153
52
2
19
30
6
4
22
12
27
8
3
121
1
179
15
23
22
1
35
19
30
6
130
35
31
30
9
10
50
34
11
99
11
14
53
72
32
14
186
19
16
13
12
56
5
34
160
34
7
29
9
181
27
69
75
33
14
101
12
2
135
34
50
30
38
5
3
15
116
136
78
13
135
11
14
3
21
13
49
29
15
160
30
9
14
39
34
29
173
36
39
35
11
34
35
158
281
4
201
1
51
21
32
1
35
15
11
15
30
5
50
28
118
28
21
26
7
54
214
11
35
17
24
9
69
28
8
21
10
16
37
14
27
4
9
104
18
11
21
34
24
77
16
93
11
27
40
121
24
67
9
8
136
10
7
29
22
8
123
5
9
98
1
127
38
221
97
87
36
26
36
28
8
26
18
1
26
25
4
51
52
28
84
7
5
94
136
33
11
6
4
1
73
8
13
22
50
32
4
38
179
36
39
96
8
13
8
75
30
55
14
11
31
100
144
5
6
12
101
6
22
9
180
25
4
16
223
29
45
52
14
6
116
13
19
118
61
14
13
9
70
68
180
53
214
52
2
36
6
12
13
14
8
82
178
16
13
13
52
33
99
56
77
21
77
7
37
39
9
36
14
94
5
14
98
190
11
38
54
36
10
10
96
95
9
46
48
116
11
9
49
34
1
13
1
118
5
211
14
28
117
17
49
1
27
18
10
5
25
33
3
16
11
29
29
50
13
26
39
26
12
56
9
11
3
1
12
116
88
8
95
23
69
36
26
4
11
135
3
101
29
55
54
94
39
194
10
28
13
32
71
18
29
12
9
53
15
13
13
182
35
75
132
7
50
1
50
65
54
15
58
4
22
2
71
8
16
121
95
72
34
90
19
13
7
29
1
4
97
13
75
20
11
172
104
31
59
116
33
80
9
15
36
192
165
53
34
18
16
8
10
277
11
54
1
139
16
50
11
15
19
51
15
161
184
10
2
29
78
54
98
184
12
36
9
94
12
41
184
51
36
39
80
51
2
203
54
44
3
74
166
8
14
54
4
48
5
38
72
85
83
75
29
100
56
33
9
2
189
47
51
15
16
114
52
328
60
161
50
132
13
8
9
6
33
26
84
37
28
1
51
11
118
5
33
1
9
33
1
23
60
3
34
51
34
34
11
2
112
22
19
7
10
9
17
67
95
31
73
83
72
12
14
5
13
115
160
17
17
37
4
92
225
26
14
115
28
9
29
249
13
139
12
7
20
2
117
1
50
113
24
31
34
191
76
18
37
37
2
51
19
35
23
36
73
90
113
71
31
75
50
9
11
3
119
44
37
4
8
235
51
20
33
68
38
79
28
10
9
13
38
29
9
6
7
9
11
7
75
10
7
5
129
99
6
12
26
7
4
3
55
6
5
6
8
93
32
2
3
6
72
11
27
96
1
26
1
33
37
3
7
13
11
34
18
53
14
50
38
48
7
139
32
11
100
11
11
54
12
9
130
2
17
60
11
10
6
15
15
221
24
12
26
49
8
5
15
245
5
21
28
6
67
31
9
14
11
5
7
28
12
18
1
92
15
12
200
23
31
116
7
1
198
15
36
98
51
11
51
12
118
5
23
34
1
81
29
68
10
5
13
94
51
29
21
52
27
116
78
12
2
34
277
24
176
10
85
23
74
79
8
78
9
7
8
13
54
26
30
50
88
201
30
16
2
1
25
16
4
53
55
38
94
8
10
4
16
43
7
30
52
116
2
49
72
5
31
4
10
10
33
53
13
116
33
3
17
15
77
8
9
23
94
70
36
16
6
3
2
4
221
32
67
14
55
5
23
26
3
1
97
11
17
78
32
91
4
52
38
42
13
36
33
113
98
99
14
55
1
199
12
32
35
6
8
12
7
17
305
72
34
134
18
60
28
49
201
50
17
15
12
1
118
9
9
37
8
5
98
5
2
12
12
15
15
97
2
53
5
49
53
7
32
22
11
33
13
3
1
37
69
24
38
56
15
57
7
78
37
34
25
52
10
108
10
17
7
8
29
5
72
6
72
60
3
49
12
5
4
174
31
9
25
6
61
85
45
60
38
236
9
53
24
22
95
177
12
8
1
7
73
12
9
30
3
55
4
184
16
79
30
75
138
7
138
98
16
51
27
48
52
107
73
16
32
66
141
17
34
71
28
72
159
213
199
50
140
34
7
121
50
55
70
73
11
36
149
47
99
13
124
8
36
27
29
10
162
175
8
57
55
111
17
31
4
3
72
71
8
9
68
9
12
16
81
31
17
48
31
7
176
33
16
1
13
135
12
16
79
9
32
54
7
13
17
7
2
6
50
48
1
248
109
106
10
27
12
32
1
77
95
96
17
87
33
7
164
35
6
33
55
31
135
71
7
12
31
54
18
9
216
16
83
7
27
95
51
7
10
9
65
95
34
30
27
13
136
19
8
25
2
8
59
30
5
235
55
58
5
31
4
31
38
11
142
59
47
33
5
32
23
26
38
30
11
1
2
12
139
245
195
14
8
50
1
284
37
86
3
68
96
53
95
18
1
15
4
3
31
53
75
55
201
91
73
6
6
38
18
97
13
74
8
10
17
9
16
18
96
19
28
53
17
50
16
31
10
142
15
6
11
6
62
16
68
11
66
11
14
77
33
7
119
1
7
29
133
101
57
3
57
31
9
16
115
10
3
34
30
53
33
6
111
135
102
51
16
160
113
261
35
3
131
34
9
155
20
15
74
68
34
17
35
137
12
14
4
73
157
55
1
6
52
13
69
117
130
1
135
166
50
24
96
20
26
29
8
16
7
105
37
15
92
29
3
15
8
134
10
11
10
3
7
10
19
150
182
201
19
114
4
73
176
40
29
50
56
97
7
33
13
18
218
116
70
19
24
10
8
97
93
8
12
2
27
11
47
3
10
106
11
4
33
11
24
19
8
20
8
34
75
158
16
3
117
55
17
27
32
1
13
52
16
31
28
13
2
32
116
54
1
17
12
31
140
12
37
45
29
36
99
124
18
32
113
94
11
53
17
9
5
32
48
1
14
33
56
20
68
30
32
21
52
10
74
38
10
20
52
6
63
90
6
262
137
17
8
57
62
15
8
46
28
54
4
5
78
15
75
13
89
46
14
34
37
14
3
18
17
74
31
14
29
94
3
2
76
51
65
12
15
37
9
33
32
28
11
55
119
6
52
3
8
48
79
71
18
54
3
208
33
28
17
1
32
299
46
2
77
14
178
35
53
31
32
12
4
136
183
25
19
10
116
37
26
68
24
9
47
13
34
35
52
34
7
50
22
16
238
30
8
17
14
64
119
21
116
13
7
9
73
54
31
27
231
6
7
8
22
11
9
94
48
76
25
3
10
5
16
12
11
19
97
17
75
48
48
12
27
54
134
12
10
31
12
15
57
179
25
13
119
33
70
28
12
96
47
1
10
30
95
6
15
40
49
128
32
36
2
31
6
5
30
30
103
40
24
96
74
10
55
85
12
42
1
247
58
73
12
76
52
31
57
23
84
2
64
34
101
2
74
134
8
12
15
217
7
1
8
300
6
8
12
30
4
7
2
7
3
76
95
18
12
27
81
98
6
5
42
74
13
70
33
54
37
11
1
17
48
12
12
31
105
73
14
5
1
74
13
139
175
24
10
11
36
19
8
164
9
220
248
10
72
10
28
14
54
13
29
21
84
6
158
30
32
48
5
21
93
9
9
33
32
11
31
21
117
39
13
16
15
51
76
37
47
116
49
15
34
195
13
10
34
96
15
55
7
6
5
31
12
18
10
13
75
7
23
32
17
72
3
144
9
52
8
32
34
37
81
88
5
89
3
69
33
10
150
16
201
59
36
12
23
52
35
71
12
10
18
19
1
18
98
28
2
49
1
8
24
26
6
37
2
58
16
38
16
16
41
27
55
3
220
24
2
10
117
33
17
52
79
18
88
26
6
2
175
7
71
55
28
115
205
34
20
15
100
27
13
32
54
1
113
2
6
12
56
30
33
206
203
41
31
4
57
59
51
18
16
21
101
4
1
1
14
91
30
12
30
25
93
19
12
10
71
39
4
64
1
98
2
6
7
37
20
32
1
12
69
27
10
54
117
3
94
74
4
18
2
15
93
19
19
70
24
16
38
14
8
25
6
29
33
59
101
9
8
8
49
32
54
38
8
38
35
1
75
3
59
8
9
27
95
16
12
13
8
10
14
2
2
10
14
1
12
132
26
11
93
55
80
158
93
10
7
6
18
9
34
51
36
10
10
13
58
147
56
98
3
29
31
221
99
13
105
75
5
33
14
45
29
31
1
86
60
9
29
7
53
11
157
99
4
35
154
93
22
137
4
10
15
13
15
8
29
100
10
58
12
72
24
11
16
11
7
32
51
12
51
3
9
14
50
9
29
34
31
96
7
5
8
225
71
80
10
114
96
16
53
57
207
39
30
35
4
27
4
6
73
15
13
270
19
28
7
159
15
59
153
33
2
54
11
26
139
69
12
8
14
6
17
45
13
158
11
9
9
12
135
38
9
80
6
31
156
4
16
35
6
14
100
11
9
39
51
25
5
181
34
95
9
33
30
60
14
11
6
5
22
74
50
9
201
140
10
9
7
188
36
28
16
66
201
29
87
6
40
53
49
2
56
260
33
6
8
5
38
96
28
12
11
34
18
64
12
97
13
119
9
77
11
32
53
10
8
13
8
94
8
95
14
18
37
6
5
32
32
2
34
2
371
175
10
5
12
25
13
40
116
83
8
118
33
18
117
2
4
47
70
72
32
1
96
7
13
3
8
2
36
131
177
9
91
58
10
14
1
2
29
26
6
51
157
1
28
30
34
36
158
47
16
21
51
9
28
43
98
140
207
8
62
7
115
91
4
25
27
1
84
52
32
162
203
51
35
12
6
7
22
4
23
30
35
15
11
197
29
102
10
69
7
53
40
32
9
17
119
150
37
11
17
117
160
30
97
219
13
1
246
8
2
4
193
8
2
220
73
219
31
50
5
55
16
31
2
14
12
32
12
48
102
7
29
33
187
11
55
52
11
150
1
11
28
70
4
33
51
1
23
5
205
69
33
2
32
115
8
11
10
52
5
11
41
32
39
10
46
62
54
11
10
137
7
59
4
8
2
10
177
33
18
29
24
73
3
216
21
97
193
74
36
74
15
10
73
107
15
7
134
55
120
66
35
8
27
13
34
11
17
50
17
35
174
235
70
34
12
68
2
49
72
14
57
24
20
54
9
24
97
7
6
18
285
18
76
17
35
55
133
20
6
118
6
94
50
9
13
134
8
69
19
32
53
31
6
96
29
14
38
1
4
36
3
34
4
87
115
1
12
15
10
4
182
35
10
10
2
15
94
76
133
5
95
7
57
9
7
14
36
2
158
3
