2
12
112
5
1
34
166
157
107
9
32
44
186
206
25
115
36
18
246
9
40
51
110
44
153
76
8
59
87
20
132
40
204
27
1
141
126
59
53
66
69
111
2
32
9
116
54
122
858
112
200
18
12
106
33
21
125
116
209
273
72
15
92
181
47
135
90
177
53
366
48
97
33
139
135
116
62
205
116
21
28
371
254
54
87
91
31
122
7
24
65
364
129
62
7
242
13
107
3
7
185
64
87
78
73
185
29
473
84
8
110
793
9
397
161
130
128
86
41
2
121
5
166
30
143
56
38
4
7
117
56
199
62
239
146
90
147
42
14
27
116
144
3
50
78
22
28
29
161
42
78
74
20
35
53
87
11
80
5
2
2
126
102
13
38
19
14
48
62
73
8
16
211
16
85
73
240
180
314
92
182
86
62
13
188
205
94
141
7
56
205
91
145
178
95
36
223
16
33
33
73
77
224
46
6
153
140
275
86
143
230
117
88
35
505
39
2
99
609
249
71
60
112
33
119
1
14
69
78
17
423
78
44
53
202
10
1
57
4
199
100
75
113
131
174
18
42
22
199
45
62
337
13
28
6
167
78
21
97
49
200
10
3
196
169
8
174
111
24
297
5
134
1
359
238
25
63
320
137
71
164
75
89
64
201
17
82
104
125
194
26
26
32
23
15
220
122
118
183
85
219
10
6
299
66
6
51
88
68
296
65
85
197
128
63
33
106
95
208
8
17
160
122
47
108
163
43
158
71
125
2
22
29
64
113
2
312
47
201
67
43
113
26
33
74
19
14
17
107
4
4
54
119
4
143
98
13
66
62
11
2
172
54
169
70
52
65
9
124
36
140
8
43
174
50
58
73
170
115
155
38
101
34
83
55
193
131
33
60
182
21
157
92
12
6
101
224
26
125
20
335
92
19
63
87
39
256
17
58
69
127
157
64
97
81
78
77
16
47
68
286
13
37
9
64
313
126
78
18
63
270
107
20
134
34
122
23
100
240
56
65
175
28
5
33
56
18
82
183
32
11
193
8
86
16
80
41
58
26
71
33
34
364
56
101
566
2
28
16
85
7
65
75
130
38
33
135
36
145
481
105
65
49
261
16
43
52
43
61
120
230
8
266
93
94
7
67
59
22
117
3
104
289
45
849
179
149
112
76
3
100
363
111
120
122
143
11
19
61
4
2
113
3
222
15
16
155
66
97
162
1
9
14
198
105
127
26
9
11
39
70
63
17
28
27
5
282
18
19
134
64
42
26
197
10
93
214
97
213
17
207
189
72
2
130
31
220
65
88
1
76
8
37
32
121
161
47
61
56
66
87
21
11
192
77
91
101
365
123
69
7
59
138
386
303
62
485
5
129
52
294
6
51
99
33
57
19
44
108
41
119
157
242
67
113
274
15
43
142
16
52
16
57
53
43
122
124
161
66
26
188
75
95
30
132
178
52
275
168
144
87
35
32
95
15
13
128
8
95
8
152
211
67
32
86
16
42
42
98
204
23
35
44
20
167
4
105
70
11
15
19
169
51
57
123
8
72
132
40
89
44
552
84
106
77
14
224
88
107
96
17
227
100
71
36
12
54
44
75
230
248
68
82
45
166
382
53
157
33
20
202
1
178
184
108
192
5
80
109
57
6
4
122
16
308
25
301
77
11
4
240
36
167
7
57
27
150
117
147
81
108
2
27
45
69
18
250
49
16
48
82
111
305
136
7
150
89
256
48
152
108
216
34
149
93
15
102
88
94
67
211
372
22
6
273
126
260
33
228
110
7
79
41
100
17
154
62
7
60
24
53
82
73
23
101
11
14
513
133
89
83
101
55
21
42
126
10
189
29
132
217
8
220
69
86
7
13
6
78
87
63
85
94
153
43
195
41
195
44
28
15
278
14
18
19
39
53
115
52
148
4
35
41
86
80
47
1538
171
459
51
31
33
68
10
46
62
192
37
27
2
28
10
158
312
44
15
57
61
111
78
213
56
132
97
123
23
110
17
14
58
225
41
54
94
125
47
11
226
196
43
73
28
45
16
88
159
49
219
66
35
362
105
23
190
305
88
33
51
10
371
95
247
33
23
30
61
94
22
33
117
61
111
125
39
24
148
217
44
544
15
73
58
352
96
127
38
3
347
158
177
20
36
21
174
81
14
168
103
56
54
113
356
51
97
47
203
181
34
10
273
133
106
222
5
70
10
29
201
78
70
47
1
109
34
98
80
420
580
60
170
12
147
50
50
129
77
305
95
35
64
184
25
98
89
126
113
66
13
298
42
134
37
247
9
65
71
129
67
86
15
132
3
1
1
29
131
262
7
83
40
78
82
103
35
21
97
7
81
13
29
16
17
21
231
203
92
209
45
180
4
123
123
95
38
67
154
243
79
399
11
114
1
148
37
30
90
47
245
32
322
79
253
5
16
142
101
36
307
63
198
3
33
78
101
53
210
176
2
1276
72
157
663
526
33
25
17
124
35
5
160
115
54
55
12
62
36
1027
110
51
115
31
30
175
98
133
4
40
35
32
32
175
120
180
232
25
14
6
26
57
3
159
10
178
171
181
229
307
33
171
52
33
33
15
48
2
76
34
25
125
78
100
32
81
342
23
46
2
100
102
157
34
52
26
353
26
158
5
234
74
64
11
173
42
23
115
56
64
58
100
137
85
244
277
46
34
52
215
42
30
139
39
1
113
34
76
71
4
1
30
59
16
33
208
17
43
79
108
154
93
17
69
170
5
63
119
3
1
181
2
146
22
43
6
370
137
102
220
3
168
163
215
94
159
259
7
117
23
79
266
42
317
17
8
257
9
28
170
387
21
121
58
34
155
23
197
84
15
21
93
3
82
211
81
117
223
5
5
173
198
198
1
76
51
284
82
32
10
20
114
84
124
43
56
25
77
3
137
299
236
94
6
56
133
38
84
30
183
60
127
6
18
28
15
48
154
88
114
37
182
24
94
2
19
152
192
253
59
82
42
35
9
35
205
182
66
86
33
412
73
61
47
188
77
146
140
25
18
64
52
32
89
5
120
191
113
38
166
151
10
52
166
81
122
96
108
169
29
99
158
5
22
29
35
207
88
96
31
82
35
19
50
59
75
22
3
105
172
61
316
4
49
138
127
110
70
160
177
207
50
148
93
21
72
36
142
38
23
21
103
257
66
77
29
33
88
26
137
73
30
75
46
54
41
48
171
37
17
47
31
198
44
16
237
47
119
9
56
7
32
34
31
31
22
84
24
261
96
33
58
10
104
18
85
149
164
11
57
41
13
60
16
79
80
72
46
176
4
294
6
321
28
12
167
22
105
220
194
133
296
22
62
115
15
40
185
249
82
24
169
147
195
3
24
113
77
27
60
216
28
13
42
75
82
238
11
95
23
210
10
120
358
37
5
12
81
115
43
118
90
48
38
62
24
5
120
56
17
28
87
1
34
6
6
72
326
80
33
83
26
19
110
22
764
89
85
98
4
5
16
203
135
152
126
48
80
287
46
531
76
124
122
72
115
51
28
138
93
58
31
91
145
122
74
14
349
302
86
6
70
2
87
28
60
11
29
127
104
5
141
46
509
182
65
12
109
101
27
215
36
6
30
161
55
85
70
176
247
65
75
8
33
278
284
4
295
23
118
289
165
43
43
28
17
148
363
149
130
13
20
62
53
69
10
128
14
207
86
75
24
68
18
64
29
18
79
327
19
9
182
176
352
42
63
41
63
104
60
668
118
18
276
13
5
100
153
152
175
42
22
117
73
1
16
36
178
51
62
61
63
25
128
27
131
4
148
131
158
82
30
128
21
13
26
105
116
39
179
126
110
18
63
99
72
237
359
214
7
101
38
84
68
35
48
30
59
37
6
39
33
127
81
24
5
20
174
13
180
704
104
2
181
20
7
23
61
11
191
77
56
113
51
232
119
335
62
62
125
53
60
1097
199
3
3
203
63
128
44
153
406
108
27
56
63
14
166
162
61
98
115
3
41
296
155
36
76
30
186
7
61
61
39
200
34
80
265
26
11
43
12
174
146
85
182
289
13
19
10
244
57
252
70
38
152
15
31
46
249
190
234
39
150
171
18
26
147
77
39
79
355
19
6
247
34
251
97
21
39
149
35
95
140
305
8
89
129
37
45
58
101
247
47
18
414
153
78
415
39
86
128
16
268
95
177
116
19
102
299
54
27
190
136
110
42
74
90
36
66
52
4
11
151
38
176
78
198
10
19
15
68
82
18
9
48
10
94
141
42
237
83
15
309
39
170
42
34
181
91
13
38
11
24
57
144
2
159
235
45
24
68
3
59
4
61
5
52
326
182
6
89
160
125
163
29
43
6
166
78
13
68
34
97
1068
244
9
8
102
13
177
44
156
73
251
199
112
211
141
38
26
197
123
72
72
414
26
220
182
362
212
118
18
19
68
110
125
59
24
148
9
223
31
19
224
51
19
27
49
113
36
215
17
18
17
109
186
31
48
31
99
53
11
9
27
61
26
121
83
1210
258
128
80
29
137
128
53
123
39
8
5
44
255
175
15
169
5
83
49
87
21
74
102
13
166
2
90
114
185
181
31
49
452
95
221
54
8
36
121
87
37
18
150
224
171
68
11
162
59
48
2
190
42
279
33
139
39
169
137
28
32
343
191
86
138
158
163
156
109
148
23
86
114
43
26
22
10
42
78
5
240
12
222
135
17
9
85
33
91
30
62
34
58
246
91
13
130
121
40
197
76
190
71
122
80
111
102
65
127
18
12
129
82
12
72
183
213
17
38
154
79
30
7
33
198
91
176
20
216
77
16
179
39
60
49
126
17
23
33
194
75
101
369
60
120
71
154
65
63
71
88
14
63
18
101
55
24
78
19
37
22
78
135
7
26
20
12
101
159
12
60
36
57
266
366
113
58
46
36
90
6
53
70
12
37
74
141
226
23
123
125
42
55
172
82
89
60
4
24
37
24
39
99
64
119
58
9
70
71
44
3
31
66
42
127
57
32
118
94
71
226
11
181
89
6
225
53
23
285
126
28
18
99
137
127
68
72
235
1
4
7
9
48
33
157
136
89
31
1
55
2
129
14
34
8
7
166
195
32
119
22
140
90
126
8
91
83
66
151
9
246
152
370
89
86
36
56
9
92
54
22
48
257
4
40
160
5
153
253
69
131
18
67
86
112
14
35
7
95
431
176
7
139
29
213
61
185
128
184
147
60
192
157
40
142
49
66
32
250
35
171
258
70
62
89
5
231
24
340
248
25
81
229
138
85
83
76
137
36
12
65
114
74
17
3
108
22
12
50
178
23
3
75
73
51
92
86
104
89
104
4
166
72
39
62
122
69
100
29
20
42
8
208
22
42
55
87
209
26
31
177
24
479
8
60
52
89
110
523
18
236
15
33
367
4
50
129
50
194
25
261
17
281
71
104
15
122
205
267
7
41
174
17
156
63
22
71
23
132
14
40
173
197
180
85
28
182
479
7
29
66
23
24
346
32
64
91
188
260
161
108
108
26
17
6
27
138
44
18
243
17
158
75
157
49
68
27
165
78
77
9
205
140
62
279
183
86
16
180
3
263
41
14
54
86
70
20
59
10
101
67
128
42
15
130
4
158
25
71
202
218
36
86
67
139
236
115
216
62
54
153
9
29
173
56
106
61
4
33
242
23
339
11
240
51
64
6
173
211
31
102
53
107
35
242
218
9
114
8
80
82
66
67
93
109
729
75
188
65
95
208
47
205
2
236
35
87
13
175
24
122
52
49
42
129
263
185
76
142
213
107
87
147
113
203
37
101
24
162
18
44
81
39
169
29
103
64
98
154
631
41
142
294
242
31
110
71
155
193
117
37
61
39
40
58
221
161
147
132
52
173
109
54
126
30
97
39
64
325
87
17
179
221
133
6
19
136
12
97
546
110
9
25
111
69
37
88
240
134
138
145
107
11
34
15
38
11
110
88
32
24
171
220
27
297
100
4
143
168
85
152
305
40
94
147
37
169
58
103
77
19
33
6
122
193
92
232
7
110
38
58
13
32
55
50
165
90
99
190
36
63
68
25
29
89
51
68
50
96
327
3
6
6
91
136
163
103
45
93
13
153
65
121
12
177
13
217
95
118
177
27
78
11
85
2
156
39
100
3
4
39
119
20
1
1
7
112
152
37
129
53
32
3
132
219
2
35
414
221
75
721
78
55
64
30
14
77
9
37
2
201
271
48
137
23
200
17
191
48
145
92
40
26
161
46
255
21
107
53
66
32
41
3
65
12
28
111
53
71
21
176
20
71
118
4
6
182
85
62
3
18
336
23
527
26
136
20
204
115
70
140
16
125
76
115
362
63
251
79
83
131
111
284
176
129
144
140
872
1
73
116
38
141
6
53
22
23
316
121
167
46
75
160
27
7
96
6
48
46
113
42
92
162
15
197
87
501
135
233
44
55
51
53
4
38
1
39
192
135
123
53
62
53
54
15
69
182
14
90
406
83
62
3
29
320
76
92
72
98
26
80
150
2
133
131
325
85
195
11
23
20
145
89
56
90
9
136
89
146
75
50
18
55
145
77
142
55
14
28
71
179
73
163
15
37
19
18
19
76
68
101
35
27
204
171
23
104
199
58
29
118
220
45
58
165
66
94
1
158
347
8
11
126
57
43
74
35
23
90
57
217
113
536
3
13
182
69
162
3
115
60
352
71
12
52
407
35
258
235
41
108
36
46
142
341
107
42
314
246
311
72
158
18
193
32
25
25
52
81
35
29
15
152
5
38
105
165
54
66
92
139
196
71
45
55
468
39
16
264
176
8
37
117
55
61
188
165
68
62
35
27
144
104
177
141
127
76
21
122
163
3
236
75
98
30
186
132
17
1
96
91
95
49
47
28
135
18
107
60
345
4
99
47
201
89
78
220
240
20
130
175
26
61
117
76
59
15
69
67
22
2
2
85
176
120
60
39
85
60
28
150
88
20
99
181
63
255
628
48
65
145
2
139
80
39
26
48
12
116
94
200
210
1
69
80
94
1
111
42
36
10
26
50
338
47
27
111
270
20
48
495
15
18
213
3
105
85
135
110
28
91
24
175
151
10
47
14
47
149
183
52
627
33
54
554
135
10
42
113
40
129
7
236
243
177
83
15
58
144
179
34
31
1
55
171
51
102
131
226
51
22
49
14
36
88
34
64
104
56
39
226
76
79
36
273
111
78
18
61
175
50
3
33
62
76
612
115
151
9
80
2
409
66
3
165
72
161
151
123
9
24
43
175
62
30
135
137
73
14
113
474
5
67
121
37
479
3
77
60
28
61
112
210
105
26
126
113
23
33
67
94
68
13
87
26
53
84
3
73
65
324
82
116
254
14
47
4
19
259
773
522
5
3592
196
127
89
679
138
29
139
2
18
52
19
7
125
125
79
38
10
57
3
139
43
48
39
32
57
15
61
112
198
218
265
21
202
14
17
161
81
185
111
34
230
23
137
18
273
112
167
83
45
141
50
30
79
269
34
14
65
123
4
14
26
33
32
14
15
484
11
128
305
73
23
17
147
269
140
11
6
46
469
110
65
61
2
314
137
82
18
26
69
61
13
65
81
88
118
428
27
34
64
416
17
31
75
154
15
71
156
125
51
313
238
701
89
16
16
180
44
110
96
76
52
146
222
47
174
217
92
46
22
18
34
42
291
153
63
69
60
117
525
31
69
220
463
14
70
163
56
106
51
5
34
82
299
110
46
233
79
55
2
25
48
184
244
43
7
15
36
26
18
255
3
86
223
207
35
23
5
1
61
171
26
48
57
69
16
36
84
87
37
198
12
56
8
72
79
157
44
58
30
256
31
147
121
474
59
40
21
5
24
99
247
1
63
48
71
78
138
30
19
79
91
114
82
184
3
185
163
16
84
15
23
8
86
158
18
20
344
148
37
11
103
81
23
42
34
47
120
12
280
37
22
12
572
84
160
205
85
33
23
196
47
5
141
26
230
3
97
24
43
79
1
155
85
215
15
53
49
45
12
13
48
428
207
65
7
149
40
12
70
397
32
133
70
119
177
52
137
72
10
262
189
82
4
277
139
13
309
86
47
92
97
50
110
380
169
46
84
44
20
70
43
53
15
18
37
30
65
304
135
311
89
66
111
21
94
324
35
280
28
125
26
18
19
68
24
161
215
223
2
236
94
48
32
51
79
40
776
214
237
3
275
28
141
184
194
60
3
47
136
8
38
110
86
8
143
84
37
42
46
76
12
1
57
565
94
54
129
22
40
52
17
96
47
74
51
69
7
164
75
182
21
129
230
18
22
35
148
41
121
144
56
188
112
129
18
6
14
205
12
64
92
178
248
95
171
11
77
111
105
60
48
179
146
26
33
257
40
55
174
28
21
45
12
203
148
93
11
32
21
50
35
149
18
47
164
24
6
56
50
9
18
13
4
163
100
40
57
69
265
84
62
10
66
224
75
19
81
4
2
95
157
137
223
121
136
88
297
21
77
16
29
95
33
64
2
48
1
219
212
51
50
212
85
106
160
32
200
110
20
31
7
195
21
160
21
9
67
36
75
29
87
12
26
237
172
59
85
223
87
8
44
20
200
178
9
139
23
54
470
54
218
298
33
13
10
224
8
106
125
135
121
208
159
48
6
20
301
169
63
72
109
115
43
27
520
228
259
47
43
2
326
209
221
27
10
1
43
73
91
168
124
178
19
41
110
142
76
178
57
106
488
24
26
209
10
135
60
55
47
40
48
39
164
119
241
1
7
494
97
58
66
20
216
57
12
33
93
50
36
137
104
120
116
95
130
15
61
52
70
114
377
59
298
174
45
249
30
194
6
95
18
502
53
136
106
68
35
86
109
260
375
174
137
128
70
87
359
71
51
32
28
49
28
240
205
31
56
59
20
26
46
52
113
103
195
122
110
257
36
60
247
17
10
93
89
77
28
129
89
73
165
54
147
76
185
77
78
85
11
141
59
127
74
53
230
9
20
1
23
67
114
227
20
380
223
31
6
44
111
44
56
245
33
19
122
309
2
57
93
24
240
8
137
220
111
22
166
67
587
70
84
312
95
312
126
31
1
119
19
18
197
59
10
183
6
207
43
18
21
94
82
2
515
55
54
39
304
1
107
47
148
227
141
97
227
125
16
19
17
220
155
173
30
23
22
16
4
12
12
26
123
44
180
212
21
41
39
84
76
18
93
220
62
15
134
88
52
121
110
103
65
111
2
351
243
92
357
219
228
54
10
145
88
327
226
31
5
30
107
87
76
9
150
7
69
45
71
33
191
96
67
33
20
11
32
313
25
47
28
166
86
47
212
45
101
90
119
140
1
96
191
204
63
32
112
6
57
51
198
27
55
22
226
95
166
78
14
91
77
299
111
34
203
16
95
75
130
27
83
16
4
117
33
299
76
218
403
104
18
81
90
40
139
52
249
38
25
90
147
12
15
232
3
1
16
85
56
5
145
14
125
181
20
51
120
48
65
47
160
313
24
63
55
2
84
82
189
104
35
22
14
131
45
131
11
16
92
39
185
69
41
92
52
29
149
49
72
10
36
153
29
134
124
6
141
4
1468
321
115
36
116
21
54
74
102
51
118
69
20
42
104
64
24
68
225
47
50
108
36
17
56
394
120
184
348
73
99
122
32
28
116
264
35
110
28
115
31
109
257
8
51
269
322
56
72
69
81
3
74
11
77
164
65
94
25
413
145
49
171
66
22
110
75
20
99
21
229
76
126
235
27
161
77
176
30
54
135
136
66
250
166
83
44
32
123
11
96
111
202
5
353
18
10
303
67
113
45
18
42
22
114
234
196
5
2
142
33
12
91
162
52
19
124
96
11
12
26
38
30
1
17
36
39
216
168
150
11
24
5
248
106
193
125
255
110
50
34
35
255
9
9
393
68
329
46
120
32
67
15
91
247
11
63
33
467
93
15
21
71
206
144
35
80
2
4
29
59
130
24
155
240
143
166
153
170
283
324
9
266
66
122
58
53
124
42
177
109
105
48
135
161
47
1
34
259
77
78
10
293
1
299
131
212
202
370
68
50
66
144
2
68
100
36
14
66
41
28
43
55
95
100
13
10
97
14
73
103
38
10
112
73
207
92
263
285
38
8
53
65
6
36
118
143
264
5
23
49
40
85
20
13
25
47
41
15
227
22
77
33
119
69
145
100
15
197
176
9
19
68
757
225
19
326
192
13
179
4
23
202
12
63
99
47
190
112
110
21
205
52
56
248
74
341
51
53
17
40
279
73
38
192
114
142
218
61
52
288
5
67
75
14
179
130
28
56
217
28
8
171
34
139
205
115
173
508
46
351
94
264
40
40
8
73
32
249
31
112
2
11
168
48
19
100
161
87
145
34
1
35
142
50
91
2
130
99
50
21
90
68
66
44
3
33
101
44
123
208
82
32
6
20
71
135
93
154
42
192
236
111
65
72
75
47
61
118
116
26
69
175
398
24
95
17
38
54
15
138
167
26
13
156
156
61
51
61
49
123
12
96
70
57
192
18
132
45
30
16
97
78
2
163
8
94
319
24
213
1
113
42
56
62
20
207
26
112
13
41
112
45
27
48
77
13
137
6
90
163
125
32
22
238
198
30
51
9
41
42
2
86
276
158
31
233
190
55
64
10
121
69
175
114
110
12
105
47
138
110
38
5
156
5
169
131
56
158
1
18
103
1
58
26
130
103
155
2
128
143
120
96
167
192
403
575
152
38
46
36
63
95
7
9
88
38
24
21
34
3
199
72
181
31
181
27
212
242
41
12
507
88
74
31
134
55
2
18
13
73
103
153
325
16
95
115
33
104
32
80
55
99
57
7
67
105
137
36
34
255
154
215
44
15
32
8
247
56
108
12
58
44
77
115
5
29
137
6
111
39
84
205
204
32
107
55
76
176
66
72
1
51
214
165
21
66
71
37
5
43
44
75
8
10
448
59
15
84
60
35
95
70
84
15
125
301
81
201
112
7
154
17
2
31
7
79
8
117
7
33
12
377
4
341
142
14
129
13
178
12
168
91
135
84
4
94
28
57
12
187
39
8
26
6
116
39
289
134
4
82
89
12
91
46
63
131
16
32
7
13
110
36
463
229
237
58
44
182
133
127
46
98
113
189
63
134
34
55
161
11
11
27
63
135
24
112
288
53
37
178
49
170
15
91
13
31
48
88
131
68
13
83
42
29
62
3
71
53
43
49
29
48
41
85
89
116
76
7
49
456
77
55
67
100
28
99
13
61
1
108
600
128
27
101
7
19
358
23
62
170
15
22
85
46
57
55
1
88
90
47
84
26
158
96
110
173
15
32
89
70
67
43
25
65
198
46
125
79
69
183
21
186
174
143
30
54
113
149
3
72
23
136
29
49
74
243
279
143
130
78
71
70
20
176
174
35
31
119
131
11
22
33
45
14
51
108
65
51
198
83
61
108
201
152
55
66
3
196
18
288
7
3
26
181
75
41
17
201
111
440
289
116
415
58
21
44
544
69
40
6
191
78
154
299
53
35
78
22
91
73
86
16
14
25
7
15
143
10
123
70
89
6
35
3
23
92
152
11
49
38
5
33
140
95
52
19
189
78
10
24
14
100
146
30
143
36
224
92
308
329
35
98
76
103
142
43
107
12
47
91
64
589
47
35
345
44
169
36
336
32
41
160
24
121
71
18
18
95
97
324
78
259
106
163
10
61
823
44
35
179
505
37
82
41
68
8
30
93
31
19
99
134
315
38
8
26
32
162
220
20
23
204
88
89
16
192
16
51
151
66
44
149
38
145
4
2
3
148
6
130
22
19
207
106
100
55
142
64
26
18
30
3
10
38
146
18
9
131
60
7
2
160
43
38
48
161
18
26
45
48
12
16
93
377
126
75
28
101
3
52
9
99
114
105
11
28
194
60
137
155
119
1
54
1
236
75
86
319
169
10
151
11
2
101
40
59
212
127
44
18
160
31
68
8
143
11
242
44
24
15
48
473
65
160
77
125
143
28
137
260
64
93
24
41
33
71
45
88
287
109
103
21
42
53
85
71
4
184
69
51
113
196
64
35
327
33
201
23
56
14
57
3
52
26
102
16
25
244
277
123
182
50
89
77
226
140
60
169
2
29
75
51
80
46
9
59
62
115
172
35
27
177
80
68
120
80
26
48
60
44
447
294
70
8
165
220
128
48
49
169
182
75
34
179
6
98
48
157
120
47
136
46
384
7
88
169
97
51
20
107
282
66
31
74
85
70
16
24
321
151
132
3
63
47
213
34
46
32
94
152
213
36
224
26
148
17
118
115
17
59
33
43
105
24
2
173
104
23
83
12
55
19
178
34
34
176
265
112
45
242
5
42
153
51
6
62
193
17
451
29
134
34
17
22
137
209
47
14
137
106
35
101
185
73
163
20
5
89
11
17
90
87
28
152
120
62
294
31
158
19
200
9
75
143
150
133
28
16
80
35
173
42
75
102
39
28
17
104
68
136
56
130
55
621
33
185
37
108
95
11
55
19
201
192
250
27
34
81
186
22
14
65
1
13
85
48
7
297
56
8
20
17
10
82
22
39
107
147
7
13
223
36
116
63
61
427
121
207
60
155
57
234
212
110
44
92
172
29
50
18
37
451
46
8
31
124
4
65
117
3
33
35
77
142
42
161
154
5
76
36
32
24
19
183
404
4
61
151
86
105
167
60
38
325
12
252
25
158
9
87
21
129
54
49
38
5
80
4
63
91
30
80
46
56
9
72
65
59
110
129
65
4
76
51
45
175
86
127
53
121
65
24
31
46
688
47
28
110
56
11
361
10
91
211
106
82
57
110
61
44
1
74
7
114
10
151
186
10
37
39
5
109
80
104
27
197
299
2
25
52
17
44
120
27
98
118
8
106
69
36
5
365
115
52
101
1
161
40
58
50
63
330
1
377
42
134
220
169
126
34
146
115
120
56
10
1
44
87
206
134
100
184
186
55
30
156
20
8
6
59
203
119
120
8
95
93
139
130
48
9
1
114
63
41
22
38
4
25
18
41
35
100
79
94
4
98
34
29
27
32
89
287
81
23
88
8
14
179
139
152
137
156
296
164
122
107
101
147
88
40
62
118
20
55
13
102
76
15
45
29
23
61
15
122
230
59
49
74
76
26
151
159
260
74
33
5
24
40
22
34
96
6
36
26
34
205
16
128
147
5
177
5
36
235
25
99
127
25
113
173
28
257
26
1
3
26
17
139
136
184
152
156
122
26
9
115
12
65
38
111
70
1
5
44
54
12
7
78
63
63
180
11
30
107
162
1
123
98
64
150
4
26
129
17
53
71
133
129
4
392
58
44
131
169
89
25
56
157
56
12
5
3
263
35
59
18
91
68
50
18
76
310
19
2
177
32
22
98
15
166
78
123
217
63
117
26
29
192
24
76
167
42
27
189
39
188
75
54
168
30
3
92
82
136
30
77
85
115
12
21
39
176
65
137
122
98
6
80
17
42
108
21
38
111
6
260
267
97
10
311
94
192
380
14
5
16
327
5
98
95
1
20
140
172
34
97
32
239
250
87
16
27
162
9
169
44
44
16
38
64
19
10
8
160
81
11
43
34
24
108
174
18
62
71
72
90
41
36
29
34
4
125
84
298
104
223
17
58
134
14
150
157
32
152
92
53
162
96
83
3
7
104
29
42
87
41
62
44
41
33
54
12
162
46
40
36
8
97
13
6
17
6
75
2
81
10
63
16
132
45
49
74
7
26
283
35
89
259
113
223
10
173
144
58
97
32
53
1
44
262
60
108
15
350
7
82
16
18
43
94
41
215
8
160
52
7
13
150
264
36
209
132
27
70
54
67
12
10
323
74
133
30
179
6
108
140
200
63
142
211
17
76
50
104
25
159
19
78
147
198
20
98
96
111
6
101
80
198
3
158
13
124
38
102
14
22
72
99
159
46
111
23
14
20
25
114
42
81
190
219
39
8
135
85
109
3
234
355
93
29
57
99
118
96
97
15
5
22
11
174
291
168
10
23
12
4
28
54
41
86
24
80
102
50
25
49
40
68
107
56
474
105
26
11
29
236
9
202
37
50
6
236
48
22
117
86
72
50
55
144
37
43
63
242
23
161
5
106
27
42
21
93
139
179
12
169
246
13
118
3
74
82
34
190
1
146
1
7
215
54
94
278
90
10
93
11
80
106
100
68
10
113
1
95
54
103
47
197
62
52
59
46
13
11
113
4
64
386
19
64
16
162
325
148
93
37
79
156
113
16
133
95
61
124
23
16
32
53
53
103
7
90
130
16
110
61
131
35
227
187
94
11
272
39
329
54
99
81
42
31
28
37
46
144
214
249
89
23
64
18
70
7
218
60
127
9
41
17
65
17
24
110
96
12
43
102
3
156
210
148
231
63
33
162
72
148
156
41
19
200
132
93
76
36
37
385
139
49
110
14
189
99
102
202
145
2
23
44
123
99
149
79
75
36
10
64
38
134
59
93
6
199
124
136
39
48
77
87
78
10
5
76
402
37
11
156
44
167
21
134
55
196
94
32
127
52
55
106
117
139
101
109
138
82
111
150
122
232
482
2
35
104
11
76
76
5
160
85
164
88
144
40
47
60
37
144
364
8
117
25
32
69
28
72
76
169
31
6
94
41
6
57
39
20
34
36
376
79
49
418
36
187
78
125
86
17
173
72
36
171
58
18
67
71
27
139
91
49
85
175
66
121
277
26
56
62
89
389
127
6
46
12
130
71
63
93
457
49
83
12
241
16
354
162
214
83
546
156
158
6
16
30
5
50
71
54
36
26
13
38
105
117
32
231
68
83
3
389
5
151
235
73
54
17
1
270
285
229
150
78
115
14
109
11
69
79
18
97
55
120
124
129
11
17
21
383
272
244
23
62
106
3
71
170
74
4
166
50
15
104
143
128
113
338
45
15
104
70
59
155
57
38
16
215
133
121
38
207
64
128
155
110
11
85
12
302
128
733
87
47
10
12
5
75
22
28
33
98
26
28
108
154
143
190
13
79
19
27
187
4
4
19
59
235
207
157
318
197
38
23
502
149
12
12
34
173
37
383
33
143
135
278
187
1
7
36
134
132
33
46
3
111
484
73
3
2
54
89
86
48
39
5
81
75
6
107
180
11
258
55
203
76
122
21
75
168
16
207
56
52
5
155
2
1
127
133
218
38
101
104
11
30
99
180
35
72
151
48
85
157
6
27
12
110
48
85
24
4
79
8
18
77
27
53
59
6
324
97
18
29
34
50
8
25
129
21
45
5
3
55
66
109
409
26
35
11
295
19
103
4
96
133
163
83
88
119
42
268
19
164
28
44
24
1410
53
7
132
34
256
39
140
150
66
116
99
6
109
139
18
563
95
42
9
7
281
36
122
54
60
14
143
122
269
39
41
60
17
154
92
1
39
20
12
254
32
146
12
9
43
128
136
112
140
70
231
20
49
3
132
100
218
174
15
214
172
8
9
6
19
3
33
212
135
22
74
117
48
88
72
45
149
227
97
175
51
43
33
70
189
91
123
91
6
30
21
31
9
35
10
124
45
10
11
6
249
76
104
2
9
27
63
2
500
10
415
173
67
50
154
60
153
248
6
287
36
124
32
41
126
32
29
23
48
46
117
121
63
94
39
149
109
17
103
11
1
27
109
42
29
188
26
35
16
208
37
21
210
80
2
41
4
39
6
46
45
38
262
5
89
161
13
53
34
347
69
108
124
330
58
24
187
89
115
707
47
238
97
200
189
56
87
149
117
41
32
9
133
7
100
134
121
68
51
308
23
82
65
33
5
28
61
78
84
114
33
78
20
89
61
106
7
62
18
409
58
19
205
162
26
25
3
10
195
59
93
53
232
112
40
68
7
41
19
8
151
49
53
233
21
72
98
191
110
66
55
125
10
13
266
120
13
114
44
219
4
460
39
129
125
66
83
37
106
67
92
76
41
104
47
339
2
5
100
20
56
22
32
78
12
114
172
129
9
78
97
48
24
160
124
129
248
21
130
241
321
61
51
7
164
902
124
98
114
26
113
36
74
13
85
244
2
51
9
33
58
72
258
152
16
229
118
27
21
71
148
27
101
49
157
26
17
276
83
169
115
55
27
254
441
139
10
246
15
98
108
92
117
46
57
66
48
110
238
4
5
42
95
149
108
65
17
178
7
350
25
62
324
39
134
166
106
26
142
227
2
127
79
110
129
449
40
214
5
38
387
54
82
232
74
83
93
59
121
137
131
110
104
2
1
111
4
17
12
109
128
42
5
81
423
58
94
102
56
14
79
51
1
24
122
161
66
12
9
20
1
176
141
292
73
83
39
147
101
32
48
77
233
46
17
79
9
85
42
27
143
64
566
28
288
1
18
172
213
35
423
190
20
144
24
117
91
185
150
12
125
116
10
37
108
94
90
45
77
316
3
50
388
44
182
69
255
4
89
107
51
247
11
119
91
19
198
4
46
49
158
261
110
180
187
38
107
30
89
183
123
20
14
41
12
90
281
5
28
54
108
128
7
39
3
14
20
589
15
13
12
94
31
35
69
18
24
29
195
70
259
62
498
7
48
19
38
7
18
28
65
85
108
26
64
55
3
60
38
155
35
491
48
32
79
51
63
11
24
40
198
6
130
124
131
17
6
47
215
168
271
57
21
8
56
265
16
122
53
20
10
59
10
173
172
102
204
110
119
20
106
1
373
156
46
153
71
115
251
117
108
24
61
25
45
48
61
22
89
226
91
153
58
3
10
90
181
350
179
117
39
171
65
55
7
241
52
140
64
2
11
44
12
22
36
83
124
21
38
38
43
68
183
45
15
48
21
62
37
44
173
5
75
32
30
54
70
41
714
91
37
3
24
293
118
320
93
275
276
76
49
25
67
50
13
19
63
52
197
68
8
136
75
117
6
3
72
102
26
52
273
81
204
45
68
3
249
24
129
61
158
77
98
42
57
183
228
31
69
154
26
72
7
20
39
8
59
112
50
211
26
132
34
21
58
37
120
82
207
35
244
100
45
23
34
60
106
139
100
28
51
5
9
207
202
33
41
30
26
8
56
90
36
134
29
158
90
12
39
25
91
436
151
126
87
122
160
82
2
49
4
62
83
236
7
14
474
90
33
146
117
50
104
216
272
87
44
54
3
41
18
6
132
97
68
102
36
13
32
32
51
187
7
45
14
59
73
20
49
10
154
4
5
100
35
55
42
172
131
168
59
45
642
9
82
218
105
6
115
232
113
68
8
20
40
337
2
113
108
17
5
29
5
24
75
187
27
46
134
79
178
39
54
25
93
86
83
82
1
24
65
50
114
1
40
88
103
36
149
202
1
170
246
163
127
141
15
52
48
47
71
173
44
30
161
49
38
9
56
612
116
123
117
34
61
104
60
14
11
82
61
342
114
110
66
32
193
35
88
263
50
240
38
39
435
53
124
2
51
10
62
288
93
159
29
23
14
52
132
186
68
180
244
60
18
96
45
98
35
22
55
58
12
111
172
53
127
68
322
38
457
273
70
17
7
56
106
50
78
40
35
33
100
17
46
12
142
47
62
79
1
80
30
102
26
365
134
42
44
82
129
456
79
171
153
130
206
203
34
9
2
176
17
11
282
197
55
5
59
147
151
41
111
1
103
22
31
118
79
38
74
49
20
112
56
16
10
49
279
18
310
18
56
55
186
208
45
109
32
143
52
95
142
10
116
58
35
58
13
109
77
164
10
23
92
63
2
285
211
11
14
103
23
178
139
203
166
70
86
7
141
342
102
21
147
38
6
169
13
126
6
101
143
93
30
34
55
61
30
136
68
100
17
119
126
12
2
153
44
118
237
12
285
82
19
44
26
33
169
9
11
122
60
235
95
125
167
126
133
72
15
111
203
220
29
203
1
96
187
101
35
7
206
83
45
154
37
17
94
53
67
2
39
10
77
58
54
39
266
163
483
185
197
70
80
21
135
101
15
40
57
8
52
5
89
96
174
80
4
35
215
79
20
45
17
18
39
7
71
14
21
189
47
545
49
16
150
57
18
4
150
7
63
98
26
77
4
71
109
118
25
174
85
32
170
24
201
156
108
277
20
297
21
144
41
66
49
139
2
183
139
124
20
36
89
102
401
81
380
119
53
12
294
306
419
27
1
24
231
60
90
18
58
112
111
152
114
50
329
8
1
43
12
51
27
60
74
94
140
53
54
72
116
60
313
1
134
55
37
19
259
265
4
155
52
50
66
106
88
79
63
142
247
94
49
17
97
75
196
165
226
136
62
23
1
19
12
81
228
173
4
83
139
27
5
42
114
251
19
22
27
197
155
29
80
18
81
3
28
77
153
15
77
92
45
148
101
15
29
97
51
268
9
33
4
23
54
50
71
74
53
143
84
11
124
1
225
80
185
15
16
278
93
4
94
11
11
22
22
183
12
172
120
237
154
108
241
13
230
56
27
148
136
48
109
31
135
23
57
244
65
69
218
143
45
1
90
23
135
210
157
157
255
104
7
59
27
206
21
24
134
60
26
95
12
45
124
115
66
208
199
32
23
14
189
50
173
187
18
200
92
94
4
38
186
55
56
9
49
366
285
25
77
206
77
106
95
255
107
3
2
73
89
117
17
71
63
4
64
168
1
228
267
324
66
32
22
2
48
183
75
4
30
16
20
94
100
219
69
13
71
38
61
77
53
169
148
225
247
54
44
136
5
19
4
139
69
157
7
29
34
122
35
157
31
50
11
76
67
47
124
137
62
49
205
103
242
33
178
62
41
164
1
166
9
17
38
9
22
7
354
19
13
30
16
305
141
9
1640
48
41
55
129
203
5
20
88
220
128
45
277
97
34
6
21
49
31
84
44
83
141
24
138
54
36
123
252
5
65
58
4
143
110
36
193
50
139
99
74
56
22
118
150
41
294
9
61
10
72
95
279
2413
153
177
16
19
26
181
33
47
46
91
56
20
296
256
83
32
51
35
351
160
459
27
113
24
154
144
136
88
38
81
9
34
69
38
42
4
83
118
63
14
326
3
319
42
28
229
41
144
51
64
184
24
97
19
143
112
37
112
17
1
26
120
62
89
41
29
185
76
6
62
465
114
115
51
65
2
236
137
408
8
198
169
112
129
142
108
115
93
21
142
25
96
79
205
48
162
153
61
322
67
92
6
88
39
46
129
21
55
121
1
59
158
183
20
52
103
27
132
112
353
66
10
119
157
77
13
176
254
87
46
15
108
142
117
89
40
43
16
230
46
16
38
186
55
69
73
170
206
57
71
91
56
19
25
21
57
7
68
5
77
23
21
96
402
127
88
247
24
181
1
245
68
67
112
164
166
168
116
72
18
241
38
78
96
8
228
66
64
502
2
81
71
71
11
77
104
21
314
72
119
102
44
24
190
7
56
10
76
70
249
39
1
53
45
28
62
12
128
177
208
2
145
139
100
3
100
88
44
61
112
42
54
134
152
27
108
243
107
9
217
120
37
44
196
73
187
47
68
301
255
3
105
41
164
16
256
296
129
30
94
9
17
18
170
1
35
56
249
77
93
139
39
78
260
56
297
60
110
208
31
10
178
181
198
130
53
120
151
42
296
101
28
157
83
100
79
30
18
18
14
63
216
23
22
10
246
5
97
732
22
7
25
332
43
42
93
46
66
8
98
35
114
37
195
64
85
126
46
14
10
86
88
19
10
103
31
9
13
30
166
131
8
24
82
67
57
163
81
37
134
48
140
133
72
13
143
139
113
17
209
104
27
553
196
26
119
54
114
218
139
59
60
67
99
133
13
109
176
145
74
445
31
64
102
44
122
345
106
29
328
11
4
62
123
122
61
297
52
35
199
306
20
54
117
31
17
26
90
212
19
103
172
86
33
30
9
118
111
189
65
169
41
23
65
193
439
54
102
19
43
146
74
3
44
18
123
14
113
36
915
329
109
152
180
124
15
94
288
107
1
107
138
102
98
321
89
67
14
192
79
34
7
310
72
25
177
4
110
53
122
392
30
44
353
71
94
2
26
248
129
72
11
15
159
12
24
5
48
7
107
60
205
43
93
32
173
58
50
80
141
11
99
143
24
70
49
100
41
118
1
204
59
57
162
84
186
1
51
55
22
59
34
4
224
248
252
61
175
47
898
34
17
142
202
31
85
105
68
172
12
71
10
16
69
84
314
72
68
15
61
53
14
130
70
294
67
6
32
32
169
126
1
73
15
263
69
78
22
48
216
22
129
5
56
112
140
178
345
58
1
36
5
236
142
166
76
40
36
94
42
27
74
54
130
98
70
79
136
88
44
2
119
25
56
31
37
203
2
27
77
100
73
41
67
77
14
201
211
7
98
147
13
129
23
381
154
33
35
197
211
15
4
59
197
280
197
327
27
535
34
35
3
78
19
62
6
30
22
79
4
42
836
192
228
115
22
91
61
56
32
27
97
148
29
39
241
69
225
54
125
22
151
129
182
49
81
29
44
105
226
115
58
118
76
43
13
283
40
35
32
68
20
196
78
207
28
125
112
9
68
39
94
42
123
2
152
487
82
88
114
127
120
298
12
8
37
48
54
61
155
33
49
124
6
294
37
44
116
34
183
21
17
67
96
47
142
11
86
114
42
80
24
203
96
17
100
18
63
23
179
79
63
77
48
61
126
7
113
199
124
16
120
230
286
61
18
43
94
20
23
19
16
80
14
24
5
92
136
11
52
167
77
46
12
46
48
61
70
80
24
20
16
477
86
30
5
123
63
131
81
234
82
7
339
165
24
30
20
202
60
5
13
115
3
40
82
33
281
272
9
88
134
142
46
13
26
283
123
4
11
21
45
14
78
41
93
62
109
12
125
13
50
83
103
251
84
57
85
28
163
129
176
53
153
67
67
120
76
5
592
395
23
8
32
35
71
55
203
94
92
94
83
289
173
86
63
75
2
116
828
153
39
96
1
2
100
5
135
90
222
129
38
108
144
50
59
116
194
67
273
9
8
59
1
259
32
6
21
15
49
34
57
42
3
150
51
31
43
161
89
313
165
21
65
51
600
8
64
1114
197
236
72
38
54
61
21
205
145
70
25
166
67
33
113
18
46
159
329
284
22
27
96
55
36
44
270
3
102
151
120
103
76
753
324
136
2
44
76
33
38
49
121
15
12
26
114
40
82
68
129
88
43
141
177
20
29
109
2
1
248
12
199
103
23
56
2
100
3
32
39
10
38
24
111
171
24
4
59
35
110
254
94
6
134
114
120
361
85
7
73
72
45
41
70
127
74
2
71
10
43
83
135
52
50
58
211
8
41
49
216
389
161
81
9
83
148
1
174
19
36
90
99
47
23
112
143
17
32
56
5
158
11
119
70
1
175
112
40
59
105
25
19
207
203
142
30
136
150
39
104
89
33
27
169
48
120
54
154
183
17
114
7
287
604
30
85
230
4
108
41
137
27
12
50
57
65
7
230
12
21
64
145
44
15
43
10
78
14
53
129
26
73
108
2
42
35
8
16
71
77
102
117
49
107
357
17
16
209
26
40
1
3
89
419
142
121
55
45
44
17
70
22
88
92
15
24
79
120
72
148
281
108
207
8
16
27
119
83
23
217
28
109
62
19
149
84
51
81
218
253
99
27
42
174
19
73
105
51
58
478
135
41
258
1
298
20
376
199
33
32
222
21
65
94
10
15
47
126
63
32
1
3
26
114
186
44
13
212
3
17
22
89
205
82
225
237
44
223
7
76
23
46
183
38
75
104
62
259
14
6
21
4
114
21
30
86
125
53
1
2
29
20
90
46
145
77
33
2
88
216
47
28
84
34
75
181
83
111
77
88
157
58
28
60
202
35
12
26
148
199
73
77
134
185
30
38
87
216
35
76
132
287
189
68
147
161
121
211
91
25
8
22
12
104
88
50
74
9
29
91
53
178
38
50
175
77
162
152
72
4
39
72
12
192
128
279
62
125
15
415
99
259
51
162
190
29
51
170
150
82
117
27
58
50
18
76
8
250
105
149
5
43
116
68
140
13
203
5
84
51
39
137
281
98
23
1188
165
140
32
10
24
44
49
164
25
147
191
3
82
189
207
96
61
91
41
125
141
167
127
55
119
109
66
85
65
119
550
62
50
58
9
143
59
38
189
299
95
9
246
22
28
53
23
11
49
41
42
128
63
234
101
132
60
13
3
94
110
142
128
7
110
22
2
47
33
273
31
70
145
42
64
84
96
37
229
40
88
103
99
157
135
22
71
36
28
22
41
468
44
64
13
83
81
172
130
12
29
47
88
30
256
49
42
67
209
51
154
73
15
123
32
37
175
63
63
117
54
109
8
84
27
19
36
119
61
58
34
135
27
86
18
82
7
104
95
123
14
57
50
23
114
1
60
20
8
36
97
5
125
19
144
37
139
102
221
60
35
27
85
14
237
117
10
308
60
143
75
150
53
20
552
41
52
82
35
115
263
87
237
440
25
22
124
58
39
44
45
106
173
182
147
28
88
144
23
74
52
33
806
6
124
223
7
61
85
171
63
276
20
23
84
206
81
181
34
110
7
87
17
49
77
165
110
55
55
38
54
64
23
2
36
177
79
32
135
78
51
67
361
20
12
84
23
100
2
105
257
207
85
3
27
26
29
354
267
11
41
108
107
86
84
146
202
110
26
19
11
6
39
77
122
4
34
69
134
158
27
80
31
83
26
31
280
158
156
19
71
235
33
116
20
261
23
53
164
6
404
96
156
123
205
282
166
466
64
8
164
