2591
6896
425
620
2766
2764
928
3166
3075
1402
385
264
2538
9556
850
3586
5233
3443
3117
507
403
352
1143
603
3404
4727
1421
7263
2724
139
524
461
201
1515
3228
3375
493
2942
1033
2285
846
2983
273
1193
117
10253
730
1506
692
4637
799
2516
594
4857
434
1155
3262
302
170
6
351
1070
453
611
2654
568
4818
9877
310
2419
2497
329
27
946
212
908
787
229
3067
191
625
7192
916
1150
2865
2450
666
5042
248
314
1424
740
1072
12490
10040
4828
85
3474
269
339
5971
810
349
950
460
1266
5
870
259
193
153
2341
1023
2809
2472
2463
1123
399
1053
255
2679
1494
2851
2532
230
279
1421
466
2802
4596
428
833
9
2799
1177
257
2269
1309
3499
174
310
2903
180
2879
252
882
652
925
294
3535
468
3500
9169
790
321
5553
13
3
463
13
285
3434
2653
144
3381
592
1076
1130
894
2348
1294
2456
1391
3122
3041
512
3568
2827
1153
898
334
3292
124
1377
1499
104
408
1503
32
3775
12
270
6779
432
841
1066
2748
520
730
86
3702
122
130
541
592
864
890
710
2436
361
3703
909
2552
3049
625
7211
592
2590
3183
2699
17
3473
4561
998
2403
273
279
884
334
733
1405
384
2634
712
424
650
1341
1030
918
746
476
1136
5357
786
573
4600
5528
1134
2287
2931
5161
659
476
7353
849
3243
1462
2694
2325
2518
3660
22
1085
232
1132
94
256
1474
1142
724
2989
80
2915
154
602
3478
4739
3423
602
7815
312
717
473
2649
447
1091
2920
2428
569
1393
318
519
2436
303
2261
1202
2899
2687
2488
1284
542
2263
5
2570
7086
3318
868
2281
271
217
995
7019
922
868
162
2592
1191
5905
5356
517
3445
409
539
2309
845
396
225
3591
1276
141
1104
7066
1053
1023
1081
2657
393
2560
5328
163
2698
726
531
1460
87
2866
997
1233
1034
877
124
767
181
3562
2988
2559
3299
247
102
5794
1071
309
5210
276
410
572
619
118
803
1122
1249
619
478
3685
2759
1491
3506
482
3716
504
905
658
144
381
1165
612
386
175
908
1487
1169
702
12033
730
4509
1458
2385
4765
3565
1422
5353
2389
325
788
2700
399
5649
2730
3060
599
471
2263
464
3251
110
669
3113
5283
9
55
6031
3570
3223
335
239
615
2692
1298
2796
1073
9
3279
208
1201
148
101
72
4900
113
3546
377
2531
4751
888
56
697
11371
2622
38
1034
597
876
1440
1468
5094
1477
997
4745
1278
582
1043
2272
97
2920
222
174
600
810
588
7623
1202
2605
3263
2515
2389
356
2706
2867
2469
2470
2409
2896
85
184
4637
3539
207
2901
400
4587
1308
3404
520
7855
13
2477
1284
472
8300
644
4901
701
170
3437
4727
614
7180
734
2806
2280
2370
1439
20
5309
573
4784
2590
2373
3731
4611
475
782
943
138
699
1444
747
4691
506
415
592
455
848
3242
1270
2383
252
1176
3484
173
94
3205
816
756
485
733
4979
958
1447
1092
2313
316
687
457
780
876
407
567
74
3691
403
18
5311
564
2843
676
857
2695
1260
238
215
6850
769
671
3163
1074
317
49
87
276
150
816
3239
2530
7314
386
4862
870
935
1294
684
352
588
4812
1006
518
581
2750
3269
195
911
141
5800
1282
258
3143
3032
687
3017
825
83
2392
6051
3437
65
1143
803
560
818
854
1046
3730
7109
1172
1193
1400
528
655
1012
250
10
20
1086
412
9521
3771
3158
32
2514
461
1135
69
2940
2978
3393
552
496
206
5581
612
328
3076
617
19
229
284
2750
420
3166
1003
2321
244
322
3470
13
3381
2919
854
20
2355
2282
10574
2897
5965
1408
2845
698
866
225
756
783
59
298
2884
4609
1350
948
7368
99
352
154
1158
283
722
441
108
516
74
580
438
1287
48
2540
201
1192
947
2712
1141
1231
1058
2683
3500
684
5592
87
3494
2729
792
205
6979
1379
639
2544
996
1094
87
2957
672
1390
352
1482
2752
704
9
2597
4632
882
742
3476
628
303
67
3037
37
7764
125
3585
4660
34
670
3229
3714
1097
2679
5785
54
3451
1043
14471
1046
768
2764
406
130
2814
2464
281
12
2323
783
1395
537
570
2371
248
81
2282
126
567
1157
421
142
1020
7357
5082
4652
7019
4625
533
2437
3670
760
8101
145
772
247
169
929
7673
753
714
5647
107
5384
881
1486
375
3671
2957
2562
1468
3685
674
2436
1068
207
251
2284
142
968
274
435
2874
1471
213
475
1496
66
2735
2877
84
1068
209
880
507
4963
2904
1071
6903
43
490
1042
17
292
1321
2371
514
5011
4550
2292
3140
4836
77
183
2680
3437
2778
300
2862
936
426
5944
1401
938
260
2460
4527
2951
1050
336
9234
5623
2784
2769
2924
4693
377
377
2729
2425
358
3071
204
3224
5784
622
125
11
1347
5310
715
630
4586
5545
1314
303
1054
5
7
1105
2563
960
2654
1425
1065
6971
3301
740
1293
2931
3436
7251
5154
1134
4628
1511
3004
4750
871
2630
5021
2430
145
279
784
3670
49
882
7967
260
5030
1243
1044
759
282
4845
70
3236
3401
426
156
439
507
1400
1365
2500
708
9571
3018
662
231
421
3375
91
354
527
2489
1055
2407
5781
859
934
156
2590
9198
114
5854
554
423
93
2812
241
423
569
854
1502
417
2815
3310
804
1215
1361
1427
601
1
4651
550
2794
378
410
405
3066
252
464
3075
289
3380
2547
296
5102
1049
1217
432
3655
2274
1299
174
666
5607
5005
401
926
3416
527
1420
1322
440
1041
720
391
664
1029
907
1229
686
1509
419
545
780
2521
2402
751
2279
7109
2447
2953
2385
252
2527
3236
704
3313
412
2561
1241
1513
225
3421
505
1355
345
1182
26
3446
2584
2933
418
3052
727
796
768
4618
6006
234
5752
5606
3107
2314
38
1452
1130
15
437
3194
2395
215
2759
1025
9693
1510
4665
5263
483
416
10
463
2570
389
4788
656
2813
1166
541
1499
969
3734
2356
3640
3137
7044
4760
631
947
386
2362
1275
3191
2557
2936
383
1497
1365
317
135
924
2786
2488
3188
3507
41
121
209
4840
367
452
5358
179
3367
194
911
526
535
2660
796
655
343
1376
163
180
3480
355
2785
148
545
390
186
1305
948
656
51
5014
2312
2765
435
380
385
5450
987
2908
38
2698
2638
889
501
4680
3075
349
1109
830
522
1017
4732
2556
4679
991
2284
983
823
163
2616
94
677
773
2768
688
1439
341
2915
5202
5705
1123
1389
632
532
1469
220
3577
1242
4885
1313
299
5114
78
2534
181
1144
416
6858
580
563
3216
2451
1030
2464
2282
509
1263
3266
154
206
639
936
1000
322
3668
188
1351
5994
2947
336
1375
3316
2667
177
495
887
957
3638
67
2586
565
718
1073
9370
305
10060
5283
2437
3154
1488
704
1007
3635
1423
2625
1224
4611
2753
2462
84
262
299
540
1164
2268
2324
3077
4554
580
1204
653
2755
3358
489
315
2442
931
1437
217
152
1479
625
2828
2794
2772
4596
125
1011
1101
190
170
1409
773
2441
318
328
7035
74
44
209
324
207
1276
581
9381
498
1098
476
488
175
485
1163
1238
285
7601
491
5029
135
2990
2269
2608
1124
2701
1515
1178
5964
517
346
5271
1058
364
1065
889
122
2760
27
694
1352
5010
4981
1338
648
6973
420
3774
1294
35
504
2833
1473
280
923
5413
2399
655
4593
397
10577
873
682
24
3287
105
157
98
124
1045
12109
1052
2510
787
859
669
2541
2960
519
1087
1451
18
2945
1380
717
1017
668
741
6863
391
410
665
3269
644
4724
712
1430
828
1490
2259
926
3595
265
1266
391
476
639
33
2572
2547
26
768
697
582
2857
1252
3022
184
97
660
274
203
1330
1002
722
3025
985
330
1227
928
9328
2558
101
5422
9592
90
2831
2738
5663
2780
2260
2835
454
5294
4828
2526
6771
114
5104
690
809
775
4813
1027
717
1246
977
3386
199
26
2802
3379
644
3053
290
111
981
3704
39
10355
562
54
2446
891
264
2
4937
3719
18
1064
3644
70
428
3160
198
33
323
693
720
969
368
11915
747
2331
4813
364
458
488
224
1442
986
2364
2731
254
2445
544
776
4749
1140
602
583
2560
69
788
315
4693
1163
296
235
190
390
682
774
30
208
1441
383
2646
1392
155
619
1140
1091
202
217
2868
872
1027
5210
105
669
108
9043
427
648
186
436
85
5380
438
2830
545
26
11
277
5454
425
887
746
97
1031
604
570
122
1126
2312
699
768
743
1221
5383
3700
115
2291
2260
321
3416
369
6
1427
140
9749
4811
1308
508
331
10387
59
3305
1138
101
3786
1224
2497
102
1249
6021
3696
27
1315
3387
3041
264
5138
7120
936
2661
281
463
6857
2885
1113
3524
1239
3165
5999
3339
645
1392
404
1043
1306
708
615
3669
171
1426
1039
278
5138
2724
735
5172
628
2922
404
100
3296
122
4667
207
1054
1091
749
1230
1163
600
2380
2913
683
170
174
1208
5243
969
148
1488
89
659
444
5208
2351
1478
2372
467
644
1482
1000
7134
970
448
958
2428
306
1283
10040
591
537
1329
2678
1197
1041
950
3279
2573
7116
3055
114
3132
122
1003
3196
4658
5582
87
643
212
2712
103
283
687
40
2762
2865
3654
845
7136
159
397
2512
161
9697
121
461
314
1085
247
397
664
337
631
2855
81
3107
2671
7124
768
3117
3717
2
18091
5902
675
1145
11429
170
6005
1176
368
3128
448
2530
1302
3637
1079
808
4552
1181
658
536
12711
534
441
283
3081
134
5690
5717
5650
1124
318
5625
5658
5364
762
2849
413
2888
5492
3074
720
255
3381
3144
954
2265
1007
712
22
4634
36
2736
446
90
442
234
10171
2810
495
587
2934
857
93
2922
3525
1258
284
1449
414
617
4876
2965
315
3591
1048
453
997
3254
380
908
552
1276
7805
634
564
3272
3065
1149
2257
268
135
115
5629
47
4829
805
111
7782
737
697
1396
1306
2397
2740
3522
707
829
874
1437
161
2621
121
464
816
2511
6
601
793
1029
395
591
4729
758
2777
3584
2381
2397
1263
9681
670
938
477
2965
3313
2842
1051
86
825
2340
2584
2470
3637
864
290
557
971
434
575
538
487
332
706
120
225
2506
155
104
3362
306
95
5007
2297
85
1060
252
2817
163
3540
2543
7867
889
998
659
224
621
2687
1262
1307
106
7250
458
5944
2336
350
2579
482
446
421
3181
253
5057
3388
3069
333
966
445
1509
3420
7451
598
1157
264
8033
77
870
2284
2362
2428
474
610
2674
1001
5509
2488
2622
87
556
1262
1044
912
682
1481
5524
1324
5015
685
1483
1152
250
572
378
3303
541
2733
13552
286
83
250
21
4702
352
2396
4598
847
882
508
3775
2646
713
3478
13
2581
858
1466
463
423
1462
162
1329
2624
2634
2935
286
1215
2652
4841
1247
697
676
4794
265
800
992
1033
229
286
2853
308
2711
278
33
5364
1172
735
88
79
630
1017
984
2314
357
1180
2447
152
1165
266
2328
1418
3491
151
268
6043
58
2256
1136
291
1469
1300
822
425
44
43
6777
3592
333
9350
636
1321
180
1386
204
7010
400
3478
3137
2436
2287
1123
84
3174
264
4901
1297
9964
2866
960
3219
2656
618
460
9872
1374
182
109
6987
1493
104
105
3491
2663
509
3520
2273
15
1025
6964
2916
2740
867
1243
3522
190
5371
397
8121
258
1019
321
2735
3191
1044
681
4761
917
6992
3376
4986
41
582
1303
422
1474
1199
3238
3551
1369
446
801
3293
2897
2551
5832
352
654
3701
2257
595
112
8237
1135
225
126
3459
622
3599
993
493
2801
246
222
286
582
5204
2328
3226
3766
1332
170
7331
820
5210
91
99
2872
257
36
3
1202
7727
541
421
126
3694
454
983
54
836
1162
416
7241
723
2784
154
734
1365
1274
179
911
1478
2900
298
3
2645
351
813
1405
1083
1087
3456
497
484
3031
7687
7797
1125
86
269
2981
7451
293
3746
548
1192
1011
974
4894
3043
875
3668
3002
5777
109
1390
5745
305
2294
103
770
156
1117
468
1252
1152
493
848
753
3167
4845
3526
2966
2888
761
3497
980
30
816
258
597
834
1058
1223
1455
769
308
234
6868
959
667
963
348
392
3097
878
10
56
160
3611
335
151
311
1084
509
476
251
7089
4
5544
7663
1114
637
480
454
5471
1362
3147
2963
1447
101
760
153
1014
243
201
1200
5191
1073
156
297
91
801
785
967
1038
821
7041
9346
131
819
424
418
9284
2409
88
1255
300
4850
2478
344
3720
252
1124
55
3552
2360
634
5178
5816
926
2523
2773
468
1042
1270
3597
3134
1232
642
2779
129
3201
762
2709
597
4739
1415
5700
2257
822
3403
650
32
213
405
2281
2553
509
6777
49
3250
1341
1099
3479
209
22
1229
710
3036
2284
652
887
2656
207
700
440
3642
2760
132
2554
1269
597
890
2452
2888
798
1339
38
997
268
3101
479
2317
1318
821
877
978
1507
1298
3415
344
578
1468
3131
519
3147
501
5890
3156
352
464
1411
1087
3164
3782
7171
3295
149
523
292
520
3118
2392
773
11590
2514
332
244
7227
1473
6848
3614
4895
902
183
1184
801
89
1234
156
940
3434
398
1304
2338
3174
2277
2
2740
2744
3296
434
739
323
3382
6030
2719
3385
480
318
575
2945
2465
2893
97
2368
1134
2702
1067
103
54
648
4800
1049
1010
1241
3430
2663
3487
4566
354
4653
668
2974
3079
3019
5522
564
3184
96
904
305
680
2796
974
3496
541
904
24
1466
18
172
839
3133
383
86
375
4631
886
7843
1289
413
5572
1337
588
5969
1295
709
3004
1465
139
359
5158
836
5806
923
2779
547
194
137
400
84
2410
3288
540
2311
1384
822
4517
2473
487
2465
2466
467
2477
5254
1321
929
91
377
160
3250
806
456
1387
2604
4834
714
721
894
9372
1281
1136
14132
52
53
646
5418
862
251
120
5982
556
1077
2918
228
32
2432
669
621
5323
592
1204
1259
4658
316
5654
1230
564
5840
5351
981
410
617
2317
5667
682
215
7472
2795
242
813
2321
2395
1061
2453
1291
4635
821
1204
3724
615
2454
336
1196
392
2474
42
8
157
3458
2369
862
2598
1138
180
377
3198
286
55
115
1334
2543
341
452
4611
1336
1049
412
580
438
742
3765
811
386
74
337
181
1317
242
161
3127
126
512
60
942
481
1476
117
523
176
458
163
585
1057
1207
3203
2629
4911
282
587
3340
950
105
756
1121
1366
1130
264
3339
2277
1230
2893
6818
5200
4874
2584
2927
7583
696
474
9135
663
3189
201
1199
923
1100
264
299
5615
4783
397
700
904
1404
445
473
2737
14
351
856
230
2519
1483
5386
20
2918
3686
3669
109
267
4988
581
2742
908
1445
184
1480
90
99
5810
6784
327
700
563
239
3258
5461
3476
4563
9358
626
2856
475
3712
6032
2679
694
2982
548
5364
3589
31
4552
2555
856
696
1171
931
637
252
246
5168
5019
2276
5357
4571
1246
1111
2959
185
535
1008
706
351
5737
49
354
862
2415
1395
131
2758
3028
212
838
2269
43
4793
3282
401
126
683
5673
2543
68
140
339
6950
32
125
7559
2980
1219
1249
4833
2863
862
2597
2690
2787
608
379
4556
2519
1049
359
1184
144
2885
95
1414
2355
27
431
2838
1416
1033
546
4549
668
3764
84
318
1181
3696
332
5823
180
119
873
1196
1138
2854
78
1317
1202
2660
2693
4530
1209
3152
2352
658
126
1134
7353
2595
493
2551
3646
970
740
122
1215
5208
362
10098
131
3062
2282
1412
3414
2923
3234
1185
611
718
122
1502
965
5261
3595
975
5369
2611
875
356
9517
136
1147
1165
177
257
1488
168
9923
2713
609
599
1321
174
2697
1324
5163
1460
940
2519
562
226
12
4756
536
799
421
446
4578
3152
2897
1396
394
340
1047
73
161
4527
354
11
1323
1255
35
446
163
1147
1247
7377
5419
3037
3200
785
2453
1255
1010
1232
3087
2818
188
222
25
586
2855
1071
785
2348
1028
9989
693
167
1197
331
2824
874
627
1306
1475
9
1067
2585
4558
2342
26
282
48
321
718
1032
1442
971
4825
658
3072
111
168
310
5849
5404
5725
426
4738
737
7007
7123
683
2623
72
190
978
222
804
456
586
5522
585
4660
833
703
2384
432
78
198
69
130
337
685
1367
994
2555
995
2776
3604
3331
468
944
344
3702
3302
65
1239
174
782
2343
332
1036
775
522
5928
2689
771
935
2799
999
3445
952
461
209
3440
24
4576
474
1212
985
1332
2527
1111
306
4552
453
615
6891
276
916
2389
2888
209
10
1317
3701
3668
3592
8158
2640
1216
2425
691
7772
852
2407
709
145
2618
9632
29
9808
1094
2589
2377
244
4516
765
3724
2267
3253
616
1150
2393
137
1514
24
2474
1243
399
3112
256
1308
1238
116
5913
3572
2379
765
48
645
339
1028
5474
317
4750
2476
526
1009
1329
842
882
823
7407
200
2747
378
315
3416
435
1196
3673
2867
451
9832
253
137
641
1403
2472
321
2414
1050
2498
271
382
5480
1369
2522
133
9564
5557
2504
2906
837
4984
2927
2496
601
572
3147
594
2744
2288
2430
1287
869
1108
5518
5651
247
676
1183
842
5
1320
16
686
3365
2471
7671
4847
998
802
609
3745
139
938
3425
429
755
915
529
1092
538
703
289
2773
8
292
149
3697
3063
726
2836
4703
2423
1481
3180
1092
788
740
77
2887
259
1004
1476
43
1119
1325
1284
3018
2789
3184
93
12150
3115
6916
954
327
184
1505
1398
3311
1048
4946
829
56
456
862
899
1037
2770
5159
2513
1190
2734
614
292
315
5487
10279
2635
3253
81
900
4943
430
213
21
1143
2918
2287
244
6957
544
648
969
596
269
961
545
2297
3237
3237
983
935
5427
260
7464
1440
5850
7233
5030
2947
136
3317
3406
707
3426
371
1428
70
763
747
369
541
1051
729
5130
5764
2662
679
2614
250
79
123
82
1435
545
355
1266
3534
714
5217
163
3556
4889
257
3137
2937
258
1116
287
49
3679
2935
206
164
15
428
361
396
101
2918
3657
462
675
821
2647
2360
1378
839
515
188
1133
4605
2485
716
1186
3755
1042
929
86
609
3033
388
738
12606
303
2513
1327
769
3226
152
939
2901
905
2677
4734
416
1229
1383
1456
2714
887
301
31
3343
100
209
306
2714
2540
1109
578
3249
3355
387
782
30
164
1496
17
2732
194
217
94
229
3063
969
2927
18
10375
1046
236
3753
166
216
3560
27
3139
3007
868
2470
2344
2608
3270
1001
765
1337
1165
4654
5810
561
661
404
2402
446
2879
5709
625
7316
326
4934
2681
599
1225
4680
2610
1301
7253
3439
3719
2641
749
15
298
558
134
338
914
554
218
1219
6014
2631
959
1178
734
566
5438
6
286
470
395
212
4782
1138
3071
48
1225
2469
524
2510
4991
2378
2849
284
4657
1439
2332
628
9465
3092
1128
2612
2709
317
53
1105
7145
51
2554
536
1176
3437
267
2270
1319
60
200
303
5385
492
3621
430
798
373
3561
383
282
860
3465
916
244
428
1276
1397
893
3371
313
844
2962
1043
974
179
297
263
2677
1492
235
5231
772
391
599
582
5587
2446
1378
813
1153
2884
2482
678
81
1370
128
900
1334
3054
227
1120
2680
2481
1271
3133
3092
954
660
382
1221
41
273
127
514
3183
2825
330
2640
1298
876
1104
658
759
2890
1277
4976
402
157
186
209
3476
5139
1037
3094
7360
570
479
9857
193
345
658
1083
26125
120
1355
28
10538
177
639
153
2713
361
11564
20
2320
458
3254
679
1164
413
36
410
4826
683
986
276
584
1315
426
304
682
202
170
332
1514
69
4551
1152
1048
708
456
627
119
3494
3639
83
3663
1063
214
3315
1142
5876
252
37
399
1253
4580
1086
3668
157
1478
4569
226
114
963
2797
2721
205
535
2650
822
2569
6880
6846
156
816
1498
348
2774
4553
360
7315
879
3723
1295
420
2474
62
7185
444
84
789
473
360
264
104
2379
463
1015
5978
398
1032
5797
612
1227
891
922
2
4813
273
992
2585
1031
574
3614
2371
2363
644
2578
210
422
2371
490
3175
56
810
52
423
417
461
2740
10044
401
582
395
604
214
2948
1362
1385
1427
810
969
1045
3783
850
141
972
81
3373
3229
3122
815
5246
150
2775
404
1007
404
4991
2259
220
349
1470
493
865
575
7879
8200
4685
471
11365
457
58
11354
704
623
378
906
3081
2736
4972
99
41
120
11533
3318
436
13
7369
6049
192
313
1030
1290
5838
445
265
559
782
5633
2291
1455
261
2306
35
3047
198
145
303
1225
538
248
3436
5304
481
5773
2644
1455
695
7507
1467
5072
1316
474
2265
123
1404
2625
4720
881
1277
1369
3565
1035
185
156
3114
338
7866
684
2321
1144
169
1461
735
2510
4760
4968
3393
2447
10198
1324
1030
2379
248
62
48
5030
238
101
758
762
58
2267
407
715
5557
617
814
1469
885
167
3311
142
664
844
12084
718
757
131
188
3434
2901
199
77
827
9799
1330
7958
6885
300
1335
1371
229
2516
3594
3551
321
6812
746
8041
407
1007
350
926
2436
1301
331
1068
2660
610
3509
2580
527
2741
1348
2596
977
1243
36
3157
1326
314
1339
179
1352
9813
211
644
7260
899
337
684
377
1245
864
294
676
4626
79
3081
1125
807
9140
495
718
302
157
256
4547
236
2285
1378
6845
4512
2291
2650
7009
91
1393
899
331
1104
2258
2468
5790
12277
3349
6
2467
41
3020
52
920
48
3688
1304
438
6018
2444
331
1175
4816
2551
458
546
4900
378
16179
291
2753
744
942
1021
561
4765
1228
391
2433
3593
3096
148
101
327
2719
1347
11834
3279
724
1039
2314
535
1018
569
4541
1064
4719
197
2869
787
767
508
2270
1044
526
1428
2702
23
4925
193
1482
1050
307
2329
9957
1321
154
3708
987
3406
2956
1146
454
539
265
483
5334
672
2
1254
1215
830
2439
808
2766
1264
558
1052
5568
848
1031
408
1349
491
89
751
5002
609
2733
248
3238
3056
5005
535
443
4826
1103
1438
354
1266
5349
2918
5243
637
767
2893
631
1291
529
809
862
1180
3204
3755
2935
5276
3379
5425
524
2881
797
425
3051
9456
93
648
65
895
406
4960
24
3251
213
1303
5899
4933
143
856
5261
245
2520
14
3234
493
4641
313
1345
480
1136
1431
217
472
655
4774
1173
2527
830
1362
324
1190
449
1298
3507
1020
724
295
9044
1342
1228
4587
184
278
211
1049
2464
8
737
1316
187
8219
3026
3344
3016
284
5753
349
1222
2504
207
5980
334
854
59
2666
216
309
691
1336
1336
1335
150
901
1165
595
408
3009
2332
1115
301
6886
670
7169
11307
202
153
1287
1428
803
687
3663
813
133
893
3327
1496
1095
4518
2718
1415
939
1065
834
158
866
2850
2738
9167
526
488
2899
889
7148
70
568
3257
2358
2808
924
3438
5503
2414
2262
3695
876
441
15
8103
118
1432
3528
1317
950
697
2291
1247
3495
372
578
2539
1146
933
1097
1375
7880
393
803
4906
1322
2277
1375
1035
363
347
528
5951
534
1456
3517
260
12123
883
369
3038
2289
5241
4883
828
1112
2988
2349
725
983
1034
2477
378
890
431
3360
2908
549
945
836
342
521
98
954
2644
755
1146
886
339
3276
2477
2307
3413
1193
191
8223
2794
2317
2795
4680
910
5729
1498
2706
3779
1453
840
864
540
7233
7951
7983
2465
1078
5007
832
596
38
192
3152
8184
5650
238
1177
1342
7863
433
75
1327
2348
8058
890
6877
1402
1361
83
5237
813
3049
5924
263
645
689
2949
2832
3689
35
28
934
2445
802
2419
679
3170
997
1508
718
955
2702
2437
643
1125
745
311
1389
1031
2912
3211
604
253
1376
1179
170
328
766
4815
1285
1100
81
1011
1050
409
2492
217
1102
6810
3262
1281
1445
2966
1245
3446
2727
123
3519
2463
433
136
940
2575
688
4736
5331
3509
3620
78
1197
1098
300
2903
792
314
343
3591
306
1291
5777
226
1094
3161
3666
2908
1091
2381
815
1316
3094
1164
10005
2927
817
3526
3469
2554
1408
2416
1359
1414
2459
612
2417
837
3670
669
795
1044
1284
85
585
3089
948
987
970
660
2989
435
3490
1289
1006
4822
2731
425
781
206
83
3469
3002
3035
647
1074
638
2785
3774
443
684
2361
2514
475
1499
4598
4701
919
532
2298
1486
71
84
603
558
934
672
7
1324
6811
971
50
179
2337
5685
3445
1073
1308
270
422
450
297
4780
209
2594
321
979
994
916
2439
5708
9218
1078
934
86
11664
127
2385
1256
468
1027
4999
37
2958
1206
4602
3410
1268
3063
2341
3030
537
802
963
2305
18
2525
1130
31
527
5271
5062
718
42
1435
338
406
2518
3489
189
1040
87
305
1201
5124
1284
2905
2265
247
3352
3038
502
1371
1182
2308
292
2315
836
1065
305
867
4673
1353
928
599
3187
628
1493
2362
2681
8095
529
2259
1122
5009
4647
54
5786
1190
5276
30
7344
1399
2358
737
1020
3534
3082
204
5518
3267
333
3684
4833
1014
507
548
95
2392
352
2764
637
828
1178
323
1240
3676
65
18
64
242
719
3074
919
2682
5745
3310
1025
2581
122
8
3298
337
217
2603
1308
941
6898
598
375
521
4904
4646
643
605
93
99
3356
1175
5756
3259
1495
2779
815
415
715
125
9257
6030
374
604
2403
454
1024
3409
3656
136
3669
6964
1418
325
601
3786
2573
14267
2595
501
3312
134
7986
306
154
1119
3332
305
1314
538
506
247
328
1180
462
2718
1193
835
1066
576
741
1383
9494
2341
327
1203
895
731
2826
270
2609
9048
143
3029
1109
64
462
5
3770
712
1023
117
2724
517
1347
2655
423
535
427
3224
5230
3221
3185
734
3059
3599
2530
531
682
842
465
6920
345
269
5081
3366
3298
1177
3239
4637
502
529
809
1126
736
763
2599
3460
302
11947
249
5
4707
279
2506
7126
9794
466
51
1015
2760
895
7380
2515
631
54
500
2308
6885
1227
18
184
907
4997
38
301
2333
6799
102
1009
690
759
397
321
1269
466
5495
2556
5508
616
1437
5398
210
95
55
155
29
1016
12
3631
790
5576
151
1080
614
739
7
30
455
2386
12181
437
581
54
5734
107
12026
127
993
2982
41
526
970
4607
954
753
768
60
310
3244
3111
834
5113
1443
5780
9112
1382
1168
458
2740
855
177
89
47
5682
79
340
92
1021
1011
3071
510
483
5296
509
7910
2831
2695
663
3284
847
678
302
87
869
536
2936
2448
767
2422
2361
944
2346
5115
1469
2630
31
20
2746
277
603
3042
54
233
761
490
2280
2669
1475
1023
2689
5
258
364
41
3417
207
98
825
5170
976
2842
962
416
3153
5767
696
920
7890
2574
2475
1164
3784
152
633
144
5137
3295
559
1184
118
143
5717
503
2589
167
272
1359
1190
311
1460
1507
1166
4514
2489
1057
494
205
1289
4848
5485
3598
133
1321
942
111
2414
3237
311
948
657
5102
3179
801
443
326
809
2441
9136
2351
360
723
5133
105
203
7315
2466
1140
578
81
1236
1373
6922
74
60
576
1001
94
304
76
891
222
159
808
8229
2533
351
145
5661
193
3244
996
457
570
4561
59
2338
3085
2575
3430
814
1199
1017
977
1003
1002
2293
520
2778
1300
1271
960
5694
497
170
2825
309
2451
1178
619
1342
1417
14
281
289
2840
3341
9894
703
1146
3655
2447
18
972
3111
1084
418
2703
3295
1147
5261
742
1392
3198
7102
3676
408
711
5548
782
452
5336
47
2512
156
269
824
343
27
217
58
191
230
367
306
2435
964
2500
5764
227
2931
878
1467
194
3325
3010
673
100
5468
169
702
2546
205
5181
7525
324
1147
772
3436
1368
1439
259
2876
575
1216
4577
1147
99
3642
354
457
2633
3356
3005
2683
915
3671
939
400
940
457
1226
1121
3328
5661
2384
1136
2604
4576
1454
346
11437
2833
1402
1221
2556
204
1385
672
174
681
793
953
1514
1260
85
318
298
3513
134
2716
967
3078
224
3288
5929
262
2749
853
550
2328
405
2402
5581
3470
9913
389
164
3496
1038
3336
781
342
691
142
61
1248
910
4512
1
370
2618
184
2555
174
706
2297
3401
1446
117
5411
5349
5763
227
1380
730
1443
119
2977
3431
20
546
478
2614
261
1024
532
2829
227
1094
182
149
1130
719
3164
5638
3685
2994
727
5400
1472
54
5
3522
513
1075
1402
1473
7623
5713
615
3172
707
4646
1453
2579
7203
372
3542
5812
389
894
3401
1095
5548
10529
883
5278
7685
609
1455
603
198
2605
758
659
2941
2706
687
7323
2303
9087
410
576
924
816
1185
336
1048
322
233
520
850
75
165
932
129
247
863
2882
7198
347
510
7799
85
709
1251
359
603
911
112
750
854
1091
2971
3491
2648
173
3447
340
3251
331
1361
2464
1241
1073
6
1384
1392
3203
2695
250
739
644
7149
2971
357
875
4803
386
64
662
208
3151
2861
391
2365
1087
856
957
1494
901
22
2357
211
2513
12034
2717
3540
819
2554
453
40
1238
4537
1233
7491
1463
382
4526
2343
1345
428
974
5181
1434
772
385
208
6995
3200
1415
276
2502
159
527
1489
1047
2265
1354
3050
387
2686
5609
793
3127
305
207
1206
1266
672
3016
132
121
963
112
597
1420
2390
431
891
399
826
171
1320
1019
65
3113
323
833
966
296
42
2755
1174
23
1294
498
605
1266
1174
1086
640
160
831
2498
3041
437
514
156
2749
1323
749
2580
3145
2696
2658
1110
6836
5028
593
489
367
687
352
5211
1084
257
451
3067
429
2989
2952
2258
2526
911
2536
4745
1067
394
2585
270
1483
4991
75
1028
1424
35
732
1130
575
12794
248
2945
517
2471
2435
141
997
1258
731
3144
767
98
2492
1382
3126
8030
651
521
751
2478
1133
5537
6956
3433
1104
812
1371
240
1245
140
609
3310
1274
9684
504
764
969
1490
7755
2268
736
233
127
223
240
1087
2391
164
26
3121
1016
692
788
1017
757
627
805
1281
104
705
713
1223
231
3210
125
1228
5186
2421
2264
503
386
7996
1261
535
2544
66
2672
579
3198
332
842
2795
517
1039
121
57
2576
47
2695
1048
1356
1148
2368
694
1475
4795
946
98
1401
656
273
302
1192
670
2839
406
14859
227
4544
581
3491
111
2970
7629
456
4587
398
3633
1275
271
1154
10
5360
398
561
2608
5747
216
102
259
2421
489
117
2460
214
412
163
2633
363
88
5032
5864
999
233
675
5500
163
814
5914
866
4930
485
580
1155
717
283
1459
606
270
684
5463
1446
1023
3089
1326
9102
44
280
202
5675
2761
443
657
1313
65
714
5377
2928
953
2293
1279
2647
171
341
7260
4777
3511
1107
647
520
383
1456
3219
1043
462
806
330
542
2
3249
8240
5800
1005
1194
2523
4850
1115
1173
1187
1478
222
2940
2548
121
3504
2589
502
5480
493
901
1393
590
986
851
2897
370
307
260
2345
103
258
246
595
743
700
846
494
2573
87
3527
2962
109
7740
2917
139
2424
4669
1403
312
5392
443
805
2449
687
3109
993
323
540
2655
1057
489
1231
2461
266
70
10130
1211
3349
1018
1059
99
3011
109
2686
385
359
2532
768
1111
2873
458
154
3309
365
457
3006
1282
344
3577
2642
728
222
2443
27
1139
293
690
2565
5264
537
1410
3370
573
880
2296
5048
229
3555
63
321
148
1086
4
76
5410
1194
2486
195
2598
146
852
887
4705
2853
11550
3187
152
634
93
239
346
190
2576
820
151
203
2293
507
405
2607
1514
5382
4997
6054
845
4557
3380
652
302
1321
96
349
604
436
447
667
5334
2725
285
1330
293
2342
2449
2314
280
4895
9114
15085
5023
219
5576
2879
214
241
2428
367
171
519
772
2546
967
7625
5182
3116
2965
745
516
1401
2478
3281
2753
696
816
3012
92
703
2971
1
2677
154
935
1002
1185
30
2496
679
364
3006
819
386
938
1375
2460
904
4785
4871
4988
2668
984
550
2372
3696
793
459
7804
7332
119
177
2498
359
294
509
2423
3158
4585
1162
546
97
87
3606
878
106
3092
404
598
2383
3
38
2631
790
2385
3772
759
769
786
110
287
1393
3234
197
1301
593
1359
2802
791
100
634
12104
469
4877
3053
5183
5334
246
155
1067
2611
2472
438
247
3762
2875
992
7322
3281
1159
1296
3620
2727
139
910
5342
589
3009
485
143
2378
154
627
3302
846
719
4765
1418
663
500
2508
5281
1186
1477
863
141
208
1014
2478
1180
3118
1178
1005
469
391
924
184
1153
365
591
14
522
4752
2620
153
380
897
100
248
2365
77
3748
4696
528
563
5279
758
2719
1137
832
4681
1505
826
274
111
298
1044
4804
906
5721
5
348
4947
937
691
2339
972
244
1029
7116
3255
2628
2731
3420
3167
789
894
189
664
3507
379
416
1269
2364
255
619
38
364
125
1058
44
3073
4783
2833
2974
962
832
742
407
902
3464
38
313
240
6879
397
64
127
72
1189
276
1144
1015
280
2639
5738
3140
124
14
947
168
1350
2540
1150
1103
11945
287
3101
2894
337
1182
997
121
463
71
1077
1475
478
3325
626
269
1376
429
1301
3649
9424
2365
2587
541
693
164
525
91
544
5472
757
336
4698
94
810
597
3231
194
191
11955
9736
4677
374
838
1103
100
106
334
2819
567
2891
3782
388
3687
583
2677
2357
1151
7064
359
3237
8
739
320
495
686
917
592
683
292
1308
5064
2871
986
110
828
815
1454
4624
362
1376
3429
2293
331
1047
1128
122
3003
463
417
3404
5905
2428
5224
619
305
3595
1066
2765
393
395
634
2421
3175
5421
69
4690
649
1187
1005
3333
3016
2588
450
2477
11914
3392
7939
348
1282
887
529
541
882
438
2444
2777
3194
464
2347
3510
222
406
126
327
7497
813
867
776
701
662
414
3114
896
72
1339
1403
417
2651
1003
62
2757
2711
4597
1073
774
912
2774
2612
2748
5130
2277
2398
231
1199
537
562
92
205
940
43
680
2659
243
880
1462
577
450
117
6018
2572
131
854
741
1327
2313
618
839
520
168
842
520
65
1032
1488
947
134
1315
1305
2303
2368
1027
61
274
673
292
1263
671
963
718
8108
1240
2983
21
2920
1110
296
175
675
5723
539
186
1038
943
575
2292
2456
941
312
623
443
3309
9853
1395
5245
3746
2351
1179
3721
738
43
3496
1132
516
378
585
2520
2468
32
387
1141
1217
2842
2371
954
1110
348
2844
605
980
963
3689
1004
218
292
1361
2414
3760
1194
647
1396
1323
863
139
186
1085
3359
394
625
808
277
866
5669
282
3309
7322
546
514
959
5352
5586
3337
1504
392
7116
1322
431
606
925
602
2537
89
31
1079
4805
3371
6784
2265
141
676
1193
3252
2680
1085
3021
2457
868
1456
431
749
762
565
5805
1157
85
546
883
4509
2825
712
477
698
569
1107
5730
658
249
258
1379
2495
905
3099
232
620
2817
70
962
49
757
1290
6860
489
3398
12163
1417
855
863
4648
1460
1037
739
199
239
3307
983
1391
4965
4968
355
90
978
647
513
5801
414
463
658
109
539
36
2373
6916
2456
721
150
1335
184
2975
865
1371
2552
1025
555
2741
973
137
1031
532
2557
2355
7825
234
3604
413
1376
628
2892
1411
672
2896
1215
1165
1066
250
916
2673
2259
2860
415
4739
1081
185
149
3063
1223
9393
61
658
202
901
112
3170
554
113
1095
541
2987
1401
1364
1144
5431
837
445
4838
167
708
69
4550
43
1458
278
2715
917
3447
1176
1241
2289
259
6057
333
30
5262
79
2823
8205
11496
780
2324
1231
2609
1036
2690
947
203
3506
7674
836
1445
978
117
2949
5427
2329
2772
892
1275
5752
910
4841
783
306
475
2277
4742
641
3308
160
260
5569
2283
435
3306
430
93
2876
553
2675
486
188
825
2263
3402
5267
587
1202
530
5025
212
2655
255
4740
1246
494
696
1226
5484
52
2621
3139
2581
129
15
592
3499
5015
1386
160
830
3180
2380
136
7715
262
2432
4649
939
702
3419
1008
1381
683
82
908
848
436
1238
2418
7382
3003
3566
2358
779
716
1281
780
173
179
1380
2258
287
556
7166
1085
604
345
337
2911
579
5267
1116
7824
458
7059
6
2469
162
8278
1276
4620
3524
1430
249
3015
759
987
1289
287
104
728
1038
2492
12
1221
1301
720
831
5531
168
1295
49
7301
2394
239
405
3643
11934
52
870
5314
264
65
710
2973
1029
3581
439
2354
5874
3113
1129
1371
592
464
512
6034
2535
468
694
67
2704
1106
9080
984
2659
2399
99
455
152
156
185
11463
852
379
1018
57
46
682
2853
656
2580
181
5484
622
527
2965
10393
834
1080
524
1105
4853
5826
5092
2646
3292
4965
755
2816
698
474
1412
679
4993
875
141
5488
634
46
6769
1351
692
1296
531
930
187
5802
1110
2758
4678
3022
4878
5020
2596
751
7499
1306
739
1008
3474
4637
5850
772
2449
5023
220
154
2357
3078
7551
3771
1510
143
1507
7430
3218
5519
646
340
1440
488
505
2341
147
3691
953
5603
102
1427
560
871
665
2535
737
2871
427
1356
750
2579
3504
141
3057
74
2476
3428
457
735
2774
2482
566
4835
3653
837
116
5005
2707
994
790
449
2634
199
93
388
58
903
2447
1453
936
3471
4747
550
6993
2718
793
545
1427
1076
752
172
601
66
9016
854
2443
2731
3198
2603
273
155
623
1413
569
703
435
13
446
1193
3128
1500
5491
18
219
4711
2567
1161
5380
10092
424
483
487
322
517
310
133
21
227
933
2401
53
1255
928
48
5798
1365
1514
202
406
666
3549
259
2738
2497
233
844
46
3546
54
827
489
1167
1156
3467
900
2899
990
1109
422
5487
1459
2821
67
288
744
5601
90
317
2770
5128
766
4856
870
5966
2771
946
1259
11
704
1331
518
730
58
722
215
607
4821
170
872
631
2719
1096
848
7091
6815
826
1023
1325
250
43
290
622
3048
202
3040
4682
3246
441
365
4853
1199
1359
450
940
2304
950
3133
103
9
4636
668
1232
2718
372
7956
5
956
3642
275
2360
63
5803
515
424
1328
263
4888
7044
1129
2540
372
787
5860
433
849
5341
9874
3680
1325
5576
215
1140
1376
531
3717
3083
2300
3037
2731
1
12
850
2307
46
153
231
1398
4718
3572
241
1436
2391
896
806
167
5900
2493
1033
2315
653
2451
62
662
4605
3284
2828
974
525
1013
3417
3544
9039
7748
960
740
945
751
2963
2741
726
222
95
6922
1459
300
999
1268
41
2473
157
1307
9267
53
64
2660
620
1448
384
3539
758
2458
1440
4821
7752
108
1257
2355
594
3038
853
1485
97
911
582
556
757
5961
3200
541
381
61
2274
780
5111
2752
15
298
1048
6
4719
271
3776
846
594
23
4781
444
5011
5867
2896
4523
31
468
1014
1330
1286
89
1002
338
9847
550
2806
3472
147
3219
7342
229
2765
3074
2649
4951
1147
3662
2593
4542
5421
811
1421
10
1005
300
1374
306
294
4858
2261
2686
2407
2309
4722
2306
4751
115
691
703
3321
3418
4686
7386
610
355
814
1287
39
339
2826
4700
454
1004
931
374
410
410
550
603
835
2279
2592
812
162
97
1321
878
93
393
132
567
1149
2336
1097
514
69
4648
1230
3307
628
2467
2490
5487
2804
175
2417
619
3480
5891
488
7370
163
399
14281
2762
776
2814
3513
174
596
3096
2916
1370
299
5362
2358
1250
2525
811
330
3125
34
3029
3515
618
956
151
2478
2564
1428
5911
1131
3472
89
1326
2872
1211
1280
542
873
754
4710
156
1401
1031
2683
5370
341
1440
243
1135
2601
275
373
75
5994
1168
1103
6891
3611
2507
851
6049
3274
870
271
810
343
145
386
43
3379
638
69
2812
2972
63
235
2390
268
155
525
1384
303
720
962
475
84
700
2954
377
210
6926
765
1076
1190
266
380
160
1080
3428
5969
3158
589
646
269
205
1391
4658
5239
1086
388
1063
1440
72
2472
209
3000
644
1138
5841
37
218
745
129
146
5
346
180
3364
3290
118
1233
78
756
6053
687
135
4681
2613
553
900
3463
2746
1199
2548
6892
1345
3011
3589
554
996
403
1017
89
5631
1255
2426
981
753
1261
4933
1498
90
39
3033
575
2577
2540
2727
5033
2603
420
42
1046
2540
1264
1268
695
1395
2671
2271
2908
3708
3226
386
3394
145
50
5085
1032
1110
8128
257
616
741
585
77
563
634
674
3380
520
35
4823
1015
845
3322
5258
1470
4507
784
514
2830
1216
125
343
1384
63
2698
97
23
2255
55
514
565
543
5937
431
362
151
628
63
2472
1320
883
317
2770
2914
316
240
658
1069
421
1240
97
136
355
33
589
3138
3305
695
3251
16
174
507
579
19
3752
1006
3697
497
5108
1493
6032
2569
720
797
556
354
465
2930
1175
233
2880
2394
934
285
992
704
1449
2379
443
726
180
2701
1181
1495
1079
55
462
663
687
5100
159
2500
2873
5998
520
2620
3745
1028
930
2283
344
303
2923
413
5871
254
3537
314
461
1184
3293
730
517
188
2690
457
148
692
9375
2319
317
332
11978
3098
4953
1157
707
3064
2969
2778
1324
2502
1174
2298
2893
2529
2731
290
1477
2556
4756
2442
792
545
4931
414
784
495
5210
730
787
2651
734
2960
1272
76
5164
839
229
649
910
5849
2337
1213
3064
317
19
3351
3410
918
607
379
773
710
70
5222
337
1310
721
2417
77
602
1293
5339
223
868
631
4668
426
2270
2549
283
4776
4776
2630
248
1417
561
3354
541
1243
3224
3060
854
2406
194
2889
726
3566
329
540
3747
664
167
683
3394
5
2581
417
289
46
890
634
1283
385
10155
233
4615
761
2560
327
503
5608
2497
109
83
1035
4587
2614
596
2442
480
948
446
122
81
3647
3110
748
115
4579
617
435
489
4606
9115
464
441
257
718
2308
686
2845
1256
792
668
3545
691
7334
724
1245
204
808
3444
642
32
475
2577
102
413
3628
792
3031
3455
276
648
1224
171
749
417
457
3407
3489
5606
2535
505
248
300
43
294
2670
1040
1404
3051
3132
9143
487
7301
250
529
12067
69
605
335
1455
2338
531
2780
583
47
466
1433
157
2775
5788
41
369
539
365
161
7247
181
93
2256
1308
2957
457
2945
842
2575
3607
117
3487
3538
842
2408
7143
7024
706
724
1244
545
3762
2368
9102
566
1374
592
3270
664
6009
2414
9439
2402
75
587
3762
272
5005
357
4785
1156
1261
192
3069
1303
1002
40
20
1354
1148
12
589
407
449
1428
41
96
1340
143
479
3021
1262
119
5062
852
1246
392
203
2339
295
1091
604
5839
8289
271
9420
4622
165
5777
1241
466
928
432
1379
689
9715
9670
3330
31
7
15838
731
2793
121
1005
1026
3198
242
444
669
55
773
2850
471
3619
4539
1245
2432
588
2739
9162
590
2814
171
5667
5517
54
171
636
702
222
1216
882
398
9540
358
429
167
239
7603
969
1337
2280
415
3202
3223
558
3200
4789
290
1356
2366
618
3049
184
152
390
1227
292
2716
7062
948
1123
5151
134
7576
606
2381
587
212
488
849
149
3685
3286
2759
326
2854
235
1198
2665
1041
1260
3462
666
870
346
2654
1079
559
1186
991
4895
311
2829
62
932
243
722
5615
1398
965
3603
1135
5426
270
2320
785
65
135
433
1385
1049
46
301
5997
709
2445
189
1026
491
577
356
741
610
156
2587
212
526
757
1015
1324
246
2715
7688
2663
990
4920
344
490
415
4
506
2830
192
1303
2351
2896
535
145
121
466
223
10
2430
450
5351
614
1146
2785
183
357
398
502
603
7212
7815
719
1131
650
2942
184
946
1499
488
341
2829
2397
3511
570
3306
9790
388
7399
49
256
3777
876
7104
1046
7999
605
1087
2273
371
2849
4562
3706
623
189
566
339
1013
5103
967
2602
77
18
741
146
2263
1081
615
383
100
152
156
1066
173
63
2594
1236
359
11393
393
807
514
20
548
4762
62
575
309
86
776
3395
3456
1092
11270
357
148
604
3120
2310
2493
3505
2513
3621
2759
1454
3156
232
116
1177
1041
2569
3000
734
3201
4868
288
2540
616
412
1265
2915
2779
514
3178
1225
1218
2729
985
410
641
838
2640
781
2987
1475
417
548
3143
1050
267
5831
1383
920
3126
2634
52
3115
3
49
46
200
737
2982
2692
305
4966
3261
3090
145
164
253
96
2737
203
2479
5899
647
907
174
1192
160
1096
1151
1114
2894
430
8213
1341
3763
2434
4681
1393
45
4790
438
238
3527
229
2415
1135
145
15
1376
7640
5436
554
2539
869
922
573
1161
321
706
760
2556
2436
382
2714
98
3194
4742
861
4822
633
1449
3366
1322
474
618
2573
788
2683
663
24
4535
2353
3519
711
620
3779
5877
3148
618
6957
332
307
221
45
5812
959
7402
1117
377
162
3771
856
3404
5360
899
111
124
144
474
743
905
70
631
1350
30
5699
205
1025
410
2474
364
11723
239
341
5705
358
3295
3009
212
688
163
4573
3374
1187
1464
614
3306
1102
827
651
1179
1462
5942
1442
105
789
3126
5408
1066
3008
6000
1194
3343
94
106
3029
2383
347
2748
283
91
465
586
52
16
603
193
6937
9598
305
253
3195
383
1436
262
2866
110
2856
5495
648
773
1460
5615
19
92
1215
1310
264
816
5988
1375
5533
906
695
29
1480
349
4742
3319
2733
2605
1412
4587
5533
1480
454
2878
602
1400
849
5859
587
555
5020
5016
645
4516
217
2437
4650
128
1191
368
682
707
2867
3035
331
1141
3662
3077
1433
175
525
249
2278
96
168
2528
493
9291
386
2261
1255
994
389
454
1022
5837
5484
3557
655
7044
907
106
1248
2668
511
188
761
951
7179
5808
3501
6023
886
2324
108
1445
163
225
976
154
215
401
2473
429
2883
192
3249
19
560
449
116
3034
4824
1418
787
361
1358
764
341
7410
3110
386
1283
3590
5395
5896
2298
2711
3159
2924
5820
641
6769
335
9169
2562
700
483
4939
2375
508
4659
5038
10576
8232
407
737
2659
962
352
632
4715
1217
2422
2612
308
2262
121
1439
838
100
3202
5781
1392
5
1484
1082
6910
2974
264
3212
920
66
125
3584
1044
572
914
620
4627
833
2436
82
2722
530
553
127
643
18
3003
153
7139
202
1000
2881
2374
142
253
1372
2260
2281
647
1008
2523
5139
3746
2538
585
1193
3278
179
2576
475
7420
1033
353
2374
710
2939
6977
2483
193
197
645
2946
2717
575
1316
3145
164
90
1210
2869
5407
5831
565
394
268
467
394
4528
273
3750
3505
632
1502
150
4568
3059
456
3651
801
887
5232
728
3429
1052
776
405
369
247
468
721
688
79
10
1091
2642
2628
1039
1139
3102
2295
305
5001
1215
2962
424
1279
1270
230
3257
789
1174
915
853
661
334
2482
732
213
4616
288
144
2444
2441
1085
273
178
137
985
414
1069
1377
492
109
440
123
373
791
8014
5390
652
1253
136
611
906
1214
133
960
548
2658
3079
2478
2595
78
112
18
1043
2798
2713
2510
613
3477
1002
5802
770
1
192
1020
586
2515
785
10194
850
1366
93
170
1367
1297
100
1031
136
288
63
2528
5981
2702
2837
462
179
224
899
876
641
451
4978
561
45
910
252
5
6870
719
401
256
1029
2948
827
3585
2845
297
5396
295
988
3473
4655
1513
2775
2431
1059
2321
423
1120
1497
511
1362
4547
1025
142
439
998
699
1470
895
2477
7698
8220
5550
4949
2724
838
529
140
7372
290
792
127
910
3229
183
70
6863
3094
783
9326
90
2473
2256
138
238
6823
981
2883
9160
1130
866
3504
670
523
1176
2709
695
1406
284
854
98
589
864
3098
5407
305
1229
754
216
97
764
2394
7084
4894
1097
3711
165
331
1181
64
1138
1066
2885
2812
213
625
1432
2692
336
218
336
95
5383
3456
544
5652
3352
790
2527
4983
3515
410
86
2
204
2823
94
3206
912
964
721
577
349
905
1323
982
1404
154
384
587
1175
94
2305
619
1207
100
396
1390
602
2917
2396
87
776
842
569
1323
460
4547
1140
548
3008
6978
453
1
246
4567
411
4855
1022
2614
3035
209
932
2392
5359
5817
5386
549
2664
1311
2936
33
658
1236
1154
849
159
502
1268
213
2543
282
3082
2581
618
465
6010
362
2440
3620
27
579
429
193
2328
477
816
260
141
1472
7628
2495
656
4572
3202
1083
569
536
1215
689
3135
678
533
589
226
1169
3027
693
111
1250
112
2762
444
82
598
924
7176
2477
1149
4687
2984
376
1013
1166
2593
8176
3345
982
726
1399
932
580
102
2259
1176
2800
532
412
1387
2475
4510
529
138
331
6914
1253
1239
134
2557
783
1301
106
1494
932
2955
1022
1079
3037
1483
339
104
2669
2763
876
1122
3565
5283
927
295
3007
46
1395
3465
1018
363
3253
770
176
3767
74
934
463
2385
662
1053
723
690
272
240
4697
357
411
302
2441
1496
506
463
247
2546
697
20
88
58
2870
961
3509
1195
147
3487
4772
3011
273
2662
2425
494
261
7574
2771
680
572
2322
240
11479
198
5644
1078
991
279
2788
5400
1320
3688
4736
230
3125
923
424
470
4508
1009
2512
257
215
549
2760
374
3074
3242
388
1213
243
1130
334
30
485
151
10
752
4641
1362
3436
1441
2838
90
481
35
747
362
125
2453
2648
758
662
452
136
1208
3500
210
3126
4573
977
3594
62
7020
412
441
133
2888
5180
685
158
1465
3413
12811
2334
829
1361
1512
235
1028
3028
7114
267
2811
3152
1457
2769
768
168
4721
4632
5832
2937
92
5381
778
290
17
87
4895
976
1203
4922
7433
231
5948
1160
2508
1428
529
86
2649
4541
489
4760
339
397
5017
428
1089
659
4766
697
641
1253
599
291
6003
3046
157
2370
3193
1013
3678
1316
5224
4638
90
3600
257
415
392
3755
597
681
1172
586
3029
971
1140
2649
619
1014
196
3386
6837
231
159
133
2934
188
75
1320
70
4688
2331
58
783
647
3106
1435
640
2671
712
1221
1365
880
2833
3288
3179
1174
541
2555
1148
685
670
435
330
2450
129
677
1040
3097
382
411
777
905
550
2302
186
30
2422
62
415
4600
326
214
3019
3776
130
708
2928
898
342
2684
1049
190
3057
1166
1031
1121
2295
5972
4939
2260
5099
118
523
802
1022
7522
5115
379
2939
1289
112
2946
301
5460
687
5347
2501
885
210
1098
412
1217
1322
90
1410
2840
3240
155
2779
3735
2328
447
1125
948
4963
4520
198
5077
986
2947
5639
4832
1414
2399
1126
450
931
4629
844
547
2861
818
563
976
4739
535
3238
553
58
270
424
3373
9541
462
2790
691
625
4581
2435
587
1165
2807
2857
1326
263
279
501
756
545
1047
5819
2575
944
1051
971
762
6943
5462
3009
2264
546
723
7136
904
1169
3507
479
11
335
980
750
537
2291
1088
543
2587
2275
3588
12453
3150
396
884
5099
885
2901
91
132
6790
324
1312
6994
2863
586
3173
1392
71
2358
984
2759
43
28
3179
4928
88
392
44
392
2590
868
411
237
5209
3544
130
1229
864
223
390
2616
271
65
1126
7080
508
3619
125
695
197
683
1086
631
353
2396
702
827
1490
565
3153
6823
2708
702
1228
894
62
733
3477
852
2956
27
125
3079
183
808
4542
247
752
5548
878
3631
88
59
4609
437
2995
1093
647
210
2918
2941
2310
5764
1
1221
5836
359
2393
741
2316
2712
3372
4690
10533
2617
1346
3145
4572
658
766
1316
9118
148
1171
715
400
3680
443
1024
3078
36
1242
100
1046
1498
8116
477
739
1065
278
1038
98
121
3294
750
3004
4746
2389
427
968
784
6004
3701
1179
20
2457
334
136
332
4579
4569
2555
5622
365
1078
7443
462
3704
136
3013
5520
6007
53
1184
792
158
445
803
5117
117
995
657
4649
105
299
139
2413
1387
2688
1247
10098
5428
915
584
2359
986
2348
32
775
344
2570
166
338
171
517
1050
971
2793
752
3281
963
1326
33
221
1066
12
320
231
4640
2813
6838
673
1196
2545
6778
2325
922
379
13
3590
164
1471
1236
2349
1387
484
135
2918
745
1334
853
121
1305
525
810
9758
16
2548
7548
116
67
526
1206
3550
345
2600
1069
251
839
3085
325
306
7634
1049
3354
2287
4791
4789
10070
350
2485
3219
1059
1180
547
4566
575
7427
547
2870
1002
1125
391
125
61
3293
5463
4873
916
3387
269
98
113
1313
1102
681
473
653
2948
26
280
5016
601
792
2781
430
724
2399
5378
636
649
53
6946
128
761
460
2327
1337
192
311
1386
386
3138
1202
220
8164
3405
7
310
1278
351
3744
3328
513
4897
652
5263
887
3156
172
456
501
1126
9342
570
449
6787
1020
490
505
628
3399
3147
1492
589
33
768
832
2992
526
401
175
245
844
7054
5542
166
2772
264
196
1225
205
1004
9363
192
2329
1054
7469
10391
1400
576
48
136
842
751
27
551
550
587
1063
912
2437
791
7344
663
372
3533
1482
361
551
2942
156
604
194
1358
2841
6763
655
2926
1409
825
5354
2946
414
2530
368
597
130
14
783
659
99
889
3126
11894
1029
408
501
673
1128
677
105
3040
5987
392
325
3333
827
1251
44
5495
404
1096
9290
391
4577
4575
7432
23
2580
1405
1419
283
137
190
454
3286
989
940
4548
4721
1168
476
4628
852
292
406
176
5494
1387
275
2805
1016
1096
101
410
340
635
2908
37
269
143
1426
2383
2327
72
345
267
24
2301
3401
827
2345
4931
546
519
187
3064
1403
2495
101
2958
3095
51
1372
596
395
5314
2587
1033
714
5930
221
651
3602
590
4892
461
2307
5355
687
1386
1220
58
789
703
5569
4871
1228
12
899
4557
2855
129
7480
260
1080
1345
2915
458
3393
3187
1142
2728
641
5899
659
818
4509
2615
148
87
58
486
367
774
1181
1306
525
3149
5068
1138
4691
1250
230
96
694
88
522
1032
753
886
630
620
2982
2906
246
2932
1223
4907
4895
334
849
3401
1125
2416
4712
6
623
2871
1339
441
1153
65
136
5690
1068
373
869
2316
918
195
3090
6
249
769
2696
345
66
451
109
730
2258
1230
696
2996
2289
12863
3174
43
3684
797
107
268
2356
986
685
1300
3292
5957
6788
1435
986
270
1409
459
5430
4
1286
3315
4567
604
896
5905
634
541
299
3102
55
12210
324
2624
132
699
