10
27
176
221
30
5
1
12
88
171
28
111
281
121
1
34
526
1
175
434
82
295
170
336
20
32
94
23
276
73
121
60
158
188
60
232
76
80
67
1
56
73
9
14
89
105
1
89
173
32
28
2
341
22
333
294
129
212
622
171
132
5
78
16
29
236
88
35
151
25
8
38
10
16
68
341
71
171
87
73
142
80
1
66
86
36
172
33
80
8
23
1
224
222
14
187
91
145
19
20
38
228
2
22
5
138
533
23
39
81
63
94
23
15
57
17
4
106
95
113
635
25
24
539
14
20
2
9
81
34
137
94
176
223
13
22
22
120
9
74
34
84
28
58
15
38
77
272
16
17
18
173
35
20
114
336
22
108
7
364
14
86
331
225
35
68
31
32
30
5
274
31
339
12
5
446
180
17
130
32
29
81
35
5
24
35
85
33
126
28
23
76
3
72
143
90
273
55
11
221
386
61
181
246
17
53
18
245
79
6
18
55
25
35
65
235
16
651
24
12
382
375
40
29
80
22
121
183
45
317
24
1
10
72
177
1
56
80
167
17
170
23
181
42
85
286
44
217
635
336
229
142
8
789
1
16
335
425
24
21
24
292
187
31
10
20
47
74
87
125
29
63
229
1
29
124
72
38
94
40
32
738
78
9
39
22
26
55
32
130
68
158
16
38
84
136
91
4
806
42
129
77
20
28
118
16
26
190
1
74
35
640
10
75
17
84
122
50
389
18
23
5
289
79
28
25
116
53
24
138
121
69
107
87
32
29
182
218
21
484
85
4
6
167
66
687
10
332
180
320
241
143
291
290
128
347
128
157
24
37
78
353
34
20
68
734
34
33
76
21
804
22
694
49
349
3
51
123
429
26
28
743
797
124
78
79
488
219
23
433
9
72
227
29
25
42
142
186
65
284
10
936
26
274
272
183
1
175
189
374
36
24
16
540
44
394
189
65
25
53
74
68
39
19
30
277
26
19
554
84
5
18
14
16
227
17
117
211
27
71
213
144
25
4
33
41
8
74
340
141
940
5
426
187
197
36
72
72
17
265
176
150
26
205
189
230
24
38
12
14
137
117
394
232
27
216
126
13
27
177
221
224
93
225
133
14
56
88
93
19
28
80
28
183
66
18
319
423
14
281
119
105
32
366
189
218
18
38
17
14
336
26
105
24
13
71
18
19
28
141
74
610
229
232
215
16
239
266
66
146
427
17
136
278
1
55
11
332
32
16
381
34
115
133
240
119
22
121
25
115
177
83
75
233
33
338
262
28
14
44
13
185
17
2
73
227
113
27
73
281
72
82
384
79
418
82
493
18
538
13
738
133
181
287
17
28
342
76
83
83
581
394
192
15
81
93
348
70
22
628
39
141
35
226
22
20
180
10
27
221
38
35
35
79
118
132
223
627
137
327
4
130
4
13
165
67
189
134
195
63
33
183
16
75
306
342
1402
408
19
73
92
23
377
177
331
118
31
126
214
94
140
132
30
137
29
144
191
108
37
184
235
163
20
736
35
345
79
533
4
192
429
132
24
28
295
154
28
20
32
433
3
162
113
72
18
24
47
17
28
285
71
100
941
117
69
19
25
15
130
32
75
21
78
99
78
192
203
71
24
85
17
3
88
74
65
93
85
91
2
129
291
22
118
70
128
490
222
32
40
22
290
11
16
338
589
395
220
337
74
176
124
65
32
24
81
45
79
272
679
184
125
21
34
224
20
27
246
442
643
76
128
14
554
77
226
124
88
87
180
273
14
68
179
49
77
86
80
173
14
134
176
68
275
9
14
285
281
26
21
24
702
142
273
284
80
39
161
283
6
75
65
14
16
18
380
481
231
17
83
34
28
1
92
118
68
80
20
85
74
231
124
7
36
8
134
13
2
322
210
547
439
129
234
75
122
14
287
163
35
293
19
127
384
36
12
130
293
6
235
28
223
52
128
384
19
1
69
227
17
219
20
228
495
28
123
28
71
327
19
16
244
374
56
45
164
43
175
21
36
219
28
12
46
72
73
18
188
391
33
634
28
190
34
227
35
290
122
65
62
87
21
580
106
176
196
788
44
85
42
343
90
31
166
97
73
84
8
26
75
275
172
21
30
79
1
52
15
65
4
27
10
27
86
230
18
338
35
130
120
32
21
177
35
162
334
136
82
13
139
34
22
23
224
25
231
182
73
84
32
242
74
122
236
26
139
59
182
81
993
207
13
62
237
65
1208
141
18
33
226
65
425
92
22
120
327
80
1
1146
278
12
177
46
74
87
37
85
84
24
21
185
21
49
83
126
811
16
12
12
1
182
330
18
201
273
24
995
75
56
56
30
30
19
595
26
3
192
694
13
11
75
43
125
255
45
119
289
21
388
90
13
26
29
2
92
545
128
88
1
7
226
23
340
130
5
115
90
3
328
119
10
22
43
128
21
242
11
29
63
309
43
74
64
27
190
5
2
31
293
71
126
93
3
27
19
36
73
288
113
34
93
233
23
39
249
24
43
65
135
25
179
19
4
386
343
65
112
92
276
8
1
147
79
185
140
270
135
38
128
181
118
433
656
133
11
69
181
127
13
134
331
435
126
2
26
83
97
16
623
123
60
45
60
38
182
87
118
10
837
18
103
56
72
59
98
197
354
33
162
120
70
73
142
12
25
186
28
226
333
340
37
377
226
492
30
199
254
22
534
469
21
549
27
190
328
133
138
78
30
84
90
231
72
11
76
118
27
328
4
281
86
900
15
398
33
604
337
65
199
14
13
180
36
4
11
85
394
177
121
35
24
339
55
31
49
13
80
20
65
129
337
593
135
402
20
23
76
470
137
119
61
177
18
275
68
25
94
158
117
27
186
295
9
55
268
110
40
28
140
486
215
229
24
17
285
652
28
121
79
60
492
80
183
124
238
122
18
25
82
579
283
129
209
85
599
226
18
33
10
632
14
72
74
228
8
126
161
31
13
254
125
482
30
150
76
483
94
693
27
14
37
168
5
441
34
787
38
412
151
25
247
74
283
786
75
21
387
44
58
229
64
404
141
77
141
21
334
74
68
77
60
268
63
29
38
9
19
53
284
87
586
91
290
58
618
9
57
26
11
14
33
91
24
236
391
224
3
74
6
34
8
274
130
33
76
177
28
67
59
82
170
254
126
75
2
84
39
32
55
42
378
113
25
81
592
12
75
31
223
129
37
231
15
134
26
64
573
22
54
88
167
8
20
338
62
111
238
234
193
144
129
131
141
4
22
335
32
31
365
235
93
95
98
14
375
10
226
78
22
31
49
91
348
8
16
114
169
26
481
22
1
24
67
1
59
116
15
134
50
487
528
18
84
108
88
23
26
29
96
41
79
34
159
69
136
132
65
323
139
16
34
186
32
349
186
83
69
185
140
11
36
323
63
674
4
117
43
227
38
37
182
145
26
91
29
4
3
57
55
109
642
22
214
15
33
16
473
282
17
22
36
77
285
81
281
441
117
10
61
9
3
16
214
236
190
236
134
240
81
182
25
4
29
17
39
26
184
83
135
4
24
67
227
330
14
72
37
2
274
19
71
7
32
127
61
110
76
34
14
79
1
224
185
1
22
291
75
33
89
1
131
5
370
293
424
185
78
74
321
17
187
290
5
126
5
483
133
23
130
121
13
70
395
95
634
23
117
84
280
336
71
77
61
33
13
389
332
17
494
1102
206
137
7
5
216
288
22
9
81
92
41
19
142
22
78
38
336
83
375
350
157
339
21
118
11
89
19
585
63
278
320
233
4
1
113
7
273
178
211
146
270
29
76
27
333
68
476
184
14
56
96
83
56
272
227
79
126
15
26
81
4
1
6
128
143
17
92
183
18
68
23
133
4
121
16
31
29
81
534
186
241
426
123
38
45
173
36
80
22
20
180
8
130
29
339
149
1
99
423
190
96
42
37
83
68
222
28
25
33
38
390
78
36
40
185
334
71
16
112
33
32
71
235
70
67
446
29
31
34
24
126
3
334
299
233
53
16
135
688
6
14
34
90
197
73
16
19
22
11
31
78
122
228
185
315
282
76
145
431
89
285
277
24
37
228
40
81
15
118
117
239
74
150
268
37
190
25
22
84
9
65
218
323
532
178
75
287
30
323
12
294
134
385
37
33
182
2
53
212
30
86
12
3
81
192
131
435
76
506
130
13
400
315
14
232
28
629
328
184
319
75
648
79
439
46
337
471
120
70
137
141
266
88
38
138
331
544
228
127
129
67
69
216
86
176
2
26
18
583
139
33
69
131
137
17
93
137
15
24
6
10
127
81
86
29
1
241
299
88
2
286
187
73
426
22
227
9
194
327
166
195
81
173
484
70
36
191
170
347
642
173
121
20
39
24
116
92
24
142
427
122
332
134
179
87
67
64
27
28
11
29
191
160
161
321
347
42
1
187
127
38
24
88
232
12
365
185
91
26
434
384
71
277
36
246
13
14
172
188
218
269
339
239
77
6
2
93
33
51
477
723
77
20
20
7
287
29
88
224
231
5
2
6
77
87
109
24
73
533
193
272
25
40
41
245
71
338
37
58
246
275
371
77
112
169
398
64
43
5
39
126
145
9
59
45
64
432
127
48
89
12
38
191
3
334
180
697
135
94
86
281
95
80
84
136
73
28
35
230
191
430
186
383
24
2
176
49
87
333
132
72
168
343
35
331
29
36
167
327
66
27
342
223
3
175
142
66
289
31
423
28
1
466
2
44
82
228
217
211
79
10
128
23
89
30
127
276
32
38
282
473
22
32
536
158
512
11
18
258
28
374
29
415
177
275
183
350
281
126
79
525
4
67
16
120
19
33
185
196
185
133
159
171
115
71
74
168
3
46
640
7
72
132
27
54
16
35
33
32
24
67
161
99
164
115
81
194
115
91
2
492
25
35
26
6
123
73
638
293
236
5
32
190
35
267
133
36
20
136
166
2
12
121
178
164
25
386
30
67
198
190
68
7
28
43
20
286
390
22
222
14
15
80
120
211
28
78
65
191
79
130
230
114
485
70
8
51
337
397
79
138
240
237
754
93
284
533
82
55
42
18
77
128
199
235
88
14
74
35
40
90
483
19
32
60
143
98
80
27
125
63
426
42
28
242
39
64
69
224
115
4
185
15
9
334
278
278
18
35
43
53
293
41
540
76
38
277
35
8
28
92
342
58
37
1187
118
30
27
188
16
121
86
21
78
77
136
81
173
1
30
15
18
19
324
4
41
1
17
126
28
90
510
226
167
22
179
200
10
15
122
332
69
110
231
122
127
27
89
15
19
6
228
14
243
2
32
76
18
118
387
376
235
31
178
32
782
20
118
14
543
56
63
8
24
40
235
22
208
64
40
39
15
1
172
61
120
83
20
333
25
24
1677
8
385
173
10
189
23
90
76
8
336
18
376
18
422
19
66
142
73
74
73
532
273
284
59
84
76
169
18
7
132
80
73
33
121
63
148
329
421
182
4
401
126
636
90
555
281
522
29
487
33
22
82
431
86
70
79
22
68
97
379
234
12
29
278
59
179
144
266
380
174
81
42
35
194
275
62
73
385
419
32
186
439
56
33
43
43
3
439
30
270
1
39
237
11
107
166
285
201
36
17
275
68
6
67
10
334
31
17
76
5
699
65
29
137
66
22
71
64
116
145
284
6
11
164
71
65
40
679
127
40
8
275
122
15
66
40
29
176
38
31
35
90
74
31
72
123
119
38
316
20
186
164
123
124
342
69
91
95
224
31
269
21
2
25
20
2
320
70
233
47
52
128
23
31
131
72
4
69
83
35
82
282
140
19
29
58
325
225
183
277
24
32
6
57
91
120
25
45
2
212
187
138
124
5
538
394
29
22
178
20
54
12
278
97
176
30
74
32
37
30
1
6
8
52
19
71
49
86
98
122
31
43
90
117
80
117
434
14
319
119
45
13
3
839
3
1
86
223
235
82
84
9
343
109
24
136
32
243
115
27
106
233
384
20
35
82
120
72
134
80
143
175
269
23
11
176
395
108
134
390
18
246
30
238
67
33
128
1
211
61
127
89
44
118
338
340
164
193
9
118
435
14
37
490
2
488
26
125
1
80
474
82
14
297
20
91
329
15
338
41
134
231
211
67
76
378
388
95
467
90
75
7
64
47
28
86
13
1
129
369
32
68
87
236
6
23
165
34
85
12
128
331
81
81
65
274
246
176
113
129
244
143
122
67
44
269
180
28
21
31
80
41
65
7
41
8
178
22
327
83
192
21
2
484
370
69
74
29
145
85
138
231
332
249
11
373
198
186
30
80
378
283
14
482
58
67
4
117
233
10
43
8
117
5
178
29
15
330
10
233
72
131
69
85
19
33
148
31
184
63
218
88
186
159
51
127
121
9
21
291
29
127
33
37
756
20
27
58
41
180
30
587
60
217
79
593
136
80
7
24
17
63
17
315
35
14
60
73
52
26
118
16
492
20
1
80
239
3
8
71
187
20
1
37
336
283
12
313
224
5
26
23
165
492
185
67
85
43
48
28
10
165
87
441
70
285
88
321
131
92
20
4
20
427
116
171
20
127
285
83
88
336
32
161
13
89
39
537
225
18
178
134
88
45
34
19
34
7
139
174
1
17
374
6
22
193
1
182
81
48
469
218
546
69
4
22
228
100
385
32
35
62
60
8
212
3
12
79
35
342
328
124
109
75
163
381
23
15
15
35
484
24
81
270
15
232
269
21
478
92
83
6
76
329
684
389
491
17
18
84
23
126
120
272
24
341
86
175
83
53
129
67
120
65
117
89
131
125
8
143
78
178
26
138
66
167
35
20
65
21
20
1
18
17
579
231
11
25
1
288
17
131
35
24
129
70
55
46
479
176
494
49
36
80
15
71
69
380
133
142
11
60
14
69
76
179
17
68
672
118
433
109
182
284
492
36
75
183
47
125
428
39
384
193
20
800
40
27
334
141
14
18
24
520
23
29
44
74
343
27
267
176
93
215
214
278
26
72
95
188
121
700
344
18
121
155
347
32
95
172
22
43
87
347
880
25
370
76
226
233
33
23
38
231
229
87
322
49
26
94
173
114
274
224
30
28
17
295
18
74
228
209
33
71
82
23
161
11
131
177
29
15
17
71
132
386
294
32
24
28
180
339
131
8
5
372
15
89
269
82
90
41
30
281
32
382
186
83
128
234
25
229
67
30
61
437
3
73
280
184
19
86
74
2
99
696
15
288
31
85
180
76
27
6
72
84
40
180
29
43
130
216
25
6
134
77
62
682
17
15
19
192
84
110
73
236
22
131
119
49
83
31
278
40
402
126
836
137
5
138
65
733
24
143
1
53
393
33
829
9
219
225
16
28
22
28
19
212
70
136
384
136
8
23
130
9
79
70
27
21
135
312
33
78
6
30
34
741
4
2
884
79
186
88
132
14
24
22
184
76
145
22
423
62
5
39
26
6
165
90
339
71
119
26
253
69
99
33
5
24
71
95
57
90
231
60
27
80
63
25
364
93
126
41
138
3
72
11
102
681
86
15
69
25
29
30
17
189
332
383
25
737
596
15
25
126
1
59
330
126
135
247
177
283
298
39
8
195
67
26
353
26
83
121
221
64
269
69
177
75
125
286
10
131
171
74
186
13
68
90
384
9
73
88
64
22
227
184
172
295
384
46
209
235
130
5
66
67
127
51
692
385
685
228
16
18
263
695
284
734
16
28
372
693
286
327
42
238
91
34
232
38
43
696
34
7
427
34
43
2
86
223
3
83
28
138
377
2
374
136
220
28
18
139
27
141
432
426
44
436
379
10
125
96
21
220
684
242
121
181
36
3
26
32
24
66
35
47
160
170
395
120
110
352
392
173
382
76
1
383
541
128
340
67
79
73
24
3
489
36
41
9
71
329
470
42
83
683
35
17
1
249
132
239
291
48
221
76
853
5
128
42
16
61
129
95
85
128
28
30
28
182
87
137
48
789
70
79
49
25
130
140
7
13
84
134
72
161
221
126
14
81
31
88
62
981
22
284
88
41
27
66
12
35
229
30
442
317
84
2
72
64
123
124
170
37
27
185
386
495
32
1
18
47
476
115
22
403
177
16
383
117
138
237
274
77
63
24
178
16
19
19
30
14
47
160
26
67
235
15
24
128
218
24
25
129
159
27
26
15
134
291
5
173
70
165
23
63
87
20
13
182
1
382
239
18
105
184
15
36
169
16
282
190
338
33
326
74
29
80
58
319
42
10
16
10
280
13
189
21
544
448
6
352
27
270
44
1040
139
430
69
14
145
59
238
614
284
424
76
332
1
84
20
129
15
263
65
279
135
45
30
37
15
175
47
58
19
131
9
140
7
272
137
279
41
13
118
239
217
78
10
640
178
34
33
21
120
338
36
170
128
284
114
482
424
65
432
90
180
109
15
22
892
44
171
8
57
106
130
94
229
487
39
65
64
47
337
423
119
75
27
8
109
18
34
13
41
22
84
93
135
86
228
176
30
21
21
49
39
662
9
89
182
49
13
44
86
90
28
126
573
218
32
82
54
33
142
225
109
16
83
384
139
57
21
18
78
119
265
24
114
227
69
290
10
3
74
44
343
76
121
952
84
10
25
23
432
673
164
428
7
84
600
481
382
132
9
20
283
242
65
127
389
15
494
323
92
29
293
16
135
223
182
46
8
142
30
278
12
34
338
217
292
125
435
7
35
83
73
570
198
17
165
81
82
385
383
19
39
88
3
530
18
286
32
23
4
8
41
728
85
130
210
230
98
386
178
108
277
131
272
29
48
131
40
280
325
22
27
176
28
69
33
379
24
570
4
282
334
132
19
21
542
432
175
19
63
738
70
61
88
221
77
2
389
1
24
9
841
121
127
284
67
27
17
21
75
76
85
17
60
284
20
24
128
231
75
92
3
85
42
28
9
25
14
19
15
24
36
182
134
139
29
937
647
185
23
18
81
29
236
16
23
30
176
12
179
359
17
112
14
74
236
140
70
37
514
47
127
223
31
158
132
487
22
43
277
6
487
30
489
181
1
21
132
80
42
22
392
15
40
26
77
139
15
582
76
179
25
55
191
566
327
495
66
9
11
281
80
25
211
24
169
35
22
330
26
22
82
427
175
66
24
30
6
273
2
138
138
21
62
77
10
79
89
170
57
46
377
127
19
1
79
72
39
22
95
23
9
428
166
341
33
165
75
12
70
122
78
26
290
332
275
63
443
37
5
22
5
227
32
279
268
107
80
117
171
82
67
66
32
941
88
17
211
745
3
241
533
127
38
172
90
151
42
22
2
119
32
84
140
443
90
240
62
490
149
25
23
82
7
10
178
31
25
4
80
10
12
7
43
99
82
217
291
6
525
553
25
420
220
3
13
537
139
23
1
46
43
285
11
268
63
9
121
65
229
16
25
235
38
23
228
335
122
234
7
908
121
21
233
41
178
76
86
70
228
366
234
167
137
62
270
5
46
531
339
8
39
324
94
34
64
22
270
4
39
194
118
25
188
38
24
175
115
114
186
500
73
1
87
11
494
530
25
1
8
10
41
13
44
180
177
120
139
172
85
134
262
29
278
17
526
279
2
350
39
172
2
6
85
34
168
79
57
585
483
17
14
4
598
630
19
10
480
9
233
332
27
31
121
219
19
11
288
33
31
19
31
24
185
87
87
79
60
63
71
22
78
328
28
196
87
125
176
195
22
62
38
79
33
190
342
333
118
628
237
233
177
26
431
64
154
125
173
111
12
76
476
76
522
186
45
396
44
14
42
228
15
25
378
13
838
1052
552
25
439
237
15
20
132
236
82
381
66
204
443
4
329
27
268
81
13
80
84
23
179
63
150
17
182
88
26
119
151
116
191
6
34
176
283
48
83
158
333
24
17
242
129
71
64
233
485
20
333
379
37
73
39
30
502
136
5
70
163
53
491
87
10
6
56
176
12
446
534
89
19
31
27
62
515
116
38
38
5
274
130
28
65
68
29
169
26
432
19
681
433
176
30
2
85
76
66
222
19
32
49
37
530
30
228
124
689
25
276
121
37
42
84
172
23
18
15
92
332
28
72
116
69
124
9
169
262
240
129
389
436
255
94
67
74
529
19
219
23
25
185
131
27
46
134
336
129
232
330
61
212
26
42
44
730
333
72
4
34
184
270
71
184
380
80
71
171
329
179
75
436
453
19
173
602
26
91
23
1
174
79
19
61
195
28
23
75
537
36
17
62
130
226
320
124
118
184
6
189
79
26
121
180
6
371
72
10
385
6
336
783
554
334
174
230
86
232
197
521
181
8
284
18
537
123
23
390
70
500
136
423
26
2
14
71
23
281
346
73
322
124
15
76
123
421
34
75
181
70
37
1
6
226
13
178
85
284
1200
26
327
38
122
75
22
25
1
838
27
195
77
29
72
98
41
597
14
34
546
19
226
173
42
66
18
21
71
10
13
76
12
171
39
491
24
22
11
185
25
440
112
38
75
72
229
58
748
91
68
190
45
44
83
24
386
93
36
116
286
63
16
171
529
13
198
191
128
80
97
474
59
12
38
6
37
81
175
121
9
266
89
377
65
37
78
98
20
387
235
242
8
33
168
34
70
17
14
291
14
70
5
78
445
13
26
13
23
37
121
21
43
34
170
4
134
103
235
73
64
111
139
264
91
18
34
73
72
60
30
10
437
169
225
1
2
142
10
59
144
79
41
111
19
180
111
185
38
8
426
29
30
7
845
16
7
68
3
172
40
269
124
134
328
1
463
29
71
42
6
176
5
338
2
33
137
59
71
2
690
534
529
387
16
537
124
106
85
30
3
187
90
145
56
43
71
480
181
6
30
19
277
134
129
2
789
83
91
139
39
428
182
110
539
318
116
139
25
181
325
19
19
274
84
56
95
391
191
234
115
87
10
16
51
126
28
286
3
29
420
124
5
182
333
113
277
28
470
142
330
24
7
15
27
33
80
197
28
6
9
28
40
21
234
140
372
25
35
10
130
27
291
639
51
87
4
157
281
83
315
369
77
25
186
168
476
138
43
63
44
681
35
95
29
178
347
284
97
22
175
80
61
236
58
287
100
16
63
198
835
337
22
22
20
26
136
148
24
207
38
72
111
16
41
30
38
12
29
495
67
264
274
536
31
61
29
30
1
116
12
43
63
65
228
10
482
183
111
24
61
124
80
538
127
3
13
69
214
386
82
59
332
31
42
45
88
36
28
42
1141
61
342
97
31
29
46
680
3
75
28
193
25
139
187
231
109
234
439
155
21
23
26
62
125
540
226
176
23
144
124
128
90
123
2
12
25
205
129
29
136
698
74
127
132
113
178
127
5
180
84
26
26
124
239
18
336
88
239
213
20
65
132
28
65
19
36
179
74
131
78
36
24
134
22
40
221
27
82
322
216
73
7
184
124
11
213
56
636
326
232
162
331
11
24
29
68
1
4
178
89
140
35
115
86
171
388
549
217
2
126
26
175
219
70
286
136
276
10
123
216
118
128
30
71
1046
700
231
19
233
276
185
430
64
24
4
384
140
69
172
136
19
7
2
134
696
74
339
79
106
82
608
74
33
34
436
416
129
35
114
227
1103
75
71
19
75
280
4
9
26
24
24
67
80
84
71
53
433
41
312
402
147
454
221
728
94
20
25
75
174
6
228
70
27
30
3
137
8
63
5
91
78
84
25
75
20
171
171
77
125
334
8
45
285
17
29
472
26
113
29
175
645
113
2
35
183
35
1
38
17
319
68
19
18
131
207
430
10
590
343
81
32
215
515
43
113
20
214
17
218
85
8
43
118
484
119
34
298
28
57
225
25
57
25
391
90
120
137
3
210
482
85
171
7
34
125
92
52
195
34
78
69
12
3
185
385
68
582
27
412
216
23
32
71
18
28
54
44
591
7
219
20
41
130
63
125
243
32
3
215
208
177
445
170
172
214
34
73
6
65
6
24
365
139
225
135
430
45
37
78
78
132
330
331
176
355
236
238
55
230
62
278
29
272
337
193
32
26
324
445
163
656
37
344
34
17
27
70
381
13
19
38
31
21
73
132
49
59
92
180
227
2
212
33
109
319
140
121
26
247
148
370
228
18
14
79
390
8
9
125
1404
35
9
174
72
34
126
136
90
8
289
326
9
50
235
31
34
83
223
141
132
36
334
133
186
35
26
125
275
144
164
229
20
86
166
36
168
288
148
69
60
33
561
41
28
87
143
4
173
218
238
18
37
173
18
25
123
1
123
243
34
672
338
279
129
73
24
376
2
310
31
180
128
540
24
16
114
284
30
27
335
142
60
1104
17
86
79
325
631
28
51
87
34
83
167
53
422
151
25
73
21
841
16
485
56
38
136
21
330
4
29
131
374
76
239
74
67
51
54
64
25
19
74
80
687
20
77
88
25
124
75
14
10
138
16
126
472
198
2
72
222
543
428
243
3
62
45
133
45
25
71
274
14
283
71
72
584
22
41
144
14
162
127
32
284
399
25
42
277
220
64
138
28
26
79
13
43
129
68
14
33
121
489
327
151
66
132
73
27
314
182
123
45
33
61
172
227
72
43
96
230
145
76
31
231
485
27
27
165
313
1
234
238
176
135
68
34
35
73
8
9
72
26
237
36
437
163
32
46
189
89
15
35
199
161
24
78
119
269
4
23
81
12
527
28
288
1004
25
19
24
232
61
183
124
33
1
84
46
541
276
124
80
34
429
16
22
1
3
435
120
224
286
125
89
109
6
138
51
429
25
85
26
36
14
26
75
294
4
168
32
11
40
45
40
29
390
114
175
2
705
273
695
15
44
125
232
223
145
66
85
88
11
45
25
118
1
44
72
43
134
6
240
38
346
42
82
21
32
32
255
798
226
7
700
294
10
85
6
36
28
16
56
19
88
75
1
80
111
32
121
176
217
285
227
21
66
54
539
81
244
78
386
13
120
28
181
59
132
24
596
281
126
580
125
212
267
68
26
36
77
50
445
44
41
14
43
21
38
222
25
36
634
24
101
279
1104
63
79
84
835
29
182
284
175
18
140
36
16
236
16
426
32
197
133
840
385
25
14
14
101
166
171
10
255
15
176
75
436
251
326
367
2
20
122
18
73
53
29
337
56
194
8
190
26
118
7
33
46
31
790
22
32
223
60
168
10
137
598
296
607
352
5
66
696
77
26
17
46
40
69
30
74
86
187
647
204
337
244
400
14
11
39
116
25
296
262
224
116
164
123
751
171
172
26
176
41
75
88
76
80
117
153
69
128
65
293
90
5
55
65
484
278
12
29
209
127
138
18
24
74
31
186
72
83
222
123
989
231
295
115
171
230
21
330
586
141
21
12
733
273
76
334
9
71
376
24
183
236
27
441
133
131
62
42
295
79
50
67
3
81
394
70
333
66
381
75
169
125
30
170
32
242
287
13
16
19
442
112
24
175
26
12
23
28
176
44
16
129
170
19
315
23
5
266
88
169
190
282
520
841
6
8
170
249
20
188
35
22
113
2
18
471
332
321
19
36
228
131
32
273
124
36
8
180
398
474
37
157
22
418
34
69
30
21
399
7
230
183
22
69
483
89
26
10
21
129
527
186
225
135
51
10
141
121
84
174
83
127
65
26
141
6
40
184
230
15
93
384
137
164
490
302
7
73
12
22
91
127
24
142
6
33
183
136
169
136
131
26
237
30
638
14
187
30
66
119
497
494
89
31
71
126
115
387
1
435
240
532
280
82
27
79
491
469
38
72
248
25
26
624
48
8
32
1
19
241
220
338
116
3
96
88
14
28
181
470
33
80
78
598
30
33
35
76
496
1
2
93
118
3
177
171
29
229
27
57
20
20
57
7
115
24
830
21
90
240
174
128
129
25
64
14
80
74
111
850
127
15
72
4
376
1
34
225
434
214
63
29
26
193
376
5
68
21
27
280
83
34
291
40
15
26
43
310
30
57
10
42
375
22
223
85
6
34
134
18
19
35
31
7
5
38
73
234
75
36
677
31
4
226
284
262
73
82
234
16
834
295
22
65
18
225
588
52
29
26
37
335
81
109
68
6
44
118
62
33
152
28
24
40
27
47
132
12
41
21
168
17
78
15
451
22
33
40
32
219
27
51
88
42
275
16
6
126
19
52
2
229
125
23
45
1
115
195
10
10
85
147
84
34
93
71
167
22
59
333
45
21
167
19
75
29
782
16
3
92
183
246
18
15
225
132
74
48
31
14
77
415
11
37
394
134
308
48
233
23
185
135
4
120
66
10
30
17
35
14
23
387
107
139
139
98
275
69
230
291
125
2
415
137
77
245
177
14
225
76
55
288
198
68
165
31
117
177
79
216
79
87
344
27
83
65
228
29
19
279
69
1
44
83
631
61
48
488
378
64
84
27
25
192
128
67
88
274
12
69
493
446
127
18
285
28
647
6
296
565
2
17
174
845
67
11
15
60
472
109
28
85
226
104
485
86
30
75
71
61
14
123
276
385
477
62
238
141
284
135
140
29
553
117
265
64
27
129
76
218
16
540
365
238
26
54
145
175
23
65
435
125
67
79
290
16
77
27
38
51
8
19
66
174
4
381
75
132
118
145
17
32
43
3
195
57
6
13
73
187
176
66
11
6
543
69
18
85
42
28
77
126
230
31
734
77
25
129
81
18
182
138
44
6
544
10
28
29
227
231
14
4
227
35
337
798
31
45
433
1
20
92
83
8
86
3
238
338
146
265
75
70
244
9
281
75
27
30
32
75
12
33
32
96
69
3
387
19
19
19
126
121
178
126
43
37
10
3
187
85
168
17
262
20
282
128
192
394
78
73
56
18
177
137
282
380
2
443
185
173
28
72
21
14
23
275
93
20
29
130
228
239
9
5
33
67
27
21
755
47
433
46
3
96
894
953
435
100
11
423
136
77
68
76
416
266
46
28
79
37
189
983
21
376
15
247
381
11
552
18
27
280
136
36
20
37
281
30
82
44
20
33
177
82
39
33
80
393
20
221
29
90
73
192
74
5
21
39
44
23
51
331
29
171
22
272
93
118
82
122
40
38
187
69
30
168
126
603
82
71
22
8
16
17
10
30
176
234
74
17
10
132
466
344
29
136
18
20
45
119
77
64
432
24
31
271
18
58
233
224
742
3
83
4
27
124
777
81
19
18
74
121
1
270
37
29
125
282
72
31
8
39
28
331
637
419
383
345
179
24
121
399
37
42
189
220
40
32
722
129
32
333
8
20
21
71
75
22
31
29
17
34
27
9
16
341
501
178
21
192
86
339
11
268
167
239
63
228
36
123
29
55
2
22
175
383
739
84
27
232
39
497
17
117
49
29
26
90
274
134
273
29
358
87
336
179
31
87
33
63
33
74
66
73
79
124
56
42
131
280
550
30
20
47
182
119
81
6
41
6
83
178
132
14
381
29
87
172
125
66
125
23
23
28
266
133
23
38
81
277
119
183
173
746
75
395
17
78
16
71
481
76
96
12
213
39
67
269
24
278
838
137
15
388
327
21
42
20
90
277
117
2
39
83
187
21
172
36
552
366
223
65
72
34
14
68
537
75
142
222
48
94
225
39
27
28
2
76
72
3
14
24
59
128
3
16
282
193
182
191
25
81
180
481
7
169
152
76
39
587
84
167
42
70
1
215
11
304
232
287
19
1
220
1182
167
1
22
119
66
38
30
82
61
22
66
13
22
21
68
87
179
1
25
332
389
12
26
114
42
250
26
37
178
263
37
238
30
70
270
15
81
127
268
84
335
82
52
45
602
18
356
24
78
701
61
114
67
90
18
232
40
40
12
494
314
110
331
104
110
324
64
71
180
221
79
216
339
9
67
587
258
135
89
126
774
15
32
17
127
83
233
79
81
135
292
36
245
77
90
68
61
88
32
36
29
15
431
69
36
272
6
341
386
61
62
177
22
71
35
182
65
420
177
482
39
84
31
66
632
73
26
64
23
31
31
72
39
334
75
14
76
680
86
126
22
296
27
72
55
68
4
393
217
48
42
69
29
499
22
383
125
121
10
76
5
441
24
491
189
91
126
64
222
109
379
24
43
25
13
74
188
300
25
126
126
235
321
65
33
73
73
194
75
81
20
437
259
27
162
12
24
72
295
314
211
46
121
379
130
121
5
39
41
32
20
37
40
122
641
336
271
17
78
121
793
24
2
42
130
77
535
118
83
32
8
992
13
17
165
123
181
174
44
72
12
15
231
65
49
233
1
582
299
6
115
123
195
428
351
276
162
240
26
144
79
71
68
23
60
125
11
19
21
2
237
19
80
5
126
22
36
285
25
69
475
174
5
22
370
59
535
225
38
784
78
32
30
26
282
116
126
992
384
135
35
16
16
35
35
119
370
284
27
398
230
77
14
283
19
19
175
69
44
24
66
19
216
299
135
231
30
88
126
44
317
578
175
19
69
31
179
39
24
7
21
105
78
68
64
30
439
35
175
38
67
27
87
469
76
368
228
141
384
28
60
11
131
44
8
1
27
195
176
17
231
277
15
214
179
390
278
223
59
67
30
182
122
35
73
249
1
195
2
113
418
15
189
27
378
136
127
138
76
329
5
21
18
109
533
127
177
21
32
323
68
22
89
20
688
66
28
130
92
78
135
22
71
26
27
114
29
177
179
133
14
188
76
113
232
29
81
138
33
23
112
88
7
13
15
34
20
174
77
21
87
45
170
84
29
83
34
285
180
230
45
326
184
36
77
58
38
20
575
233
18
229
62
24
44
69
129
33
188
30
57
49
67
16
431
43
165
217
134
644
139
34
297
23
24
34
447
34
12
297
69
9
132
179
243
83
38
12
38
79
178
191
13
230
277
23
497
441
36
18
7
20
14
132
17
565
875
71
84
84
61
445
422
14
333
240
682
143
65
1
90
40
226
129
8
130
167
282
85
60
78
216
1
82
188
7
237
28
24
434
34
225
120
236
232
71
159
134
25
588
23
203
32
568
496
97
66
81
194
1081
80
738
122
41
160
90
379
182
40
183
58
8
231
297
81
443
6
637
299
273
175
9
83
278
127
25
31
75
2
22
27
28
85
137
18
225
22
462
17
80
6
17
18
1
332
451
85
22
24
801
20
27
133
7
430
33
129
331
191
75
138
140
182
23
368
82
35
121
84
108
57
280
329
228
38
217
183
167
74
68
283
174
244
20
121
586
182
128
82
183
310
19
174
32
42
7
26
191
30
137
82
28
262
179
115
430
68
28
101
284
62
6
122
250
44
1
76
29
115
18
29
263
137
442
134
11
78
168
120
231
40
29
337
140
75
15
112
28
132
611
306
192
179
13
4
43
24
5
219
191
19
129
141
160
3
11
117
219
149
118
437
14
73
163
4
132
639
38
91
34
229
59
34
70
128
30
33
30
109
111
20
8
63
315
12
40
83
56
32
80
90
453
14
24
279
34
8
570
1
381
43
381
292
129
78
191
267
20
53
35
284
110
76
131
73
142
127
36
36
374
6
133
1
385
338
15
10
81
69
168
28
87
33
13
125
694
215
26
78
283
736
11
18
528
332
132
51
44
38
321
32
71
33
97
376
441
218
25
571
20
41
37
86
92
10
60
237
488
648
25
74
43
24
8
11
383
136
268
332
291
84
11
192
12
82
131
15
27
325
171
14
741
514
74
61
123
225
333
377
7
32
71
79
248
12
27
74
18
353
183
32
386
240
221
68
34
332
226
135
190
23
65
463
228
167
77
35
479
226
2
87
68
115
47
76
270
95
7
44
18
12
55
80
9
42
32
2
187
78
204
34
105
222
34
2
78
45
380
22
23
19
277
223
102
62
128
438
31
18
184
77
119
28
35
430
29
33
26
15
67
328
2
6
99
479
30
265
275
131
125
231
270
64
107
18
586
42
25
366
35
4
28
27
390
25
171
30
193
33
11
33
25
637
41
16
110
31
166
30
27
1
296
64
222
180
119
236
46
229
81
1
12
384
223
17
118
20
226
108
21
55
113
25
890
187
349
346
47
309
59
25
21
86
19
184
226
93
236
33
437
293
126
90
404
57
228
42
25
534
73
27
16
86
242
383
61
128
376
126
67
230
176
32
328
23
338
402
69
25
233
79
19
26
1
122
187
36
114
75
30
40
22
79
41
120
9
279
90
536
277
58
24
27
61
208
88
282
38
172
756
13
25
533
226
47
9
401
90
576
37
1
450
45
47
14
273
65
28
37
522
172
223
226
29
72
243
125
70
281
10
22
133
133
133
83
325
9
20
124
78
149
328
44
85
20
12
125
17
27
281
229
132
29
58
14
64
226
331
37
59
43
204
30
542
194
237
158
4
51
378
170
32
19
329
138
176
283
34
44
195
1
66
30
3
18
63
80
272
11
245
14
117
27
91
450
22
197
24
293
27
182
13
62
382
116
69
235
233
334
173
325
44
178
27
13
35
111
639
12
322
25
4
139
162
7
126
133
87
55
238
44
67
13
239
68
12
8
130
27
28
365
39
13
417
63
117
298
278
68
180
18
73
184
9
33
15
3
228
272
298
183
20
149
386
42
18
26
29
21
85
45
434
281
226
44
95
179
41
11
779
76
23
296
23
30
24
18
30
71
178
70
14
28
541
2
24
4
237
16
547
1
134
81
3
216
65
75
27
28
187
237
13
13
22
65
237
2
4
3
25
9
171
650
327
86
23
10
421
145
29
5
75
83
127
6
7
37
117
13
291
81
133
48
244
477
85
71
291
29
136
115
130
369
135
322
35
28
240
14
35
292
39
236
119
13
435
37
70
130
35
291
39
108
122
181
333
284
228
25
519
170
441
55
27
188
347
77
18
32
93
187
129
238
81
139
41
10
435
126
326
214
24
29
327
16
109
116
11
124
12
10
2
26
47
122
132
85
17
496
327
1
229
94
17
167
143
229
188
36
247
149
20
31
200
132
25
117
271
735
52
79
274
272
10
62
10
83
36
6
25
11
18
181
123
169
75
898
10
81
67
25
47
31
17
113
36
18
65
117
279
84
28
127
494
110
277
67
392
296
15
24
329
24
47
174
77
169
14
213
11
9
134
251
34
221
43
273
412
17
27
63
65
160
86
26
36
131
42
29
75
12
217
67
333
177
86
786
27
25
240
27
221
79
183
173
536
125
426
29
85
1
113
444
25
124
693
96
83
216
25
7
20
91
688
655
85
421
24
172
338
4
27
186
2
39
349
20
73
24
80
82
69
32
44
126
222
425
2
120
74
86
34
430
67
492
541
535
66
33
16
293
135
170
18
290
19
24
71
24
223
183
20
73
33
21
30
86
185
235
3
142
13
24
178
90
55
71
149
328
76
30
294
238
738
60
67
22
227
33
235
1
110
174
334
124
5
118
27
18
79
6
34
106
46
66
7
1
34
229
34
112
197
22
78
679
14
93
6
24
94
417
212
76
25
272
28
41
83
120
2
10
139
53
36
39
15
75
28
7
82
30
40
445
12
31
2
227
43
17
131
67
116
22
1
74
277
46
128
35
10
171
74
42
20
135
128
434
36
40
16
76
242
241
33
7
127
27
27
75
81
13
79
190
4
423
23
210
129
80
77
485
4
46
48
382
231
426
21
48
148
22
22
49
15
72
227
19
222
77
11
223
327
226
71
224
88
30
83
174
33
273
91
68
151
24
217
75
73
180
85
72
278
31
18
75
133
227
37
46
24
127
134
21
34
76
172
85
34
128
39
30
41
244
231
336
80
80
11
222
445
61
26
83
26
80
63
224
37
33
166
228
63
14
28
31
110
342
39
25
337
37
230
21
83
70
227
37
245
80
26
37
12
171
186
126
95
170
163
23
6
344
389
296
948
481
29
86
179
164
139
15
40
37
68
233
27
445
192
124
121
22
19
13
191
19
47
14
50
168
21
327
181
55
86
126
182
74
13
31
127
62
1
482
240
36
22
17
174
211
30
41
337
28
221
16
117
115
8
64
1
14
230
133
129
17
26
4
988
327
393
73
39
7
105
396
81
22
80
120
6
280
737
485
225
53
36
481
753
450
429
6
229
261
34
22
116
29
34
229
9
12
27
18
22
117
15
80
15
17
177
329
521
42
45
26
32
29
15
125
35
433
131
34
123
89
33
191
178
11
152
104
29
39
33
225
218
46
737
49
174
31
215
336
71
89
69
9
642
32
76
26
129
16
496
114
63
52
117
30
243
58
177
18
5
16
27
17
22
130
171
337
282
373
83
80
291
584
113
77
199
161
33
329
335
75
82
33
599
34
75
1
73
31
136
127
35
484
170
20
122
93
2
38
15
27
274
263
61
34
186
5
292
122
316
376
635
270
2
28
133
10
28
274
32
39
17
19
849
383
36
69
40
126
6
268
188
74
57
176
95
80
36
15
27
117
173
238
16
97
26
109
234
28
328
387
418
43
179
23
25
18
24
274
122
134
225
36
25
69
113
274
37
227
89
35
44
37
27
21
26
149
25
23
73
77
113
21
14
385
33
21
8
377
433
12
341
27
34
183
40
161
5
31
17
104
73
31
20
168
77
435
83
225
196
36
309
791
193
286
30
367
6
245
20
56
40
278
114
28
284
76
81
123
116
69
222
4
577
34
35
76
334
83
185
9
40
38
3
76
75
21
129
45
292
16
378
18
9
1
129
441
136
49
20
335
64
19
33
391
227
324
14
1
48
124
83
66
175
646
189
315
186
67
232
12
67
3
36
252
15
122
543
38
122
221
33
686
14
342
33
28
22
479
93
39
66
69
16
18
45
4
426
57
72
130
41
32
78
131
216
321
74
176
639
29
157
421
68
59
128
24
169
23
38
618
27
34
122
157
289
87
77
179
43
137
278
173
81
33
93
40
50
25
67
30
644
136
112
539
114
119
69
37
470
15
429
9
9
6
94
274
182
235
40
280
78
195
1
75
33
33
20
99
12
108
74
571
186
563
285
79
122
329
324
183
435
88
72
263
88
426
238
173
327
128
317
26
23
47
71
183
319
282
102
447
134
89
119
234
229
228
222
20
22
282
30
52
184
76
237
67
277
19
127
120
15
143
176
64
79
288
183
20
236
177
586
341
28
44
14
23
35
223
83
125
325
333
90
83
415
228
224
75
4
68
479
26
343
25
44
287
271
134
64
636
30
61
34
191
6
166
118
135
90
528
145
17
429
20
296
283
242
13
123
7
61
1
4
121
65
171
83
62
37
91
127
75
289
227
247
696
67
57
74
241
126
29
14
374
186
125
284
297
27
125
126
128
412
232
178
184
326
64
13
33
39
112
61
90
40
217
285
92
784
82
75
147
6
179
8
14
632
76
345
177
127
56
90
82
128
7
179
5
34
24
34
62
173
81
3
77
70
14
18
327
78
72
75
378
48
90
141
27
35
444
51
9
134
132
75
15
19
22
13
178
181
79
125
107
22
95
27
331
223
22
7
42
539
331
6
58
104
37
142
334
110
946
86
76
30
41
60
182
227
690
177
284
69
1
337
186
11
63
26
30
529
70
69
427
124
299
33
11
40
11
271
68
15
57
28
236
4
63
346
335
25
5
23
387
183
37
77
75
25
190
48
238
428
233
7
241
91
349
79
95
34
305
36
17
76
549
14
340
173
25
181
219
49
36
18
177
26
11
19
227
543
591
44
124
46
21
280
145
16
130
54
45
82
17
433
132
26
3
124
42
124
34
8
77
20
67
62
36
146
34
73
235
34
48
31
218
74
35
26
25
16
25
68
85
121
96
28
33
232
16
489
187
14
393
364
72
42
180
20
10
134
74
137
15
30
243
21
23
68
91
127
26
105
83
274
401
9
70
131
170
16
27
71
4
332
331
5
326
85
166
175
20
12
336
34
332
3
16
26
383
1
60
164
130
786
436
176
71
90
232
27
89
21
21
241
27
87
58
34
37
74
585
76
48
70
40
30
57
397
282
8
640
73
65
86
62
27
551
141
54
36
121
4
10
11
280
23
112
231
124
77
225
86
194
72
114
231
333
46
24
292
17
214
490
167
84
38
32
116
114
94
117
116
34
131
32
252
67
168
109
328
144
76
182
11
340
89
35
243
75
14
166
42
63
119
383
336
18
19
24
175
44
13
6
75
364
124
153
53
14
16
28
46
26
78
120
184
16
41
170
80
215
131
550
237
333
109
6
70
4
68
42
373
376
69
81
222
25
480
40
538
181
52
325
167
591
283
182
109
653
35
115
92
82
16
24
30
427
278
337
387
25
11
334
530
182
72
134
349
118
193
23
36
11
53
84
79
294
62
380
71
65
287
37
72
394
66
23
14
17
353
75
139
133
186
168
179
5
127
36
2
375
36
249
3
69
83
174
1
583
181
380
485
292
41
3
70
128
10
345
181
25
34
22
26
19
278
226
47
493
116
135
86
29
86
133
27
179
337
113
176
130
1
227
75
10
15
25
29
19
216
282
527
129
13
32
22
11
31
35
146
210
136
9
278
15
1
18
21
67
68
64
574
24
287
249
18
31
3
170
26
127
84
80
218
27
64
39
71
37
275
81
45
30
14
62
10
30
275
74
40
64
11
21
258
140
289
215
14
35
55
21
32
39
6
31
13
501
24
290
117
341
27
18
143
92
238
231
153
36
167
339
288
219
437
164
56
235
25
131
32
284
178
51
25
331
27
368
72
123
3
36
275
94
25
74
24
108
46
824
64
14
329
391
288
174
164
424
39
133
220
12
322
35
10
269
333
350
49
431
420
42
75
37
177
38
3
18
83
90
190
73
68
32
8
4
8
92
181
221
10
