5
62
61
25
26
110
398
64
8
18
34
43
82
81
44
42
89
98
11
19
35
18
33
25
22
37
41
78
38
59
64
13
27
2
28
66
45
55
17
36
27
50
186
144
83
6
73
26
55
35
22
12
42
135
11
8
81
12
146
4
25
305
30
4
18
17
14
11
163
5
8
53
49
81
46
39
89
103
167
174
22
9
68
59
225
75
4
15
16
8
24
13
1
5
17
31
185
14
22
26
38
22
24
212
45
78
33
147
52
16
43
18
253
79
69
29
56
151
68
1
35
39
21
195
69
689
29
22
31
95
59
10
47
34
61
74
190
37
95
73
47
64
76
24
51
80
37
2
45
79
8
49
129
25
46
10
110
46
71
12
5
35
51
16
162
54
5
241
97
33
67
2
20
23
12
165
17
86
40
21
258
61
3
11
45
12
188
2
147
37
12
67
26
16
32
142
94
60
66
96
40
23
9
53
22
7
32
3
10
26
34
1
50
11
35
52
154
126
1
5
49
9
2
67
41
62
27
19
129
7
20
59
23
21
84
56
67
23
38
44
129
45
21
97
34
16
109
112
29
59
160
58
19
110
67
133
18
158
1
79
12
5
135
30
126
32
21
8
21
24
106
9
81
21
24
34
107
68
10
87
12
53
8
56
101
10
6
166
22
14
50
9
8
39
46
138
29
107
57
86
85
35
46
98
69
9
4
29
12
58
22
8
33
126
108
72
28
41
89
67
85
6
88
69
169
10
196
55
42
21
53
196
1
16
50
85
81
62
12
55
83
22
66
43
79
52
344
15
2
16
70
38
1
2
16
151
145
94
7
13
34
11
12
19
56
48
74
206
36
3
37
21
36
4
131
22
39
42
133
25
37
3
20
109
2
23
133
79
42
10
49
73
85
13
43
48
18
55
43
3
6
23
24
50
96
109
51
34
28
162
257
125
69
141
17
27
33
146
11
96
141
58
133
9
36
90
50
18
76
49
42
84
42
28
36
89
4
86
135
17
6
51
23
47
33
17
9
36
20
62
41
98
50
10
5
84
88
23
155
1
85
40
89
51
9
221
32
61
41
44
2
50
97
59
138
34
2
92
50
74
170
77
11
78
131
18
42
94
256
28
18
180
37
8
52
137
33
98
163
46
20
4
53
99
31
41
153
36
12
14
65
132
80
38
160
199
18
68
72
19
168
26
43
13
53
69
50
36
40
65
21
28
94
150
4
10
11
16
31
1
108
48
182
72
24
27
26
11
55
3
156
43
39
29
106
2
36
55
24
18
58
55
15
57
14
10
83
7
12
53
126
41
44
61
50
17
28
38
154
87
35
35
5
7
27
43
73
52
65
17
22
19
45
98
22
44
93
21
6
101
91
5
3
79
51
35
44
94
70
21
37
13
19
97
143
5
11
62
13
25
141
42
86
32
2
55
9
36
10
100
8
32
21
26
6
46
49
10
2
9
39
30
44
75
58
193
34
103
10
57
5
92
67
163
58
9
145
216
83
96
235
194
41
66
68
36
12
3
17
126
3
108
4
35
62
86
73
9
75
56
17
69
18
139
222
62
90
30
163
14
76
101
29
3
112
95
79
73
71
14
65
97
12
35
40
62
179
250
20
16
92
98
18
134
78
107
81
79
4
173
11
33
154
50
109
36
3
87
46
99
155
13
11
58
18
52
12
80
48
67
16
112
109
18
30
235
6
3
4
5
5
60
20
83
15
264
109
47
19
1
63
42
125
16
41
78
57
19
46
45
93
25
16
99
40
152
81
15
125
3
71
20
43
12
13
131
1
288
129
6
87
41
58
17
150
53
49
6
19
10
52
137
154
8
81
43
92
73
127
2
201
34
70
79
34
6
91
50
48
49
26
40
161
55
2
5
25
100
186
21
108
81
39
50
136
8
90
8
53
252
258
150
3
22
71
101
182
131
85
6
16
58
3
131
13
49
14
43
102
66
198
33
22
20
22
6
104
55
5
34
5
7
88
40
31
67
67
22
7
55
8
30
51
21
15
19
97
63
103
63
14
81
54
3
132
15
38
1
30
37
30
4
2
206
10
16
28
130
94
3
41
51
42
54
49
11
33
56
29
97
194
41
2
18
17
86
105
65
108
29
48
10
35
27
39
8
41
13
173
25
44
93
89
130
35
19
16
22
16
33
108
6
55
41
80
52
135
35
27
112
15
168
109
59
65
3
62
47
5
85
5
4
338
89
2
50
12
72
163
21
83
85
52
8
137
24
51
63
39
96
10
39
2
68
52
63
82
40
34
30
10
102
47
58
9
31
28
88
8
48
15
14
156
37
11
24
20
68
29
33
54
125
6
32
30
245
10
32
20
81
59
22
32
92
83
246
1
91
32
86
61
130
28
27
166
23
49
83
145
33
70
107
134
28
137
103
22
132
38
57
6
83
19
80
4
28
131
81
48
6
16
157
10
110
16
81
9
156
10
103
86
50
8
31
8
88
79
68
17
44
28
1
88
17
147
43
57
181
21
29
60
12
2
42
39
20
30
89
48
154
147
19
44
53
26
32
54
19
77
33
30
7
5
36
5
8
58
13
36
13
14
109
19
204
131
63
35
7
64
31
166
82
19
30
78
4
47
195
88
8
204
57
39
233
80
256
53
64
28
3
21
83
9
229
30
38
197
7
60
93
3
34
189
4
53
101
14
17
30
66
88
25
76
44
49
48
6
108
11
9
4
25
22
23
15
86
132
184
28
2
20
25
11
81
24
143
42
138
11
88
90
25
54
14
9
12
53
47
10
208
38
94
27
66
26
15
18
15
18
37
85
27
23
1
89
7
99
75
12
33
17
13
20
38
7
171
69
22
76
184
4
80
99
63
176
5
100
43
27
29
56
9
33
17
388
64
145
235
93
42
56
1
1
146
11
130
11
8
78
341
16
186
130
39
8
27
28
9
51
2
173
55
24
152
153
17
38
44
157
10
43
357
36
49
70
85
18
199
179
10
4
94
36
103
98
135
30
3
37
55
61
9
39
43
21
3
156
28
5
40
69
43
35
6
29
18
34
15
48
28
31
6
43
13
13
182
17
38
10
34
60
26
24
38
63
32
11
53
37
126
4
38
1
7
8
4
6
12
79
20
6
93
12
52
107
71
14
156
46
65
24
20
18
149
44
100
99
53
36
15
88
167
97
44
19
15
53
19
64
132
22
70
41
51
28
9
32
9
128
66
12
128
28
80
33
15
62
14
19
19
109
194
78
20
227
25
46
27
136
125
154
264
15
14
35
18
49
80
27
9
58
75
94
127
6
14
5
17
101
209
126
74
50
37
112
25
53
17
57
23
16
71
12
50
6
81
235
48
22
11
323
15
82
46
12
2
82
19
103
52
23
43
49
35
18
81
45
6
148
36
3
34
38
172
184
24
29
42
1
8
17
111
18
32
81
49
64
86
80
8
49
31
13
11
13
221
49
109
174
51
63
50
61
40
52
9
10
13
15
45
17
127
40
68
154
4
87
5
335
162
110
8
132
57
3
23
273
105
1
38
69
4
54
13
103
57
155
32
23
45
44
5
7
7
76
25
9
73
43
7
1
5
29
56
64
136
205
8
22
6
6
14
26
68
19
11
6
17
71
15
19
18
68
54
55
5
51
9
70
49
88
62
64
288
195
58
20
56
21
128
27
16
85
5
35
145
23
37
54
5
43
45
127
25
11
29
20
77
21
34
147
304
170
24
1
31
32
67
35
36
87
16
82
55
203
206
146
17
140
5
22
72
18
43
85
26
19
22
139
23
63
48
2
111
10
60
60
180
29
51
7
66
106
25
25
104
7
56
72
6
135
132
22
1
14
5
62
34
8
54
4
27
45
9
52
13
138
56
1
26
30
35
128
6
13
41
58
22
74
132
106
23
160
152
144
25
40
1
84
14
5
36
42
76
5
11
64
100
53
24
37
38
76
29
92
31
87
63
80
63
83
85
90
11
68
38
13
99
165
18
38
33
20
378
8
5
7
15
36
23
340
88
48
73
102
8
146
14
237
24
35
172
27
6
131
77
37
39
169
23
45
19
95
49
79
145
13
15
7
74
68
8
21
1
136
47
58
11
172
137
21
91
65
249
5
19
16
45
34
29
7
50
4
89
24
67
148
85
2
145
90
68
29
6
43
19
38
89
74
23
7
10
71
54
213
71
3
2
73
12
8
3
23
40
64
86
185
111
1
1
16
104
1
12
22
23
42
1
127
32
93
95
71
4
18
99
111
14
110
102
96
27
4
26
38
51
74
14
143
140
19
25
13
20
96
10
33
228
72
133
13
21
9
48
70
134
23
36
24
84
9
12
64
47
83
40
53
13
4
104
11
76
148
69
110
1
25
99
6
10
23
38
25
6
18
54
4
13
162
62
53
102
166
58
50
80
21
57
41
64
6
45
3
44
111
48
67
8
48
8
102
2
16
145
60
12
89
51
47
22
40
150
70
24
73
31
16
80
21
21
15
50
32
59
93
18
98
208
26
76
1
51
41
3
108
84
21
4
32
62
8
126
146
1
40
2
74
16
45
14
47
36
10
1
35
6
78
32
13
137
173
91
100
28
36
15
36
83
63
44
3
20
11
88
49
55
51
21
26
27
82
5
18
136
84
51
39
55
37
11
147
141
25
11
185
64
171
21
147
28
96
70
53
25
30
50
77
152
203
90
20
48
35
95
20
100
9
2
7
16
30
23
26
15
87
63
36
23
23
37
32
17
28
9
15
64
56
5
7
39
62
23
32
52
4
30
22
10
42
53
56
4
78
53
111
70
21
4
126
52
17
158
66
16
192
36
81
30
34
26
14
62
12
20
33
11
226
75
2
18
14
6
17
82
71
18
65
34
57
8
75
21
11
79
141
148
249
14
450
42
5
464
99
69
88
26
28
39
23
29
64
9
150
14
22
5
15
98
74
110
75
39
68
82
20
172
78
138
125
33
161
47
22
64
68
7
126
147
15
26
42
108
150
75
5
7
1
24
6
30
28
62
4
13
86
10
3
66
5
24
21
89
186
62
7
34
104
87
45
68
22
17
45
72
38
2
76
77
38
66
96
2
1
43
18
42
13
1
31
82
8
2
84
11
8
17
10
42
8
21
146
4
52
8
99
18
65
255
61
7
25
25
12
22
7
16
22
1
155
1
32
12
18
7
303
1
19
33
60
8
7
84
149
2
39
28
31
18
29
8
13
130
12
97
63
84
82
61
74
2
21
43
94
41
43
129
12
13
22
33
39
21
61
23
17
23
71
24
1
4
51
149
6
84
130
1
40
327
7
41
105
34
50
4
499
111
128
52
62
17
93
89
15
13
8
1
128
70
16
36
186
18
39
36
12
91
27
9
39
88
16
64
3
135
110
398
13
32
55
64
59
8
97
17
13
63
25
102
83
18
77
12
15
12
13
92
38
24
27
20
53
10
60
78
167
38
7
130
31
142
1
40
20
152
208
29
62
50
17
94
5
2
32
32
93
77
53
95
12
58
3
135
36
27
12
15
37
56
96
52
63
125
54
110
52
30
49
96
34
18
137
31
42
2
16
53
13
13
71
164
32
53
16
38
168
46
28
55
218
64
19
1
40
5
95
10
133
34
67
46
4
147
17
46
48
34
39
7
67
3
7
110
10
3
18
130
24
13
14
20
39
8
142
203
61
34
55
5
26
20
12
64
35
67
8
31
39
28
309
130
76
11
17
80
195
22
137
147
48
289
4
133
112
102
10
81
62
80
7
19
20
195
15
64
182
228
149
76
11
82
57
48
86
66
20
112
12
632
183
9
27
19
87
12
141
90
9
66
87
82
6
3
64
56
63
15
302
10
81
160
12
5
23
25
14
20
61
6
39
90
86
46
45
182
22
22
7
128
22
158
52
51
3
9
191
44
45
29
48
36
3
72
22
65
921
70
11
22
42
96
37
148
3
2
38
131
53
73
53
30
168
13
19
47
17
32
171
284
37
84
93
55
3
155
237
18
50
99
258
128
30
33
24
25
86
161
4
9
101
1
46
43
1
50
13
1
103
21
27
75
194
237
31
7
160
66
74
79
86
6
134
84
20
143
63
68
21
12
32
7
30
6
69
147
35
27
107
48
32
53
53
72
44
102
217
19
45
56
54
7
52
108
32
92
10
21
14
1
6
8
4
67
4
40
11
137
79
7
2
30
62
31
35
9
42
137
3
31
320
6
15
40
23
3
38
52
46
26
61
33
31
16
19
71
38
12
14
24
52
17
67
41
297
20
38
11
126
106
308
76
26
48
53
5
13
9
91
67
36
4
31
39
20
59
127
3
144
79
17
95
145
60
87
66
21
77
93
78
28
58
20
17
34
55
34
179
29
46
83
18
149
53
55
66
34
9
44
2
104
5
35
145
37
73
32
58
81
11
9
46
40
25
81
105
8
1
41
46
93
5
39
198
60
72
13
29
46
21
25
4
104
23
169
1
140
27
88
7
31
33
27
56
4
66
131
88
162
38
23
27
18
12
2
33
3
5
10
187
28
8
19
14
109
16
31
10
29
168
76
1
55
21
12
41
39
37
30
172
26
72
1
7
15
141
20
169
89
11
11
21
3
8
73
64
88
6
9
53
61
192
34
43
27
28
35
18
27
164
33
77
26
40
39
28
79
13
3
28
29
48
97
26
14
15
7
39
44
28
54
40
8
18
28
52
67
97
2
48
2
20
3
82
8
47
102
86
47
318
15
20
43
49
105
59
21
93
70
90
12
191
35
37
36
20
3
51
42
18
162
31
25
24
26
14
21
6
8
15
18
216
37
17
86
48
151
49
48
89
220
158
6
13
22
49
26
1
23
39
4
13
15
192
57
69
3
43
5
47
34
9
23
28
239
35
100
1
107
2
44
10
73
4
76
32
6
157
7
56
60
136
68
34
204
23
33
64
18
26
84
44
82
97
164
3
31
100
136
42
53
33
35
65
39
69
95
6
1
89
2
1
47
6
15
176
72
18
26
36
100
18
86
68
15
150
12
34
134
132
27
74
3
3
73
28
18
50
230
60
138
88
20
309
184
2
12
51
51
18
135
33
55
95
15
6
48
23
83
52
41
42
9
185
105
24
12
30
42
37
20
36
51
110
104
27
141
8
47
10
21
3
62
24
76
11
23
23
152
52
31
254
350
64
11
13
16
2
80
6
6
41
103
102
49
70
6
65
53
44
51
51
151
4
45
98
38
7
139
55
24
50
152
5
19
35
3
381
70
172
49
126
63
90
73
23
79
42
28
14
10
52
155
190
63
43
44
21
156
16
33
54
14
170
39
377
21
60
135
52
6
33
13
54
26
13
6
23
26
111
49
8
62
91
7
33
3
57
31
20
21
26
92
5
40
53
7
20
8
98
14
49
57
54
56
67
241
27
27
23
96
184
170
143
7
59
50
1
277
11
148
8
214
29
58
69
1
42
28
61
17
1
107
5
17
71
17
3
284
44
27
61
183
15
7
9
26
83
42
84
4
39
66
35
53
109
11
33
59
31
82
195
44
74
69
2
36
53
2
83
33
45
7
69
82
71
24
28
240
23
147
97
194
75
15
28
37
10
16
14
46
2
25
32
49
80
49
37
106
48
18
56
8
41
30
49
2
13
45
76
50
8
9
32
19
28
22
58
178
67
141
34
3
17
47
177
71
83
2
61
103
40
32
139
137
59
10
65
110
130
32
10
94
1
202
203
31
49
18
102
6
83
1
87
11
9
70
89
190
36
33
56
54
159
106
45
23
44
18
59
20
379
18
8
4
58
3
163
54
185
52
34
223
1
14
185
69
5
28
3
68
1082
92
134
125
90
52
9
21
49
96
106
9
27
18
20
52
92
10
63
91
156
24
60
71
8
109
171
99
35
91
48
35
55
26
28
79
19
59
17
32
12
61
147
18
66
66
48
63
28
37
217
176
258
45
23
29
85
167
36
38
13
30
40
31
104
2
28
37
6
89
149
21
49
53
139
42
67
157
26
88
61
56
6
14
5
105
21
4
47
58
46
70
13
29
63
5
17
5
37
22
77
166
9
37
9
83
103
21
85
38
60
37
29
15
85
44
22
45
9
68
184
32
51
30
60
2
4
95
2
67
48
3
47
12
9
14
105
4
22
2
24
143
53
43
7
15
56
30
32
44
16
2
201
70
34
13
85
5
56
13
96
18
16
33
56
18
68
76
65
23
44
154
10
71
79
85
106
127
34
43
50
298
75
38
110
69
36
193
40
21
15
25
21
44
32
34
69
29
101
98
152
49
158
71
179
19
18
10
9
40
12
130
82
60
9
63
82
28
11
31
85
111
28
91
129
11
110
3
73
41
71
7
37
89
128
45
28
27
87
14
58
58
26
19
144
56
24
56
27
84
145
18
177
22
235
172
99
11
12
8
24
46
1
34
61
1
71
29
45
86
48
5
61
23
20
65
17
42
47
84
55
4
19
29
219
80
71
4
77
66
2
10
50
27
15
148
2
75
52
2
51
2
158
185
18
24
22
29
18
26
13
173
3
6
90
11
75
232
32
89
103
9
40
1
14
138
101
20
28
42
40
12
19
61
69
17
48
35
20
1
41
5
17
14
44
30
12
32
27
251
9
1
22
385
111
133
6
22
22
1
10
461
93
98
24
206
127
138
38
183
42
141
22
13
56
53
42
13
19
11
45
71
25
224
10
85
11
206
32
7
57
161
126
22
32
6
15
9
22
151
18
41
146
107
9
33
1
167
9
32
54
85
4
2
59
33
26
7
10
149
7
54
69
64
92
49
98
17
14
58
76
153
108
52
20
84
2
2
142
2
2
104
23
29
11
36
13
8
48
145
26
80
4308
17
200
4
47
72
39
30
54
47
49
145
8
40
29
62
2
35
82
37
4
92
10
50
64
36
7
251
3
13
37
25
39
227
2
10
5
138
134
57
196
57
73
98
141
49
26
62
55
25
30
448
45
46
127
8
62
1
48
32
29
99
125
29
13
23
60
19
100
103
55
3
67
29
139
177
60
58
104
181
77
1
56
209
35
11
48
89
87
49
170
13
9
191
14
88
11
33
71
55
52
17
45
6
195
52
22
33
4
57
33
65
2
139
31
86
5
14
71
147
53
11
48
44
53
18
174
3
4
25
4
190
19
510
33
146
34
76
13
22
15
108
11
5
72
35
136
34
111
45
57
27
111
26
133
51
4
74
6
48
25
29
30
12
125
55
40
1
27
12
29
56
27
84
70
40
41
14
340
95
26
203
82
162
51
5
80
181
14
31
32
1
381
18
194
155
7
42
103
7
4
98
14
16
26
67
104
37
20
88
18
18
2
1
5
41
1
48
10
57
56
16
16
17
17
108
27
169
4
33
15
230
103
109
8
151
18
26
8
10
1
144
45
31
7
133
63
77
84
39
29
13
70
35
8
178
37
19
28
85
17
23
4
91
53
158
14
23
7
16
10
8
9
13
20
18
79
61
165
193
132
14
53
12
45
80
90
74
6
80
240
100
23
20
86
33
43
39
27
41
5
38
81
132
39
92
55
1
53
24
175
16
36
70
26
22
71
25
16
207
110
19
257
164
5
81
11
3
29
27
175
22
32
10
66
23
17
92
5
60
28
97
110
62
24
17
71
47
46
61
81
6
50
59
37
41
29
102
51
53
64
16
239
20
27
6
22
139
1
22
32
67
14
61
32
87
108
2
3
2
11
37
51
27
99
2
53
28
7
15
2
34
16
3
58
159
32
25
3
42
21
37
25
41
65
15
43
215
19
4
29
6
38
4
125
111
52
22
37
67
2
24
130
76
24
52
52
4
7
6
10
16
61
47
2
79
69
5
22
34
47
44
11
14
128
57
20
97
22
5
19
105
59
41
35
57
80
11
50
19
39
30
332
25
152
18
45
3
64
167
17
14
2
9
13
213
1
28
341
1
6
56
3
36
39
54
36
34
13
22
155
152
29
33
44
13
215
11
89
12
2
88
80
42
109
36
10
54
87
10
91
53
8
758
3
97
2
8
10
195
30
13
29
56
145
43
83
140
26
55
41
6
9
13
27
26
2
36
48
41
146
83
73
1
26
108
52
42
131
37
34
8
60
30
135
73
19
39
110
71
25
178
12
65
46
53
9
8
68
32
30
61
65
35
39
57
18
34
10
85
83
184
84
83
110
394
43
20
69
83
50
2
62
44
15
59
85
21
32
56
27
288
165
41
71
34
90
73
6
85
71
36
41
4
103
58
7
71
299
32
28
14
13
34
45
26
49
100
68
24
57
32
49
4
21
66
133
257
55
1
15
20
26
30
24
27
68
43
17
137
43
36
215
85
21
24
181
159
47
77
93
58
67
36
66
180
49
58
156
68
5
98
5
108
42
77
48
59
19
76
168
7
10
60
84
13
105
108
2
37
47
6
25
109
13
10
228
101
318
75
22
14
2
53
78
185
313
28
38
3
50
49
36
62
86
54
15
34
8
36
104
48
2
8
60
57
32
4
91
47
5
3
94
4
77
46
53
1
19
187
6
50
108
104
4
147
40
189
2
3
32
95
12
20
1
1
43
105
10
29
37
4
38
93
67
46
63
78
1
133
81
20
48
72
4
12
49
20
15
453
4
51
176
38
39
137
52
39
26
15
43
196
186
26
233
19
46
26
12
23
41
47
17
48
43
36
7
90
12
13
8
19
3
8
97
63
57
51
82
20
32
47
3
45
63
32
26
43
74
42
2
61
4
34
15
63
28
58
5
62
56
86
8
188
107
70
27
43
5
12
499
223
19
15
23
225
200
135
15
1
2
40
14
4
232
11
4
69
51
9
136
20
88
86
133
52
99
223
17
51
73
1
18
21
197
81
5
14
159
90
46
17
152
48
25
10
51
94
192
23
53
29
18
31
5
7
1
35
90
60
11
13
1
49
15
26
135
19
4
58
40
2
71
82
29
316
26
84
4
87
46
8
52
189
30
23
42
16
6
48
103
6
17
36
31
42
82
51
47
35
61
52
99
15
38
27
32
138
14
21
4
12
69
54
53
45
136
21
12
527
71
175
7
50
38
62
20
92
78
34
30
12
177
138
8
6
73
5
104
11
109
13
13
32
77
61
658
83
159
67
139
71
43
13
60
21
16
26
84
37
379
23
52
3
31
270
37
70
2
137
42
58
5
8
20
60
11
17
12
69
68
46
86
7
33
31
24
29
105
50
1
34
127
144
28
64
11
60
23
108
52
45
28
59
59
39
24
50
31
92
165
32
7
189
377
104
29
37
13
134
83
40
99
87
7
10
132
133
137
70
37
4
79
102
24
52
13
39
5
13
9
168
27
44
65
21
45
32
14
181
72
18
9
184
100
65
1
9
19
17
9
19
5
35
21
107
64
262
39
25
37
32
2
136
25
69
127
74
19
21
110
138
10
76
98
24
67
54
22
88
59
89
38
82
20
28
154
62
14
23
87
11
109
10
56
11
9
16
28
41
23
5
26
65
14
24
29
39
10
26
17
45
64
47
53
47
15
42
51
12
112
3
1
22
13
19
7
107
34
20
54
138
194
89
21
31
73
93
44
24
50
6
52
63
14
32
33
11
43
7
3
23
6
78
37
65
13
21
25
26
5
18
34
40
139
58
82
76
153
60
28
61
10
89
145
41
47
68
9
26
1
209
30
88
86
58
40
12
24
1
3
70
44
2
4
4
144
23
36
144
88
39
34
33
18
29
47
141
203
51
24
14
26
14
95
55
198
14
79
24
23
82
21
1
71
30
139
100
28
5
5
4
172
6
100
63
132
43
147
19
42
8
84
22
53
50
21
36
9
36
4
89
23
341
15
52
97
47
51
318
29
134
47
75
25
36
176
5
76
94
40
7
315
82
73
16
5
9
37
72
6
5
13
167
10
48
32
32
40
33
39
21
103
220
53
99
65
5
7
36
41
11
3
1
152
110
47
97
24
132
88
24
2
52
144
10
147
163
175
10
38
7
5
21
11
34
125
96
69
7
21
21
10
37
52
59
60
25
101
20
1
193
29
31
95
37
26
6
44
142
1
30
5
33
20
16
31
158
142
39
108
44
132
20
7
26
94
3
87
3
25
14
47
7
50
53
37
37
9
20
12
4
2
148
42
27
23
100
12
64
103
54
4
27
168
82
24
42
8
12
25
1
172
8
10
14
11
49
87
24
34
32
6
1
90
10
67
24
80
12
74
37
17
75
18
41
83
84
52
138
36
10
18
13
43
24
22
16
171
193
109
9
154
8
32
49
41
11
59
8
8
41
58
29
165
109
15
38
47
56
33
72
34
15
45
61
127
20
15
131
151
61
31
107
73
7
10
175
16
62
9
134
48
7
38
24
19
17
45
11
195
161
139
78
48
91
70
2
46
33
59
10
58
15
6
4
37
5
34
45
8
56
43
138
67
55
59
30
43
23
35
54
130
162
59
97
1
63
46
11
129
2
101
4
16
21
32
107
19
390
86
99
100
23
14
21
32
56
132
15
10
68
26
69
32
7
128
151
22
23
58
16
25
50
6
24
148
21
8
159
22
77
80
135
18
16
11
142
15
37
155
29
142
64
14
7
38
36
33
16
64
36
20
12
51
10
33
59
86
55
165
79
60
20
132
34
82
9
52
60
34
107
54
14
5
47
40
31
3
58
7
50
42
1
73
198
72
28
24
145
19
43
78
167
41
23
92
28
9
17
28
62
31
48
93
8
64
247
12
10
47
78
84
89
85
137
53
130
55
18
107
10
67
30
8
31
234
90
32
136
97
3
17
76
33
27
3
32
21
46
18
17
8
5
175
54
236
3
75
51
87
33
27
186
134
48
7
15
58
19
18
1
63
29
68
11
34
14
13
22
19
46
52
86
93
95
68
105
45
108
30
85
56
101
27
96
9
11
21
9
3
59
12
52
204
4
8
48
2
128
39
145
2
31
99
43
287
24
4
58
77
54
179
37
17
21
15
30
46
66
15
109
79
108
37
23
29
77
20
43
70
43
22
22
93
98
20
68
25
24
26
49
13
19
45
92
75
12
6
13
32
34
106
63
146
108
42
48
157
26
6
14
2
382
29
126
49
60
14
2
27
14
48
9
139
40
55
24
80
137
9
8
22
199
22
41
21
39
23
174
154
6
47
14
10
23
51
38
22
83
19
153
14
17
11
21
75
2
7
40
22
133
139
62
60
84
12
76
53
57
56
21
55
24
31
33
37
24
10
111
23
14
28
136
64
58
1
27
46
3
15
19
12
38
75
32
3
37
49
51
85
33
87
112
17
22
25
22
50
9
25
10
6
8
9
33
179
36
24
59
3
41
47
12
2
38
12
9
66
1
18
47
99
82
37
8
95
14
14
18
22
50
177
3
7
15
51
4
43
8
18
68
78
64
17
112
71
1
3
107
189
139
61
42
85
53
30
30
27
31
82
73
39
36
48
137
16
75
18
36
1
13
7
128
18
40
95
19
12
11
23
31
8
24
60
2
17
141
649
34
41
24
41
76
166
33
38
147
37
20
5
127
193
23
11
12
38
5
15
7
11
77
88
7
3
44
129
24
63
16
226
33
40
89
28
32
14
73
6
30
11
61
28
399
18
51
51
57
5
16
23
30
207
10
57
56
20
46
80
286
126
167
1
99
57
126
42
3
4
140
63
3
25
100
56
40
13
70
6
1
11
23
183
20
62
108
64
2
104
299
10
8
37
167
132
38
188
93
148
106
78
26
23
127
43
35
125
30
46
58
32
80
15
7
9
257
28
68
42
44
80
73
24
92
43
18
3
59
36
22
97
145
54
83
4
44
17
19
85
9
98
133
55
22
47
3
66
34
36
90
13
338
75
103
1
13
57
9
149
56
169
84
2
76
105
35
4
101
43
88
4
75
36
18
27
157
49
1
170
49
22
13
147
52
27
49
147
58
55
14
31
52
20
68
58
96
12
27
23
3
11
60
70
24
41
107
35
32
21
36
46
45
215
3
149
27
16
46
45
2
143
40
27
35
37
14
7
59
21
24
6
49
141
45
11
40
129
136
20
4
23
53
77
39
52
32
18
77
12
70
2
37
2
163
6
70
26
32
11
40
139
18
31
109
13
13
69
131
106
108
147
38
13
259
85
37
12
24
44
106
55
18
14
94
31
94
4
110
58
56
10
107
7
32
28
68
57
62
18
53
62
17
36
9
67
88
36
91
18
226
7
22
66
54
17
7
128
5
39
39
90
47
133
20
50
19
105
46
38
20
69
67
25
14
45
49
14
11
19
4
314
42
48
54
21
10
60
27
39
20
16
62
44
28
12
17
155
140
14
53
28
134
5
167
55
35
41
17
6
95
251
78
16
10
8
94
136
63
63
8
74
50
2
83
83
17
46
330
55
110
85
4
81
67
7
19
48
100
85
188
102
10
3
74
10
19
15
16
80
27
151
38
930
28
52
33
40
110
71
24
100
39
26
29
187
1
10
9
91
46
57
1
161
110
6
58
9
6
13
132
93
45
133
9
95
44
16
2
26
10
14
11
49
136
32
80
60
13
133
9
1
99
54
5
25
25
11
70
130
3
136
84
84
109
68
52
161
5
210
44
144
74
40
43
78
15
169
4
19
163
43
51
1
38
8
53
5
56
63
185
5
106
7
158
35
55
23
22
58
85
56
32
161
14
26
20
54
172
5
49
90
3
49
25
33
10
72
44
16
1
70
13
5
18
59
2
12
91
63
22
35
26
39
55
43
12
77
10
55
100
21
68
40
51
32
80
65
53
64
126
23
56
40
60
46
16
11
71
217
17
24
76
47
3
161
36
30
23
44
15
56
26
5
36
75
21
158
4
68
127
56
61
100
49
77
10
102
42
255
27
146
148
22
53
46
41
144
14
152
94
187
155
37
53
93
152
32
86
7
22
74
5
82
83
1
156
4
67
180
77
15
81
29
1
307
5
71
193
142
26
38
12
53
7
38
11
91
30
53
47
26
45
17
76
3
9
81
27
36
83
78
7
18
37
455
32
54
197
23
211
125
82
21
75
48
57
33
10
27
30
22
7
40
108
9
9
108
16
186
10
64
65
508
108
19
96
44
63
95
163
84
157
38
8
400
47
77
3
140
79
42
76
144
183
62
50
9
12
41
44
10
145
54
31
53
144
8
102
50
109
44
197
57
80
150
42
51
15
132
6
27
49
41
14
35
93
37
25
38
21
10
52
4
14
10
95
23
43
10
41
39
11
38
41
40
144
61
143
27
13
58
11
9
80
211
145
26
4
24
47
144
21
22
75
6
171
24
25
99
190
25
104
3
182
136
132
214
131
158
91
168
21
92
5
40
54
40
24
145
5
59
51
17
84
58
132
147
11
7
1
58
17
189
110
64
168
52
31
142
139
24
7
6
46
11
59
54
87
8
54
24
69
7
58
62
13
14
132
40
338
3
157
89
8
9
1
18
92
86
5
139
48
15
85
24
274
13
29
26
21
36
2
222
29
389
37
39
149
87
77
15
8
46
10
46
32
49
161
72
17
42
6
24
18
14
19
39
56
158
83
3
45
168
37
39
74
71
1
74
43
2
29
32
22
7
308
24
98
57
21
20
32
216
4
8
22
128
205
73
38
43
38
15
2
61
74
34
11
208
37
48
69
94
20
1
64
10
159
33
3
34
55
104
22
25
73
34
15
28
2
9
22
4
22
6
13
57
33
52
25
14
34
21
72
73
21
62
65
131
48
32
39
42
30
23
24
26
25
36
139
26
4
30
20
22
234
239
81
33
71
42
81
79
6
35
20
17
5
24
68
24
13
19
79
20
155
80
95
22
55
35
63
45
138
2
79
9
3
40
25
407
11
3
25
49
29
4
45
29
251
51
12
75
190
374
5
54
26
18
6
35
68
91
19
25
63
25
26
23
76
31
5
61
6
90
3
26
27
5
21
56
140
21
2
17
46
139
41
223
68
33
29
305
20
85
64
105
37
6
55
74
6
66
77
35
37
43
40
101
213
3
5
161
18
105
26
67
14
68
10
19
29
301
50
159
7
11
26
21
14
45
16
8
44
136
5
80
34
99
47
49
44
46
17
66
162
102
38
45
696
43
185
3
7
2
110
41
18
43
132
37
55
48
37
131
37
32
12
6
16
201
66
44
4
22
63
51
150
11
25
93
65
32
42
33
147
48
86
22
24
50
186
17
553
48
4
81
268
12
80
86
187
9
18
42
32
203
19
6
67
93
25
11
56
4
31
2
156
185
11
33
5
3
24
59
19
126
23
22
9
70
36
43
58
40
55
68
30
7
6
32
47
50
79
20
33
6
20
10
7
144
79
15
32
74
5
51
2
21
56
96
70
36
107
36
13
18
66
162
18
29
5
14
144
44
54
74
41
13
34
2
55
45
23
7
4
14
37
33
77
4
2
26
103
7
60
104
53
4
14
452
19
25
15
105
95
7
39
59
57
70
51
58
12
97
4
2
74
93
14
45
35
40
95
18
13
11
73
9
7
147
55
27
10
61
83
83
8
17
55
4
76
46
6
35
266
51
155
21
91
47
128
136
54
56
8
79
10
61
2
51
1
21
189
65
17
37
1
46
23
3
157
84
111
54
39
8
129
76
5
126
3
91
55
7
19
85
95
27
65
131
13
54
18
216
7
219
2
41
40
16
26
98
756
9
100
133
19
56
10
71
166
55
20
15
37
92
108
251
18
86
13
42
46
47
40
62
31
23
21
40
55
216
1333
11
49
70
53
45
7
22
93
25
61
20
76
29
12
32
2
61
53
100
56
20
173
15
106
17
38
29
9
50
66
6
5
8
29
34
77
23
2
14
46
161
18
33
103
59
17
49
71
97
98
32
28
24
28
5
10
2
9
31
29
30
52
17
7
151
89
42
93
4
34
7
28
42
13
300
66
83
167
70
91
188
36
44
69
130
2
80
98
6
53
97
93
181
3
330
9
21
36
52
164
42
100
43
216
20
5
104
197
1
224
84
16
13
87
10
18
373
65
65
160
142
1
19
167
88
62
19
36
144
39
11
19
20
25
66
47
32
36
42
259
7
7
83
15
6
15
37
11
28
111
552
12
1
46
50
3
21
24
27
81
5
90
42
38
19
43
137
165
169
60
24
2
74
78
2
55
6
103
93
27
107
226
35
71
62
17
5
214
47
23
3
34
4
23
12
15
14
262
14
27
58
136
33
93
53
17
50
226
161
16
30
51
88
180
34
72
15
19
91
85
12
41
42
7
48
25
54
23
43
165
40
47
62
36
16
74
60
8
96
7
12
61
68
169
49
303
5
36
151
28
50
5
23
73
138
9
43
110
42
49
5
159
7
7
9
138
45
32
2
28
4
82
53
140
6
81
41
38
14
149
5
53
53
50
205
43
11
75
17
35
21
35
6
39
139
4
24
74
14
43
39
37
68
55
189
16
64
16
28
178
39
15
16
86
12
17
12
156
35
42
10
58
17
99
46
24
65
25
40
44
70
90
1
20
14
30
79
45
49
96
21
35
147
20
133
271
10
533
40
56
60
66
11
152
152
61
80
55
33
30
17
55
54
37
69
49
19
5
84
83
6
37
106
315
14
61
27
58
406
83
19
175
16
57
99
13
145
26
38
28
75
71
50
104
23
74
73
131
129
62
9
19
6
230
4
47
101
19
9
54
50
2
76
144
96
18
26
57
7
130
29
27
11
282
49
53
50
58
51
11
47
74
21
55
22
56
158
31
43
75
22
26
58
137
75
40
50
8
172
4
79
32
31
83
27
41
23
20
21
91
70
36
4
140
22
33
2
26
111
464
36
29
21
46
12
41
95
73
26
46
8
71
208
132
106
67
154
27
46
29
16
19
5
31
106
38
60
142
57
67
93
97
13
8
48
51
108
6
8
112
5
85
107
159
57
32
138
33
46
17
59
160
59
40
24
98
322
26
104
18
61
284
68
94
40
13
102
4
74
30
5
176
195
84
87
27
39
32
39
251
9
73
103
136
11
160
95
48
144
19
97
18
76
2
202
14
38
13
42
26
104
88
26
630
42
70
50
1
8
43
141
44
33
60
84
4
14
131
11
9
28
84
39
6
27
24
31
36
81
16
125
163
10
144
74
34
4
69
171
33
106
18
63
9
65
48
14
37
44
41
18
46
319
17
36
73
26
77
17
60
137
42
78
11
21
20
56
18
21
95
1
137
15
34
4
9
62
29
72
51
46
4
37
7
5
13
31
39
23
9
1
47
11
193
28
1
14
234
71
33
1
50
134
25
151
103
157
8
86
13
28
5
14
129
71
17
11
10
8
65
47
16
129
204
11
57
35
48
62
15
14
49
19
75
26
77
32
9
94
102
108
8
28
39
203
34
137
29
44
182
71
3
41
26
136
69
3
38
31
36
39
34
61
132
10
6
72
9
25
10
11
54
56
3
17
44
42
70
23
16
78
51
63
13
50
1
61
307
4
176
217
77
40
23
3
59
2
40
11
36
8
13
2
139
95
34
128
75
20
79
40
10
59
27
12
10
20
1
57
14
20
33
62
11
5
48
5
31
59
80
7
38
29
10
21
40
125
81
93
41
39
29
89
1
21
57
19
11
85
25
23
75
13
318
34
50
66
16
11
54
81
39
15
65
126
3
111
58
6
7
37
65
101
64
59
8
84
53
70
106
39
45
14
14
130
52
127
145
6
161
29
64
41
48
37
53
23
36
20
14
21
52
35
52
10
4
28
11
3
103
149
99
89
64
55
33
98
72
6
8
26
5
39
101
16
15
165
11
4
180
241
53
6
7
49
81
164
35
79
56
39
26
520
7
22
8
47
87
33
17
25
99
9
56
88
11
3
3
17
61
70
32
83
32
144
26
47
51
40
34
68
26
4
36
7
64
24
54
33
195
48
21
55
102
25
215
35
1
4
52
98
14
60
169
465
6
19
82
155
74
6
15
28
2
9
60
8
31
183
15
64
69
9
22
34
128
25
54
152
11
24
17
14
40
43
111
4
70
10
211
504
27
19
18
29
26
51
2
63
94
58
42
95
157
39
19
40
138
53
30
96
32
46
83
11
148
12
6
11
31
76
27
51
22
70
29
64
22
19
59
143
130
7
5
84
46
29
43
6
63
19
141
2
9
1
14
25
29
21
187
12
24
11
10
160
215
13
94
35
47
20
37
49
41
12
38
7
5
64
26
50
72
8
26
107
39
6
4
4
4
179
97
27
58
92
68
36
164
4
26
20
25
66
52
52
501
35
34
50
41
37
72
48
181
47
111
14
32
10
19
37
8
19
15
32
146
8
387
49
53
201
32
2
43
50
75
37
58
34
20
111
67
130
4
99
108
8
24
28
19
53
19
2
18
44
15
256
35
8
84
1
129
313
13
16
2
23
30
34
147
18
3
102
36
63
30
157
125
4
87
216
137
304
41
97
3
207
111
8
132
77
33
69
221
6
10
95
11
112
3
35
12
162
7
27
281
148
63
8
82
34
131
87
2
233
20
50
65
30
125
139
46
28
41
21
26
36
80
19
14
6
17
5
58
44
1
93
100
9
13
251
8
25
11
173
12
1
46
207
66
71
4
2
53
226
78
130
43
98
134
20
59
8
24
63
251
253
51
24
20
86
62
58
8
25
48
14
26
160
34
132
76
6
34
182
27
13
3
10
164
86
80
68
51
145
5
7
22
146
197
10
32
64
18
80
52
23
19
49
17
20
108
26
33
2
41
146
82
12
1
5
52
28
14
231
112
4
19
102
72
58
18
25
75
35
17
220
60
70
221
140
74
42
23
79
102
8
10
153
32
26
7
17
3
28
14
17
112
26
38
37
68
152
102
84
44
75
204
6
14
18
12
3
54
75
77
73
61
5
125
38
48
47
8
2
83
148
9
26
21
39
142
37
15
6
11
65
111
127
17
57
65
21
129
152
45
50
28
160
74
87
2
38
19
18
100
128
71
25
26
26
24
26
96
24
16
104
164
136
24
48
13
38
14
161
129
1
79
36
43
31
72
33
75
154
46
20
17
19
56
150
36
10
206
36
92
21
112
2
148
28
15
165
56
74
140
34
49
171
203
19
36
12
18
46
13
37
65
38
251
38
49
14
54
52
73
125
16
3
106
19
104
191
30
12
82
43
30
11
73
7
53
5
109
8
234
1
3
36
61
82
21
43
4
42
89
105
11
34
95
48
32
38
4
69
69
59
14
111
50
10
206
45
86
26
3
42
10
141
9
32
175
102
85
9
34
60
158
49
63
27
61
78
26
13
135
41
15
181
17
2
10
27
22
95
137
4
55
6
71
31
140
30
229
143
2
35
14
31
108
99
9
26
81
4
15
126
57
158
8
144
84
459
2
112
16
23
2
2
23
41
52
60
84
53
30
161
61
30
58
70
27
100
56
56
50
70
46
135
4
7
148
18
41
3
28
30
145
112
37
27
147
42
31
3
37
10
221
50
66
132
10
151
7
56
327
13
9
24
62
51
89
44
53
1
63
37
158
20
5
42
8
48
10
13
80
46
15
74
53
95
28
56
146
136
180
21
39
59
207
63
57
32
32
81
4
20
56
62
88
7
68
58
44
75
8
75
54
153
26
15
134
81
9
29
23
31
17
32
5
35
5
6
35
69
19
47
217
2
5
32
10
7
17
6
76
80
65
60
39
6
11
254
125
158
2
14
63
33
23
10
106
10
23
167
143
34
385
5
35
2
20
47
161
6
55
74
65
45
141
45
15
5
4
54
220
19
20
83
42
33
31
74
74
142
77
2
22
82
66
92
25
258
15
2
30
25
57
29
5
40
14
24
49
335
39
52
12
85
168
6
94
76
9
52
246
72
12
43
39
62
38
149
12
18
2
54
6
9
24
2
4
132
156
6
136
36
158
32
76
147
38
36
54
75
41
89
41
85
69
23
61
30
2
8
23
46
31
15
76
3
93
47
16
140
130
11
40
91
11
57
86
75
8
53
141
7
27
79
15
15
20
76
40
51
59
34
35
41
135
68
5
9
463
33
107
91
43
15
12
2
70
35
71
24
17
232
25
82
4
49
10
16
39
59
54
56
49
4
64
208
29
30
48
149
97
23
7
125
94
44
2
255
8
76
51
42
64
30
12
24
33
109
154
52
57
22
12
42
58
7
36
84
58
108
88
64
129
12
16
69
6
36
45
187
63
106
45
59
86
14
44
9
19
18
78
13
46
4
50
102
39
29
5
141
308
62
158
65
26
13
82
136
15
27
23
36
132
1
28
8
88
19
28
7
64
12
11
3
15
10
6
17
24
50
104
38
45
29
127
57
30
207
6
181
6
25
52
46
82
166
20
16
2
74
82
20
173
29
50
22
34
36
6
5
16
24
131
36
67
19
83
76
44
43
46
93
127
19
35
42
15
56
140
3
10
6
134
12
1
26
5
1
42
81
7
34
13
26
3
68
49
178
18
30
128
25
19
90
109
2
31
38
3
321
22
3
34
6
83
20
180
300
21
29
513
22
68
17
53
51
35
39
62
16
135
80
21
56
45
70
16
14
62
26
18
62
25
80
10
11
222
52
85
6
44
7
54
14
30
49
29
3
131
10
34
35
19
36
63
36
34
5
169
6
32
6
138
59
45
40
32
193
10
136
129
92
8
35
144
50
22
30
14
3
47
49
49
25
43
7
16
40
9
139
65
23
63
249
29
14
30
76
27
20
48
35
3
65
161
53
64
110
22
36
74
25
9
44
210
10
2
10
286
59
48
36
34
31
4
32
31
126
57
134
2
44
47
32
23
47
10
27
11
34
58
150
4
22
78
32
42
38
50
60
4
91
32
186
16
8
16
78
9
59
24
134
305
2
19
28
96
7
130
76
77
36
52
45
10
41
66
5
11
16
257
177
180
87
11
8
64
3
73
92
67
2
90
49
63
157
48
21
132
15
78
12
64
4
74
26
16
60
14
95
18
49
94
54
38
4
34
21
53
26
46
72
11
23
14
27
176
17
7
141
9
27
8
16
144
64
11
35
112
47
2
5
35
28
142
12
88
4
14
4
52
11
99
3
53
20
18
12
42
33
2
24
22
109
59
104
10
39
78
171
3
130
2
88
245
110
35
87
33
51
42
38
46
46
45
44
32
21
40
16
67
27
69
40
2
50
277
131
146
389
3
8
87
10
74
2
7
7
105
6
12
5
5
30
20
69
54
17
28
147
74
50
5
6
45
9
45
89
28
34
2
2
4
9
3
212
49
73
54
40
46
20
6
34
9
4
100
48
77
137
136
31
70
63
39
45
35
28
7
42
84
30
194
153
7
41
81
95
13
103
16
53
73
63
11
71
3
8
252
34
2
35
163
38
2
263
31
10
16
267
43
69
56
38
149
19
2
9
49
4
45
5
31
13
3
3
30
3
76
25
75
19
281
112
106
15
99
24
14
67
62
258
66
81
30
103
230
52
18
101
60
12
51
25
22
8
26
74
12
89
1
73
8
100
93
11
2
98
136
81
55
155
32
4
105
9
42
24
55
71
92
90
2
67
65
26
6
50
104
5
28
78
32
10
48
67
105
48
100
24
23
92
177
21
163
1
12
70
68
59
48
12
51
159
52
44
35
27
23
38
17
165
36
27
46
222
84
56
96
57
9
125
129
9
28
11
33
12
125
59
152
64
20
52
34
22
68
253
148
173
29
13
87
20
17
64
38
43
91
36
12
238
168
27
55
83
1
37
8
14
