94
5
43
97
23
45
58
49
80
4
51
14
38
21
8
28
30
91
116
252
236
53
60
17
23
450
21
59
59
2
180
17
17
1
169
80
185
94
119
61
263
16
17
123
55
48
20
46
127
16
137
17
93
113
141
243
75
105
59
9
139
2
130
105
6
424
54
18
4
105
278
85
102
9
78
39
158
9
100
57
55
88
23
52
290
9
237
101
12
5
41
34
10
132
123
25
6
42
99
172
144
89
58
78
3
536
31
44
142
137
11
67
73
36
132
18
24
48
83
27
106
90
83
1
136
29
149
142
92
54
59
167
104
52
62
105
38
56
58
22
55
69
48
121
44
24
6
27
23
472
37
208
119
11
33
183
76
21
16
38
13
62
134
49
24
55
13
68
33
65
143
59
91
23
160
33
3
80
84
40
107
114
163
20
29
8
176
76
70
79
1
54
39
21
3
52
53
159
139
352
21
48
18
67
211
11
171
103
126
71
42
23
2
111
3
41
10
32
16
27
232
27
42
2
23
122
9
73
35
11
7
8
54
18
101
72
30
11
184
235
148
160
150
212
5
39
119
63
15
361
35
5
67
135
126
30
91
99
135
8
75
39
4
18
128
74
87
57
46
11
268
24
40
40
91
160
41
108
202
135
75
47
35
60
76
153
14
13
35
59
24
8
29
70
95
49
22
48
124
49
261
39
99
71
20
82
46
11
38
34
13
38
233
6
102
14
20
1
91
180
9
64
5
2
61
49
273
24
13
61
23
65
31
8
186
101
98
131
16
62
53
66
194
9
3
33
96
234
48
49
24
22
97
140
167
33
42
108
100
6
170
58
7
27
38
49
39
120
59
43
106
67
37
38
51
67
41
64
113
31
49
118
12
34
70
82
165
73
235
15
30
41
10
315
258
21
57
16
29
191
165
100
58
26
181
210
39
48
41
97
20
32
45
12
22
21
157
18
7
28
44
39
81
60
12
2
168
106
79
13
95
139
10
17
179
31
36
39
14
4
50
6
49
13
11
96
8
81
22
87
24
68
71
37
32
205
100
157
61
9
118
23
46
21
88
16
87
43
36
190
151
12
79
16
131
72
34
32
80
11
50
151
106
61
41
31
162
123
124
127
119
47
53
28
38
105
72
66
43
66
110
153
115
72
57
65
125
21
31
160
85
7
7
58
25
5
109
245
88
95
77
88
16
31
32
29
100
68
97
170
282
54
14
72
91
1
5
97
7
15
80
26
60
193
81
62
84
9
51
25
29
29
129
5
5
28
12
42
71
24
186
32
88
64
46
8
41
79
23
136
46
171
61
51
48
85
120
16
19
44
156
185
169
96
117
105
91
94
62
111
52
1
82
48
86
3
108
168
39
59
73
112
15
205
26
97
90
24
48
13
23
52
39
56
28
19
38
56
102
193
45
1
223
122
53
22
167
1
113
414
18
14
38
109
93
52
80
139
9
80
2
35
20
5
71
65
69
67
1
61
13
7
61
27
14
250
9
85
181
45
230
29
39
29
173
28
7
104
42
188
51
32
7
104
21
23
143
2
118
136
97
93
125
12
9
5
12
22
40
127
27
77
18
11
152
71
113
9
112
19
254
78
137
97
21
135
43
105
46
10
100
55
11
32
14
4
44
10
62
370
86
62
277
167
100
13
70
81
21
2
12
189
72
55
5
18
24
76
126
37
68
17
38
2
12
121
129
74
48
89
122
63
92
54
28
19
32
13
139
184
59
62
139
20
113
13
49
14
90
14
1
14
344
146
105
45
94
235
55
327
86
90
5
139
19
44
39
147
56
174
20
101
21
2
128
19
310
144
2
6
66
12
79
97
16
219
71
44
55
45
59
35
280
100
62
45
150
119
38
87
128
49
42
99
138
18
62
68
162
29
54
23
67
7
95
22
84
65
101
31
8
190
13
81
216
279
11
65
17
91
10
14
264
68
26
85
363
83
117
11
170
29
14
135
11
85
128
34
10
10
19
54
18
34
100
16
4
38
107
97
19
52
9
99
88
52
43
19
96
65
3
12
65
46
119
32
27
1
53
61
29
4
1
5
5
21
179
18
3
88
31
13
30
27
55
150
21
33
12
110
67
185
13
43
18
1
11
62
56
2
140
95
161
54
7
22
263
172
18
23
205
54
140
237
3
50
233
5
68
46
40
25
20
104
95
61
99
41
23
65
4
8
62
24
54
19
7
52
7
106
7
30
206
258
62
40
117
84
72
27
25
4
136
24
93
2
12
38
29
34
31
141
55
30
12
36
86
79
14
84
83
58
17
64
24
21
116
82
24
33
26
44
117
14
23
122
67
68
98
129
32
81
64
4
242
132
57
29
72
7
154
2
17
18
124
58
5
305
106
17
20
127
131
266
186
6
29
139
12
7
4
55
41
204
37
33
57
92
41
105
44
48
34
70
9
43
60
22
7
25
20
37
140
75
21
102
112
160
64
113
6
9
96
29
77
55
107
42
3
39
37
27
27
21
14
23
125
1
17
14
11
15
274
82
8
66
151
51
44
131
178
5
14
43
100
135
328
4
52
118
81
17
108
23
42
148
125
95
5
60
21
18
44
57
66
346
14
49
34
243
21
147
71
17
19
18
40
7
155
151
15
363
72
2
44
33
6
15
21
31
105
20
108
133
20
53
131
75
66
116
131
65
95
122
17
1
15
87
27
27
62
296
10
208
183
13
23
163
12
129
9
202
60
267
16
156
112
29
112
70
117
12
56
215
21
16
62
16
74
110
7
53
27
29
14
61
66
160
91
17
51
30
3
4
9
2
9
21
39
90
93
21
32
114
93
57
10
4
16
39
346
134
122
95
23
5
4
18
101
41
91
87
44
103
15
43
129
31
39
170
20
367
67
100
9
199
42
361
32
169
37
25
17
55
126
78
29
176
64
31
11
35
34
19
31
74
299
192
116
22
6
16
373
32
26
93
46
47
45
56
17
24
66
24
25
72
177
294
23
14
160
1
75
94
32
42
122
52
106
41
99
80
13
10
1
45
8
97
31
35
3
163
82
306
7
82
31
46
25
26
27
2
37
25
65
23
47
25
149
43
86
4
42
49
61
23
22
74
28
83
57
67
76
96
5
151
120
166
126
41
83
30
103
16
22
44
17
26
84
145
5
65
111
161
23
45
56
21
79
78
21
3
32
128
185
11
13
43
62
37
51
2
22
157
94
60
74
33
138
21
181
5
172
94
15
59
291
36
103
73
100
61
63
4
63
150
18
40
12
26
191
12
124
77
3
19
57
43
118
16
14
120
45
11
11
176
97
92
180
70
44
30
51
221
245
3
123
22
80
178
52
32
15
43
324
47
113
66
4
70
56
28
8
192
76
47
111
69
8
46
62
90
115
6
10
92
113
16
328
111
64
91
95
34
11
72
18
124
77
134
85
49
7
44
134
103
51
8
10
22
62
14
93
8
22
3
1
57
31
22
264
45
147
15
223
30
27
28
17
25
94
57
164
1
2
225
83
135
11
80
72
26
56
14
28
123
15
74
10
13
37
17
62
45
201
69
34
125
30
33
125
309
7
31
38
23
49
152
89
13
5
45
33
99
136
158
69
81
124
2
226
44
8
342
71
32
44
182
5
18
12
155
97
151
73
2
27
4
45
11
59
99
107
101
25
243
59
20
2
44
1
119
81
10
12
171
30
20
20
69
63
48
23
124
101
136
5
49
90
16
2
227
6
104
7
75
253
25
37
81
5
94
137
59
25
29
146
124
149
29
51
86
148
111
22
123
9
1
34
107
163
53
136
48
26
30
99
4
54
148
195
26
13
2
3
81
65
40
37
69
93
38
89
59
1
165
29
24
19
88
109
120
277
22
6
38
91
11
110
43
29
34
33
3
28
260
6
193
19
72
62
10
59
35
63
5
117
74
8
25
272
125
50
168
115
86
119
218
41
45
99
41
73
49
40
7
24
66
4
57
22
90
107
109
10
51
75
94
42
28
4
71
71
41
139
107
26
6
18
34
21
33
43
95
19
160
51
41
153
367
20
20
33
31
119
70
69
33
189
59
110
16
99
38
28
66
19
32
64
142
16
151
30
103
51
59
2
7
47
13
35
122
205
13
98
65
6
53
161
65
142
13
173
60
141
39
9
39
31
239
129
28
80
49
7
34
11
8
73
58
30
18
52
18
125
100
44
16
100
44
8
93
22
41
38
187
61
57
20
149
8
14
43
27
35
90
36
14
17
83
25
11
146
84
159
24
4
30
39
173
18
33
40
12
87
38
10
141
5
48
20
62
79
88
64
2
19
130
25
1
33
3
234
14
98
3
19
30
71
161
46
121
109
118
97
65
34
44
69
152
172
45
17
12
65
90
47
28
58
12
136
191
51
11
189
117
69
118
93
74
60
5
18
115
11
63
134
24
79
78
64
40
213
64
41
171
90
45
29
50
69
28
1
28
88
22
27
133
176
1
11
6
7
13
439
33
74
261
128
109
107
4
61
259
5
28
84
24
14
70
58
47
18
12
213
76
173
32
85
10
93
76
5
13
137
87
3
41
20
150
228
215
60
52
122
14
124
18
16
43
49
103
129
8
23
25
244
21
13
54
13
41
40
124
6
85
32
123
121
5
103
53
14
62
11
36
186
15
42
108
40
50
152
4
18
18
4
21
197
49
9
67
33
60
30
22
64
160
78
78
105
165
44
109
55
55
5
3
10
49
13
128
342
75
61
71
1
170
7
12
147
119
156
34
57
5
49
246
26
1
20
175
165
131
40
33
104
34
85
1
95
20
88
8
62
116
134
8
77
134
36
36
39
247
3
24
52
61
90
263
56
34
94
219
62
16
71
49
55
79
373
25
19
91
34
46
121
47
92
66
10
216
100
37
9
54
10
129
177
71
8
27
14
4
33
77
55
37
9
25
26
57
21
62
29
97
111
2
136
38
15
32
22
41
23
58
147
45
16
74
40
37
33
68
121
55
37
41
31
75
5
85
43
42
31
140
104
2
29
11
211
14
128
15
21
16
35
109
41
16
1
9
4
87
183
73
36
1
92
37
85
24
142
32
2
9
14
44
9
1
25
187
55
80
9
137
111
227
40
81
24
2
21
63
170
309
130
25
190
47
247
153
262
120
14
77
95
60
56
11
7
40
58
76
140
90
15
15
100
23
49
55
5
81
41
9
54
226
204
13
11
149
9
23
171
99
12
73
7
20
62
37
43
30
2
55
73
176
28
88
8
66
36
74
63
3
29
49
20
28
81
28
5
92
87
75
34
79
267
47
18
16
102
37
95
43
43
94
4
130
43
79
4
260
43
8
18
70
26
47
97
117
24
57
3
267
112
2
101
41
24
5
74
60
51
14
103
85
42
35
160
49
130
302
35
10
107
8
22
49
15
86
64
22
55
9
119
5
50
66
22
84
29
23
21
217
98
29
163
67
14
33
50
20
8
9
42
44
201
10
47
47
176
34
5
31
92
90
40
31
9
21
105
13
11
111
31
61
29
46
89
62
14
37
121
7
18
259
74
2
20
4
12
2
101
117
39
145
12
15
21
24
33
100
116
48
1
31
86
94
29
68
8
45
22
53
13
38
33
13
2
57
86
42
73
48
81
70
44
120
14
37
141
23
201
104
169
69
49
124
68
77
51
73
86
73
82
114
31
8
16
130
15
17
88
28
3
34
12
9
96
6
41
21
95
25
62
92
20
15
102
163
3
98
95
48
6
90
66
23
19
23
38
237
29
209
31
87
75
4
18
73
63
116
125
185
41
21
66
6
73
8
3
102
84
3
44
60
77
4
100
36
42
24
69
3
34
70
16
12
152
109
56
43
89
30
169
5
33
121
21
10
207
69
28
19
24
119
105
35
152
23
19
7
10
85
36
2
49
81
4
79
6
12
30
4
22
24
102
3
88
47
14
133
60
18
125
25
11
8
28
283
76
16
120
84
47
60
28
159
252
81
136
238
46
2
3
33
51
5
1
17
205
75
2
26
67
136
2
4
53
25
80
90
9
16
31
4
122
2
92
226
226
68
17
127
68
131
65
5
13
32
98
12
3
71
27
59
4
143
50
59
9
84
286
40
9
9
19
97
45
106
37
125
57
53
7
5
12
87
90
40
94
28
22
1
2
49
26
8
31
56
21
54
22
51
21
39
12
50
86
14
3
319
19
28
113
196
130
57
88
181
120
138
139
29
141
63
123
44
314
13
8
49
223
19
36
240
126
22
169
20
26
137
129
381
107
100
21
7
24
39
123
410
11
23
25
107
29
12
44
61
46
23
109
71
108
133
237
17
50
43
30
76
6
168
133
138
197
83
49
73
32
356
7
63
49
38
82
90
70
84
48
16
65
117
17
210
74
163
50
91
176
163
1
26
4
78
45
25
10
37
106
17
150
3
74
20
188
65
194
9
110
90
162
19
67
38
97
9
71
48
222
88
74
10
132
21
68
83
67
186
48
20
29
66
128
1
66
20
7
9
493
90
315
81
60
52
50
1
75
14
123
146
148
53
36
131
17
14
45
14
63
27
15
77
4
75
29
5
128
47
63
3
113
46
3
13
78
23
21
42
1
35
192
106
120
27
58
18
128
24
113
44
16
50
13
20
36
12
26
39
10
110
55
129
3
10
132
46
9
91
70
49
13
13
8
25
55
21
19
36
795
154
61
11
82
90
7
25
99
35
162
56
31
195
17
4
43
110
2
6
1
34
212
80
29
9
93
198
63
32
158
14
20
69
55
25
10
95
80
34
52
44
68
213
15
1
133
45
2
128
122
144
155
10
3
162
28
78
19
8
180
17
335
7
17
78
119
4
120
111
40
213
53
36
25
78
156
237
85
12
165
24
17
56
274
67
20
121
51
102
38
156
2
190
43
4
27
142
29
28
55
21
270
230
6
234
90
84
27
29
117
135
46
90
170
81
25
100
1
89
33
60
41
207
42
5
34
96
77
41
2
68
25
72
50
38
30
107
39
97
32
25
41
38
28
11
169
305
92
103
31
138
8
5
30
5
351
60
91
7
64
62
64
11
109
13
19
45
2
63
45
17
74
147
16
97
262
8
69
7
86
5
136
6
1
48
14
76
54
73
26
33
17
61
64
10
20
74
155
48
76
109
7
112
54
101
44
127
256
34
31
22
15
74
14
42
33
8
24
80
6
70
21
91
25
43
40
50
29
22
8
10
72
34
42
58
87
230
25
148
7
41
63
117
19
114
24
2
57
200
38
2
61
28
136
5
65
6
20
28
127
131
215
113
34
14
75
76
13
86
28
4
61
22
233
31
59
100
73
26
160
13
12
354
10
5
240
17
60
13
113
214
3
117
59
11
7
43
35
57
3
123
17
32
61
92
82
39
17
23
45
73
98
7
49
29
15
37
9
59
29
11
30
5
54
1
21
387
22
8
64
3
89
14
52
21
126
13
37
90
189
41
120
7
71
58
55
16
46
102
17
56
98
98
46
23
64
6
11
3
47
22
130
196
143
43
83
42
90
79
29
5
11
77
149
29
2
172
4
27
23
43
68
87
43
17
81
36
23
15
6
148
9
7
41
82
48
21
91
88
17
197
32
196
101
69
264
75
11
65
62
134
10
38
128
25
368
67
17
33
70
103
26
58
57
38
262
35
166
64
65
72
7
12
23
81
343
279
29
52
11
9
42
80
105
37
194
1
39
27
38
121
31
57
51
9
189
15
179
8
311
3
60
132
126
3
39
18
56
137
35
85
19
12
132
19
80
51
163
34
42
107
129
9
75
19
7
135
21
27
75
240
352
210
30
61
31
59
13
45
178
87
201
22
43
17
1
115
42
31
121
84
64
79
17
4
43
42
30
75
85
31
47
51
39
30
74
117
40
11
10
122
177
189
92
7
87
121
22
35
62
36
71
64
18
12
112
35
205
34
66
32
90
32
78
29
101
3
119
128
134
81
226
3
57
64
73
134
369
48
23
91
11
11
43
9
1
30
60
203
94
34
23
241
45
18
120
2
6
46
28
25
102
18
171
5
3
299
22
24
153
3
30
82
77
1
38
43
51
18
18
62
131
93
52
38
89
75
144
39
9
61
67
13
2
9
135
322
5
167
6
88
32
134
251
131
11
4
201
125
147
27
87
27
37
69
107
39
35
26
8
61
5
54
189
100
24
49
30
9
9
11
68
2
13
15
25
31
41
174
121
20
441
30
131
207
109
214
49
50
185
23
263
14
53
70
89
66
121
25
15
148
67
39
88
30
54
17
10
71
37
271
32
4
2
23
12
40
19
26
66
34
60
80
11
11
31
160
32
33
20
56
31
201
23
1
13
57
6
132
120
30
250
89
132
26
45
62
15
54
49
50
61
29
79
1
70
73
39
139
103
96
5
199
63
58
4
123
2
260
43
97
5
89
26
16
23
79
31
102
44
18
61
77
39
79
152
72
98
68
23
58
54
253
13
56
298
29
26
100
2
32
52
48
58
34
3
21
48
102
47
541
10
177
155
188
178
60
77
75
92
145
54
5
63
61
44
27
17
87
71
67
48
91
16
20
186
263
76
5
76
9
229
5
63
23
12
9
21
27
61
74
21
87
28
47
8
130
17
59
82
9
5
39
99
31
104
50
157
53
42
224
49
163
288
111
37
319
82
7
3
23
39
60
58
26
110
45
39
120
55
95
31
53
226
32
147
15
149
14
21
84
23
46
15
189
10
75
168
32
257
263
79
3
53
191
51
26
35
199
18
172
141
79
159
34
83
33
58
76
13
1
2
27
22
47
56
118
86
36
42
9
20
91
2
149
59
91
209
92
187
16
43
29
19
44
166
119
29
122
180
128
89
19
276
101
4
60
25
148
59
56
149
18
15
18
138
72
64
8
86
53
40
25
83
16
123
10
160
93
8
246
56
78
223
15
55
27
59
116
5
108
13
62
23
53
266
11
18
24
164
15
72
39
1
26
67
147
79
9
12
207
37
53
182
258
142
104
29
22
36
28
3
32
144
201
65
211
262
215
128
85
12
292
29
72
107
87
108
69
107
19
37
11
7
107
42
34
34
116
2
16
43
24
5
135
180
12
3
9
134
2
46
97
36
32
6
13
104
166
48
83
30
135
146
143
116
30
14
35
19
84
62
98
98
103
31
191
6
40
55
46
22
244
6
248
23
39
94
102
4
161
62
30
168
79
1
24
306
42
69
3
189
35
31
64
80
66
5
94
36
19
35
43
255
7
279
18
223
119
39
3
58
83
42
318
285
64
51
52
2
86
199
18
28
19
229
24
5
286
1
20
62
22
220
68
47
36
83
17
56
73
42
1
83
65
28
134
142
30
36
168
52
11
86
47
152
94
108
184
45
43
144
56
115
55
57
65
51
78
36
285
81
136
33
29
41
43
72
35
95
53
29
145
10
3
60
51
58
198
48
12
36
44
71
37
5
23
139
45
174
13
7
61
25
258
1
37
45
171
227
18
89
48
155
75
19
119
108
1
27
5
49
11
6
17
83
350
5
92
60
15
31
48
380
104
88
1
118
63
1
55
151
93
185
97
99
22
137
157
159
46
57
91
23
73
21
44
263
210
80
52
62
50
132
54
191
24
20
8
54
10
9
19
22
51
49
2
49
4
39
55
56
16
88
76
126
53
114
5
11
73
126
208
8
18
33
28
243
17
46
3
52
39
31
29
67
15
158
59
7
45
12
104
48
12
109
17
25
38
6
24
34
181
78
11
65
32
54
25
97
4
28
19
149
59
66
59
5
8
19
83
91
53
1
5
27
37
47
31
59
38
312
11
3
13
14
114
116
15
152
148
11
1
247
6
17
71
11
75
145
17
30
109
5
6
41
56
159
30
25
17
127
81
76
57
198
53
26
90
156
46
4
17
27
83
8
156
109
128
6
31
4
89
1
1
34
34
38
7
47
27
106
17
66
15
17
158
74
60
30
124
10
60
113
57
54
9
5
175
7
14
25
24
11
20
230
100
7
59
44
155
261
68
12
26
73
5
7
70
6
4
53
35
116
68
174
33
67
209
7
57
64
15
54
54
18
62
86
65
95
159
82
63
34
37
22
270
32
9
129
36
53
3
18
46
263
68
77
21
87
61
59
84
11
4
9
140
39
53
9
28
140
85
164
395
15
1
29
131
11
261
66
16
61
119
116
79
15
15
198
103
13
44
104
42
167
7
9
1
37
66
1
35
91
17
189
168
126
200
10
16
75
31
7
3
7
31
55
83
123
34
12
126
36
8
18
36
39
84
48
96
9
277
79
6
57
83
50
23
83
45
51
8
85
49
59
11
13
125
220
1
74
4
21
110
72
10
2
27
2
84
14
35
132
110
111
66
31
4
107
152
182
108
41
18
52
36
95
120
141
39
127
31
79
60
139
28
29
76
34
8
17
14
26
1
6
64
75
81
116
46
100
28
65
87
23
12
6
17
6
45
66
135
95
182
226
151
79
33
13
49
12
9
34
16
135
41
26
124
368
28
17
16
124
76
38
41
38
2
111
229
71
32
41
301
1
233
15
90
3
27
147
17
185
7
75
47
8
53
17
89
87
7
19
58
49
25
270
122
191
34
222
75
57
152
74
51
1
37
81
117
122
24
154
69
19
142
139
188
15
151
24
91
36
28
112
40
128
50
29
16
59
94
13
74
240
43
191
32
58
171
199
20
186
4
11
110
37
83
52
157
28
73
52
7
23
108
96
52
38
72
130
11
87
60
128
7
167
53
10
273
108
47
6
137
19
12
84
87
77
70
12
174
117
33
51
166
35
342
290
175
21
244
36
237
41
110
253
11
151
4
18
6
78
236
38
114
53
36
1
157
86
155
139
25
21
55
65
14
123
150
25
130
14
133
248
46
18
5
73
56
45
190
56
56
7
72
143
12
24
120
209
22
24
2
168
9
124
39
43
175
21
60
137
15
17
59
57
95
330
108
120
5
169
11
12
17
83
61
21
202
94
25
19
9
15
375
10
184
34
196
13
16
20
26
23
9
6
17
24
67
28
50
127
135
173
14
22
110
72
111
58
71
7
234
8
2
59
99
2
41
162
49
4
27
23
172
105
133
89
7
140
113
41
81
45
19
15
18
52
19
84
394
73
20
43
47
10
215
119
141
10
68
2
4
109
26
23
115
37
31
26
7
67
149
95
45
10
20
343
39
26
12
159
70
170
16
78
73
52
1
25
25
15
71
184
130
122
9
79
54
8
28
25
162
306
53
102
11
106
19
15
27
42
183
298
116
61
1
39
20
164
108
3
181
138
26
204
124
13
126
448
204
34
43
4
49
68
168
70
8
5
6
80
44
5
44
13
67
33
12
32
236
177
93
38
26
55
24
107
183
49
9
48
126
45
246
134
25
9
3
20
19
31
89
25
306
7
115
76
19
48
27
28
78
70
44
27
47
82
40
91
64
133
21
34
36
105
69
19
4
83
79
56
64
8
158
15
57
174
6
43
280
120
53
119
22
82
49
56
20
4
3
6
17
15
43
73
184
135
80
46
131
105
35
53
179
58
28
322
42
17
91
196
115
46
31
210
77
8
40
40
146
78
128
134
92
39
10
42
15
15
7
344
6
96
15
177
26
33
116
63
8
20
33
111
83
25
115
211
68
98
11
69
83
58
39
168
43
84
41
4
3
52
108
60
97
6
90
21
34
31
109
145
19
95
17
72
75
48
34
11
6
55
73
3
207
76
65
10
26
123
61
57
14
123
27
8
12
109
108
32
32
21
23
111
62
50
134
55
38
193
52
159
7
85
25
69
96
45
29
1
24
45
73
210
24
141
6
98
7
178
57
32
6
67
21
87
11
77
21
172
172
61
5
64
110
183
33
167
3
82
12
93
70
21
144
48
297
60
22
65
11
22
90
32
42
7
199
27
143
54
11
43
79
43
39
195
31
56
18
8
12
36
249
19
121
139
30
24
40
293
25
5
33
48
205
189
113
22
186
20
14
117
81
45
18
43
121
46
9
231
2
25
12
82
167
112
98
54
3
141
62
114
86
82
107
22
78
91
216
188
2
169
141
3
93
12
297
164
75
203
105
105
112
63
173
80
130
52
137
102
13
150
140
22
121
1
20
296
50
102
225
13
9
13
23
42
40
28
167
84
24
3
22
104
32
3
106
12
20
38
7
1
23
164
13
36
116
1
145
68
4
14
37
17
77
10
11
120
2
20
74
27
2
27
67
16
2
15
6
23
3
1
120
3
111
54
382
136
18
44
166
87
44
76
212
31
35
98
33
11
22
120
54
60
189
29
80
57
50
117
159
139
2
273
32
3
25
142
15
122
75
91
3
355
63
277
67
86
133
3
55
53
210
16
84
248
155
143
125
7
141
35
42
45
61
70
69
125
232
8
52
107
41
61
11
11
20
14
151
56
85
187
14
34
7
52
26
18
77
20
7
124
13
34
47
32
126
4
28
163
61
14
135
44
13
38
124
4
57
32
37
95
10
160
110
71
38
18
107
7
68
131
98
20
98
167
28
51
38
61
79
15
17
11
30
54
414
76
39
95
71
77
53
16
25
91
17
219
9
5
16
66
10
29
115
65
21
53
85
31
32
30
96
126
41
236
28
15
17
26
92
103
45
172
35
73
4
53
28
37
145
183
33
176
68
63
8
47
246
75
11
51
110
196
144
303
15
153
108
83
33
173
27
62
42
107
64
32
45
10
30
87
30
28
126
9
223
120
193
196
88
78
9
51
18
241
143
79
93
79
23
4
113
71
35
25
5
107
7
87
235
36
223
28
33
52
38
45
17
237
12
74
117
121
183
24
4
36
1
46
177
44
62
113
124
36
147
19
48
29
92
43
15
48
16
85
100
6
93
2
119
42
112
5
53
19
40
237
94
94
43
396
56
10
181
104
231
86
114
46
38
30
20
71
30
59
27
115
487
45
109
23
2
42
296
205
11
79
14
3
45
23
13
5
28
312
136
7
37
55
52
9
20
59
23
9
50
47
61
22
9
134
10
117
143
75
12
57
124
30
293
13
57
80
6
70
45
75
92
14
13
233
172
301
43
77
63
2
61
50
14
64
77
28
185
45
37
21
140
84
43
30
122
35
51
27
39
20
28
106
159
8
53
99
52
67
345
121
1
107
60
174
41
24
100
17
5
15
134
44
107
16
212
31
37
47
47
105
37
54
30
83
2
51
1
27
44
96
173
42
16
36
11
89
5
72
16
303
9
1
63
11
90
148
132
6
94
92
33
1
29
8
227
21
42
68
20
136
41
175
53
13
170
26
180
56
26
62
296
22
84
380
114
25
23
29
5
4
50
125
50
464
64
93
106
214
60
109
10
63
160
56
2
40
5
157
95
296
16
58
76
25
68
199
17
85
73
298
52
21
47
5
85
137
10
86
35
97
61
47
70
74
161
9
129
118
20
33
73
31
9
24
74
60
91
25
51
16
213
15
86
305
83
60
25
115
21
9
164
34
95
65
103
95
64
70
69
50
112
18
22
20
18
15
14
187
12
66
58
38
10
11
24
262
17
85
54
19
24
52
29
11
148
172
22
72
43
41
40
5
14
59
54
41
16
362
74
16
56
173
19
19
2
8
42
1
82
30
59
34
23
34
95
66
20
64
73
3
5
265
29
53
48
115
49
26
43
6
50
28
59
1
196
125
70
101
67
24
122
211
4
80
112
29
15
3
14
86
22
226
132
80
250
85
51
114
90
105
70
28
84
6
95
27
18
18
4
57
180
4
105
235
48
234
9
90
128
107
6
248
179
102
31
4
120
113
98
28
88
37
60
12
48
3
80
104
30
142
115
83
43
41
183
31
11
71
30
152
37
40
46
90
16
19
16
59
88
132
6
108
1
228
114
72
78
139
106
156
48
35
173
15
100
67
27
55
26
34
4
59
86
5
223
23
1
13
46
24
13
4
16
31
1
48
77
50
15
142
62
12
55
133
11
127
69
165
69
12
21
79
45
62
4
59
79
32
43
91
136
49
10
16
5
150
30
9
39
28
14
60
190
116
45
34
60
31
215
16
114
71
51
99
80
9
74
42
64
68
25
17
53
70
16
215
225
133
65
117
219
113
32
14
25
167
71
13
183
88
117
53
16
45
33
45
77
31
247
63
34
96
149
104
175
11
36
67
125
56
122
106
67
103
29
46
178
15
3
35
157
251
109
84
17
152
30
16
100
96
17
73
3
57
93
2
5
78
21
13
10
207
213
165
48
17
7
18
46
82
141
35
12
65
90
105
18
207
22
1
111
30
85
81
330
28
194
76
267
35
83
75
4
302
209
4
57
15
80
88
9
99
28
3
61
15
145
102
2
3
27
33
90
3
56
61
113
62
6
4
50
4
3
50
29
90
142
49
48
92
34
7
47
4
92
65
114
67
163
55
220
39
185
98
9
31
195
204
16
34
9
16
66
214
126
80
29
94
16
127
88
7
127
25
27
44
60
31
65
23
1
28
11
50
102
55
6
34
18
183
103
9
90
89
92
75
26
3
235
67
47
35
38
18
8
109
89
26
113
11
43
51
247
60
113
68
264
4
30
37
24
29
87
40
17
124
35
22
5
12
110
5
48
14
124
32
114
61
162
52
107
44
32
95
19
43
131
24
95
57
13
6
25
242
59
53
3
176
113
38
22
85
95
6
9
21
187
220
2
30
76
23
44
53
6
3
30
116
39
224
2
28
11
43
96
182
48
42
46
10
4
25
56
180
129
82
41
284
59
100
1
66
117
47
9
15
231
13
9
29
62
15
91
86
42
71
121
1
13
85
113
110
51
70
109
23
63
4
2
62
27
76
6
45
129
58
3
73
257
299
33
86
49
17
182
3
1
78
40
20
2
13
125
318
307
12
373
23
3
30
60
49
49
36
153
3
10
19
51
24
40
12
9
125
159
24
53
73
37
83
71
79
48
16
65
62
67
152
38
71
21
245
35
6
8
15
109
36
17
29
48
80
45
36
13
12
4
79
1
172
63
1
23
4
12
181
121
10
54
90
231
139
1
34
69
69
43
141
2
100
104
24
18
15
1
20
9
14
36
38
17
21
1
34
183
21
8
100
244
77
4
98
54
34
3
12
243
2
72
6
5
23
303
18
99
13
151
78
83
56
187
207
211
203
20
3
43
67
33
104
124
85
5
90
65
241
35
45
62
25
2
67
37
72
21
125
27
36
3
58
103
70
133
25
15
17
132
9
3
1
43
45
81
127
185
127
21
30
12
12
32
105
34
60
28
51
50
14
149
14
86
145
57
7
6
13
220
14
63
66
1
7
55
14
70
79
1
17
11
56
52
31
12
59
147
25
235
15
52
2
46
81
243
36
26
53
32
51
325
169
35
185
57
154
80
121
41
79
46
5
53
51
99
61
151
67
32
104
11
31
149
87
77
67
32
29
136
144
134
6
21
23
18
6
101
84
1
16
111
202
8
25
3
157
70
148
70
22
116
4
79
104
32
9
37
57
136
32
45
160
82
40
28
89
29
25
159
13
34
141
207
217
123
118
164
176
24
138
262
87
62
6
3
8
64
87
163
94
101
34
5
58
21
103
30
12
36
188
25
99
159
111
31
79
7
16
29
3
44
34
83
28
13
74
29
234
164
20
9
65
238
23
82
9
73
11
85
40
25
25
97
136
120
84
91
152
18
105
61
33
36
30
9
72
1
155
152
448
11
114
25
141
3
40
42
52
25
58
267
9
37
22
29
67
56
70
24
43
89
140
67
29
8
120
1
115
127
72
8
141
10
12
92
161
30
51
51
14
5
210
167
107
25
36
124
52
59
27
49
32
182
2
17
61
142
281
276
4
99
136
197
184
12
48
22
24
30
39
4
58
103
44
6
179
382
171
227
37
94
1
84
5
16
41
34
112
35
3
43
72
112
31
22
50
19
9
66
43
32
27
212
6
79
109
46
9
18
43
12
13
105
25
21
24
3
34
6
4
140
47
61
3
66
42
87
18
37
21
17
204
15
6
36
18
140
86
28
56
133
3
317
65
42
9
192
36
87
130
49
2
14
39
38
19
45
29
139
125
136
26
73
144
89
9
75
48
85
11
29
11
30
128
157
31
50
25
129
29
32
71
2
430
147
6
45
68
2
126
21
128
5
5
47
13
111
114
33
134
109
24
238
13
60
76
8
7
204
98
142
13
329
332
39
225
82
110
57
4
88
228
103
5
46
8
4
18
3
21
55
129
35
473
208
526
10
41
42
25
134
166
91
3
95
77
1
223
16
44
62
22
25
68
12
40
60
22
21
27
18
35
33
31
113
8
123
82
13
31
168
26
7
15
189
97
20
62
21
311
97
133
72
6
16
158
230
87
120
127
40
88
27
25
99
129
59
31
217
11
3
41
68
20
66
272
415
35
181
47
21
15
27
58
99
1
46
132
59
16
235
42
4
13
128
29
76
1
99
67
203
194
24
252
89
75
14
53
128
9
30
30
8
113
8
43
79
23
23
134
6
41
41
124
50
8
58
18
10
58
45
73
104
82
15
33
213
106
57
92
180
1
94
3
148
38
153
12
53
43
34
119
10
62
4
3
54
208
30
82
7
168
14
27
26
479
14
45
87
121
8
11
27
77
17
9
46
75
54
305
39
25
43
117
4
25
40
24
73
131
266
61
22
12
35
149
17
38
148
5
160
122
33
34
126
126
6
37
7
33
25
30
5
6
7
37
69
62
3
27
62
20
234
18
3
112
101
44
7
14
4
266
39
30
41
71
51
16
52
46
163
200
12
34
33
171
18
16
139
145
28
27
156
8
50
25
60
25
63
70
144
30
15
38
45
26
2
20
20
21
43
212
11
33
35
88
118
69
89
108
92
57
255
68
139
51
75
40
43
371
50
8
20
50
50
171
27
139
116
79
58
135
78
74
79
102
34
46
37
41
64
41
81
58
73
94
40
146
116
150
92
34
17
9
87
142
43
52
2
154
209
73
123
155
6
504
130
4
9
3
92
332
40
41
2
115
45
61
54
2
5
157
61
17
19
60
64
199
13
84
55
32
3
37
91
116
4
12
53
254
33
68
3
42
129
211
2
9
60
105
19
70
1
38
242
45
44
12
63
22
101
13
2
41
65
259
37
39
31
58
49
560
3
6
62
196
29
24
28
84
27
49
12
51
9
118
36
18
176
4
37
1
88
124
87
18
180
75
49
3
1
78
28
179
2
11
1
16
65
67
66
46
90
181
1
51
81
108
95
143
58
63
67
127
26
2
73
16
311
96
13
1
124
36
13
99
31
5
253
12
7
5
98
74
413
139
125
387
187
77
109
4
10
13
35
132
125
114
159
121
331
306
149
109
88
40
28
105
13
15
64
64
15
50
27
93
93
191
16
139
322
57
40
118
56
66
64
72
128
9
77
159
36
175
13
142
157
247
60
12
35
30
19
22
14
35
13
77
32
34
9
79
96
4
42
32
60
91
8
23
62
75
24
15
173
94
19
47
2
117
148
70
34
267
14
11
8
253
22
85
7
104
15
47
9
145
37
2
47
22
25
4
21
389
17
76
129
47
37
15
102
64
110
10
270
85
8
16
18
73
129
45
151
86
347
158
146
9
52
35
165
9
43
77
50
208
103
39
16
14
32
7
159
12
111
110
13
59
211
40
61
136
140
113
28
222
129
160
17
32
55
84
92
22
88
5
107
38
64
71
135
30
20
61
7
35
332
15
74
3
262
33
1
29
17
79
147
106
108
6
5
23
55
99
84
20
8
235
35
13
11
7
53
225
43
86
30
94
218
11
32
22
24
20
50
54
4
39
8
34
18
16
56
54
28
15
39
19
5
44
4
200
168
57
128
511
80
165
139
13
85
167
25
66
32
85
53
28
81
40
65
133
12
98
41
145
98
18
15
52
219
44
42
2
12
45
209
2
14
40
98
22
81
40
109
133
76
23
76
201
89
17
65
31
36
141
22
39
36
36
3
137
22
146
20
62
66
15
42
29
17
43
98
10
93
112
69
28
24
47
15
322
110
16
133
5
28
6
73
102
16
19
6
98
180
94
219
29
3
48
52
136
46
1
31
26
19
237
23
104
111
123
17
49
7
196
17
26
41
45
65
46
12
48
121
78
49
46
51
2
113
8
106
25
72
7
26
34
17
93
97
70
22
67
103
27
62
37
45
56
172
52
27
68
72
77
6
31
29
89
100
7
69
77
96
24
61
10
57
65
229
64
258
33
47
32
32
29
21
38
104
23
4
40
6
115
159
20
92
85
77
4
47
16
43
23
27
118
174
2
56
12
90
66
5
110
103
185
270
10
164
31
118
61
12
13
18
2
88
58
40
32
11
19
444
50
214
3
74
17
35
6
117
3
170
18
268
25
22
22
18
33
103
48
34
12
150
217
5
43
12
28
33
18
10
44
29
19
196
2
18
98
114
146
75
48
20
74
155
25
41
41
67
7
64
24
1
12
27
95
56
58
31
7
210
126
84
248
79
205
11
100
148
9
177
13
9
58
82
5
56
46
185
126
144
57
77
18
74
86
61
4
141
210
197
38
72
74
2
127
106
35
164
232
23
141
127
93
12
81
149
11
48
13
40
37
82
19
1
46
22
65
33
49
54
32
168
31
14
77
48
56
136
55
27
145
14
62
11
93
63
220
95
98
13
140
42
76
41
196
186
113
62
21
40
47
93
22
77
96
1
17
212
85
13
55
79
32
12
4
126
26
268
58
2
40
1
68
74
61
44
133
6
84
26
71
34
34
39
51
52
62
14
34
124
217
13
25
49
27
5
395
60
19
28
351
19
213
68
145
21
65
55
205
132
24
56
438
14
32
12
13
39
8
22
87
78
18
60
36
93
4
52
142
9
54
39
26
196
1
29
31
21
48
135
22
16
91
107
6
69
101
54
20
270
75
101
20
46
21
136
18
7
27
18
29
121
43
61
12
11
38
91
23
151
27
89
97
16
78
86
156
84
259
24
22
38
19
111
8
22
8
113
33
14
110
11
24
29
2
43
49
156
122
155
20
2
14
81
71
9
26
19
72
62
56
154
3
77
162
38
43
50
39
48
4
11
56
87
32
39
27
120
82
211
68
14
26
10
57
151
168
320
56
29
16
36
8
43
125
83
54
21
177
37
153
45
39
176
10
7
25
18
15
107
50
16
241
28
23
125
45
275
22
50
129
143
8
44
34
160
2
28
5
212
7
247
44
24
85
107
21
87
69
12
24
33
13
20
96
150
75
106
30
135
12
180
21
62
54
3
29
8
12
114
254
25
20
92
38
8
156
99
13
16
3
128
45
45
30
14
27
22
43
14
158
86
114
34
9
2
121
36
27
345
1
16
108
19
28
107
38
64
21
152
82
373
30
121
88
228
13
81
96
172
193
10
184
112
83
26
12
264
55
64
327
32
23
84
206
51
32
51
327
129
18
36
83
25
34
134
40
54
15
26
68
10
13
34
2
69
6
355
37
93
100
34
349
78
18
84
211
30
49
154
76
8
108
63
40
49
62
15
14
25
47
47
42
237
88
46
117
37
126
80
29
97
4
18
64
48
155
130
28
86
233
26
181
27
170
109
20
7
136
68
15
250
21
1
209
12
50
66
33
107
123
92
10
44
25
115
88
46
127
15
277
35
39
52
97
114
88
34
53
217
8
61
99
26
11
9
81
25
69
3
177
73
8
161
87
44
41
38
123
70
35
18
389
150
82
61
90
113
11
54
23
134
51
13
12
115
52
86
49
119
91
27
117
30
107
17
117
12
16
23
17
136
158
59
318
50
71
51
2
54
203
1
163
68
55
69
79
12
81
98
7
75
32
61
59
55
61
282
13
34
200
36
18
210
20
2
11
8
156
14
345
37
6
71
29
77
59
4
14
79
103
32
41
11
38
1
77
53
3
11
65
63
86
75
11
129
40
114
63
197
3
23
61
27
47
20
85
42
13
9
31
68
55
34
32
167
43
110
68
33
167
14
42
155
2
148
19
54
110
114
101
49
138
110
26
55
131
48
97
70
109
66
312
30
187
56
15
16
261
31
19
3
70
18
110
30
31
10
24
39
235
100
9
54
142
83
58
54
31
85
123
22
44
41
107
66
1
230
53
80
51
45
462
10
67
26
21
184
4
130
10
353
6
191
17
95
6
69
90
3
98
25
8
104
24
20
98
43
7
33
22
29
25
100
57
125
316
79
69
35
10
93
61
8
152
7
40
83
90
218
392
10
99
17
25
117
50
68
46
17
16
167
97
42
46
1
48
50
87
10
17
35
81
133
29
228
30
6
273
44
24
68
18
4
170
338
49
28
28
60
9
94
87
18
85
199
45
16
65
40
14
49
101
65
40
19
16
38
189
84
37
109
60
81
48
64
327
58
14
90
44
4
55
24
4
49
49
48
22
47
48
107
45
54
54
107
13
25
205
22
4
44
11
37
33
8
92
36
50
5
1
9
131
49
18
171
56
17
2
54
70
5
44
14
8
11
36
65
187
8
192
38
97
4
45
12
8
51
72
215
43
4
4
18
42
144
138
150
18
22
16
191
122
100
86
1
93
37
63
3
18
357
85
30
122
29
15
337
20
156
8
125
61
72
12
123
37
21
109
174
33
5
124
2
15
15
1
34
12
58
36
13
26
38
71
4
84
333
29
53
47
68
88
27
13
15
6
555
96
67
17
26
5
48
17
26
18
2
150
243
135
1
58
24
13
25
53
31
14
23
164
118
20
6
63
217
140
66
203
32
1
64
17
85
177
3
122
18
152
28
27
200
84
35
2
50
76
22
12
8
7
38
139
25
20
83
43
52
107
14
93
86
31
11
75
49
9
30
44
21
23
57
5
60
7
81
66
10
23
15
52
15
24
2
9
49
98
240
100
70
15
1
162
88
48
37
24
54
9
158
102
57
3
192
1
207
111
49
46
84
26
61
16
74
84
232
67
94
30
155
25
20
40
22
7
37
75
210
30
18
81
80
143
19
14
223
131
39
9
58
36
17
184
133
190
119
35
71
52
196
125
5
18
175
11
2
24
240
6
50
26
36
131
20
127
9
5
23
23
81
12
53
15
126
3
105
10
26
44
2
9
113
69
64
48
37
105
10
209
24
67
106
157
41
82
5
168
10
45
60
177
28
19
33
6
61
150
139
76
65
89
112
40
108
35
127
79
26
34
36
43
35
7
56
10
74
29
71
129
106
288
151
21
8
3
110
42
85
8
83
21
369
26
40
28
22
57
32
21
50
309
43
35
149
5
11
38
67
15
86
23
42
356
61
6
97
12
86
8
57
112
2
31
61
9
19
154
9
60
88
103
72
90
225
92
68
64
41
200
551
36
22
157
99
66
1
17
38
39
39
32
219
63
65
14
101
67
148
91
134
5
2
11
65
65
109
12
49
528
121
40
77
253
130
203
24
9
397
1
55
49
4
16
143
39
57
214
1
82
60
39
9
135
12
39
88
143
73
62
9
153
29
31
39
76
297
9
62
62
175
31
83
22
51
53
128
102
100
4
19
209
132
109
52
19
50
30
24
76
77
48
39
53
11
4
29
6
100
219
19
45
33
16
4
159
78
41
236
125
82
86
1
2
180
15
143
47
13
90
154
14
63
48
17
110
96
89
58
2
89
359
3
159
48
74
80
4
164
68
13
13
74
4
8
16
98
106
237
51
179
9
14
1
35
67
166
39
195
58
121
145
181
3
195
3
48
206
82
196
5
152
29
17
113
34
100
39
49
62
5
101
180
13
10
137
22
1
149
36
45
111
67
30
7
26
80
301
36
172
2
18
10
208
155
16
26
185
50
56
46
57
43
41
87
88
7
49
7
35
153
142
26
10
128
48
36
21
69
10
255
92
11
55
69
73
1
18
76
50
235
43
26
4
47
188
20
45
9
35
40
190
11
31
119
63
67
20
83
22
17
154
37
64
52
145
13
54
58
17
175
67
8
94
11
60
37
145
12
2
25
44
52
17
53
1
232
123
50
3
24
7
6
71
51
145
16
87
244
60
422
60
95
66
8
8
154
113
56
79
35
46
20
106
116
6
49
169
1
137
58
49
62
139
26
108
40
139
203
82
31
55
24
4
21
92
177
105
52
50
76
84
34
18
28
67
159
12
100
50
14
81
111
154
82
2
13
61
131
51
20
31
79
52
165
31
16
39
317
50
37
15
6
46
29
255
3
2
12
17
81
3
29
126
79
96
54
611
76
15
20
5
20
54
75
314
20
24
10
88
90
156
14
149
38
16
121
46
53
119
83
21
86
46
7
101
137
168
1
70
5
4
45
10
96
17
125
2
124
103
245
16
46
4
7
13
142
15
63
16
66
12
63
64
80
35
1
59
40
254
79
92
101
84
2
114
52
133
9
20
40
67
185
68
78
40
90
60
182
16
45
40
12
100
21
29
33
59
9
9
14
11
84
66
31
50
3
42
34
123
186
138
154
38
60
5
24
114
6
25
22
6
8
22
32
146
44
65
95
77
67
220
10
19
160
13
131
93
7
22
24
48
81
277
17
212
76
354
2
285
76
35
62
76
38
20
141
105
40
183
60
65
107
74
9
65
35
49
79
82
96
7
11
21
42
53
8
25
13
12
104
114
372
94
200
24
180
20
79
1
145
52
100
24
94
46
20
162
37
104
47
31
37
7
13
29
27
6
18
89
90
75
20
80
18
213
53
30
77
184
209
104
11
135
45
570
22
364
12
25
102
140
116
21
2
