18
126
57
6
117
31
35
70
13
48
19
222
84
336
5
21
161
134
107
62
54
156
72
80
48
21
30
10
100
82
4
97
79
115
73
2
51
11
20
34
7
4
48
1
72
115
141
21
16
171
32
253
55
294
14
9
40
6
160
32
36
170
16
74
13
135
229
191
45
86
32
59
2
6
34
192
5
91
42
3
24
67
11
21
59
167
35
189
73
15
35
15
148
10
164
81
73
303
32
72
42
58
9
139
143
34
67
6
71
30
123
49
185
43
37
136
156
191
15
47
38
64
30
13
252
87
213
25
26
109
173
5
5
122
66
28
26
9
7
370
3
72
28
16
88
75
58
64
192
13
11
37
147
7
203
40
102
65
113
191
95
51
49
14
62
27
86
126
137
60
147
108
99
12
22
42
51
176
226
42
58
2
9
114
69
43
30
146
6
22
87
127
67
67
76
12
35
32
34
2
14
13
31
10
22
17
4
83
43
72
99
3
56
85
29
88
72
37
76
16
13
166
180
109
78
149
58
2
20
94
68
106
50
92
71
27
64
51
126
28
86
82
21
49
41
7
250
111
41
121
125
117
28
58
189
60
196
203
35
101
126
123
89
90
35
332
134
217
95
72
38
5
139
131
112
16
10
113
15
7
185
105
69
45
17
166
182
451
19
8
31
121
11
82
90
54
212
122
27
54
57
100
87
5
126
57
31
132
15
1
215
10
95
26
53
81
41
46
77
24
179
146
50
192
88
56
110
44
4
11
164
26
172
85
104
89
65
41
25
39
30
12
46
11
6
75
190
463
8
53
85
19
118
32
133
1
55
62
176
99
186
2
1
89
102
62
74
8
25
9
79
55
14
10
169
164
100
58
72
96
203
38
30
187
145
358
60
53
2
31
22
195
125
92
20
162
31
134
118
116
134
3
147
41
45
77
15
92
10
128
311
29
7
11
104
94
19
32
21
23
57
71
24
19
129
28
110
112
108
216
11
43
8
21
138
76
20
38
190
38
80
17
175
9
12
65
76
17
46
42
7
217
43
35
38
168
52
30
6
2
240
158
79
70
25
40
186
43
6
54
146
59
37
124
63
8
4
13
123
1
30
18
6
26
210
84
32
151
3
6
139
17
10
34
80
10
7
15
9
121
54
27
46
65
9
35
177
12
285
196
191
74
80
19
29
38
80
129
140
10
90
112
27
127
79
83
353
21
119
55
8
188
144
17
19
29
275
51
50
60
4
131
2
23
44
175
46
60
8
92
61
3
100
4
229
131
141
32
99
129
38
59
126
31
24
75
65
18
9
20
76
115
65
129
7
15
192
44
124
77
57
82
392
93
17
38
320
115
26
67
61
48
99
24
72
225
71
56
44
114
24
5
118
13
9
131
4
51
56
23
43
22
109
119
95
6
36
62
6
75
69
118
153
161
27
51
183
16
38
110
168
32
129
46
80
16
20
22
38
331
12
319
85
14
78
232
62
68
24
19
42
167
14
11
173
134
23
120
60
33
129
47
22
70
4
13
8
35
104
23
64
380
53
14
30
14
97
47
11
204
109
102
15
129
49
193
155
46
53
163
267
21
5
70
222
3
3
114
71
26
52
105
18
9
79
266
94
36
150
40
83
7
184
125
33
92
61
93
141
206
6
48
38
7
34
193
67
49
25
7
16
144
92
61
126
264
19
95
375
62
144
104
228
200
83
348
69
8
23
12
44
214
240
131
28
53
60
78
15
182
14
69
28
77
10
3
4
31
8
45
57
153
13
28
68
39
110
3
135
58
36
65
17
55
58
67
63
133
72
114
125
103
125
49
44
28
51
38
72
42
13
13
232
73
43
9
6
48
78
15
3
201
27
71
25
122
142
14
196
32
18
117
45
117
2
29
187
136
26
58
15
143
18
20
26
13
44
33
36
93
103
138
56
148
316
101
79
14
25
183
368
46
54
7
141
172
88
27
40
136
190
113
45
42
23
95
36
69
57
129
7
49
13
50
101
77
1
20
215
24
17
52
2
20
104
87
238
26
219
56
12
189
34
76
34
282
3
60
62
62
6
19
34
64
14
57
61
6
27
104
50
77
21
21
94
12
91
40
18
133
62
164
25
39
30
28
404
9
177
56
125
55
20
28
139
43
209
62
38
151
39
3
179
1
16
111
68
39
22
29
7
56
164
85
12
121
67
77
17
11
104
273
46
442
116
2
119
128
3
12
88
287
8
17
8
75
24
133
16
9
66
23
11
126
83
51
33
47
33
249
116
22
8
63
121
116
132
93
21
10
31
26
63
134
21
51
83
90
55
56
33
38
5
13
67
54
262
35
332
48
63
46
23
236
56
162
68
76
43
4
3
1
43
47
18
5
157
16
189
14
74
172
76
132
151
45
44
39
5
8
21
130
184
58
36
26
25
46
100
23
16
247
191
12
78
126
1
2
38
28
19
75
75
29
260
177
8
5
30
24
37
207
43
14
101
129
75
245
5
8
60
19
19
155
289
76
13
69
86
15
224
125
9
49
247
208
79
59
71
42
6
71
37
54
1
78
81
200
33
24
57
70
67
294
24
25
54
20
27
16
8
121
68
25
38
161
14
19
151
12
24
188
121
5
203
129
48
18
26
25
94
105
24
116
78
9
18
44
85
14
92
26
80
93
97
21
117
29
35
283
184
214
1
215
17
78
232
39
184
78
20
21
40
39
43
22
39
61
155
22
20
5
73
157
163
16
158
11
49
52
6
68
20
126
304
122
27
3
74
1
67
133
17
29
25
40
41
66
48
93
159
26
10
1
112
18
17
219
27
2
366
10
14
42
227
9
29
227
72
151
105
139
119
100
110
41
86
63
2
51
105
115
14
27
29
154
13
132
129
185
74
70
11
2
14
61
86
19
305
45
17
25
35
112
102
219
285
42
18
156
47
149
31
15
231
123
122
13
227
134
36
132
48
5
8
92
13
148
115
80
32
74
38
236
33
219
81
20
95
9
96
2
11
166
99
38
178
40
57
176
15
9
25
24
264
31
16
20
80
44
223
7
79
37
52
26
82
59
242
24
44
152
30
21
78
27
61
136
187
27
341
14
32
109
6
35
12
25
245
67
31
27
57
131
12
12
72
57
153
78
1
62
144
131
449
8
78
88
286
57
129
121
202
64
27
41
105
39
25
40
45
29
78
2
54
48
69
80
33
71
56
118
1
17
42
4
57
10
249
17
102
79
23
321
80
72
107
48
62
21
66
133
53
15
158
25
34
197
34
68
137
70
6
25
257
213
130
151
51
67
7
60
1
27
14
121
157
114
11
153
126
3
237
2
8
20
9
10
23
46
89
28
1
53
15
227
26
26
86
55
40
51
54
71
53
37
88
73
25
251
95
179
33
102
19
333
87
106
92
56
70
58
132
96
2
76
40
16
4
24
50
37
471
4
82
1
136
6
8
35
57
18
22
245
47
137
104
10
45
4
11
95
99
97
155
120
101
39
37
44
28
15
100
12
34
15
181
89
25
1
21
29
30
45
53
31
196
131
51
153
133
1
4
32
193
70
48
71
39
154
6
82
192
21
35
189
69
46
14
52
22
24
71
24
39
8
109
71
16
7
76
228
145
56
20
189
4
153
61
3
20
13
29
230
127
146
37
32
21
100
28
35
144
13
20
33
15
66
7
145
128
102
30
28
1
62
21
114
30
130
317
18
12
55
104
14
80
55
13
126
17
30
75
50
27
58
26
23
44
36
188
21
4
101
9
186
185
72
194
90
169
53
356
6
37
5
251
135
15
112
68
64
77
26
14
54
84
125
51
138
35
192
87
29
71
104
101
32
281
90
10
45
6
212
14
18
79
54
42
69
139
71
100
86
84
58
103
37
26
136
53
134
34
138
122
44
55
26
74
58
61
26
123
31
52
13
97
89
135
75
35
188
2
7
186
88
100
79
19
52
147
30
55
32
14
76
73
140
113
41
2
34
58
28
47
182
104
38
87
112
108
98
87
1
25
89
13
12
261
10
32
126
159
93
72
10
73
83
66
34
20
48
25
274
13
92
6
20
140
8
229
361
3
137
104
11
235
65
205
12
249
11
4
22
78
2
21
27
7
91
118
70
40
33
97
68
52
3
182
49
10
7
37
176
18
59
36
31
97
59
21
6
119
36
97
29
56
13
61
24
66
51
16
3
1
54
74
80
306
19
61
39
108
27
119
59
55
85
299
17
32
63
43
277
24
93
47
42
50
159
128
34
99
59
129
34
9
110
42
58
103
13
32
81
107
9
63
4
35
6
129
104
23
106
99
104
351
255
123
226
41
318
120
145
22
43
19
57
8
161
9
62
2
98
40
121
67
20
229
133
48
37
135
77
151
58
67
41
78
48
139
70
59
23
29
372
122
9
34
5
27
15
63
227
51
76
138
72
1
34
21
49
7
99
49
96
89
18
31
7
6
20
49
3
28
127
2
74
194
109
27
2
38
36
43
24
66
39
7
12
83
47
122
30
78
27
116
177
53
308
112
235
44
60
96
17
13
80
214
57
166
162
59
23
39
71
160
61
7
70
50
152
74
46
45
81
298
65
39
52
36
16
82
110
189
19
142
25
15
294
21
1
11
143
46
163
61
76
2
183
3
83
225
40
11
40
350
9
12
407
13
234
77
168
12
33
33
56
170
121
103
10
66
94
6
38
15
2
78
21
145
34
49
35
28
78
119
162
279
210
315
1
3
654
40
40
77
146
9
356
151
73
218
24
32
22
144
63
198
280
139
15
422
90
74
352
35
67
124
15
196
78
14
153
39
59
47
11
46
61
150
5
51
9
41
94
49
39
258
75
22
132
7
17
101
58
126
95
251
13
169
138
153
8
90
96
20
71
109
24
34
88
30
207
20
29
45
15
135
152
107
218
5
204
46
32
8
35
5
220
49
18
221
119
56
24
225
264
64
5
98
15
62
61
40
4
126
154
152
3
29
43
66
55
82
227
13
160
4
78
5
36
6
48
6
233
3
18
86
62
124
106
69
108
100
375
28
88
39
111
192
12
26
10
59
131
99
82
11
208
20
74
6
10
124
117
8
89
6
70
234
43
97
244
65
57
67
272
80
34
174
14
143
129
206
11
20
144
59
8
198
1
85
14
57
27
86
19
23
68
170
92
51
77
13
147
21
51
60
59
72
27
45
22
85
38
24
49
40
209
25
207
290
251
92
78
3
48
67
59
99
24
56
177
20
19
86
26
60
4
142
13
145
15
40
89
59
8
269
37
72
109
42
134
32
105
206
191
19
45
23
16
13
181
186
158
93
54
38
111
162
67
104
35
51
25
28
31
9
24
1
36
180
12
36
122
29
62
7
25
3
161
1
145
81
86
39
74
66
16
7
7
106
172
42
83
142
384
86
72
24
108
106
174
4
19
154
30
114
92
18
82
51
50
117
23
51
48
13
45
128
46
81
129
46
6
32
31
33
16
162
42
48
22
168
29
16
48
57
93
10
410
16
23
62
15
124
441
97
129
103
2
11
26
144
58
4
18
55
91
53
55
96
91
18
18
143
246
59
90
4
115
29
62
17
198
20
101
11
197
86
24
144
35
281
28
177
3
28
358
142
70
57
28
120
31
57
9
126
181
150
183
85
10
2
163
43
75
118
24
241
2
1
80
103
108
11
101
61
16
10
78
107
293
108
114
139
53
13
59
13
47
50
15
2
75
37
92
52
374
5
156
101
29
29
22
26
13
76
24
15
200
36
34
35
23
38
214
124
5
1
10
197
14
113
84
39
3
26
28
13
46
232
70
104
158
232
16
231
75
40
24
44
127
43
244
23
4
182
66
83
74
95
52
20
25
100
184
20
21
78
62
122
45
74
97
5
3
48
68
99
4
10
11
12
108
55
11
136
39
183
36
50
165
169
2
135
72
25
62
30
48
35
45
1
34
220
255
11
173
5
182
12
139
214
14
186
1
136
75
113
133
333
82
95
21
80
120
405
41
28
170
94
12
30
196
84
12
62
214
21
166
41
4
22
158
2
5
44
20
62
48
98
25
56
28
107
121
9
66
125
55
118
57
28
15
133
24
33
67
46
142
54
136
22
135
11
47
12
80
52
140
41
89
17
54
12
128
43
8
28
68
2
64
13
204
36
19
56
29
40
34
87
14
17
27
150
48
10
3
18
7
73
121
9
145
31
264
35
16
44
12
61
162
172
26
20
32
253
199
11
265
2
44
136
86
8
28
31
320
59
127
5
454
43
4
36
147
42
91
62
21
17
242
104
39
34
57
52
86
11
56
113
75
78
16
17
58
76
159
8
88
60
74
17
25
1
77
121
43
31
27
71
8
8
1
10
203
72
210
229
33
65
159
13
120
141
15
15
79
26
22
236
108
2
291
27
23
33
23
63
2
1
136
30
258
58
62
25
29
98
224
14
40
16
1
422
118
346
29
116
41
8
55
9
84
55
227
464
7
47
13
52
57
35
59
18
156
6
79
16
144
105
230
48
84
58
45
123
97
120
48
11
86
77
56
337
3
54
53
188
55
30
88
43
50
40
1
96
152
184
7
9
18
59
94
41
10
3
118
1
138
37
98
32
10
152
87
6
1
123
18
25
211
74
80
26
32
72
62
127
45
10
64
1
133
35
100
5
261
95
1
149
122
78
45
317
1
27
50
61
39
39
87
221
78
178
10
139
105
136
70
98
122
18
167
55
166
306
25
13
23
150
96
30
5
98
294
36
7
47
56
266
57
144
149
68
78
135
75
69
51
64
34
55
243
9
79
23
20
102
26
19
15
37
90
284
62
264
12
9
138
130
183
159
36
10
2
72
38
109
18
6
336
118
146
11
50
158
176
121
19
39
39
43
203
81
184
32
34
83
76
145
116
42
38
155
198
140
52
175
35
61
50
167
30
9
15
203
70
53
26
71
22
8
36
22
13
84
94
44
121
10
109
48
37
9
13
9
123
55
181
36
27
137
3
51
17
120
64
5
76
110
37
8
43
9
65
16
86
44
16
91
176
22
150
132
72
5
15
132
7
100
3
204
64
13
33
23
41
3
20
11
29
152
30
91
132
1
52
183
10
68
74
44
68
22
110
18
25
46
74
164
20
172
42
18
34
56
14
230
88
85
14
30
71
340
100
168
8
34
126
46
30
90
28
196
37
97
8
24
12
112
89
93
6
66
4
72
13
348
17
24
233
77
11
114
38
52
17
117
101
8
6
39
59
1
19
16
74
28
6
5
14
59
102
36
28
493
1
5
1
18
113
17
19
257
14
6
24
47
128
70
80
68
83
39
71
22
44
78
37
41
226
47
58
6
122
30
12
6
121
29
87
129
33
60
75
18
25
145
86
18
74
22
17
19
20
250
42
156
29
12
46
4
92
33
18
25
90
40
101
162
43
33
31
61
70
114
105
3
57
18
46
114
101
9
100
87
12
51
8
28
38
114
40
93
159
153
224
66
8
53
102
114
115
164
387
9
24
208
26
137
29
194
72
152
123
185
93
4
71
101
18
81
29
93
358
212
96
6
10
89
136
76
3
36
15
182
139
57
46
39
109
253
113
34
59
91
33
100
56
19
22
33
20
32
43
18
137
7
446
2
17
26
102
30
68
43
68
120
1
134
6
43
16
72
305
68
13
114
229
182
119
51
111
66
81
55
28
25
73
84
68
103
52
127
333
102
35
12
132
135
8
2
306
7
377
33
60
5
53
17
72
77
362
8
96
15
24
125
259
21
82
150
304
103
5
65
25
27
55
129
171
196
12
221
36
11
58
101
34
83
25
13
109
11
101
79
16
23
146
168
118
20
54
99
4
81
129
18
14
56
304
169
167
197
120
130
213
38
132
12
105
103
49
2
238
35
14
42
41
74
83
20
139
4
65
44
263
131
245
23
30
11
227
3
65
128
80
159
123
128
96
256
11
146
9
2
69
197
123
24
5
41
20
134
50
28
9
240
7
2
10
65
101
93
292
15
39
77
12
42
265
31
124
31
190
3
40
122
95
50
95
4
6
206
125
39
95
11
174
84
117
7
14
118
6
65
44
6
96
3
467
22
53
5
21
21
64
22
62
23
99
113
9
12
7
25
20
84
4
63
81
147
150
45
199
8
41
30
16
187
126
108
45
33
10
94
15
92
41
137
35
46
211
35
15
13
20
54
40
157
14
26
35
53
10
8
13
139
67
76
43
354
2
21
15
76
218
53
57
46
81
130
83
84
50
4
58
9
31
27
184
99
77
22
62
10
6
107
26
58
23
48
8
43
73
150
86
89
82
77
3
4
64
99
100
65
96
148
2
20
61
29
28
15
1
132
13
1
39
159
141
72
27
99
20
16
9
15
61
13
52
113
71
21
6
30
121
128
18
125
3
188
142
28
36
195
91
2
78
20
59
87
83
125
157
120
16
176
121
11
18
127
74
101
123
5
124
133
142
20
18
273
46
273
94
129
125
53
11
7
211
99
8
45
86
57
39
253
31
58
19
80
10
80
412
95
35
45
42
92
1
29
28
14
46
5
196
4
17
58
50
5
77
130
56
29
8
234
136
89
65
216
5
59
6
82
83
18
13
120
19
58
90
41
30
44
50
150
37
154
205
33
184
96
48
44
42
159
64
213
32
10
5
20
32
5
133
66
194
15
90
43
262
4
62
37
374
62
217
53
20
66
130
33
49
13
82
27
53
55
88
58
150
40
2
6
250
28
112
98
111
54
28
28
68
89
105
26
61
94
18
91
10
41
113
14
7
51
71
6
1
9
9
157
154
29
23
11
12
95
27
38
94
6
4
1
71
1
89
29
55
29
50
22
45
174
19
16
37
21
17
71
15
107
21
26
1
249
50
6
99
161
58
14
39
61
73
6
40
39
77
66
64
67
70
15
7
39
90
120
18
21
30
15
30
14
23
95
223
123
40
1
27
65
9
269
18
75
22
98
3
48
105
3
73
17
133
90
82
156
24
62
71
7
7
9
105
4
118
50
21
267
67
249
102
171
58
21
118
79
84
223
106
85
53
75
75
53
6
42
37
14
16
15
24
73
60
117
8
3
83
50
558
85
84
10
37
106
6
22
1
65
11
12
14
93
59
85
264
24
31
15
97
4
108
31
113
20
36
14
12
30
201
33
89
22
22
41
132
2
259
17
265
11
19
137
60
262
137
95
40
43
55
27
129
55
63
79
124
48
107
24
8
173
92
362
156
7
83
91
58
334
80
38
194
72
25
30
424
238
20
8
85
212
19
51
29
228
59
56
42
179
79
115
86
146
11
10
17
84
177
124
6
19
56
104
26
19
93
179
60
5
83
115
12
3
271
28
15
9
26
131
69
58
41
192
26
123
72
476
55
75
82
57
85
29
30
80
42
37
55
98
31
30
58
89
105
76
109
130
25
159
43
290
37
61
73
83
18
116
21
42
65
44
241
337
95
134
16
1
134
2
12
123
114
123
27
113
34
436
2
4
50
140
18
38
12
36
61
170
11
16
214
99
20
66
40
111
52
57
16
21
44
140
49
61
48
34
93
84
127
134
183
2
15
41
90
4
14
12
138
22
121
67
77
53
5
32
167
5
15
250
54
31
21
24
44
162
156
48
81
231
36
41
77
19
3
144
98
7
34
110
28
218
89
162
383
129
33
200
50
52
19
67
237
81
12
17
51
33
31
76
184
78
53
187
94
47
6
191
58
20
137
84
156
5
94
52
58
151
266
52
489
8
39
106
103
208
57
80
56
103
63
9
12
93
16
17
47
24
30
25
8
39
12
178
2
11
69
165
56
186
141
106
70
50
26
83
23
64
56
8
156
25
98
77
60
32
29
206
25
221
61
6
21
171
30
77
9
99
42
81
97
69
30
142
283
15
96
73
18
10
149
59
229
60
19
20
83
65
28
1
133
35
4
1
125
26
10
66
105
320
128
17
127
84
79
5
41
24
47
121
3
51
14
15
154
3
134
87
13
32
19
72
109
439
118
62
11
33
19
10
120
27
286
404
43
122
82
35
71
168
19
7
16
87
58
229
20
243
44
139
153
63
182
42
157
56
94
18
2
9
3
120
8
11
1
61
37
16
5
169
9
5
210
212
172
11
119
301
88
67
178
13
5
76
47
46
24
87
168
52
4
30
41
109
46
196
33
29
399
5
126
20
40
45
21
322
124
53
90
50
251
13
363
111
110
56
138
56
14
80
65
74
87
55
4
107
65
25
112
41
36
81
59
74
48
1
69
22
18
259
7
28
91
52
42
89
43
12
66
48
47
40
12
101
52
27
2
68
55
83
13
1
30
16
21
145
56
160
154
1
183
145
125
145
25
11
2
1
110
30
37
6
90
192
106
18
210
236
24
323
19
142
134
32
54
48
28
220
24
6
156
68
89
18
112
149
4
97
142
23
44
159
102
24
105
33
150
150
28
1
91
219
79
152
27
23
90
143
10
52
184
22
61
54
4
61
12
176
37
68
96
40
229
47
32
30
35
98
278
29
222
11
68
101
80
129
100
207
122
41
37
137
21
110
89
15
189
42
62
39
43
105
38
3
60
190
63
90
150
197
29
87
70
10
28
91
9
48
93
46
414
13
36
188
10
47
94
17
2
64
30
9
128
26
12
128
415
77
195
81
13
143
95
91
197
6
102
85
17
7
27
64
24
140
25
53
43
4
130
58
95
38
60
185
27
234
7
37
6
27
47
61
91
252
102
98
23
59
146
121
54
11
103
9
676
70
155
21
3
83
99
17
83
20
113
112
29
5
52
11
54
257
167
11
24
87
4
98
24
71
405
5
134
77
97
104
50
3
101
38
89
2
113
8
100
84
55
29
134
27
24
33
13
22
48
241
355
106
182
41
257
84
23
49
34
1
140
46
7
12
178
72
90
140
21
62
114
131
84
88
31
150
211
152
36
179
97
51
3
54
43
59
3
22
2
3
36
13
77
64
84
43
124
38
4
116
38
73
19
42
28
22
45
171
51
51
54
22
198
207
5
7
106
46
62
15
12
49
133
14
36
46
161
31
25
76
203
17
74
138
164
20
94
117
29
4
10
270
139
19
163
60
24
44
94
120
9
155
71
128
53
90
60
19
22
50
67
52
19
73
44
21
91
283
7
76
133
21
6
25
50
22
56
13
129
37
123
8
71
13
185
258
50
47
45
25
68
107
17
45
23
68
22
18
34
191
269
82
70
149
46
3
290
3
26
153
60
15
16
128
94
166
162
43
55
51
126
22
10
85
13
16
200
24
69
51
10
134
154
16
93
50
91
5
98
76
49
132
48
11
24
94
35
19
18
275
9
133
25
76
44
21
19
21
32
41
163
38
209
161
45
3
19
40
39
48
30
82
467
12
17
16
12
105
96
75
54
62
11
41
147
8
36
81
15
134
133
199
4
100
265
14
8
44
13
58
26
3
146
20
96
65
98
111
146
79
138
294
30
116
59
69
4
13
9
332
26
34
81
12
168
107
12
46
13
136
153
335
21
103
40
4
67
84
66
49
203
5
148
2
188
81
22
203
32
73
115
34
204
106
118
8
28
74
53
190
53
36
125
33
99
78
56
82
149
25
7
246
4
139
20
36
113
37
134
101
11
53
64
184
94
28
40
158
14
40
92
36
14
25
93
129
3
23
14
69
25
8
175
68
2
31
24
38
57
138
198
73
44
42
174
184
110
328
127
35
103
68
26
297
124
162
6
40
144
37
189
142
18
8
10
109
14
47
31
18
142
110
126
3
56
12
11
36
2
21
36
32
21
44
235
18
1
12
105
209
12
1
167
29
21
134
245
154
15
32
61
36
14
74
55
43
162
12
141
22
70
29
17
37
106
43
3
58
90
69
40
29
24
74
70
3
7
128
105
61
140
26
19
140
122
42
139
95
72
26
129
29
182
62
325
50
17
168
70
69
78
129
222
27
46
66
13
7
11
151
9
159
77
27
2
55
48
28
26
18
27
261
73
27
11
55
48
67
78
206
116
31
62
119
39
19
151
77
40
11
148
65
21
212
63
35
78
172
12
14
8
34
84
243
230
2
128
59
32
14
35
10
144
24
13
60
102
16
118
30
22
20
34
44
134
21
13
387
59
44
2
24
2
142
237
22
33
325
270
153
224
41
202
15
197
200
5
31
43
60
11
7
46
57
57
31
72
40
39
74
57
30
148
18
24
318
290
38
90
45
48
35
139
26
174
47
78
26
40
2
71
202
42
14
90
197
2
15
27
72
233
10
81
49
63
112
18
44
158
130
23
33
109
5
66
154
47
126
48
157
105
86
37
61
119
4
28
105
87
20
52
241
102
56
2
40
82
53
142
45
10
12
135
96
91
48
40
22
67
19
98
54
66
12
1
13
103
88
62
6
89
7
69
5
142
54
3
56
62
174
106
135
39
34
31
197
232
7
70
2
86
15
11
11
20
35
13
154
98
90
75
62
121
4
315
13
16
5
78
118
40
2
44
111
103
121
67
198
34
137
110
125
8
38
63
65
20
32
162
359
55
185
178
46
72
13
71
122
69
137
15
30
8
51
132
45
178
261
44
27
40
150
48
77
121
44
207
30
78
45
48
296
83
46
40
99
8
98
73
358
65
196
34
57
88
71
19
148
188
80
196
103
218
140
1
12
60
11
177
112
7
56
124
116
44
1
102
67
56
22
23
78
174
174
131
12
19
44
108
55
117
9
90
224
105
20
74
43
208
11
5
44
148
37
30
137
189
13
134
127
52
27
82
38
237
125
103
107
34
34
215
82
5
156
34
25
52
32
70
127
40
458
155
281
12
174
17
194
77
3
3
70
37
71
47
28
139
54
148
8
110
7
60
54
28
163
12
178
104
177
16
33
25
21
84
123
95
1
65
43
228
7
11
35
12
137
15
182
27
4
50
83
127
56
93
49
102
64
249
62
11
28
8
98
121
29
178
251
239
22
49
105
20
31
89
52
222
135
69
9
530
37
103
43
36
28
34
5
60
50
9
109
33
46
34
105
155
171
11
142
105
11
150
19
161
120
2
14
59
18
29
207
8
46
118
3
41
56
57
17
26
22
74
178
93
21
34
48
124
67
189
118
10
61
21
148
199
17
68
340
76
70
70
97
64
104
112
25
44
1
125
93
82
42
69
28
240
203
132
16
255
57
8
10
1
142
137
135
13
28
50
22
182
32
130
57
20
221
80
161
62
389
179
94
3
48
73
31
119
78
73
145
20
4
112
33
13
58
103
92
264
72
179
131
74
27
19
89
222
216
111
148
113
97
38
107
215
57
172
56
187
93
144
61
188
69
11
30
20
348
39
336
388
93
24
454
17
17
57
115
54
63
180
7
20
56
2
183
12
8
36
98
68
11
12
45
154
17
117
198
26
39
64
31
20
52
2
199
58
38
31
282
306
158
30
101
2
80
2
82
18
127
7
85
166
109
171
283
24
136
5
55
24
30
75
38
95
11
102
126
77
233
44
24
127
98
17
93
12
4
73
70
140
55
40
76
64
10
128
38
74
30
14
4
85
115
106
27
74
63
62
24
4
10
39
295
8
4
84
208
13
57
28
144
7
5
54
9
38
26
69
32
10
38
68
128
19
12
40
31
9
236
121
80
65
183
189
3
72
22
152
9
373
144
15
102
16
105
40
134
54
3
55
133
64
24
93
49
142
292
85
7
2
17
10
2
265
203
152
70
59
63
11
85
40
18
93
46
1
68
83
25
65
192
20
129
246
21
52
148
126
34
35
43
38
55
74
10
106
62
136
9
49
64
57
62
138
32
56
180
15
99
97
13
57
6
52
8
16
38
31
62
16
76
166
40
38
177
184
30
11
211
52
14
2
95
89
39
197
19
33
66
68
16
53
158
30
49
224
360
11
78
128
203
8
10
15
88
30
45
12
22
11
8
113
292
37
18
86
8
39
54
3
5
142
98
50
34
17
159
128
18
17
7
37
250
95
381
66
44
89
27
11
104
10
3
273
9
84
72
27
4
65
13
50
128
31
92
164
73
9
25
199
44
86
23
3
267
119
17
10
10
81
44
138
5
18
24
22
26
44
31
13
67
70
322
44
15
40
35
57
42
76
13
157
13
61
18
16
186
79
57
54
112
70
4
27
58
9
62
40
288
206
49
100
244
11
89
34
132
168
29
8
20
101
93
42
8
363
282
13
55
30
30
42
23
54
15
55
72
53
48
30
4
71
267
121
28
70
6
13
41
68
2
67
33
174
44
43
108
30
131
161
5
98
42
7
119
69
49
14
10
12
1
108
10
43
28
143
134
309
111
10
113
200
120
49
31
19
29
3
87
247
41
334
133
21
42
106
43
93
1
18
21
176
38
85
66
89
14
38
184
4
181
39
56
68
2
141
76
152
109
28
215
62
84
19
30
137
234
5
62
24
27
9
35
43
80
17
345
87
5
38
224
129
56
140
120
18
147
155
27
18
62
16
72
17
12
269
177
29
48
74
17
61
93
56
47
123
33
1
41
89
94
268
183
91
40
77
79
60
265
12
87
190
39
55
3
291
85
166
197
28
44
47
200
173
7
97
27
53
71
92
22
16
233
46
55
7
42
52
124
177
26
7
132
140
10
68
7
1
45
68
155
14
175
86
114
11
332
70
58
98
51
11
13
6
32
8
22
111
122
79
293
29
55
86
85
79
1
27
139
141
172
59
84
124
17
85
21
64
92
6
91
26
184
73
143
44
94
130
28
125
16
30
43
34
136
125
6
13
175
18
87
116
67
36
16
79
76
190
3
46
66
13
20
13
6
74
68
34
96
182
62
65
5
51
203
122
11
16
146
14
122
49
89
81
3
285
6
25
13
208
25
68
62
62
67
39
15
80
99
20
26
263
26
89
4
40
41
60
256
125
194
150
52
7
149
12
32
16
32
35
66
89
65
198
29
42
88
306
35
80
12
126
33
320
108
102
39
29
36
16
157
21
137
133
108
35
232
18
46
50
6
15
31
14
32
48
18
50
15
2
113
54
3
8
9
46
21
88
130
28
59
9
129
46
73
17
9
83
245
43
31
79
141
177
12
271
166
2
49
126
20
27
29
67
95
47
151
56
63
15
148
76
11
22
32
66
81
1
3
55
66
131
40
167
29
60
52
3
15
199
70
80
20
43
6
213
72
121
78
19
235
250
93
55
42
111
124
7
34
11
518
14
113
33
194
94
178
65
9
238
12
197
216
77
8
19
36
154
44
31
21
107
24
120
83
6
148
87
141
44
92
84
27
44
117
10
91
30
25
25
36
110
68
146
115
174
327
42
18
29
59
309
115
55
61
110
49
274
71
251
28
278
416
27
13
21
32
60
24
54
35
4
161
70
243
37
146
225
4
128
17
173
145
60
97
26
47
130
8
31
73
2
168
403
17
8
322
67
83
170
16
110
176
67
16
115
90
8
350
3
22
147
60
11
26
69
277
3
30
23
2
204
295
14
54
92
2
83
247
240
60
128
91
17
80
79
13
231
58
12
55
84
114
1
78
92
46
28
105
21
175
139
279
58
305
32
81
54
172
133
80
50
62
69
1
17
14
174
250
9
5
71
50
37
27
46
466
4
5
15
21
42
54
74
60
11
33
118
101
105
35
224
55
59
114
13
5
59
35
106
60
186
181
17
46
40
82
58
6
137
3
14
12
86
100
84
26
9
40
86
73
123
29
68
55
32
2
16
54
41
161
56
108
66
11
284
6
52
17
105
70
83
17
1
25
159
117
226
108
28
73
25
84
7
108
48
10
5
57
44
216
40
49
66
12
89
31
95
65
16
121
65
13
87
240
114
351
253
50
25
81
2
62
142
87
77
95
227
10
40
16
156
91
89
89
35
67
6
34
19
24
23
19
138
6
63
105
32
16
55
147
3
106
28
128
45
148
22
158
1
15
24
12
39
54
26
45
43
35
3
160
5
186
117
9
8
178
48
192
15
22
59
180
6
215
12
28
22
6
52
139
74
30
27
61
40
93
82
15
20
36
119
100
107
2
82
2
20
232
14
86
116
11
25
162
58
127
122
172
23
22
2
45
160
139
183
2
81
2
335
20
23
8
27
13
53
173
118
14
15
60
136
23
99
20
4
154
74
33
60
277
214
84
85
103
30
34
69
132
51
46
26
121
34
14
46
173
20
45
58
17
179
213
201
18
53
140
4
19
26
58
183
30
103
84
77
103
29
188
57
124
14
17
61
84
133
26
1
56
31
122
32
59
37
27
80
15
209
149
93
8
7
195
23
411
4
65
22
128
73
157
39
6
8
19
11
296
89
1
36
65
11
238
5
4
5
131
19
143
5
13
51
23
112
272
92
66
77
6
127
248
32
87
145
100
1
23
195
86
725
52
53
140
7
42
83
6
46
53
73
99
16
18
169
7
178
260
167
2
26
51
56
73
2
26
9
113
14
71
76
78
84
43
89
114
88
271
22
1
134
84
15
19
90
14
145
19
98
36
82
130
43
45
8
28
3
6
1
6
288
33
4
148
57
1
52
102
109
30
18
118
36
69
42
38
182
156
223
6
12
221
102
20
251
67
7
111
201
160
36
68
35
56
62
30
45
138
2
3
14
7
23
15
20
18
147
177
2
148
77
33
131
3
97
26
117
100
65
64
18
39
197
33
124
16
67
75
10
253
48
269
81
64
38
8
18
69
40
35
300
119
126
115
442
77
38
37
5
56
75
35
115
24
18
103
160
92
135
217
33
27
252
152
28
329
86
61
211
98
128
154
99
79
116
27
2
2
115
88
139
233
41
22
7
123
58
90
36
16
127
153
68
38
165
123
98
11
32
34
96
119
76
50
245
180
2
29
191
35
59
45
154
103
61
62
4
27
285
36
86
48
288
15
152
77
139
26
266
118
27
52
74
21
19
8
143
80
141
120
32
162
7
41
42
21
114
169
216
428
164
11
49
63
136
71
22
24
217
109
38
14
76
65
4
70
174
113
24
30
28
108
69
50
24
29
201
134
88
107
73
24
14
68
103
141
18
56
125
8
83
90
18
14
20
13
26
28
18
147
32
19
15
71
156
42
122
79
48
14
12
223
40
73
110
48
7
6
5
27
114
111
7
21
22
322
41
70
88
42
38
94
58
196
23
31
155
60
309
31
5
14
422
282
98
68
26
161
53
5
211
106
50
62
72
31
42
57
21
71
12
1
58
25
22
84
32
11
13
45
101
30
28
69
226
72
42
27
50
5
114
1
41
8
158
86
46
70
46
52
13
11
236
11
32
81
5
67
30
186
117
102
62
7
72
110
58
83
182
36
75
70
29
33
67
310
18
2
4
135
139
88
17
88
29
29
225
63
591
67
1
37
68
1
40
142
224
41
7
59
9
186
31
132
166
105
44
21
65
30
59
154
4
81
173
2
9
169
290
69
203
119
14
15
57
198
45
35
22
22
50
146
209
25
21
139
13
85
149
123
146
85
40
50
197
44
7
161
55
89
49
48
42
354
137
124
63
102
100
6
34
27
218
77
183
185
39
157
113
138
304
23
42
38
4
51
28
356
163
29
12
30
87
49
35
100
91
16
96
64
5
203
32
158
111
13
107
20
123
136
14
74
159
71
22
13
149
15
37
105
167
120
224
219
186
41
95
78
190
18
171
41
91
99
122
43
59
14
30
6
140
59
86
95
82
168
96
60
428
70
324
27
40
85
126
259
162
63
77
22
49
333
23
17
134
54
45
250
8
31
9
16
14
12
166
20
53
150
68
18
43
28
5
41
40
90
54
44
74
68
99
179
74
83
106
146
2
77
263
28
42
213
123
36
8
112
3
24
18
101
13
10
65
47
20
41
52
4
1
76
67
4
313
46
8
1
72
35
18
354
93
16
44
82
23
17
14
154
11
2
39
10
201
62
424
45
20
82
12
65
28
11
43
132
8
222
41
22
92
11
16
26
24
13
29
102
5
64
35
4
11
72
226
72
87
84
33
12
210
1
117
36
145
34
99
70
22
86
69
65
62
124
27
43
23
39
42
184
132
48
153
63
15
112
32
22
467
77
117
50
62
34
211
14
303
62
71
96
30
52
138
63
194
30
58
65
15
74
91
38
144
52
28
121
255
108
51
152
25
29
64
79
238
18
261
1
20
44
49
94
104
265
20
3
65
108
23
43
63
144
53
26
68
43
10
28
133
42
8
350
183
48
22
97
36
151
113
77
129
47
9
21
4
56
65
6
111
23
9
141
234
39
123
64
4
56
51
1
20
2
57
126
13
218
62
4
34
63
352
18
2
24
211
131
62
51
40
58
160
34
125
31
31
6
18
31
58
205
106
216
4
72
5
5
69
10
17
42
97
19
57
7
27
99
127
8
80
30
14
142
19
134
138
74
16
195
129
95
92
43
331
121
297
137
83
172
50
16
49
1
19
66
19
6
93
8
5
13
96
33
76
22
145
185
52
25
112
22
17
64
76
55
27
41
48
73
37
9
72
162
103
11
33
3
28
10
16
86
42
42
14
41
95
14
15
47
132
17
58
34
18
51
47
4
238
10
216
217
42
73
11
61
21
31
80
21
101
37
126
37
134
90
42
11
115
141
114
14
97
6
12
29
11
9
32
37
29
232
17
16
216
199
6
25
21
131
44
111
125
34
77
10
1
82
36
138
13
113
94
21
27
34
192
73
12
36
154
106
167
75
31
112
33
10
65
47
4
27
1
50
10
80
30
10
28
25
100
196
133
68
164
43
47
49
104
28
162
25
23
10
185
138
26
52
47
115
293
57
2
121
86
70
3
19
25
13
61
93
62
22
28
100
101
84
34
123
129
260
131
6
42
184
9
207
7
167
149
177
3
15
55
60
153
9
6
239
13
5
110
1
160
41
4
163
57
157
144
99
29
23
80
8
23
120
5
104
22
8
136
271
40
11
17
4
6
15
82
283
6
24
201
57
180
57
25
116
111
63
49
46
22
47
75
88
38
6
130
19
18
32
26
107
2
281
77
6
2
296
39
26
45
55
9
7
108
32
28
235
86
44
82
7
27
61
17
17
114
59
41
72
78
50
52
63
29
1
9
78
471
74
94
105
14
6
8
23
250
131
99
34
30
11
12
184
37
9
218
60
49
51
217
34
131
33
52
62
42
18
142
132
125
82
139
33
182
67
125
63
20
160
6
17
4
49
71
54
62
7
135
34
43
73
204
24
36
30
53
47
16
39
68
53
32
3
131
85
99
103
87
189
44
230
51
78
125
105
48
70
248
23
58
26
95
102
200
34
136
41
19
54
22
56
61
53
36
429
207
47
68
58
115
391
71
104
79
25
23
253
88
104
63
8
8
161
12
36
52
175
11
83
48
21
79
1
90
192
10
99
47
23
103
33
44
8
143
27
97
2
57
67
11
105
108
128
22
112
63
7
4
31
27
193
53
285
108
10
46
5
53
28
12
112
28
56
57
12
44
19
13
9
28
8
72
50
5
99
167
271
51
43
15
4
280
174
16
12
199
32
29
3
92
110
58
140
21
87
40
100
469
61
132
203
86
47
36
28
128
150
33
9
106
27
21
93
96
12
263
79
19
37
34
13
93
284
81
10
79
94
118
20
38
58
62
46
7
180
40
203
270
15
213
10
139
67
48
40
19
16
84
57
45
134
68
32
102
68
36
84
20
106
3
110
27
15
94
78
50
431
213
13
63
96
141
18
101
149
80
124
1
16
54
131
49
80
47
16
137
54
17
25
5
8
6
37
42
45
169
2
200
24
4
39
54
87
26
226
15
102
24
16
158
18
48
119
258
80
70
60
42
2
69
21
109
14
2
6
54
86
24
49
69
130
21
71
6
139
208
67
154
62
280
7
22
46
154
102
7
206
39
119
4
25
19
61
3
30
35
140
16
11
28
54
26
22
81
53
40
9
27
120
112
6
2
12
156
43
41
42
75
51
264
155
71
215
29
112
322
58
1
54
53
139
9
92
74
70
90
46
165
166
22
116
53
143
267
18
239
251
67
236
41
4
200
17
44
216
101
63
24
44
17
45
114
190
135
94
73
3
16
54
65
120
116
76
32
19
28
301
28
69
21
158
80
22
35
116
86
231
45
75
55
374
235
22
138
14
18
94
31
12
10
16
60
48
105
161
121
341
136
22
100
79
175
29
21
88
48
21
70
103
95
2
165
40
37
68
56
2
159
77
13
7
21
72
6
25
2
45
5
65
63
49
78
45
48
123
20
120
353
58
2
6
161
27
52
69
88
53
2
36
6
50
58
13
43
91
40
17
110
44
164
200
294
69
224
20
117
10
6
19
53
34
3
27
43
35
112
294
62
35
60
9
89
88
42
87
63
107
90
52
28
11
109
5
49
80
74
93
30
155
121
218
18
112
4
22
70
4
14
30
3
18
42
168
60
44
30
110
14
4
53
14
49
76
141
5
51
233
4
55
100
84
171
200
33
53
39
120
111
99
36
200
6
79
5
174
31
66
131
23
55
179
58
106
106
4
57
101
44
108
68
39
18
15
97
78
81
37
116
14
213
6
7
13
4
13
5
124
51
5
201
176
24
134
49
71
117
112
24
120
119
16
19
150
57
6
31
18
93
25
30
60
5
30
46
43
18
49
53
105
161
20
22
153
31
140
11
71
7
44
35
324
172
108
28
16
52
5
96
48
64
112
2
47
87
79
249
75
12
144
53
58
205
55
77
93
196
13
89
27
22
135
143
107
31
89
5
160
526
281
38
45
9
175
103
19
101
17
192
49
28
46
80
25
2
55
45
51
60
144
53
169
146
13
59
60
97
102
4
15
232
14
191
34
110
382
157
81
43
31
203
215
46
1
163
18
30
139
200
8
50
131
114
22
17
23
89
76
21
93
3
88
35
198
55
204
1
53
15
51
27
34
54
16
74
36
384
27
67
131
147
31
143
93
35
14
138
62
7
28
19
59
59
26
62
16
55
168
23
246
30
269
5
108
63
19
26
56
136
73
78
50
55
91
10
21
48
57
64
59
55
85
4
15
65
19
187
9
276
168
2
16
58
23
83
253
237
306
113
82
47
28
90
181
29
94
62
18
64
112
342
51
3
38
63
103
179
238
41
87
32
47
20
151
50
122
24
2
95
275
88
27
76
250
91
150
13
83
63
19
5
217
26
12
58
101
228
41
12
111
9
257
1
33
88
139
6
41
51
19
83
62
205
46
14
10
202
57
56
5
128
18
7
4
68
15
24
17
11
40
66
198
184
15
65
10
160
207
147
245
27
309
5
32
30
89
63
42
19
78
16
96
76
50
9
30
98
16
70
56
103
31
362
154
17
44
67
111
150
58
217
92
18
44
50
12
126
85
29
38
27
116
10
122
503
50
23
7
99
153
47
8
3
31
62
167
156
171
24
104
54
72
26
16
109
37
63
77
38
33
162
93
101
13
219
65
186
16
45
85
37
30
28
13
38
41
36
3
131
18
79
12
29
81
108
17
24
42
192
97
43
113
36
161
47
119
21
247
21
26
78
149
84
163
181
62
22
60
39
13
146
13
310
24
138
242
52
26
45
26
3
15
9
129
66
156
27
4
3
27
44
8
40
40
18
63
100
105
31
21
1
93
151
101
41
1
76
28
83
132
340
13
111
75
43
9
1
29
23
17
125
198
55
38
207
12
53
77
3
109
130
36
519
65
7
55
21
29
25
40
21
16
19
112
39
27
61
3
313
10
54
80
59
2
86
66
118
164
28
56
53
173
48
156
53
115
315
80
2
18
145
92
21
225
51
16
43
58
58
104
119
22
188
32
43
18
66
96
143
48
37
46
30
80
8
10
143
7
195
108
21
102
17
80
22
103
32
140
51
206
39
50
116
166
48
76
34
55
98
249
51
170
58
138
69
133
12
8
17
113
187
16
299
18
145
172
40
18
121
3
100
33
92
26
23
33
30
2
122
116
58
55
31
2
45
261
50
133
113
29
451
139
13
77
42
29
78
61
51
101
300
20
146
30
38
29
50
1
24
14
10
72
50
58
2
25
82
402
5
9
5
15
153
76
63
45
139
37
16
144
55
15
81
61
50
29
213
157
22
61
73
39
98
89
104
165
122
171
27
45
5
58
166
26
231
38
45
28
65
15
30
62
56
116
70
249
29
4
84
38
72
44
129
94
2
167
103
26
4
6
177
34
73
43
341
64
51
91
237
7
65
20
26
43
12
64
70
231
89
74
70
6
136
52
91
185
7
269
211
138
40
47
18
177
14
86
30
82
253
18
18
35
200
44
94
114
14
131
10
5
7
184
62
10
208
31
47
20
46
301
83
21
76
88
112
94
14
122
13
44
68
35
178
52
12
280
94
52
5
122
129
129
22
35
35
130
84
233
9
7
29
8
22
58
57
43
138
42
2
22
12
16
143
73
237
13
36
15
13
52
29
192
482
72
60
94
209
329
19
71
110
139
258
129
49
118
213
80
24
6
46
52
349
30
1
6
2
490
128
190
41
142
2
50
18
218
132
31
115
9
56
45
16
35
56
42
143
13
357
65
32
1
65
141
43
63
174
18
13
40
65
58
58
65
2
90
66
39
14
63
35
178
5
15
7
3
55
122
217
2
53
154
406
9
280
12
31
303
4
13
37
37
16
104
16
25
186
58
32
30
267
21
96
22
6
74
38
65
167
43
11
40
7
37
381
16
197
74
115
19
74
65
160
82
71
138
79
91
35
36
68
141
182
122
48
145
41
66
46
259
6
289
36
12
50
49
16
