73
362
66
43
151
497
124
129
154
221
142
505
334
475
134
7
403
163
150
229
73
47
127
223
218
15
211
125
17
62
284
257
244
32
230
735
50
186
34
168
234
70
127
46
70
220
11
299
34
533
179
74
130
9
165
48
241
110
178
448
95
20
13
5
58
35
52
19
180
59
240
207
19
23
177
115
43
357
433
237
77
189
78
548
34
10
439
195
51
27
50
126
168
15
133
343
115
202
198
125
28
64
366
375
87
88
304
13
52
140
30
204
6
212
201
45
44
147
760
192
154
135
157
114
223
109
179
86
343
227
161
248
310
49
239
310
323
134
63
128
38
48
133
92
288
256
48
865
104
104
197
65
213
64
239
356
311
100
130
244
39
60
197
19
231
194
78
239
70
242
122
141
40
184
184
8
5
285
535
500
164
51
42
210
277
232
299
8
49
39
1031
29
164
689
82
127
49
206
119
607
167
133
713
203
76
88
269
42
130
256
323
337
23
60
124
144
301
55
720
128
53
72
325
259
84
2
137
616
181
214
48
113
309
490
264
87
108
122
210
34
72
120
149
81
400
249
392
214
106
324
55
77
225
8
279
253
60
391
175
42
40
232
25
251
219
37
161
59
140
179
29
21
300
13
498
134
214
16
155
106
449
145
57
17
382
252
97
54
14
556
371
533
637
58
114
225
39
104
12
15
67
198
26
94
60
823
39
55
161
196
1
223
10
224
195
56
299
192
65
906
223
89
20
108
81
119
449
30
138
162
17
73
113
193
178
106
665
299
21
116
40
55
10
73
195
213
35
1
110
106
251
232
16
52
421
95
496
469
283
250
613
175
20
520
570
548
44
16
173
184
138
146
615
165
104
29
534
509
64
17
44
96
156
410
145
78
152
31
329
38
44
243
180
321
629
139
23
205
20
26
499
182
513
395
105
274
55
306
111
251
128
120
49
269
294
56
162
55
908
13
191
151
378
207
170
667
103
301
80
167
551
82
758
52
20
81
69
218
174
698
47
111
141
278
76
70
8
564
176
190
26
86
11
229
12
83
145
739
12
59
208
42
333
110
271
160
311
383
24
425
15
114
85
313
590
414
286
138
189
12
109
71
718
21
337
34
29
21
224
165
211
131
136
489
3
262
322
106
27
143
207
197
317
45
26
15
53
4
93
171
62
8
221
11
149
84
46
108
207
905
50
144
80
371
22
6
100
114
4
219
63
7
461
490
424
101
279
209
442
185
333
39
93
97
83
89
62
91
334
330
327
251
96
121
464
365
44
58
182
221
44
99
7
38
349
38
41
132
62
153
265
159
239
88
161
368
141
75
52
410
26
176
128
69
24
36
37
419
31
33
96
101
140
186
128
173
219
1002
111
210
100
175
394
44
73
242
82
388
54
52
2
437
248
261
112
3
177
93
7
156
32
312
105
78
153
70
99
233
868
50
84
203
107
64
84
10
340
46
9
120
109
7
109
162
25
77
77
127
6
53
130
336
134
7
72
83
300
98
586
296
5
108
23
323
109
1
371
150
118
771
466
170
28
24
26
35
231
77
42
59
1080
152
30
3
210
1
313
438
130
7
6
10
88
42
23
253
162
265
6
284
394
178
127
276
13
346
370
85
285
25
242
485
537
227
107
106
126
36
214
113
190
74
226
339
384
30
91
82
102
60
32
56
305
3
71
202
113
124
125
414
12
5
33
147
60
207
11
128
13
116
466
176
67
77
173
16
53
8
154
145
213
36
4
79
75
6
214
305
40
157
82
568
840
396
9
65
157
1022
31
572
214
227
105
160
158
211
244
47
187
52
98
21
360
234
15
55
123
80
261
72
5
224
9
74
57
291
199
261
1
163
132
576
198
323
56
118
58
202
623
237
1
313
147
188
147
513
91
95
98
84
3
536
288
21
61
185
347
133
31
47
40
860
87
55
50
175
146
82
439
84
550
27
81
78
420
189
87
3
16
543
269
38
61
289
29
56
149
70
97
657
47
672
23
19
146
139
20
64
156
31
42
63
102
264
201
118
60
138
213
118
141
80
212
543
399
32
76
37
220
240
88
61
2
19
289
151
59
187
484
48
37
312
93
338
12
222
78
118
548
35
171
84
383
492
83
43
4
639
21
10
124
60
342
20
395
119
387
365
174
49
302
145
8
199
259
215
226
90
58
665
165
273
323
310
18
146
59
53
146
446
297
6
362
37
131
138
216
120
204
205
13
48
29
65
268
91
23
54
148
48
409
157
20
34
199
67
209
225
48
102
240
276
16
21
10
129
345
173
8
145
819
20
285
115
56
3
514
312
10
41
117
14
16
105
258
183
128
105
121
345
34
31
271
196
113
303
111
31
17
255
176
515
19
11
367
21
62
4
74
132
301
40
184
226
425
170
72
124
43
156
77
540
18
1
379
323
3
91
42
119
7
35
152
10
83
23
14
350
111
37
175
131
819
125
107
19
309
216
149
122
27
105
154
75
191
91
174
659
404
53
695
77
113
151
11
24
79
367
342
200
24
51
219
23
222
646
358
125
35
30
76
719
125
241
22
165
91
531
58
294
258
467
18
2
199
49
544
235
54
59
112
91
496
124
217
203
1266
349
38
198
392
148
241
55
10
417
208
668
48
237
74
185
184
482
93
34
231
29
460
141
134
294
50
115
616
224
444
70
69
212
82
168
76
21
179
197
8
83
84
60
173
7
218
94
68
353
49
80
5
156
482
62
169
49
56
110
256
64
130
169
157
376
696
242
561
124
62
146
24
484
360
128
203
98
104
126
267
859
442
443
126
375
94
45
190
145
142
674
154
50
7
381
264
452
303
185
151
230
7
310
142
395
270
245
175
18
212
30
5
111
293
77
18
92
40
84
388
290
114
72
160
412
141
164
92
36
171
154
185
181
131
22
102
579
177
188
71
79
13
18
17
342
95
41
123
173
471
417
634
220
12
467
238
125
79
6
394
58
290
253
57
85
66
94
114
95
107
9
166
163
41
122
422
7
463
6
560
396
91
134
3
843
347
25
227
45
32
20
13
62
201
59
74
346
406
1353
63
160
239
125
666
542
121
31
12
143
122
49
323
84
435
66
568
576
59
64
25
61
67
105
341
44
389
1
391
20
191
514
150
48
252
92
139
66
67
17
218
99
231
426
334
328
21
508
155
126
307
335
36
382
217
11
467
31
297
709
183
4
427
28
184
70
67
188
66
103
62
48
90
27
175
220
119
204
281
324
209
58
91
5
173
617
54
91
296
158
56
107
50
111
93
39
167
90
61
149
48
73
442
146
61
42
166
199
638
24
78
9
148
214
259
296
117
299
491
41
453
233
40
359
34
45
513
58
238
225
236
170
112
9
190
300
257
119
12
65
217
521
450
188
652
47
227
144
750
28
28
93
30
124
319
71
144
305
68
152
342
261
14
787
163
1
90
50
339
129
28
173
103
10
211
59
198
155
296
7
231
19
131
139
68
464
199
128
256
36
88
134
14
175
673
454
90
146
111
4
239
93
56
368
461
179
7
82
237
44
393
160
49
397
46
556
76
305
519
364
49
10
48
987
57
39
95
121
138
20
61
63
97
70
39
8
24
1
244
6
55
70
10
161
141
338
240
493
63
375
2
126
210
299
142
165
218
129
195
198
72
86
137
169
249
151
133
270
17
57
295
143
144
8
71
39
303
72
208
588
100
250
211
246
401
209
72
66
242
339
217
37
360
182
675
65
708
94
115
84
291
5
824
121
692
63
221
57
276
563
345
152
297
160
396
29
48
146
118
168
137
74
93
77
258
74
98
228
1
128
248
66
161
602
133
111
45
67
521
171
135
64
12
11
133
67
411
290
65
950
9
378
72
39
326
438
60
107
27
313
43
594
30
9
376
116
75
175
431
42
155
458
344
215
25
279
164
265
122
16
26
127
8
8
56
138
118
3
22
257
66
7
71
45
53
135
16
39
59
100
311
243
18
126
334
133
12
104
8
107
9
499
185
195
45
132
68
200
67
638
140
103
39
117
276
227
167
82
535
140
132
63
95
189
192
1
172
20
41
460
157
121
62
235
105
57
21
70
39
15
443
383
144
369
390
185
78
80
137
616
128
441
128
102
358
56
64
81
194
63
124
183
63
65
442
64
6
443
37
88
82
91
58
222
148
65
8
204
120
72
84
117
271
45
9
117
99
14
64
370
442
183
245
256
31
54
21
194
36
221
377
12
72
110
312
148
431
215
117
82
141
185
91
218
176
75
48
146
188
23
316
353
168
129
294
15
6
93
329
322
363
276
214
84
118
15
257
82
285
98
52
99
74
58
105
196
36
71
343
98
56
272
402
35
196
135
73
90
56
33
69
348
202
103
23
335
105
14
11
36
146
121
43
161
225
394
223
58
72
6
68
450
151
48
104
52
210
27
18
64
188
155
30
310
333
98
196
131
220
124
170
115
29
257
113
213
94
670
397
204
65
97
36
115
680
11
35
104
65
142
27
15
85
206
191
8
159
112
175
7
269
198
650
49
356
200
747
53
315
237
78
102
119
59
25
237
62
74
47
28
67
242
210
126
90
360
63
140
23
615
167
34
129
148
66
221
207
452
92
224
15
42
77
134
63
24
56
56
249
89
49
15
198
56
685
15
15
112
79
17
5
64
128
1
269
207
557
221
74
211
1
31
165
132
175
106
201
25
150
95
149
14
87
416
251
263
555
59
104
84
151
11
24
230
32
21
93
99
419
52
111
66
287
351
249
868
423
121
93
134
145
65
364
40
8
365
202
40
122
132
76
192
317
524
106
96
149
118
3
14
5
17
17
215
294
21
606
14
129
18
42
34
47
239
72
27
622
528
69
281
39
43
20
35
85
45
73
4
140
379
26
269
113
4
115
15
41
197
35
109
270
6
19
340
39
111
81
117
1
66
679
53
175
374
265
18
240
35
28
1
77
18
667
174
43
21
53
51
154
221
334
261
498
122
328
47
6
332
146
113
212
57
5
273
44
194
984
117
40
598
843
443
245
173
73
127
1
10
77
45
154
38
226
61
326
202
28
3
272
41
485
126
81
708
62
711
84
257
86
71
228
121
160
129
389
34
176
80
3
47
31
37
36
208
371
61
105
48
12
386
142
155
117
132
708
139
901
213
445
19
181
99
273
148
385
37
270
193
209
101
347
168
48
110
310
102
104
159
14
4
120
25
642
729
287
333
413
94
189
160
89
32
458
138
205
132
128
407
51
895
42
57
50
151
52
16
24
439
64
71
229
6
204
651
202
86
177
57
40
124
142
287
105
38
3
247
275
51
45
21
7
167
140
304
279
82
2
136
172
156
181
639
200
389
66
30
30
177
17
49
113
214
56
240
67
86
239
278
10
444
1
490
8
47
8
26
34
166
82
241
82
68
18
171
196
180
315
334
53
81
299
582
9
25
424
13
65
277
221
27
355
141
98
179
43
3
34
27
62
90
221
112
31
230
143
163
41
356
454
207
125
251
5
422
201
32
79
42
118
59
500
52
263
66
31
90
163
15
149
116
226
101
121
20
61
350
173
156
136
106
159
116
49
328
46
534
454
202
113
455
46
5
43
526
304
385
128
22
78
43
55
189
63
263
109
160
148
194
19
108
73
14
159
303
196
53
239
85
423
231
37
11
45
8
108
52
31
282
13
66
23
287
19
339
179
251
175
100
640
47
33
83
108
225
152
208
42
49
175
230
575
177
163
97
11
342
23
18
69
451
148
235
6
343
26
135
208
24
48
427
172
34
114
453
3
49
355
264
208
140
118
125
669
61
238
24
15
155
127
152
13
241
209
442
173
326
39
41
170
17
153
167
42
31
388
265
113
30
9
173
28
311
142
114
375
468
457
272
33
301
217
82
24
27
445
446
11
463
309
196
261
42
271
243
21
258
219
51
66
323
40
174
188
6
43
145
85
11
37
249
147
66
191
115
26
4
198
80
344
4
465
94
11
70
8
278
441
201
348
864
128
134
320
25
7
51
198
149
737
309
258
349
96
167
119
174
8
78
435
83
272
79
22
380
80
131
86
3
318
69
15
110
52
742
43
72
140
120
162
34
91
64
152
185
41
13
149
60
130
57
323
30
453
50
282
166
15
110
23
162
336
58
42
108
101
12
80
25
79
200
246
110
12
111
499
286
29
49
358
153
131
114
138
15
79
227
1475
443
2
1209
7
66
317
45
12
236
313
25
576
152
151
80
322
34
28
470
362
619
191
272
264
297
58
111
66
48
25
189
201
3
126
611
102
39
106
455
355
176
90
101
271
146
88
45
213
147
374
16
67
270
62
134
236
202
45
33
240
8
146
161
7
69
34
404
67
210
166
777
66
47
56
377
31
9
22
330
6
20
893
375
111
77
60
256
107
6
57
103
188
219
483
269
327
145
165
85
567
218
25
44
620
106
2
7
332
24
203
105
585
94
44
52
55
11
330
88
1010
737
167
356
124
117
102
161
152
249
208
126
106
86
834
362
293
23
221
205
278
264
3
179
160
125
21
249
492
310
157
44
495
49
454
183
113
335
77
87
41
98
297
133
242
7
83
116
428
420
408
265
450
32
109
181
91
333
15
57
311
311
291
59
26
862
231
111
107
488
96
229
4
371
451
106
45
311
18
110
566
280
2
368
3
132
22
10
35
361
92
117
24
27
105
321
607
76
360
95
426
486
71
282
109
68
163
257
335
138
198
953
347
162
115
157
7
203
111
175
118
311
169
211
80
74
12
187
74
199
94
110
2
40
26
247
103
82
74
73
40
34
318
64
57
84
1179
30
29
20
102
165
349
51
91
156
229
469
76
215
184
206
496
126
79
2
540
64
32
15
222
74
133
95
83
42
97
139
270
23
257
276
248
66
16
154
209
137
180
53
42
36
16
4
70
81
72
115
123
149
215
1
336
125
12
6
16
188
85
219
18
265
71
292
366
323
149
112
64
297
1
87
119
74
95
635
61
230
3
165
178
77
714
165
70
82
42
1
119
14
8
188
276
37
136
99
51
546
11
7
22
143
73
113
266
213
230
134
204
70
19
56
365
537
87
439
193
154
85
286
224
153
46
149
102
17
66
391
276
139
93
446
22
537
36
682
45
183
32
147
164
86
77
404
14
53
398
68
107
104
51
167
52
37
168
136
153
34
189
466
303
14
177
82
242
43
389
68
359
36
101
310
164
166
173
730
141
106
3
84
189
64
132
12
259
93
197
527
95
267
64
184
4
437
86
42
269
53
354
45
102
128
79
46
213
239
83
207
148
42
1
119
19
14
616
73
99
37
9
123
188
2
100
355
368
11
58
63
212
46
322
6
411
676
294
144
319
77
1044
259
149
54
114
412
419
51
204
92
560
70
416
187
63
125
194
89
153
4
202
163
118
71
21
15
78
38
431
45
45
59
12
343
36
52
51
161
36
683
29
15
110
28
34
18
418
695
320
97
550
253
422
657
156
311
49
121
43
327
3
183
62
53
340
363
41
248
166
13
988
82
76
50
132
80
28
6
248
201
234
12
139
261
510
586
43
168
110
49
28
188
11
423
55
46
33
52
95
37
52
60
307
111
254
63
130
38
277
254
73
477
351
395
129
113
201
311
22
46
86
22
343
208
271
363
24
555
341
251
171
9
145
92
446
244
124
473
28
328
318
161
139
394
136
308
90
19
171
113
63
3
294
138
224
43
107
291
90
305
82
145
297
222
118
262
539
73
19
216
298
459
9
562
539
174
112
236
174
185
133
8
305
69
143
144
5
30
96
14
76
21
155
58
97
139
55
119
12
629
13
104
236
96
186
56
10
588
63
102
169
268
93
296
59
20
456
49
450
58
85
109
101
306
80
106
323
218
409
232
18
25
283
165
113
433
447
45
77
587
17
37
274
58
55
176
8
75
70
28
260
227
169
284
114
119
46
46
1
28
84
187
69
61
492
56
94
95
18
280
46
291
29
66
84
116
4
110
238
338
171
86
246
101
176
165
134
20
328
75
79
99
1
302
15
58
150
326
6
273
115
49
332
30
393
111
394
155
256
313
122
113
45
672
21
180
458
352
206
412
187
66
47
216
15
5
90
80
362
115
53
556
13
43
2
58
55
226
587
75
61
177
627
35
134
296
172
160
167
243
94
179
82
2
178
138
175
31
21
269
522
35
22
350
307
14
8
69
48
461
341
309
23
80
32
3
315
166
321
198
29
221
32
473
189
4
109
146
79
150
550
49
86
94
8
58
130
296
115
72
356
250
19
374
29
188
306
328
78
52
353
165
3
77
128
207
80
60
196
2
83
18
80
116
238
50
36
202
214
35
396
570
9
977
135
125
515
115
303
199
190
11
23
110
66
2
12
73
247
60
25
67
90
40
62
47
36
444
61
582
75
102
254
7
812
55
212
199
6
105
23
75
87
248
102
106
186
158
36
142
1
376
54
130
187
130
170
302
88
525
323
121
65
752
77
258
168
309
182
10
12
233
120
64
8
168
548
960
208
356
335
57
10
354
89
37
84
10
46
16
276
43
6
61
34
145
7
289
240
224
221
59
4
256
453
72
177
140
43
108
94
158
37
171
122
374
107
90
198
69
97
76
281
94
31
210
99
39
36
260
3
204
69
129
24
110
469
217
480
186
114
53
833
68
114
319
335
94
69
281
9
43
182
174
108
489
99
56
140
262
711
405
172
188
135
101
370
308
278
40
393
76
59
1
37
79
616
100
43
2
154
3
341
97
54
67
183
155
117
64
4
23
43
17
92
99
79
14
818
125
45
331
336
27
231
279
145
11
7
13
107
10
479
80
386
600
82
133
6
78
100
536
219
42
43
88
11
85
5
4
92
187
7
112
314
297
337
181
333
560
152
206
104
86
250
125
321
35
456
33
66
2
166
163
267
4
56
80
266
217
54
75
106
185
90
166
19
236
124
509
6
425
147
126
288
41
30
143
315
25
34
27
3
128
150
15
41
55
330
11
651
155
57
67
81
110
18
106
32
267
418
63
263
117
201
6
129
142
66
490
70
122
488
166
88
136
423
24
106
61
172
271
152
333
247
346
87
207
63
87
169
152
538
203
229
48
431
58
199
98
191
152
214
48
344
304
51
37
206
97
123
128
111
417
74
123
319
417
9
107
188
44
53
161
178
18
83
22
32
430
116
219
22
35
88
151
30
126
146
45
740
31
1011
64
523
56
129
233
12
271
31
151
53
410
204
236
27
174
483
255
47
67
114
12
47
127
51
97
313
175
72
220
136
76
162
99
66
303
43
43
85
97
78
103
602
81
133
17
151
248
408
184
329
65
87
75
35
23
220
310
102
305
48
611
365
60
347
63
17
215
142
36
234
37
48
285
334
382
20
105
32
382
27
81
289
185
173
96
57
131
11
77
16
173
2
47
11
249
245
3
96
193
136
7
63
271
413
1
712
175
78
129
128
168
186
495
23
198
115
58
208
8
151
83
250
20
243
70
245
16
9
118
57
523
291
99
119
29
348
45
175
27
95
45
30
68
79
659
150
500
403
509
459
248
413
30
304
33
59
22
98
65
25
426
68
62
155
5
258
2
72
62
17
53
6
195
114
23
62
46
275
31
273
16
161
809
33
716
173
157
309
20
71
140
387
72
166
76
108
128
50
77
427
161
88
24
132
15
161
112
11
197
30
75
217
353
84
142
37
47
87
763
12
154
77
18
6
203
57
174
55
150
91
120
122
203
183
104
20
307
741
27
30
36
30
31
63
169
62
188
19
246
10
426
438
266
195
96
2
205
101
141
103
27
90
169
378
73
199
5
143
521
231
33
303
61
52
121
265
134
51
253
16
173
20
259
334
145
63
358
89
114
16
57
270
162
65
80
243
202
308
179
556
329
195
458
94
49
279
24
447
250
217
56
8
127
32
119
116
458
95
335
165
312
13
293
193
96
214
35
485
79
87
135
187
630
647
4
101
60
214
48
133
53
187
332
97
146
265
124
477
134
431
23
337
5
181
318
555
45
241
379
166
66
546
52
158
16
189
44
243
70
32
301
36
167
195
114
70
437
100
92
39
38
384
13
185
47
138
72
165
622
235
101
259
59
478
39
9
1
85
94
93
61
210
556
240
9
169
80
127
360
62
223
345
9
112
49
40
548
41
39
86
60
287
476
199
31
65
19
159
59
117
91
38
233
102
52
15
115
288
42
908
17
50
211
35
235
36
30
37
201
267
71
43
91
155
198
86
97
433
285
64
10
663
20
55
158
234
83
107
84
364
134
13
106
237
218
63
369
165
95
148
33
770
38
15
63
451
325
179
124
551
38
104
37
130
186
99
320
178
357
229
212
126
149
138
158
20
6
74
19
238
138
98
168
18
272
18
163
106
11
211
34
2
220
37
323
205
186
46
305
126
446
9
811
90
241
82
106
27
39
7
11
155
165
43
83
6
51
123
110
109
348
210
360
273
341
129
57
37
64
25
86
128
481
27
83
66
196
29
353
434
28
42
222
83
54
154
232
9
193
71
30
474
107
95
81
151
191
33
128
4
164
127
230
238
87
275
76
433
204
202
33
70
32
320
103
115
923
211
147
201
275
379
98
143
84
109
18
80
30
446
32
111
341
153
59
38
62
596
73
129
2
694
121
37
243
123
107
630
60
21
837
509
12
88
17
743
85
136
130
345
49
55
88
199
61
148
80
81
79
464
300
11
116
53
178
54
43
27
215
49
176
130
161
21
134
114
141
548
902
2065
592
46
21
72
307
81
12
51
526
25
86
191
222
353
300
14
20
387
118
323
10
521
91
181
121
7
222
171
25
22
212
303
6
24
218
184
8
385
60
165
977
211
111
737
80
150
162
592
517
24
36
203
41
612
7
105
81
74
195
24
9
89
145
114
643
8
336
221
127
14
341
71
6
340
25
251
80
27
19
108
207
95
6
463
212
70
100
263
255
561
76
105
62
18
164
45
299
36
268
174
60
469
19
289
162
63
128
206
122
79
442
43
194
20
166
224
38
153
74
18
402
179
36
133
7
933
133
571
743
78
217
185
7
127
102
428
53
227
118
554
171
257
94
191
955
473
65
311
14
54
86
245
257
353
391
48
113
77
93
155
44
413
106
7
29
267
270
145
34
60
60
108
55
470
548
12
469
44
113
17
343
429
38
27
140
15
60
26
212
189
303
349
59
204
67
271
846
242
78
10
86
220
80
89
325
589
346
10
3
55
91
139
323
190
48
178
162
276
98
630
371
105
274
201
64
294
128
250
184
105
424
231
38
121
1093
781
16
158
94
151
99
16
81
295
90
2
122
104
116
106
304
122
204
141
161
191
301
172
312
303
164
65
9
249
173
172
56
9
341
28
230
954
98
94
24
167
207
109
260
416
162
223
89
309
139
152
459
149
229
2
207
483
141
104
146
59
80
68
628
87
147
3
28
33
19
49
437
212
51
124
243
230
1
868
91
35
2
105
73
77
137
19
193
240
110
114
283
266
237
364
108
2
51
462
136
198
44
106
75
20
5
118
150
542
23
154
45
116
60
30
181
212
57
51
166
257
370
352
149
32
32
43
55
265
11
326
447
241
83
36
93
111
445
22
63
45
351
26
138
4
66
158
22
218
145
185
343
32
17
361
195
55
25
80
189
128
284
5
27
38
317
42
85
38
53
150
186
7
179
52
73
89
109
69
20
342
747
118
404
55
161
131
221
8
518
429
94
222
23
177
185
114
809
141
426
88
136
99
3
76
162
25
448
1008
217
83
179
272
189
133
47
382
104
70
9
59
14
24
494
90
176
97
19
477
43
237
37
264
1
49
484
68
36
428
7
28
94
18
92
73
31
186
163
161
139
167
226
81
276
58
275
503
175
255
242
64
61
2
36
61
206
29
166
113
53
102
124
18
332
135
282
363
54
5
830
76
81
183
36
56
286
439
50
132
78
68
135
48
559
12
8
236
15
127
208
85
56
65
409
121
59
123
86
167
532
143
2
172
95
132
320
550
272
173
447
419
149
58
78
217
4
140
174
272
213
155
137
33
205
168
21
190
55
332
54
84
154
43
15
360
29
108
167
503
112
15
385
23
45
48
51
102
178
74
12
111
163
498
26
38
11
130
156
516
106
8
158
194
92
153
102
71
42
129
90
67
5
166
23
515
17
944
98
117
207
159
462
32
286
19
143
739
260
205
69
5
101
41
17
359
129
272
26
11
10
9
20
203
140
18
235
163
708
280
173
174
162
71
65
253
194
36
140
29
335
119
359
152
39
94
69
720
11
237
165
22
184
23
43
121
160
11
272
423
45
120
26
194
46
531
78
191
203
6
126
51
167
244
236
33
33
170
87
23
393
167
51
623
441
267
268
7
18
302
5
18
473
82
93
81
403
21
227
59
89
656
89
119
73
75
115
351
9
870
115
73
9
88
174
298
58
58
117
160
146
78
125
608
156
225
616
234
26
85
71
232
302
350
33
69
29
168
161
138
232
40
92
109
29
111
391
33
127
191
626
408
34
179
548
191
105
31
839
40
136
174
187
370
257
111
74
16
78
449
15
82
20
76
341
81
4
43
15
16
100
29
63
1
283
202
114
156
83
15
137
163
27
241
39
27
62
45
279
160
168
123
225
38
14
865
181
322
147
14
12
166
39
220
326
1012
207
184
8
190
175
111
77
202
112
173
158
219
54
251
49
3
76
254
487
127
519
905
354
779
178
34
179
9
2
267
99
49
108
61
244
738
87
242
120
179
6
27
21
129
434
44
45
74
1224
70
260
409
7
376
29
110
147
99
39
37
15
116
408
142
305
55
81
25
17
15
6
275
21
429
126
80
193
18
436
218
407
731
270
274
93
103
54
21
4
78
90
28
405
393
340
279
235
14
477
127
113
53
10
252
11
98
380
25
113
22
207
113
30
214
69
10
108
149
178
159
90
153
1
77
188
481
199
16
33
67
710
263
275
64
3
129
85
191
115
26
27
211
194
46
9
88
9
196
625
104
283
37
9
202
41
65
404
476
434
63
595
186
77
539
202
28
21
415
149
209
112
40
203
103
147
93
309
88
233
178
22
166
104
498
291
49
16
122
168
329
88
145
74
1
633
395
55
152
404
88
271
212
40
177
51
262
468
586
211
38
127
13
66
160
251
727
95
239
205
33
273
18
3
12
137
283
65
42
152
38
86
200
33
283
116
224
11
274
52
264
148
275
51
65
128
176
84
126
405
35
33
363
49
263
182
46
11
201
234
151
72
86
32
349
93
148
35
149
199
150
214
69
454
229
162
186
72
29
108
17
480
731
149
140
235
21
9
429
167
371
92
317
32
303
147
198
59
252
146
18
157
199
225
779
62
61
15
10
117
199
457
296
6
61
57
129
312
59
450
3
163
64
443
449
100
349
115
195
49
45
433
103
261
170
219
93
947
20
692
102
262
63
122
120
155
98
452
98
160
24
17
187
411
88
70
127
25
101
37
75
2
517
105
191
46
196
182
163
60
97
11
384
84
32
10
185
146
363
278
102
621
384
80
535
23
379
102
460
360
277
769
35
181
113
161
13
31
200
96
184
516
155
186
289
34
12
34
318
43
154
65
95
196
60
90
225
91
123
4
74
16
30
8
228
331
24
193
83
482
79
178
360
15
183
108
684
32
268
210
75
91
331
3
79
140
155
134
208
30
68
513
11
124
248
74
407
306
293
72
15
410
74
3
188
40
110
334
84
210
233
38
146
30
93
140
466
192
88
225
173
106
127
555
87
328
423
1
480
355
117
37
28
200
111
46
34
113
80
112
74
16
71
482
167
37
332
71
332
301
541
9
84
92
7
9
24
44
80
466
212
135
399
43
198
212
300
202
312
1078
12
242
132
485
334
198
46
151
531
133
119
81
202
323
225
190
670
107
72
24
37
149
402
153
85
218
142
544
206
20
121
68
184
158
1
162
53
241
459
47
84
1
146
173
42
149
60
219
33
323
557
120
56
263
336
225
249
10
129
251
20
72
153
30
134
8
19
253
258
472
66
697
129
104
331
261
127
181
48
1704
10
21
228
65
174
235
99
1
58
138
13
32
86
185
31
32
38
50
93
325
173
478
81
389
13
7
63
370
634
77
67
229
95
5
4
65
46
65
94
43
213
341
373
206
172
62
45
3
199
364
104
157
26
220
58
347
25
66
111
104
122
55
137
6
490
74
253
154
154
191
30
177
64
8
404
254
75
115
66
70
60
289
155
23
558
182
51
126
365
208
171
147
130
200
269
489
105
165
45
116
2
228
47
38
582
117
49
187
55
155
119
133
106
34
357
911
550
440
7
29
103
195
653
805
122
68
611
902
230
201
163
46
169
93
589
3
109
173
139
31
419
82
284
13
34
52
36
16
9
158
261
91
894
174
227
30
128
163
24
214
930
19
79
485
109
42
347
68
133
233
14
115
1
213
250
13
7
1104
594
197
100
71
228
162
204
215
60
45
49
61
89
9
67
458
117
269
153
86
10
35
47
85
174
84
148
27
71
218
26
66
102
28
311
187
199
94
70
42
12
56
222
313
191
74
232
41
571
109
211
105
248
96
104
161
103
156
286
68
72
11
6
135
498
172
198
13
55
519
3
39
127
209
56
335
213
151
45
192
48
70
19
14
193
125
59
275
432
98
23
76
133
201
90
121
121
215
11
263
4
128
159
1
111
65
63
53
253
163
49
180
737
194
74
714
80
168
309
546
225
8
91
42
650
413
2
57
122
20
94
397
334
94
176
122
135
80
70
109
35
544
27
186
22
373
228
5
13
156
161
4
8
108
446
231
27
3
22
7
19
11
7
408
86
22
66
64
619
143
171
19
28
238
24
196
364
215
381
78
101
511
17
122
176
15
18
145
173
170
95
21
30
139
651
33
384
4
988
399
29
89
402
125
131
82
42
22
136
159
108
35
113
193
79
249
130
157
8
95
208
33
134
82
193
459
112
255
119
67
232
310
129
117
413
49
2
39
35
114
291
301
69
17
119
59
49
16
554
207
189
227
311
126
405
56
198
356
231
5
127
75
333
211
39
47
376
47
389
284
27
19
58
87
18
84
348
23
66
92
207
416
80
329
153
126
158
220
317
45
272
363
93
240
83
763
450
136
89
270
31
317
19
29
68
46
246
407
154
83
254
115
77
518
76
885
382
55
87
552
192
209
103
189
72
195
272
300
55
32
208
96
333
1
157
59
277
207
91
53
86
301
48
67
4
41
120
709
67
162
105
183
125
80
266
560
348
139
65
147
499
146
313
20
414
38
115
156
185
114
612
29
165
297
60
64
2
215
96
120
441
63
168
172
23
85
103
50
413
16
296
112
19
9
17
16
43
1058
367
37
165
7
84
51
170
94
78
110
88
91
19
23
133
491
74
1034
159
391
114
364
40
38
65
164
6
63
239
147
607
21
54
529
67
65
94
88
523
250
1372
34
472
268
8
72
5
118
159
224
309
388
154
339
216
32
11
41
164
394
51
199
84
21
230
28
115
58
35
145
269
22
27
54
29
218
10
204
85
63
18
299
5
110
91
229
43
264
88
7
181
271
145
166
141
599
62
449
9
156
121
203
39
384
99
177
103
29
61
171
576
11
72
129
243
330
523
317
124
124
1
2
154
237
145
8
20
5
349
59
33
99
17
312
77
924
4
415
110
239
45
86
531
104
93
174
128
101
81
228
260
150
226
512
3
312
86
113
211
388
25
145
10
30
168
180
62
132
378
135
361
308
107
84
43
60
336
36
237
135
338
169
181
478
525
108
4
99
108
8
46
18
26
17
342
129
8
93
12
840
14
90
192
265
1
140
301
205
7
49
714
10
44
399
52
128
6
219
66
3
89
111
26
263
100
7
231
50
483
87
199
75
151
90
109
30
66
787
131
22
22
238
23
18
104
48
144
277
183
127
231
176
277
99
16
218
19
192
366
589
163
214
85
130
688
80
36
143
60
123
220
886
316
83
154
64
443
51
347
228
280
129
78
125
228
88
49
68
854
9
492
21
11
43
103
48
16
79
296
40
173
188
40
32
137
196
81
17
448
39
146
74
166
51
171
3
365
213
31
359
85
258
77
7
15
21
405
345
190
1029
25
138
87
41
80
325
284
39
79
32
241
26
57
19
363
32
390
69
15
317
280
28
226
179
98
506
119
326
108
245
83
406
303
16
528
21
148
349
95
132
36
74
83
58
61
308
150
131
332
67
68
78
17
148
82
299
89
15
140
237
227
166
40
5
88
98
72
68
315
279
269
87
333
60
37
363
117
36
30
145
134
617
298
149
834
14
192
72
239
44
18
203
166
275
345
286
5
11
27
30
434
391
17
98
286
74
139
459
28
206
336
248
132
167
90
668
64
32
210
155
1203
14
29
34
102
19
486
41
60
17
118
96
172
353
349
3
127
298
424
158
151
236
250
400
85
167
457
513
113
85
233
651
240
262
212
339
109
414
315
14
67
11
397
80
151
118
65
31
131
141
121
46
66
720
33
23
537
551
75
114
171
35
256
10
231
138
182
722
419
23
15
291
29
5
2
1
18
4
152
290
264
136
482
108
4
47
147
23
100
278
275
35
325
78
132
82
272
307
37
342
23
92
498
21
170
7
192
13
29
243
111
101
48
29
225
529
585
224
16
167
230
13
159
269
103
31
111
173
49
484
278
323
314
200
418
8
708
330
265
341
359
776
87
236
15
30
171
109
244
194
56
25
7
90
66
164
27
57
389
319
9
500
386
787
43
146
54
66
290
680
674
171
1
166
87
187
116
47
261
9
172
54
430
184
139
127
156
187
446
295
156
299
38
187
187
130
1
342
219
72
154
44
19
132
93
755
48
123
48
134
31
40
226
146
37
131
256
40
187
434
69
141
139
53
26
190
151
86
292
156
183
262
438
147
156
40
37
257
167
183
225
290
140
22
290
39
271
305
153
182
109
4
218
37
372
39
124
564
253
67
100
43
68
40
285
88
404
99
494
46
906
139
138
15
146
350
174
27
169
97
62
26
66
68
263
35
220
369
69
32
147
83
271
90
23
95
274
359
111
79
32
124
56
5
169
314
183
128
312
194
143
83
256
63
181
448
377
32
40
353
423
294
12
294
59
177
119
132
209
245
24
19
304
231
273
110
268
47
66
111
11
235
41
198
290
49
99
370
110
94
276
504
277
109
37
153
280
686
78
44
25
49
98
160
6
30
61
178
385
353
196
246
47
330
120
319
212
65
15
422
34
697
47
400
72
143
62
368
434
3
4
62
88
49
190
16
227
381
354
19
33
91
125
4
256
74
118
125
325
661
242
50
439
121
50
108
563
195
1
216
4
155
620
359
70
272
520
114
406
466
142
230
148
114
293
6
87
221
570
156
191
227
339
511
11
58
61
298
46
97
32
211
160
314
61
94
174
101
217
42
383
10
63
62
82
71
24
218
249
166
55
86
123
95
76
138
96
13
113
102
472
30
41
246
132
39
603
159
212
401
178
494
983
335
242
136
306
4
90
267
236
153
14
111
976
238
15
323
667
63
525
76
69
243
63
46
174
31
357
233
370
126
194
29
137
221
131
109
47
33
426
612
336
64
113
70
132
2
156
142
19
174
102
228
41
22
325
69
621
232
59
622
32
320
274
221
192
487
209
535
146
126
72
398
206
159
70
163
81
31
497
532
204
195
36
106
34
276
61
131
215
137
218
130
12
100
40
239
155
2
234
37
176
377
343
277
35
498
30
207
59
24
115
766
227
6
285
8
111
273
23
72
301
30
49
162
107
30
76
405
26
122
36
21
157
310
296
173
125
236
92
1
202
252
20
10
171
113
118
473
91
37
225
163
415
1236
128
22
616
53
56
151
7
222
15
131
82
282
86
254
178
75
125
451
33
29
614
337
666
27
13
194
18
162
65
196
47
77
388
101
9
110
164
78
18
23
143
128
616
336
73
121
227
6
45
109
125
163
5
118
34
7
33
10
529
75
78
78
72
263
40
53
348
30
27
265
370
41
285
532
198
24
35
134
54
4
17
754
141
46
89
143
200
149
436
406
10
68
227
43
110
71
462
76
398
81
202
112
356
199
6
525
93
133
223
86
210
371
28
105
109
12
2
270
69
67
196
337
21
1
643
810
162
110
433
9
37
70
28
86
100
29
2
38
17
45
26
89
35
131
59
436
31
40
234
63
143
139
9
107
39
112
250
205
177
518
115
95
24
210
62
179
415
73
104
219
50
99
108
60
78
58
783
272
345
37
372
335
81
9
105
347
212
282
48
284
254
151
220
41
96
33
541
596
141
190
148
4
273
86
144
152
71
40
236
23
193
151
138
37
34
75
277
371
159
18
44
250
75
46
133
419
199
29
233
21
248
126
74
101
307
211
140
177
47
42
11
4
119
323
83
398
276
35
371
71
359
5
38
106
145
430
14
313
118
92
26
414
227
96
109
66
92
208
39
93
451
184
178
11
78
30
101
25
217
79
94
114
57
379
60
173
74
17
299
6
10
45
371
152
36
94
17
39
20
123
24
106
25
863
359
67
65
84
213
59
760
4
249
372
494
38
87
106
7
18
305
124
146
101
21
348
673
407
103
26
273
175
280
86
106
204
124
150
183
100
296
63
119
8
67
385
102
85
239
140
355
38
269
16
334
116
232
37
164
61
64
550
38
4
402
339
179
154
415
38
44
567
766
97
62
125
46
731
333
156
665
243
148
71
77
203
100
13
62
88
266
57
358
38
55
76
123
276
1219
8
268
134
66
138
9
300
344
446
255
34
69
10
151
224
89
156
346
108
18
121
362
126
146
929
5
53
317
335
193
27
29
263
154
3
209
118
116
80
153
557
152
44
67
28
6
199
1166
122
194
29
93
196
68
45
483
43
15
146
82
54
274
436
397
170
44
95
114
132
194
698
370
90
177
229
630
189
9
145
25
252
6
72
57
128
109
114
121
337
188
193
28
88
220
3
32
140
483
653
341
76
122
142
285
650
245
372
27
97
55
140
33
375
130
9
275
224
342
956
143
76
709
606
93
100
34
195
88
49
85
5
160
19
15
42
152
29
189
212
123
103
136
191
99
67
159
39
78
171
152
24
383
408
105
61
416
33
8
308
62
196
65
19
137
458
1136
385
59
43
409
311
91
37
129
71
100
170
106
4
42
29
166
128
520
64
102
116
113
114
344
166
235
161
70
22
591
75
253
234
86
63
39
42
199
43
16
405
83
96
179
76
129
29
16
436
96
202
17
58
328
160
17
772
322
108
42
118
22
84
89
76
51
81
148
80
86
31
115
87
239
202
86
457
74
36
98
353
438
190
481
49
11
29
158
47
97
272
82
359
315
99
241
15
45
162
280
99
9
472
65
329
804
228
94
119
115
74
44
262
218
156
25
234
20
219
392
162
91
28
728
338
872
52
103
61
12
243
10
345
224
148
265
200
185
94
34
134
515
260
9
7
103
45
26
205
129
43
112
33
9
142
9
3
43
70
183
217
92
75
108
79
154
338
183
101
113
158
55
220
124
31
173
23
69
89
34
169
15
110
39
141
149
1
102
264
241
3
3
178
110
169
23
33
748
102
160
597
26
262
141
226
35
34
43
118
202
490
170
152
129
20
13
111
76
165
86
49
56
54
646
425
21
190
374
281
122
76
115
21
109
116
19
339
44
62
731
16
56
36
101
6
92
91
220
266
86
97
176
201
32
12
213
42
305
71
5
476
217
318
340
171
90
108
21
14
438
483
166
40
322
190
203
141
411
68
69
117
127
350
16
62
473
266
100
478
348
421
55
162
367
1349
217
210
3
511
64
44
117
13
191
213
28
228
87
59
127
29
82
235
31
121
378
236
302
30
351
392
379
61
667
3
1064
22
57
706
102
618
32
139
278
7
247
12
44
128
40
133
11
17
224
68
175
19
89
120
48
134
36
4
64
310
1106
128
63
49
186
247
57
95
29
12
408
43
456
301
72
63
40
289
36
19
406
40
660
133
119
141
222
46
95
313
219
114
488
153
51
62
201
59
59
82
315
287
384
297
282
423
607
2
82
196
201
251
416
55
5
18
378
687
64
421
179
337
281
99
198
431
355
930
287
46
18
163
290
222
657
191
83
179
252
6
293
207
69
54
132
9
30
3
57
331
407
169
379
52
268
57
457
31
55
45
8
143
193
105
208
351
422
30
46
78
344
247
106
33
299
217
150
107
60
39
145
245
154
73
218
150
245
176
9
24
45
198
996
280
45
289
55
561
364
224
230
289
18
370
121
49
238
263
37
156
397
372
159
145
393
177
155
312
243
391
120
230
92
202
108
270
9
522
61
13
516
122
79
339
322
125
8
9
5
197
30
82
114
67
68
666
75
110
264
79
91
134
29
69
68
52
186
281
144
569
71
111
133
36
86
417
64
154
134
243
33
222
150
25
154
29
178
15
28
33
183
1036
13
162
271
71
11
62
94
656
109
129
509
98
249
210
336
77
16
506
255
68
558
21
39
73
102
23
7
717
53
8
115
101
68
148
396
589
160
204
28
105
514
198
149
83
73
4
83
18
552
44
147
8
24
31
329
197
2
84
202
293
87
301
94
106
126
275
5
200
402
189
65
96
129
134
73
69
29
147
334
113
384
207
231
746
346
334
319
111
196
14
49
276
273
62
244
285
248
263
239
28
237
123
367
140
23
190
262
173
212
131
165
111
425
399
273
104
160
226
15
112
294
858
81
110
646
162
487
297
121
441
218
75
28
143
115
119
237
205
22
286
76
266
27
66
489
53
108
38
399
66
59
39
208
75
119
21
100
464
459
125
40
104
90
133
27
708
6
274
47
73
196
135
85
70
49
64
187
273
420
649
121
31
155
63
161
59
37
262
168
24
45
172
11
44
204
62
253
30
631
236
239
48
8
281
598
7
697
55
99
112
253
85
8
40
88
177
455
17
77
78
171
87
63
17
389
468
107
68
51
102
128
61
177
36
108
199
6
99
82
217
252
343
165
200
97
275
429
144
17
310
60
302
848
27
283
72
420
99
54
32
143
1
247
429
55
259
328
96
166
216
61
133
198
261
91
83
219
102
135
1
209
333
12
83
199
8
108
119
147
35
91
311
67
17
219
98
84
114
105
19
1
35
194
394
39
157
71
46
96
1069
97
38
231
131
40
7
24
1346
526
129
535
69
113
203
141
270
94
38
96
162
181
31
117
165
736
228
11
14
385
88
279
51
114
126
117
222
17
96
26
212
139
228
106
2
69
20
494
9
311
457
8
87
50
9
56
134
204
137
101
68
292
44
4
327
52
764
31
138
7
85
159
141
488
69
32
251
60
1276
257
44
12
411
504
106
42
19
158
508
183
79
183
24
4
327
65
64
23
133
113
1401
78
117
44
638
1
60
146
990
74
36
192
195
28
89
141
421
13
168
219
519
465
193
36
378
277
732
115
25
82
45
108
41
102
134
57
436
591
247
57
80
75
404
468
405
145
32
51
231
337
454
372
44
7
48
271
15
234
64
138
476
148
375
168
105
46
114
55
136
320
124
12
257
58
91
45
162
384
14
84
33
9
38
149
136
59
240
35
70
84
105
275
308
17
358
12
10
94
423
66
118
35
125
9
168
271
19
167
105
11
13
333
91
261
261
7
196
67
160
142
139
60
42
84
85
341
141
195
183
99
97
400
178
48
281
144
1
575
82
86
211
135
6
41
759
14
184
413
1359
19
5
325
61
80
122
132
490
202
31
675
167
157
75
198
47
113
81
3
378
235
314
18
72
85
160
397
112
263
21
404
24
120
245
52
237
94
309
63
199
17
134
317
112
52
50
22
229
69
67
70
15
312
277
88
22
80
15
233
303
406
32
101
853
16
127
147
75
66
85
264
166
106
116
464
305
456
50
262
416
190
586
10
521
351
241
14
33
39
351
107
60
508
49
56
225
42
269
32
6
167
45
21
559
813
270
36
21
664
201
70
8
7
542
32
42
470
72
244
145
49
51
113
104
65
52
78
108
235
12
146
121
324
144
285
92
86
328
11
9
154
345
65
418
174
8
490
282
230
36
155
142
651
49
273
9
17
74
93
110
264
156
149
110
348
289
322
42
520
36
188
22
149
287
85
113
293
155
296
204
28
109
219
178
68
41
231
341
200
44
41
144
122
1
72
66
157
83
296
118
338
7
88
194
169
447
548
648
324
256
88
392
139
150
111
29
209
222
64
123
138
516
71
270
159
176
216
187
129
225
411
10
229
54
252
38
196
25
91
229
154
296
12
376
401
197
388
32
554
4
8
14
649
53
4
356
146
86
90
94
72
59
1278
317
1
256
332
94
220
827
283
103
7
318
12
130
64
123
195
287
250
118
46
108
135
222
85
271
557
60
5
76
127
133
91
161
177
101
115
292
55
69
135
231
429
61
196
113
136
57
387
102
35
440
225
343
174
162
697
21
7
13
147
19
558
244
53
94
220
367
92
384
100
36
76
188
333
100
478
13
245
255
219
42
67
258
515
227
27
269
57
171
116
468
1
1
28
111
46
130
266
4
198
72
54
64
27
129
96
182
351
87
96
120
3
174
95
62
81
71
336
95
226
153
37
32
25
101
198
175
208
39
93
554
251
527
203
346
102
635
117
808
151
340
72
335
142
252
480
34
146
31
253
65
253
113
25
13
36
78
76
173
28
245
47
46
38
318
144
33
187
145
154
110
332
7
53
38
67
160
64
513
37
23
699
111
18
157
131
4
31
507
68
107
403
186
243
48
41
178
60
106
235
358
50
130
