188060001	551
160853616	379
74582738	315
10518005	211
97753089	453
105966247	480
25207130	425
97285395	537
19954432	409
27513179	355
102047585	744
18095664	384
7988917	151
19866176	426
16996975	319
92982193	692
110994405	612
108154621	749
118145495	876
110489787	792
117997202	879
15061959	287
21178300	446
88969273	714
101812238	746
26100191	286
84194774	430
119189250	871
16893109	271
29955812	426
5918517	102
23127424	452
15749091	294
7083849	141
20977174	423
16699788	211
28951681	453
112254296	796
15958622	316
20114131	436
14862634	242
7293980	151
66658061	353
30260503	400
90156218	286
95173569	470
17144667	327
37090993	575
30510561	642
21149782	462
8247980	172
7202123	138
98258306	333
110289862	716
124331480	810
101285107	678
24769756	540
104400464	642
84291736	404
29342226	490
78192505	206
99221311	508
95218597	531
88276738	344
16718699	353
3729542	67
27873405	417
60214815	289
30029359	569
104366543	763
98129225	540
92529809	351
23289526	501
19849666	307
80422905	392
110384722	728
71369820	391
100306492	473
37553884	603
108425991	565
101811638	792
28586052	497
110336992	519
29312808	638
37270806	634
20382501	362
25295086	471
25457487	503
113369796	784
37815348	648
22249673	397
7446176	158
36033429	637
11038533	202
15479521	286
99511593	508
27273628	548
81399719	290
33277698	644
92839303	634
8304715	153
93477204	648
122420180	827
14913966	312
109341867	911
106202495	668
54570971	750
7288278	142
39421356	574
96762167	697
106200694	650
6528801	123
33334734	730
22374852	433
26055163	460
108330531	809
98339057	735
93359530	541
90395168	502
15362148	329
100525330	762
124178984	652
106288650	690
97433388	471
109048282	683
94482835	633
37656849	709
102379594	791
78453669	228
88624056	771
95291242	625
28651493	493
21226030	454
40673743	570
23239995	502
10455266	221
109434325	752
101373963	742
102075803	606
99675196	721
31458857	608
27394904	591
93535740	646
102417118	660
17846207	395
98407200	686
24316470	490
10427948	220
26378466	564
122956317	811
124114444	677
88803569	516
78318284	494
29253971	340
85343896	683
31334578	404
59542092	880
92985195	709
92962380	461
46228132	356
13835388	202
123730203	906
78390329	416
92967184	331
12780826	77
36405063	607
14260455	59
14156590	265
15987140	259
94178444	645
108708769	652
31523397	481
92818289	500
61881162	650
14128073	228
61465100	195
46285167	707
107115369	335
124368703	842
74803676	600
45743326	580
14186008	263
125309494	915
30218777	418
76202855	451
31821484	544
77479257	473
108587193	681
78024100	505
61852043	220
45325765	603
30839267	342
29940202	357
77369689	367
93139792	465
64126872	578
28493894	551
92727333	905
45132744	541
92719828	531
14089348	185
30744107	491
31500883	568
30592212	360
13499778	126
29565868	354
92082828	793
125193922	865
108717474	718
74812682	761
14506309	241
77418019	484
78305376	483
77516180	300
30455926	383
30483243	566
125997227	726
62632834	299
14191712	173
63454149	318
102258618	526
62833660	368
30347258	514
30783732	356
93764784	701
29357536	246
77323459	425
123814256	711
46478188	341
92850410	810
108543365	837
92900542	313
92958478	686
30742906	627
69801335	568
14261356	271
14196816	298
78384325	734
124431443	515
30663056	309
29462002	239
30675364	139
14025108	62
108763704	690
108653234	598
125775987	919
108794623	574
30472737	436
77318356	758
124406227	659
110530013	789
108226967	882
108756199	452
14774079	164
45954059	302
41369581	738
77392803	457
91342863	437
30847972	345
61751180	484
30771424	366
14996517	310
92954876	391
109601229	382
77418018	475
31268537	467
99322775	654
109671474	677
14241244	298
14189311	195
107267564	683
29591383	495
30360767	243
77578620	674
30483543	304
16232995	320
15902487	322
14004996	223
108715374	552
93954804	493
78420948	433
45163963	455
93094163	288
66586317	405
30491348	304
93046734	848
77365186	693
14975805	301
29522040	338
92512998	366
14036515	139
96933874	625
12757111	88
31694504	647
14107060	230
30532474	632
61308101	728
31637469	206
30748010	448
13826083	181
30528271	512
42476976	278
61795308	244
109415112	799
92609059	452
108513647	589
28541324	294
30961444	436
108354247	550
31682496	648
123884800	857
30737503	463
14092350	144
31714016	439
30244293	462
61796208	429
30727297	563
30455926	497
13971674	294
108482127	502
62269005	552
42649884	562
30874389	575
44953231	768
30557391	551
30796940	439
31572628	450
16996073	360
30702081	373
126266195	753
61480110	259
106719720	425
30611724	309
30574501	497
77131039	515
14050623	125
31197092	535
93036227	970
15982938	272
77364585	674
51272500	200
60874330	522
13970474	215
46624080	581
110717030	612
108772410	606
22041942	476
108785317	498
14231938	267
108715073	680
14140080	267
108732184	548
14069536	87
93131687	391
13585031	121
29717763	450
124181686	752
110871928	571
78707928	511
30663357	579
68382044	630
93989325	704
30827559	639
108670045	435
30467334	408
92871423	733
77135241	484
16181962	184
122771401	786
109560704	710
14167097	321
14173701	150
60977894	452
93164708	502
93137090	637
93131687	656
92881630	401
31671389	474
13616251	282
93052136	587
91179861	578
29722265	268
108570683	661
124166977	616
93932290	585
29268080	157
124136357	625
47305808	408
124073318	679
16184664	180
77759333	632
46648095	812
91558098	491
61869754	677
44899797	278
124422437	608
79606693	451
16103313	184
62928219	429
30721293	548
77480158	636
31160168	529
77642260	635
92891836	671
61897671	632
92999003	381
14264058	237
30591912	367
140975733	893
77616143	423
60620970	798
122804421	698
108222464	565
77473853	486
45946254	555
140771305	784
30860581	416
45409518	525
92993000	196
46092146	532
109745921	562
61590879	625
62054370	545
78484888	208
46263553	248
59539090	232
108265991	700
61859248	164
30834465	489
30751312	386
109838679	407
108553271	793
108544566	901
109544494	610
77449838	473
93073150	541
30662156	321
31452852	476
30118815	323
108436798	593
108433796	526
124224913	657
61821424	372
92767558	638
122349636	454
30735402	402
30879793	403
124188891	695
101093887	559
30808948	434
30545982	590
108321826	626
56528500	167
124435946	752
30714389	355
14132575	8
45003362	585
30459229	424
77283835	391
14135277	116
13826383	5
46255449	481
77349275	639
99815083	687
46075636	714
60449262	654
30635439	463
46037211	548
108783216	543
30833863	340
29987332	500
124410129	596
108712071	668
92465868	499
61362135	416
124237822	923
77233402	553
109743519	502
100839327	497
93216340	785
29170219	656
92959379	510
14947588	333
30679867	419
108651733	875
30834464	434
77547400	630
132844827	691
93039829	518
127421921	821
46212522	713
14257753	52
15122297	329
114579256	790
92890635	491
61862850	227
124150767	969
105336451	581
92876226	410
108617812	438
93138891	791
93031724	459
14139480	311
109645657	635
17981592	373
108692559	508
93257466	676
106095928	575
93988125	459
109106519	417
47403969	483
109723106	497
108724078	530
108627718	246
77397305	431
92853112	659
30427408	274
24914747	543
45604340	407
45574320	567
77224097	190
30779830	345
14374227	290
30688273	672
108567981	843
29449394	341
109720104	541
123950541	707
92961780	418
123882398	878
124375308	632
124501987	736
93111274	444
77022070	516
61963413	395
30576602	380
94181746	884
46135674	492
92983994	744
31744335	408
30686771	438
77409614	393
44981448	591
13994189	302
92892437	721
93000204	568
123984463	820
108898188	624
14901358	311
77290138	129
110763560	806
107110865	565
14105859	98
30785233	576
22222056	375
16099110	205
93741070	920
108787118	812
30844970	477
30832063	343
94110001	411
92713524	509
124390317	547
15034942	333
30463131	359
60437254	802
77393403	562
62127917	709
30878291	439
13898428	233
14062331	182
14071037	88
124079022	836
47458604	846
24553019	488
29835436	432
46267756	399
31723623	473
109095412	573
108730983	871
93073751	675
92948871	433
30730899	311
30229584	371
31071012	550
46316987	197
109725507	753
61987728	442
31793266	339
30087595	441
93755179	538
45327566	588
30333149	453
14255652	284
109574513	584
92958778	260
30656753	436
93070448	416
30863882	360
30871388	491
126347246	725
15132503	331
13872912	82
62918613	475
30865083	441
48747613	714
93118778	664
82689329	835
77484360	266
30481742	530
62012644	883
109566107	433
14091750	233
46416650	649
46204116	780
14912465	325
108450007	717
93058741	779
61607089	542
93048834	490
62002137	332
30284518	408
47849749	677
108565279	551
14143081	258
13742930	70
77238506	500
108431695	597
30778028	334
31685198	419
30549585	542
30820655	424
124139660	949
124405927	917
22844946	494
30363768	352
108668244	676
30872888	392
13963870	153
30956040	429
46190308	754
110835004	796
14012500	215
30811950	560
62320337	799
61751780	418
46518714	507
30649548	342
93297691	340
123061683	869
78651193	790
92682304	550
14130174	9
14686123	247
45387904	305
77481658	414
77585823	378
30670562	431
29786506	227
37187954	514
108610908	522
14306685	163
124062511	841
88485069	810
77363385	359
97295902	540
132700435	850
31014277	278
30005343	683
14146684	171
30980956	502
113864207	583
29918889	216
30796040	446
45238710	635
126355051	695
58876575	515
93027821	615
108631621	667
14179104	203
76712275	668
16191268	301
109612936	866
30575101	429
108876874	443
92766657	606
124300261	696
31586136	236
77624248	873
62172944	517
92543918	760
14317792	201
13847696	203
30142830	395
46576050	718
61988929	289
30642644	620
14344809	15
30827560	570
46398639	791
31607449	438
93044932	821
108711471	860
94417994	513
108783216	656
14041618	200
123294029	855
78641887	645
93865348	457
31667487	526
92779265	422
30560091	302
109500967	672
108667943	511
100931786	391
30871688	375
77508075	598
108649632	512
30163543	292
30668159	483
104261176	704
61905476	495
122335526	750
93023319	329
124254932	713
124436246	821
30869286	418
31775555	385
45927343	599
107921675	666
46369520	421
46422953	715
124498685	683
30595214	427
93066546	441
109878904	587
77217192	601
30805646	362
108459913	480
93129886	395
108789219	667
77068599	548
61771292	674
29775399	162
14356516	245
77553403	541
108591695	544
124432343	902
29328419	463
30258103	372
80177351	657
108687156	791
46227831	206
108423590	749
14193814	206
30863282	667
43834128	460
126411186	809
93248760	376
51993852	662
31946662	483
93222044	569
124346489	703
14303382	236
15022635	314
31891428	371
77512879	719
16127328	113
77584323	773
124369303	462
14208823	127
14058128	275
30863282	414
61761686	514
77682184	532
32978411	432
31513790	628
14120568	1
30188458	342
14254451	283
92921555	536
13163567	70
109950649	635
108880176	575
78594158	476
92716226	613
46213722	538
77704999	877
46330196	350
31815480	455
124202999	965
124284651	729
22272788	463
121581453	700
93122681	454
14401845	237
74011179	677
93528235	563
90408977	358
108803629	590
93137691	411
93207335	559
63050096	295
108931509	578
89655504	315
14158091	185
14206722	41
108900589	829
78603163	628
93263470	424
30796940	397
73778533	470
94161033	499
46348506	647
111399059	783
93143094	668
30909211	457
14077941	231
14249649	306
30991763	591
15134604	315
77635055	465
15026237	311
30964445	322
30597915	547
45323964	535
30686771	419
30320241	404
76736891	737
15988040	232
30816453	506
93112175	536
124471968	950
31763248	457
66011155	496
30963845	378
46200514	247
31184784	682
80599717	432
30848873	449
30822757	569
30847072	423
127430326	785
61972119	751
46030006	594
124221311	701
46363216	354
108677550	655
23225886	189
124103336	959
122707461	943
77336067	507
30725196	648
30423806	345
30657953	577
77444735	365
30827560	399
31013376	429
77569014	333
13971074	260
77261620	388
30986060	440
30887898	408
30772325	492
30939830	349
30917316	494
30743507	199
29711459	413
93109773	602
107569854	979
109703594	638
110825098	620
65121096	439
108635823	513
14085146	153
30890299	354
111848141	739
67006280	698
30871988	467
107815108	880
141154345	757
92401628	441
108815336	717
46155486	506
108879577	591
109850686	414
61631704	504
14467885	103
31767150	559
61776695	628
83405879	342
30354762	499
77084509	364
94182047	701
16478548	124
108959727	493
14435166	102
14547136	262
30796341	415
46301977	842
30863882	507
108724079	554
77853893	544
119129814	572
108830346	727
28894946	472
30755815	461
14114264	158
124325176	834
34023667	462
93125383	367
108824641	624
77659670	587
108651733	715
14006496	252
30240091	365
93114876	529
30800543	442
30865983	431
93302494	414
109172861	668
30948536	380
14324996	163
14016703	233
94051464	200
31960171	373
30840768	444
28825002	290
93066245	613
82532030	520
30908611	445
30825759	597
77533291	594
63249420	735
30665158	552
30700280	383
30526471	436
14387435	188
92728533	805
30802344	449
30639942	266
101900493	808
22113687	464
46313685	613
94214767	630
26407283	242
30569097	415
124286452	708
90081772	618
104980428	934
109621343	338
93273376	880
93093263	540
109000252	598
61160409	656
30107708	453
45073606	490
61743975	745
61513130	325
30931125	393
108646630	885
108892785	482
14152088	171
46389933	333
16508268	118
30800543	424
124184087	546
30534876	604
30737503	539
124464163	808
124106940	802
93003506	432
46470684	522
30828160	350
108531657	435
69903099	575
30938329	492
97444795	858
30721894	620
31795368	350
30929624	516
30703882	365
13954263	241
14072537	139
92670297	536
109693688	799
109026668	705
77679182	432
61725664	610
31318067	447
61832530	347
30922419	476
76723082	525
93372738	707
30807147	428
123828064	943
124373207	717
108859163	475
16028866	295
62858576	374
124084726	695
108782916	295
30563694	545
61473205	608
130291423	903
125093959	832
46450871	277
15629015	169
31001069	428
139851226	694
30893902	492
31000768	466
30503956	594
108983141	719
30776828	539
13957265	65
109815264	741
14190512	219
111048438	585
108620513	580
124203900	700
94212665	614
124072418	854
78558435	444
109726708	716
94282609	489
47368847	227
30739305	318
125558050	920
63159365	291
61874557	724
30743507	452
14465785	222
30813151	403
61888666	148
62191256	535
45296947	648
37380075	536
30417502	366
29561965	376
30971350	622
108802127	682
78513707	541
93023619	294
61859848	396
14102857	31
108995449	701
61575869	477
14353514	125
75961204	523
77585823	682
13855201	192
108816237	345
15189839	275
61903075	347
84155450	673
93279680	660
45957661	744
31743135	520
123288025	869
28876935	606
46294774	736
93141893	726
45988281	230
108487230	587
14265859	107
77645861	194
30919718	429
30787035	443
93237353	504
108815336	610
30977654	369
77736218	338
77496367	321
14491301	254
109605732	540
89364921	793
14338204	232
15873368	210
93937093	509
108491733	653
14361018	119
63041090	142
13892125	80
125362327	797
62589006	467
124220110	721
93180918	347
93068647	734
61887165	555
109049183	683
30520467	449
30300428	478
77623648	540
13979779	294
94188050	549
108647231	259
61953807	340
109814364	506
30566095	274
94213566	664
30721593	449
16509168	191
13949160	29
14461582	254
46402541	798
108776311	584
110109449	682
14382332	225
62025252	285
108758901	794
108887682	422
77479557	474
46507607	809
14221731	176
14306085	110
14130173	217
69337243	574
60906749	655
61821424	576
108983442	523
140212654	766
46563141	329
93098365	638
108936612	563
30851875	573
30510861	508
30584407	500
46354811	270
31853304	440
31867413	483
93400956	550
30488347	405
124292756	800
45499574	521
77813667	713
49941163	753
108842053	630
30806247	543
46306781	709
14173701	158
30662757	570
14038316	149
78737947	769
108733384	577
45741526	429
62813547	485
125607882	881
103873933	341
78500799	340
46424154	377
30936228	406
94155030	514
61959510	394
30661255	461
30208571	594
124552118	870
93196527	466
45323363	687
94113603	697
61932793	336
84656765	763
108837250	906
71243141	592
109010759	684
14180906	240
30994465	501
61826227	531
30928423	477
30797841	450
31016679	672
31942459	550
46193009	656
48529677	784
108676049	437
29576674	238
94277506	490
78760762	619
31856005	535
123426111	856
108685054	787
62030956	396
31029887	543
77698995	325
105841969	510
108344940	813
16339561	221
77712504	798
62026452	613
126427997	663
108712072	673
61803713	508
61785401	218
30751912	328
109982469	655
31966775	557
47236765	427
126195651	934
77633854	515
93004407	781
124433544	897
109775639	529
77401808	578
108713572	476
14391337	148
108530157	762
119604711	913
31071913	542
78906653	733
82517621	587
13962368	211
14161993	260
109022767	524
77728114	400
71319989	578
29477012	155
15149314	263
30929624	392
108872372	907
60901046	797
108933610	461
62214671	694
115583986	745
124418535	688
31647074	229
13982181	211
14500606	144
14385034	302
93203732	448
45064900	630
61076656	503
30991163	449
30797841	386
54868457	784
124481274	520
45501375	687
108859463	580
77266123	604
46616275	650
140026236	924
62764616	284
124266339	585
140386463	887
14268260	307
92208907	802
116800051	812
108453909	523
30866284	360
136072153	912
108953123	690
93074051	287
14276365	278
108797325	774
14283870	281
94155929	428
78640986	901
109002053	469
93067146	598
77737419	238
94230977	557
16094007	348
75523829	504
93133488	677
61327914	569
13914939	169
124473169	805
14388036	73
14039216	69
78334194	540
104326917	512
30653751	412
125163603	709
77561809	287
30603319	474
29918288	359
46218826	406
94789928	304
14036815	297
30698178	335
92039000	508
30596115	474
31149662	457
14372126	254
14675316	193
85485585	452
30832062	321
31990190	504
93068647	794
31086623	529
62177748	563
16008153	74
46539427	523
27149650	517
94964638	258
124208703	839
30849474	585
30755514	616
42833599	569
30783732	356
17429246	375
77650364	703
14137679	149
77594229	132
31601145	512
103281961	838
62191556	403
108738188	588
14147885	40
93104069	715
14336703	143
108495035	684
109008057	566
32171804	592
125446380	838
93204032	341
92733337	590
93122981	680
30869286	518
108784417	552
46244041	488
30882194	339
110234627	898
30934427	612
77762935	796
94180546	758
62761614	440
63118839	563
94172440	823
45655972	665
77563309	476
14017303	176
62375872	748
14244245	78
11044536	225
31137655	547
46331996	758
30479642	455
30992963	629
26264094	421
108828244	695
30814051	494
14293176	314
16133331	201
16227891	210
61875458	435
93476303	545
77780046	683
45483063	688
108840252	481
31008874	512
14565147	64
30855777	478
31052101	531
108854360	521
30941632	329
61996133	226
124494182	693
125450283	571
14017904	272
77175166	439
30944033	408
61670729	437
102212689	720
108695261	650
108947118	453
124389117	706
30984259	341
93167710	405
77564211	663
30878292	634
77692091	494
108926106	523
123813055	858
13953663	93
77762635	368
30175850	476
62979851	359
140103385	899
108806931	654
30648648	313
108911997	606
14342407	266
31848802	455
61037631	553
77579820	491
15021433	250
61846339	363
77582221	365
109026369	619
124437146	641
31880621	525
14094151	114
60739544	502
93333114	675
46358714	422
31840095	372
124468066	871
46289069	701
21319388	156
31001369	525
39366122	765
14192613	132
77656368	316
31661484	488
77823573	625
110734442	751
14411750	307
26737491	229
31886024	397
30935027	376
30536677	344
30555889	350
93055439	847
78553631	719
45544602	658
124103638	862
77413816	316
20877511	194
108319424	521
14416554	170
30854276	443
108903291	751
124327577	789
94028049	570
77256517	897
64772877	406
110004083	562
46751059	703
65344136	768
12765216	272
35706224	134
19754205	441
45944754	749
30648648	434
14520719	139
17245530	293
93183619	331
124639774	858
30759117	556
93148798	508
30812851	291
124420636	738
15066462	329
108789520	559
31007973	463
46379726	555
109484757	576
45510080	585
77261020	639
61711255	660
77702597	682
14181806	30
62085590	56
46641190	720
29968420	478
47132300	630
29774799	223
14481094	282
93228648	718
46162691	450
125376737	751
125399251	887
29652622	254
93119079	815
77654267	314
30922419	506
30977354	347
77249613	655
31751840	642
108939914	500
93328310	472
46248244	435
13692199	183
62039060	609
15957722	179
32092855	403
108744191	635
124427541	702
30920618	392
16854385	185
64908563	414
108797024	689
93242456	898
94737695	711
108520251	838
30744407	391
30917917	338
30086394	272
77705599	707
66376484	418
30865684	373
62081087	607
93033225	664
30932626	661
127387999	813
93439680	351
16278323	329
45740025	683
77485861	460
14061730	276
77556405	404
46622579	330
30855477	447
92685607	738
14476892	191
30304932	325
77391302	544
30834464	487
92916151	452
14500907	312
46373723	305
77271226	371
140067963	874
93247860	523
30932626	467
30624032	408
14104058	68
13419327	196
14255652	207
77623047	798
31020280	519
72325920	313
76928411	383
13758240	182
94419496	458
31772553	425
92937465	855
93959607	496
31919345	390
94305424	626
46247344	782
30757016	676
30366470	492
14425860	130
30379679	325
30887298	334
31858407	717
30883395	389
46659502	594
46176499	201
77753629	523
119388876	903
109606933	555
77576818	561
30722194	512
93182719	786
31031988	486
77376893	801
72908587	204
31922347	372
60925962	855
108466818	579
61909679	299
85681608	854
108755298	658
30659154	368
78519410	243
14119067	308
45429029	534
110750351	690
77724211	279
51758204	792
15096181	338
77753630	287
30573000	470
31020281	511
46492597	374
31454954	381
16152544	321
14147884	239
108632221	726
124507991	894
124513394	596
93083056	791
92977990	485
111850242	721
14270062	219
145894922	773
61214742	619
77487062	263
30761519	365
77639858	663
14233138	163
31789663	342
30835665	364
31027485	664
77785449	684
62179549	565
13944057	121
30815252	475
45998487	635
45814171	621
30901406	544
31323472	503
65754194	537
77845487	231
47024231	140
44898596	412
61905777	484
46180702	568
30176151	377
43997430	717
93062643	431
30832663	531
77623048	370
61475006	399
114677417	687
29569470	268
14202519	280
46396537	590
104067855	817
30856078	521
108356047	494
30982457	503
46298375	549
60930765	385
46473385	701
62185553	650
30997166	531
124782964	811
63105930	334
93204333	802
93081255	591
31044596	567
93282081	476
93128384	485
125218838	767
108667344	770
109920330	765
95268129	506
110727537	647
62824353	315
16405302	297
93503020	488
108847156	696
47406071	215
78698322	608
68465496	511
14006796	141
31031988	380
22273387	421
108872672	499
14413252	287
32220135	313
108921002	447
93154801	635
61940299	298
109679579	537
124421236	829
11327913	117
124540111	713
93249961	286
78724739	951
108735486	550
11203636	223
93211537	488
108940214	715
29753786	261
108899389	772
31773154	561
104446393	476
31004071	574
108705167	235
77622747	327
108862766	651
30546884	481
108889482	712
77560308	472
62044163	770
14305484	295
109853688	734
13748334	210
46469783	431
46352409	694
77587024	500
62090993	417
93133187	510
108670045	684
14283570	304
31718219	307
30642944	525
93446284	430
30838967	522
108600701	555
62050468	344
93273375	266
122155713	553
14209123	191
108844154	751
30662756	440
31055703	639
108836949	408
13993588	256
124340186	850
109326858	774
30867785	626
30984558	152
140905788	913
30874989	544
93133187	561
91519974	563
63050996	386
108656236	856
108882278	937
30836866	335
78813595	624
77710402	448
14509012	142
93074051	573
110920258	466
49889231	723
62026153	375
31049399	641
31563322	358
62025252	511
30866585	615
77717607	751
15268789	1
93289586	548
30658553	636
14309987	262
46083140	636
15905189	213
14487998	122
14137678	264
77293741	621
45528992	459
92870222	500
93089660	534
30735401	556
109968660	428
110917556	535
32073642	541
93346922	610
46314285	749
109977666	600
77489164	462
128521511	676
62958538	201
44847564	710
47568473	205
31726024	435
92298964	638
93040429	462
77616443	499
14510213	213
31097430	428
94948728	420
93213638	684
62081687	348
125281277	662
123742510	836
14530325	101
141054683	858
47416278	559
93385646	341
31449250	560
108819838	551
61826527	221
14172801	159
30808948	460
30773826	388
77812767	635
108876875	498
31652178	342
78343200	753
124309567	971
13921542	68
51888786	636
125535837	676
93340318	707
75797902	881
102196480	773
93059641	445
108784117	569
110946374	670
60725436	417
32532631	657
109236801	925
31187486	589
62124014	308
14339406	1
109790348	871
31722722	371
77593929	569
30929924	455
109971062	525
47174325	369
124568629	683
104180726	721
57468990	173
109965358	641
14401844	217
15223160	226
77456742	497
14175502	110
30917916	341
94057769	754
61796509	511
124363900	866
109803557	615
122883671	676
30916415	352
30965046	513
79358437	767
77699595	887
77548001	639
94032253	365
45471656	664
88506682	619
30881293	393
124450354	847
31714316	344
30406996	368
30775628	477
94184448	940
102533591	629
62713584	224
88189683	749
30751912	294
30654050	461
77632953	398
31892929	414
31060806	335
93494915	327
125206530	905
108619313	497
93377842	237
93174014	517
77419820	378
125563154	843
77718207	656
90600497	529
30608122	523
63166568	579
95504377	496
132216232	905
30869286	541
124235120	773
14249048	229
124350092	749
29789808	196
108615111	677
124445852	864
14319893	317
16316146	14
30737503	253
30998067	366
30796640	629
140079370	760
124429641	869
93179116	414
93037127	617
46269858	602
30063279	245
30370672	548
31819983	561
30958442	412
108527455	590
125493509	533
16353671	151
61851442	355
14148486	123
93243957	562
30896303	432
14400944	156
30814051	444
30078289	339
30354163	505
77775843	440
13842893	133
108666143	614
31169175	444
94315630	650
30768422	424
45328766	658
108793722	680
77538394	595
45341375	488
77571114	475
108863066	834
31768951	601
30843170	559
62056171	210
63185781	647
46401040	413
78077833	516
108602503	731
31487674	363
30386283	322
61968516	700
30597916	391
108786217	482
30899304	542
98843674	755
31111538	335
30389585	336
78372618	466
93318404	362
108974736	446
14295878	2
124329979	699
125616587	764
14219930	229
30823657	435
29954911	228
16413408	116
14472389	151
14349011	225
30892100	443
108746593	298
108742390	965
93279679	551
93390749	803
108799126	552
30587109	338
14384133	161
77640458	647
94261296	432
30970149	640
14889350	300
46091546	278
30754314	482
13464956	198
108564378	600
108669144	707
109906221	682
30904708	505
14289874	164
30943732	615
77500571	652
30260803	393
23747313	503
45189779	570
31109737	358
32543137	514
14165596	40
92838703	342
31001669	518
14397642	61
30852475	461
93940094	562
78668604	584
108578487	828
30971651	346
77391002	406
19449214	403
51224769	659
46484192	815
14233738	196
94484937	669
14388636	117
15682749	152
45322763	581
93210937	379
86939998	417
23073690	498
30889098	580
32692631	478
13430134	244
15321021	281
46501303	724
109555901	521
126542969	691
62308329	875
76326834	728
77606237	880
93362532	457
30661255	452
91259711	492
28904552	492
46149782	672
47391662	603
28067326	446
30874089	328
31024183	395
32118070	614
30849774	484
16350368	166
15170327	351
108488431	838
94275104	474
62118610	473
30771725	473
46476687	612
77551602	461
124204501	842
62010242	365
47921495	69
29842341	475
14312088	99
17389021	311
31852403	407
108748695	759
94210264	464
92910747	677
46084641	307
108828544	588
31952066	365
14229836	205
30995065	540
30830862	459
16278323	141
125305892	722
77734117	743
93169511	421
13973175	91
30714389	547
110028398	391
14144883	294
13977978	173
63056700	331
62930020	170
80766321	920
93301594	419
30943132	433
16095808	196
124570130	795
93132587	628
92893337	620
14195615	139
77813066	204
13781055	169
110866824	888
30834765	486
62130318	616
108990946	599
14112463	279
93379342	171
93106471	638
108782916	574
31039793	461
93108572	485
70160061	631
76785222	468
78843314	851
15091078	262
93264971	537
46178300	671
109036875	558
61456095	708
109951249	538
9676577	199
93188722	716
75349719	411
77546499	322
32051128	440
14315390	112
16389393	187
14133476	140
61801912	380
30895702	503
14457680	287
14509912	202
64146084	461
110786674	555
124386115	862
30995665	459
14162294	56
63034786	569
79986731	676
93061142	271
61860448	698
30910712	512
45811769	436
30786434	339
108688356	638
124426039	766
109014661	686
30881293	499
30600917	398
77624248	798
30861181	345
15188639	320
30659154	558
30731199	463
30751612	382
77221095	570
30832363	348
14293176	246
97333726	730
30730299	476
47489523	465
14312688	65
31855706	619
93739568	463
62137822	518
93032324	710
30771725	497
30866884	495
124651782	746
109008958	533
77649764	514
30735402	410
46595562	706
14511713	217
92995401	768
108567981	622
93140393	379
14331000	291
31878219	608
62103300	447
46041414	776
86502924	754
93303694	575
31065609	453
15091678	324
23845775	474
134327758	509
31108236	379
124491181	911
14231337	232
31074915	392
46561941	392
108808132	568
46495900	351
30729398	316
14227435	37
68530337	424
47425584	760
14138579	113
77595730	781
31110938	555
62078085	534
62029455	492
30930825	402
46033609	676
14174301	91
62213770	588
30874089	471
109658565	741
63168070	517
30926021	372
93169211	530
108872072	621
76963833	508
31472365	663
94937021	497
77563910	388
30716490	410
84564607	700
14282669	194
14147585	242
108873573	606
47494627	644
30755214	466
77618544	770
93928987	701
93883359	447
14086046	215
93379942	348
62057973	801
125573960	825
108869070	577
93106470	532
14494002	115
31605048	442
62973248	385
30868986	361
14274564	295
93121780	523
46555037	671
14036515	77
14309987	215
63036887	678
77375392	725
30077388	407
31120544	497
45708805	602
30769923	442
124464464	876
30782832	497
100487807	759
137519062	543
108848957	378
31790565	314
30851274	422
46132672	634
62203864	509
46410045	656
30330448	507
123791141	582
13945558	271
31976081	491
108778713	514
124550618	794
108341338	707
17615363	380
108929408	430
47072861	689
30923320	650
61998836	623
109036275	502
14152388	140
77802860	334
30867184	552
30818254	364
45423926	541
107886252	963
29429882	438
45296346	720
108671546	765
61994333	661
14215727	207
14255953	259
30626733	330
14128973	232
30940731	535
31042195	588
93250562	680
61704951	630
14313589	218
62071481	520
45193382	671
14346609	156
124137558	686
110776768	669
30992663	371
31020281	466
108770008	520
77977570	615
77391902	579
93238554	585
68817017	200
16448230	245
109045580	694
77547700	487
108624116	680
30020052	154
14653403	330
30853677	447
142096337	892
108671546	661
106056903	782
13983381	251
30749811	234
46433760	793
30243693	360
77404810	426
30874689	367
108797925	402
31787562	375
79529845	703
124556021	840
16343463	314
92920054	537
109720404	566
16212282	358
31793866	448
99544314	705
13945558	281
109029671	695
126485933	920
29486018	324
77488263	729
48078193	581
108739088	346
26627922	390
27761434	360
63180677	686
30738103	471
108662240	717
77394904	531
93351425	643
14365822	61
14422557	190
30480842	364
14902259	259
108873573	669
14198917	156
110639882	721
46299876	710
61834632	320
13855801	126
30265607	294
77389501	610
78884740	421
14190812	276
62922816	652
31608950	451
88540303	902
53286464	681
30834464	571
30754915	327
127506574	847
15158620	322
16400500	349
30606621	339
61218345	642
109625845	692
108542464	615
14289874	154
15950817	354
46383329	636
15022334	337
77704398	565
30946435	631
14298280	223
29559864	306
31854204	492
61866752	516
30628835	333
78559636	342
46553536	681
14421957	155
60623072	819
108329931	642
63130546	546
46503104	563
109866596	517
46099951	580
16258210	156
92698214	544
14147284	53
11884763	175
36632605	465
14352613	63
109097513	676
31819083	496
46356912	682
77535392	807
77875806	784
125660114	702
46455374	605
30422305	522
14325897	208
30815252	420
92882531	763
108482727	497
99891332	898
14323795	117
14370324	231
14295277	312
62023151	631
31888726	492
93327410	341
14044320	233
16278623	316
77619445	296
95055595	534
14396741	128
76478128	686
93372137	699
61714556	306
30951838	416
93170712	674
93027522	755
14280268	164
108724679	579
51844959	180
30933526	475
30750411	520
14415053	300
45896423	734
14186009	157
30821256	635
108472220	574
93890563	634
39869538	536
78954984	808
78761062	311
108744491	608
30785533	359
30617728	461
125472497	493
30541780	411
109053085	525
77720308	782
93130185	734
124414333	789
61912982	599
30886396	483
14356816	131
61835533	483
45521787	482
47613802	574
108680852	605
93244557	716
46227231	693
77541696	228
93217841	379
46458376	580
30988460	402
30865983	397
30757015	272
77379295	706
31759344	554
46423855	333
108808131	512
30812551	601
111339621	855
14280568	92
47400067	775
30768422	453
32546440	431
30880993	396
107257058	463
62029454	363
61953507	406
59766334	372
108443703	716
125355123	718
93100768	422
94306624	442
14542933	75
30956641	498
87907206	848
14843422	310
46258150	136
110663296	705
124165776	955
14205822	241
14243344	221
125424467	658
77663573	494
77737720	516
61983226	390
30818555	330
77614041	717
110991103	707
14145784	271
108701565	584
31909439	535
47183031	443
30749811	569
14456179	206
47270386	569
108874773	774
109966259	490
124382512	851
109853989	816
94301822	521
108944418	565
108482127	528
113265330	919
86148702	837
30852776	553
124450955	760
31021481	537
31033489	403
108715073	642
30930525	376
29878663	418
30657353	428
124510693	753
124528404	551
30748310	401
108769707	651
88221503	467
30637540	454
108875674	693
108815637	613
31787563	441
31143658	414
13969273	268
139714341	855
31783961	527
94433004	818
30306432	199
109391098	592
94187449	565
62020449	674
46072033	598
31272439	473
14368523	108
108881077	725
93008310	484
30910412	624
62025552	390
14268560	160
125401952	564
93660619	501
93316002	286
30648947	481
30145231	457
124395420	778
46349708	549
78900049	746
16220387	339
61704951	644
14266459	90
77430026	438
30679266	467
123416506	909
110750351	857
109488658	717
45619950	560
109761230	564
30774126	441
77649464	411
46362616	694
109666670	623
124489679	631
14348711	118
112841465	415
77261920	883
125376737	758
38666683	481
30927522	267
46098750	266
14360719	184
108362051	685
109005356	631
93261668	382
108655036	821
124312868	862
30969248	531
30873488	543
46018600	522
30733600	624
62070880	497
125153096	835
14723046	160
13878616	307
30819154	433
30857278	530
124436246	707
60491889	527
77555806	340
126016739	810
61517333	540
105669060	928
108681752	651
22167121	175
93350824	676
30717991	457
129342828	659
95248316	723
63052497	464
16566804	172
30836266	345
108791021	633
30697878	462
14325597	103
5666658	118
15970930	205
110516505	822
94980547	618
93331613	235
93226246	489
47153313	436
14437567	268
110845812	698
78359109	578
13851299	199
93336716	723
93274576	278
96322090	624
75218837	852
45263025	396
30751612	305
32007601	449
16379787	314
108788319	901
93087559	701
46422353	440
77578319	621
46495299	388
94177844	504
88260828	718
116658061	947
30547784	528
30696378	355
93042231	678
124473469	569
108912297	793
93249661	480
94108800	399
109797853	689
108557474	631
141297835	675
77605937	613
17343091	378
31812178	235
109751624	629
107092555	566
30702981	503
30678966	337
109924532	660
97162618	435
61657521	346
45887718	656
61541948	630
77647362	460
30403394	401
29944706	373
15235468	260
14460982	193
77666574	730
17530409	373
61961612	426
124402324	687
45722914	324
92955175	773
30697578	539
15016331	319
77562409	518
29946807	229
14436366	119
30847973	344
47252675	602
31121144	509
109844683	699
30976753	573
93174314	876
77710703	772
14087547	125
108899089	301
110036203	318
77692992	468
14268561	111
94303322	564
61747277	332
92788871	682
93349624	296
30710486	421
30861481	254
78754758	658
16275021	300
94228276	458
108391770	757
94060170	728
108045353	521
30907710	496
16202074	364
78804590	507
46050720	585
30887898	428
108875974	596
39620682	656
81974881	725
46111958	650
67682905	391
61998535	571
31943961	367
31943960	337
93564559	804
30819155	436
86534443	596
108834548	441
46603367	787
30814652	338
77727813	436
46200514	660
108795824	510
14042818	120
14095051	35
16362976	65
30907710	377
30450223	401
14538730	197
108921002	727
78672207	370
124560224	634
30923320	370
108839051	616
30800243	457
125390245	764
30476039	389
93173714	864
30488047	457
108290306	861
61857447	485
110035603	568
61958310	295
77677982	313
14454677	175
92916752	440
46227231	515
30682569	602
140066762	897
104211345	526
77415316	606
16954348	317
95688993	744
16009655	360
30609623	398
47234063	256
93167108	496
108563778	854
14121168	232
14038316	190
22064156	476
30537877	244
30974051	376
79311608	689
94203960	619
77574417	659
93252962	495
30966847	495
30977354	358
93349623	630
46289070	343
141021661	457
93069548	489
61870054	486
14440869	231
30619529	659
93069848	420
14355615	269
30697878	464
125614185	531
109920030	501
63154261	538
125638201	768
62702177	406
93344220	754
31947863	468
43817918	178
78752956	671
45073907	353
13926946	134
14401244	173
93069547	623
93106170	615
93174313	530
14354415	275
30606621	515
77678582	482
61913281	434
93326208	383
30956040	334
77780646	530
79691647	455
93211237	520
77852391	350
92498589	561
78615770	745
83607905	426
62110506	700
77895318	579
14018804	251
30799643	410
93261668	776
30832363	509
127332465	867
14011900	171
31627262	521
39334001	530
62084990	419
108765805	619
14186009	126
31117842	496
108927307	653
31030488	366
88777752	592
39560343	667
31015177	706
30995665	457
30095700	232
30157839	485
124568929	704
32000096	544
64367322	405
77621547	422
108734886	729
30881293	79
63184279	652
30855177	356
30711087	448
124519999	698
14263157	149
92892137	461
14350212	219
124521799	761
62940227	598
96437662	360
46402540	734
61866452	439
109476651	497
93120580	601
77664473	453
77645561	683
14011299	327
45413420	357
62193657	361
62003338	357
77458544	659
61607390	372
63692499	521
77236104	624
93172212	752
14238241	268
14399443	152
31639570	476
31933154	478
30931125	206
93282081	580
108823741	688
93563057	561
14518318	81
30720993	692
13798766	233
79678137	343
62048666	461
62069379	674
108892485	473
30962945	380
61819923	272
14095052	277
109988473	476
14312688	71
63075011	498
14124771	262
31056003	410
46273760	719
14032012	85
77673479	609
100453285	549
77336968	504
47002917	682
30115812	393
92424743	288
30822757	496
45535597	621
46100851	435
13938053	1
124430242	573
14346610	321
31082119	383
109103517	330
45984078	499
46198112	185
46098450	570
93359830	511
30256601	582
77620945	176
32167601	455
30811350	509
124419136	966
46597964	724
95094920	792
46485392	707
17301666	365
14158992	288
8741490	189
46492897	733
30807147	284
94194654	697
45894922	457
14231337	256
108168430	403
14294677	159
46488095	600
14114864	229
108959427	830
46383629	570
63935951	340
14072238	194
108825543	554
105240391	622
61788403	278
124231517	789
46517814	274
109042279	781
60969189	654
123205473	704
77609839	629
77500570	728
30742907	404
16298435	265
103087439	423
31059906	513
30775627	512
110817293	821
31080319	432
119275705	841
14341206	207
93107671	618
14895955	213
89729350	414
30660354	617
14069535	124
93334314	767
93165908	777
46265955	586
77712504	380
130710486	618
31211501	239
109466445	473
139812502	854
31114540	554
92873224	433
62415797	592
47390462	265
93251762	594
108836049	523
30563994	497
30693076	367
47315114	588
61865552	597
16009654	233
93041330	669
14320193	296
77587925	540
61918685	630
78696821	445
31826887	580
30898104	425
58726180	402
62973247	637
30822757	493
77576818	584
93572064	505
31171275	518
46421452	822
46542128	622
62176847	619
14195015	71
30819155	376
44564187	568
18032624	380
31840396	412
93298892	370
13907734	195
93181518	619
47290499	711
77782448	653
140163422	821
93269173	355
30944033	491
30808348	481
14342707	203
108459613	668
93114877	667
113048594	485
14213326	186
78894646	479
61852043	689
93285983	464
62915311	207
124462963	976
62841164	607
76911601	720
108795824	688
61902474	467
14306084	235
35815192	649
46593161	777
92640278	333
14258354	234
93014013	370
85491589	769
30712287	609
14369123	105
108921002	429
93216340	590
31076116	598
30890899	534
109658866	608
30766321	415
14196515	207
77677081	731
93194726	502
125700940	907
30788835	691
30283018	311
47540555	761
80250598	227
14388036	150
30791837	622
77679483	684
78541625	704
30527371	437
14291675	214
63016175	357
13935952	288
14045521	222
93257165	753
46629783	601
30432212	676
93231950	591
62141425	354
46469783	733
94393379	348
45589630	557
109790049	751
13939854	255
109644457	861
61985027	374
30830261	493
108736386	616
109860893	596
24280148	514
14167398	240
30541180	555
108747493	638
77882711	625
93364033	495
96036611	612
32028914	363
108732184	623
27043984	420
93223844	452
14779481	263
13993288	293
31068010	541
77663573	426
30651649	502
14042219	104
14234039	217
30859980	412
29623804	266
108386967	641
16233895	370
15064061	257
14251149	291
92262041	576
126044656	882
14286272	113
94095292	777
93290486	424
30995065	444
14397042	167
110801984	805
94205160	747
110832302	926
14229536	31
60656993	939
14591864	310
40957421	477
30822156	441
93138591	538
108811733	664
93320806	509
30745908	410
14241544	277
62169342	351
62188855	554
92542717	491
124455158	854
93317504	604
14415653	263
61747878	253
14533927	189
108838150	483
82588466	793
78656297	621
16176559	215
108894286	470
29714161	231
77515279	657
30942531	480
77502071	290
77590627	271
16122224	217
78649692	510
14351412	40
61893469	72
21959991	203
14465184	286
124424239	706
37326041	490
77608037	670
109045281	577
77576819	222
14263157	85
82283174	672
45417322	495
30706284	491
13765145	156
62107203	811
124582138	958
108869370	787
94227675	420
93168310	598
30864783	385
92950673	858
30677465	559
77410814	653
108516949	732
109896014	668
30745008	316
31041293	468
62072082	543
31029286	514
14232838	145
108460814	750
108851359	657
14082744	253
14012800	290
36031027	389
14093251	319
30979756	371
15803424	260
30984858	297
108868169	540
30988161	416
30748610	566
108890983	673
30844971	363
46234435	367
46516313	249
14304883	206
16533783	282
16145039	300
78616972	525
108709970	471
109824870	571
14335803	109
77337868	474
47483820	823
45269930	495
77714005	482
14380531	95
78568941	516
93143094	651
77502372	560
47949412	439
108842353	611
30382079	319
95204789	496
14201318	265
77680984	566
30893001	661
31086923	633
77441734	264
62202963	649
93290487	402
124028891	745
14264658	47
31850602	246
32042723	438
39244546	417
108609707	950
77650065	483
94315930	627
101465520	602
83192445	954
77568113	498
78687216	765
24405627	471
100806907	537
46782880	637
108959126	786
76581994	680
108584791	593
109989073	538
77657870	648
109610536	547
63141953	253
31405122	647
93197128	753
47440292	605
92390522	798
48781535	353
93815816	657
61555157	727
47464308	610
88057901	683
61761986	556
121101752	942
32630792	444
108875674	731
46608170	728
77600833	464
61260972	724
30734201	398
30873488	689
63053398	501
93328310	542
45564414	375
31964674	513
108837249	698
14323195	197
108814135	631
31759645	582
108645729	601
16299636	140
14372426	276
77831378	719
30837766	486
14246947	311
108422390	954
47179428	390
93032625	566
93459192	693
13937753	92
30843770	639
94864675	474
77713104	537
92941968	342
14543233	317
93276378	466
108832447	820
62203263	404
62950433	524
77753329	381
46390233	597
14532126	160
77645561	812
30876191	405
18447485	417
78856822	919
77638056	590
93185121	338
93447185	479
83374359	730
139880645	221
15986239	158
14439368	191
30821556	374
30952739	384
108254584	726
46467682	357
31026585	529
45199386	444
30570898	388
78523913	300
93312701	330
93356528	681
15207250	327
93084257	774
77605936	466
14229836	260
45496272	641
61959211	98
59505770	444
30797541	306
88943157	509
34840480	509
92053710	848
46539127	894
30875589	364
78629580	368
31995593	420
77339369	623
77754530	391
110090537	558
30885796	438
46337700	815
108599801	812
30839267	231
30924521	417
30978555	509
101301017	805
30560092	413
13932049	140
31560019	611
93306997	543
30577803	461
108601001	435
108226066	674
14274265	227
93288985	822
125478801	602
104226954	513
31874917	489
16006953	198
14384433	288
93358029	577
108647231	877
78433856	433
96186705	597
30727597	464
63406119	446
77651265	668
14721846	156
46557138	467
16453633	247
77847288	373
108693760	748
112246191	819
30419904	402
31072213	431
31038592	585
14951790	323
30852175	409
108904792	426
126373062	816
77742523	520
108709070	391
14262557	265
93309999	449
46082240	315
109737215	520
31190788	371
30727297	528
93361030	574
30853976	485
14459181	227
31774355	409
14086346	205
14392538	273
31821484	487
124590243	873
93064444	500
45376496	491
30587709	410
30800242	413
62039961	542
92615963	843
30802044	636
78647891	626
78669504	415
16379187	179
30697278	474
93005908	636
31123545	474
60981796	567
14148785	182
31891728	417
30271311	197
31086022	480
108773009	590
108856161	853
94312628	792
32051728	488
39703234	655
61976921	228
14460681	100
61067350	453
14500006	293
47383857	377
14117866	261
47778305	498
78633482	513
14048522	234
30810149	608
14182106	154
14177903	252
14377229	259
14157791	65
93309399	698
43711651	789
124410129	729
31248424	482
30970749	423
31155366	579
111682137	702
30766622	370
46220327	588
140091077	842
14452576	271
30793038	417
93164408	393
17343092	394
108927006	505
77517682	636
97239466	512
31098029	475
92932962	582
125429270	776
14129874	293
30575101	384
77495167	393
16313445	212
93059341	622
31995593	552
61736771	235
124523601	906
94217769	589
62066978	295
30767822	525
92258438	623
124361199	734
51806534	295
30889999	565
77474154	763
108865468	565
108598900	485
61917184	556
77555805	486
78473482	366
108819539	400
55319341	513
77286836	464
94069176	661
77365485	607
77239106	700
108737287	857
30849473	341
93040730	419
63095424	630
30487146	129
13948260	231
31725724	587
42928459	326
30818254	392
77630852	706
30003542	373
63114936	566
30778629	651
62067578	397
61917484	542
14347810	282
14190511	238
15374755	331
78542225	459
108843854	616
62099698	258
95564414	421
30432811	332
30890299	453
77752128	558
15352842	326
77358581	605
30796640	586
16537686	327
108831847	794
32044524	427
76933214	213
72008921	270
93338216	403
14546235	89
94083284	667
108413383	752
93400656	466
45812070	372
61099771	700
93077953	520
31719419	308
93278179	913
108774211	295
78545527	577
30895402	531
108667943	586
29926694	318
93118178	845
93921783	684
93317203	400
21913462	484
47156915	679
30574200	610
124403826	668
46052821	860
14300081	118
77068900	718
109917028	357
94207862	987
24891933	420
109290535	777
78041210	358
62099098	326
45477660	559
30809249	545
109644456	695
78623876	635
108000024	493
14306085	171
71980704	780
77347774	621
93169811	641
93214839	780
48219882	476
31045797	592
139989614	834
96440665	479
30844070	425
124346490	683
46387531	512
28338097	312
30857879	349
79120087	797
14302482	100
109618040	952
109822469	468
31524298	162
93243957	761
16544890	254
95444039	505
92947071	621
109885208	487
124328479	970
47529748	230
77878808	839
62072381	511
93145195	910
20387003	223
14096853	234
93153900	624
46499501	479
61755083	802
24573733	190
14174001	177
124262737	809
14246046	309
93253863	735
93973715	294
78727141	452
108788920	733
30040766	350
51445708	310
14198917	327
14323495	1
62168442	336
93322607	349
46880741	397
92884031	681
14139480	270
30995065	379
124382812	758
94164335	640
62979251	403
124577635	684
30870787	381
108966331	752
108984642	703
124087127	922
97928699	500
30804745	459
30752513	169
16208379	142
93889362	731
14235840	140
93204632	458
60973391	811
95170267	510
30931124	528
16296034	148
77685487	562
77403309	841
62084389	233
108476123	634
93218442	627
77609238	156
92693712	790
78527516	504
108990646	634
93229548	592
55257202	257
21054923	484
15992843	37
61928290	452
77746724	451
77595731	709
109106519	617
30939531	518
46192108	621
14200118	149
108497436	441
77707701	614
16392094	180
31827187	402
108972635	685
77916932	344
30868085	348
13811373	111
10304571	85
102814568	636
93071949	748
14219930	156
15263385	334
28966390	441
72122093	436
30944033	477
46243441	745
14939782	322
124237521	774
14351413	142
41062488	709
30740205	422
124414333	774
108961228	553
32044224	658
14491300	129
99962177	846
16336260	93
46157287	445
30107108	374
126387471	789
93189924	621
125286680	750
82559347	548
14541732	163
45532594	671
14269161	192
95281037	577
30338552	379
77968864	263
14438168	120
61915383	286
93095064	379
46586856	642
124062511	634
124355495	675
61846940	190
108842053	786
46334098	614
105615326	592
31954768	471
77602334	601
77675881	203
62003338	192
30918817	254
99649079	746
14471488	190
41077797	163
107857435	791
14056328	271
77745824	554
31014277	360
93313901	513
61981725	864
124529005	544
46596762	796
30968948	574
124457860	681
108492333	782
92896339	597
111007313	511
47526447	348
124364201	837
15189239	339
95610043	786
46491396	618
109871399	521
46451771	645
108172333	606
30854577	550
30679867	348
62172945	187
62101500	368
30906509	445
62960339	700
14095051	1
77376292	572
61930392	520
46715037	279
124635271	825
62023451	317
46340102	552
31782460	428
109965358	620
125438875	682
45756836	341
31831690	154
62000636	492
31391314	433
92651085	397
46331396	770
62057072	595
61709154	622
93135589	284
77636556	494
30830562	357
109833876	428
67482679	641
31152664	401
77648263	750
45511582	592
109689485	671
108637625	518
93055439	429
13730022	136
27873704	495
124343787	899
108676949	843
108997850	656
15085373	343
30944933	488
93175815	492
47492225	585
45447642	705
82418559	617
108998151	437
109020365	418
93182719	654
77363985	674
77750328	563
30952739	496
10301269	72
88094523	529
94049663	372
108944418	530
14292576	301
13875915	121
14062031	156
108742090	672
14090249	321
77713104	654
30872287	386
30935327	345
109311548	637
30793338	355
124239622	895
93069848	745
45152856	540
30735102	543
61964314	546
14266459	113
93977017	609
108823441	656
30882494	483
125336211	784
61975120	529
30947935	516
14487098	243
72468510	625
47391662	478
77658770	809
46340702	759
30950037	426
93456491	648
62118310	741
77256217	546
16505265	324
92761554	670
109038676	885
78673407	336
12715385	31
93189923	527
30938329	382
30886697	403
94373566	489
61959511	333
61912081	296
76536965	690
108920102	660
108543065	590
108580589	803
108356948	613
16972959	357
77714605	613
114003494	542
14142482	247
93123582	495
14502707	268
30847072	471
46567344	763
30905008	480
31081519	345
79676637	647
78623276	540
77557606	600
77632953	132
31551615	514
31571727	653
14291975	136
14233739	218
94055367	869
30503056	690
46072633	524
46775675	462
46540927	363
93253263	604
77592728	405
108576086	791
30414800	488
14285071	327
14389537	138
104086767	376
38709910	723
46325692	210
77561208	198
31049399	457
77592128	405
124558723	745
13552611	110
45389104	568
93165008	932
93133488	437
46468282	709
15031039	307
30714688	335
93064144	509
30951838	344
105065381	648
30863282	469
108863666	746
108748094	619
62098497	335
108721677	477
46835112	745
103911156	846
120238109	900
93072850	550
62914410	345
77744324	682
93256264	799
124309867	825
14530925	32
94158932	822
93263469	531
30931125	361
92982193	702
108991547	687
95491169	636
30853976	537
77481058	596
30844070	636
14270962	295
61008814	273
77279331	416
124408628	786
14053626	106
31011575	688
46842918	308
14339706	182
30551386	395
30987260	558
60823597	561
30740505	433
14721245	224
61670129	578
94390977	512
30838667	549
31017279	494
30923620	412
94085386	585
63126043	516
31731427	460
92893637	425
61524237	576
46439765	480
77625748	567
14264959	293
93157804	667
27973067	301
30709886	543
14355315	164
93181218	317
46443366	511
14399443	56
46514811	452
108893986	500
78590255	633
13652874	197
61573768	255
94303923	788
31132851	507
14388636	62
30572999	499
77754830	369
30861180	590
102280832	508
61763187	431
30961744	474
46353610	514
92877127	438
32328802	343
108811734	533
29534948	319
14334902	84
107959198	759
30977354	447
93405158	323
125459589	576
14301281	256
46489595	571
110089336	946
77604435	555
30948536	592
30905308	373
108724079	537
77706200	421
77783048	678
78858923	527
14238542	218
109984571	346
45254320	516
171109857	791
93162006	645
30902907	604
46425956	240
30593113	461
45335070	496
14361619	314
46052521	550
108773009	674
30242492	382
124303562	504
124285852	888
14311788	156
14233738	229
94459721	515
124320674	852
46346406	712
13961467	260
94882686	811
29989434	576
18533939	408
109727309	670
94339645	505
108765204	693
124513695	713
109979768	908
62088292	261
109540591	837
46488995	719
108075671	735
31068611	150
30607221	184
31028386	425
46284567	690
124193994	723
29335022	314
14761170	334
93228047	694
109863894	809
30754314	505
14219630	200
107485200	809
108449706	780
92975289	399
93349323	544
48518569	675
77640458	448
47544158	366
93311199	551
108903291	838
62728893	267
108858563	522
30936528	359
109042879	460
14213326	293
30960844	443
110002581	345
77535092	393
46329295	634
95339873	516
108844754	765
124529004	754
14049423	215
16012056	247
76909799	636
108963029	497
30994164	638
30531874	369
14633590	157
30854877	618
93019116	692
62075684	343
61742474	323
93380843	595
30996866	461
141074795	939
46408545	386
31130750	494
77772541	323
77581021	357
31875217	498
141089505	923
48089300	544
108754698	447
108992448	516
14033213	240
30798442	494
45910232	643
46578751	836
31115140	406
94183847	769
125720152	776
31937356	523
46041414	619
93079454	528
71955488	673
109127532	820
14247247	233
30883395	462
14581357	334
13875314	158
109838079	508
14067434	234
47381455	662
46560140	690
78752657	508
93415965	533
30727897	361
14356516	129
92859416	594
66135133	440
93229849	391
30886097	348
108966331	721
30721593	423
93379943	428
14261657	314
109057888	513
124475270	732
30581405	379
15172728	346
30841368	533
77622147	855
109872300	513
77498469	639
16313745	203
93175514	511
14070736	214
77206986	523
46275561	312
46579052	551
30975853	519
80572400	421
93148798	317
13679891	182
30754314	556
30992963	372
46220626	722
30832963	389
30868385	413
29658026	373
61937897	815
13667283	132
30943732	618
49065513	626
101053962	497
77637757	780
16294233	226
62709081	519
110491589	750
43397053	810
14822109	175
31036491	611
13926046	154
62052569	740
108768807	772
61864050	373
46425055	296
30636339	342
14689425	240
109966559	479
93123582	950
31865612	166
46461678	553
14223832	146
30911912	558
34833275	609
46444867	153
77255317	627
93289886	630
93896867	817
125440076	906
61858047	566
126427997	878
76408785	647
125445180	617
31023583	438
78242336	570
108774210	699
30771424	347
79813823	553
31087523	453
108888282	559
140746389	841
30945834	406
13833287	282
124199697	549
77694493	318
93221744	577
47135601	595
32024111	459
11912081	246
37179849	682
92748346	500
93030223	367
109814363	569
14465784	220
77442034	767
30723094	440
14312088	301
93109173	565
47574176	677
77475355	700
109858191	584
46273460	497
109085506	673
108912898	596
32172404	565
91802152	733
14397642	189
108768507	706
78475883	500
61992832	339
46755863	560
30818554	574
108526254	619
47535452	694
108982541	758
31563022	193
46362616	430
93080055	719
14040117	182
35178192	554
88392310	701
77896519	608
77491865	866
78695621	492
46043815	625
93252663	758
30691274	407
63164467	376
66334158	813
93347522	299
14269161	204
14563046	212
108709369	731
88464956	815
30785834	494
155852175	726
81531802	427
14411751	266
93161406	639
99627166	712
30398890	452
94227075	667
141146840	503
108940814	530
61677333	780
30601518	364
108860064	753
108716274	778
93049135	468
108722577	309
77738320	244
30693376	598
93703246	605
108832147	563
46560740	737
125225441	725
30749511	439
94032552	570
102226799	781
93339417	603
70688693	499
77579520	383
140122297	669
30705083	397
124606152	824
45893421	459
14405447	83
124405927	650
46314886	296
15345037	346
30878892	443
77624548	778
93241255	642
16222788	271
77674079	712
93229548	419
122761194	819
62058572	231
31055703	515
30730599	467
77631452	490
61823825	298
77478656	496
78399635	504
23137330	384
92564330	394
46646594	739
124698911	961
30847373	471
31480470	368
46688621	800
109941043	653
30985159	647
124052304	796
93294689	699
125212234	702
30918217	593
30561893	622
14177004	155
50937189	699
63029983	631
14451376	263
77443235	620
30842869	310
77366386	584
31413828	342
140222260	885
109000552	537
30096900	518
30571799	288
31656380	500
93006808	390
30713789	334
78475282	622
93342419	541
46546631	467
61778797	583
14342407	97
31010675	401
86732868	618
108732784	639
93246659	330
77565411	658
30891800	619
30796340	194
77762035	497
61980223	333
14040417	197
30625833	511
30879492	560
14377529	285
30518966	457
30867485	401
62616023	828
77680683	815
62080487	721
75274072	751
30695177	350
125567056	732
77654267	686
31489776	505
17832099	199
94156231	704
30916115	541
16532282	289
46559239	289
77605637	656
49023187	628
77357080	743
78661699	380
30731499	650
93326209	453
78490592	573
30879192	455
93134689	301
108736686	571
77704999	927
110079730	741
94093191	768
14439368	254
16321550	238
94155330	459
14198317	243
93226246	385
108763103	798
77755130	358
30094499	336
14460981	303
109063292	674
80672062	521
94042759	635
93313300	301
30894802	348
14247548	160
77725112	749
46432860	483
124480674	633
109920029	829
47307609	158
109443630	531
46403741	600
15854756	330
108921002	524
62147128	466
108829445	653
30396189	426
30889698	413
30858779	464
30926021	458
94111502	579
77334566	415
31166473	483
78191904	471
135300369	912
92867521	894
45551507	425
109476952	815
108986144	701
30957241	640
94321934	733
30995365	494
76785821	578
76737791	626
91828869	506
77740721	477
93478105	519
45650268	672
30719492	368
30752513	382
108760702	756
93397654	730
15613405	346
30533075	619
31977582	645
92987296	478
30923920	385
70263926	124
109842281	987
30972550	527
108651433	640
31067110	706
16517273	206
30885196	411
125548744	787
93525234	667
46469183	392
31881522	369
30679867	344
30719191	392
14440268	231
45663477	490
108943817	661
93014013	659
46746857	430
46381828	115
45415221	513
63153360	873
46428957	166
77583422	512
30989662	526
14498204	301
30896303	418
22379354	417
14064432	193
93109473	981
108774210	684
30493450	379
30835065	399
47932302	611
31403021	376
23236993	497
108678150	716
110099242	585
85428549	516
142041702	852
14269461	113
124614558	790
108759801	889
93243356	580
14175202	190
94286512	839
31931654	660
30931425	468
30995365	288
27206386	449
57342010	337
30911313	382
77250814	567
14263458	184
57807003	528
41246803	833
73649752	185
108540363	830
93247259	556
30824858	514
30828761	482
108753497	678
93310599	633
31042795	491
30854276	448
93326809	573
30208270	392
85513502	587
31688200	565
93034126	507
46231133	500
108456010	517
61052641	485
15113292	217
31074615	309
30911312	441
93094463	329
30788836	542
14349912	265
77707400	86
30926321	469
31603247	656
93309398	391
31768951	518
108622315	625
31528500	217
30839567	456
30846171	558
30748911	563
124392419	724
94607714	659
16140236	135
14075840	172
98643148	510
30761518	385
62100900	568
141066390	813
14375128	272
19524862	225
79471308	691
108674848	642
64011299	510
46343404	753
77599933	820
30987561	586
30823657	397
124340486	892
93348723	463
30839867	457
94443210	740
46281264	427
124094632	630
15472616	240
141088603	919
46195411	621
13246419	27
16045076	345
30194162	402
31400019	533
30736002	553
30831762	467
24584839	537
77783048	371
30558891	507
46316086	722
14545635	302
77489164	433
31078217	531
30762118	461
30764520	636
21194810	458
77930741	659
14502407	159
123846075	772
31949964	470
31041595	339
108474321	959
124514595	827
14723647	211
77739220	754
94396381	653
31911540	592
60901046	684
61987127	328
108898488	530
30761819	515
15822637	234
46186705	591
14251149	228
110000180	713
30876191	597
108715674	715
13398914	20
77755731	637
78985903	758
16225789	355
19567189	411
108533459	694
93318705	538
30698779	597
30890600	346
14350813	111
112769419	635
61913282	598
15071865	224
30790636	665
92845307	787
30724595	537
94323435	552
30826359	542
14453777	168
62072982	465
111828328	466
30710787	364
29050743	505
124542212	760
30757315	631
78425452	588
124253431	786
93171612	577
109917028	645
92827596	857
61898272	546
93255365	593
95751131	533
14312689	295
124219209	794
31101932	577
46294473	553
109820067	547
94100995	697
45616047	415
14373927	223
31125948	452
94370865	687
32039420	552
61739473	381
141328455	989
31037692	498
13736027	253
46469783	710
14211825	215
77142445	96
30774426	311
77768639	432
61846640	716
46414548	774
14321694	259
139956593	899
109754326	649
93545046	429
14142482	308
14476892	142
14252651	184
93224145	716
139642295	921
14597267	306
16073594	91
46755562	724
67881630	458
44151127	562
120846892	619
93205533	765
14248448	84
30807747	611
124426940	762
14563046	172
94405986	520
77489463	418
94140620	437
78847816	885
62187654	118
30922419	497
76947623	391
77742823	428
110904348	687
92996002	435
14174002	244
108848957	766
13997491	170
156686098	961
78191004	913
15284699	338
46546631	462
30814952	597
77585824	851
61482811	648
30630036	383
94116305	593
14454978	214
77319257	881
108826443	627
46313985	166
125251258	795
29727369	349
13872312	214
30813751	380
14153589	250
14289874	250
79920990	393
124521499	789
25899665	292
14301882	192
77158956	438
30963845	396
30895403	448
93144895	633
30927222	338
77680984	553
94308126	312
45211693	545
45329367	550
30708385	426
92755250	444
14316891	156
46534623	245
93146396	649
124649079	586
108901190	812
109841080	458
77514379	540
77566912	459
30536677	444
62056171	346
99206302	472
77707100	322
31079718	517
46178000	830
108848657	922
92712023	412
61021121	622
94176343	265
37872984	690
108886481	558
45801263	549
30685271	379
30883695	427
92982192	481
31005871	324
108915298	618
108838451	708
14324696	195
14126871	302
109043179	761
109954852	338
78613369	671
110131063	530
95930044	496
108970834	760
30932626	540
30663957	410
30834164	353
31081519	392
38104430	365
76867473	315
73835268	524
124352794	674
92754950	585
108973235	454
30850374	333
31094728	361
95109929	911
30945534	623
15320121	329
108984342	845
62052869	311
77398807	642
61858648	341
77785749	419
61737371	531
46858527	733
14151787	261
93621294	294
46461078	650
77689689	634
108529857	747
31879120	494
99048402	692
77629351	592
30881593	426
31051801	478
14370024	328
93424071	646
30803544	508
30434313	457
62091293	426
91563502	630
124441349	873
72071661	536
19734994	245
110315678	695
114804998	822
79654123	522
99798574	436
69507451	346
29876263	533
19638033	383
100682629	592
50303491	568
102328563	588
78529317	444
14583158	288
93371838	537
30858179	451
47379354	407
108579989	804
77457043	305
93310299	849
30832663	283
13882218	193
110279055	785
14412351	209
93267972	511
108887681	642
14264958	2
36805514	755
93150299	446
31016978	362
31965575	440
108999052	631
47677441	607
17295962	381
93056639	633
30825458	453
109772637	859
30974952	423
30854877	408
30874989	304
30609022	378
63041390	604
77479557	404
30877391	438
46539727	502
13985183	33
30861781	512
108533459	858
155931125	828
77689389	636
94106099	893
74296658	439
77730815	256
63030283	518
77258018	312
94115404	617
141103313	669
62012944	544
77563910	613
14373927	111
14107059	136
31106135	589
30854877	641
31000768	462
108939014	824
93241556	768
14411151	329
93029923	744
94244486	625
30612624	329
45547904	565
30888498	389
79632809	617
93275177	258
31792665	297
108801527	625
30959943	430
93333714	565
14964697	180
110111550	744
77766837	772
108718376	427
78035506	538
15987741	337
93178817	666
93291087	444
62219174	568
108956425	549
110623672	481
46667607	405
46596462	729
61847540	367
30677465	468
108842053	604
46469183	636
108734885	695
30923020	419
46557439	262
140719972	916
62063676	547
31003470	534
77748526	182
46450571	598
106227711	557
14056628	186
93338217	675
13971374	141
61909079	546
108793422	425
14168298	300
14355014	123
127858095	763
108946818	842
94584299	874
117111946	295
122764796	841
31822685	512
77388000	643
59811962	253
93346622	372
60024195	179
114638693	576
30736002	562
108812934	716
30504257	428
14403346	299
109092110	546
76469123	960
77498769	428
30787935	492
87610019	421
46553536	669
30607222	587
110838907	563
13716815	218
31012776	613
30647146	357
125435874	655
112260299	848
14020304	159
30669961	375
31031688	561
47594890	443
14308486	145
77596631	445
16346766	204
61064049	499
30853976	369
93292588	440
77499970	334
77645861	698
93437879	558
108743291	708
94096193	515
92977990	805
104098774	743
77582221	213
74097334	323
78745752	454
33383665	613
77666275	294
31059305	389
61594182	551
110644384	765
30850974	543
30889699	617
63142854	720
30789435	459
109896015	561
31042494	666
14491000	202
46229332	754
14364321	252
62100900	524
77610739	910
110866224	654
124558723	870
46407043	471
128770668	887
30849174	420
31838895	693
52289537	630
92952774	330
31611052	440
29854949	207
108775111	633
108109292	688
29274084	366
93156302	514
78366914	723
14320793	95
77725411	396
77611340	572
108321526	933
125320601	607
95067602	635
14298279	68
109180966	778
14178504	292
30092998	238
93063243	579
30879492	373
93306396	603
30788535	470
93161706	527
31152964	575
93241856	482
93142793	742
93124483	295
109905320	554
46412748	714
94910904	769
46198112	200
108817438	591
108670945	725
141048678	852
16045377	74
29363240	488
30792738	431
31530001	475
93521931	598
77262521	277
88818878	618
124061310	700
30980356	606
94039456	757
77515880	352
46358713	702
77634755	349
77620045	446
109130834	742
16462338	291
108948320	810
93320505	469
45583326	416
14235240	217
93240355	564
108814136	508
46456574	115
93191725	608
93315402	329
79423578	275
14521919	2
77767438	569
67681404	430
47642320	723
46251846	742
16529280	210
46403141	792
16094608	185
62906605	541
77444435	360
14137378	62
31955668	367
77484961	762
124945666	831
27815768	569
108887682	831
124450655	543
14288673	172
31001669	376
61675533	658
93360130	657
77438731	474
31053302	569
29874462	616
92664293	471
47114888	749
93235552	486
61931292	268
77584323	223
94321634	518
14056328	141
126381768	697
93805310	491
14393739	91
108941115	671
14370925	137
30792737	371
47525246	335
63028181	487
31567824	438
77591227	500
31206398	532
93840732	736
13454449	291
78630780	282
39001093	624
109690085	717
93430074	687
77593329	663
31025684	538
16295734	185
94227675	744
108960927	742
93446584	616
123190463	692
77650065	577
108884679	521
62252194	677
46174998	631
30979455	377
142062415	847
31107335	354
61817822	343
31121444	455
77787250	531
15997046	215
30914014	499
14435166	277
124428441	807
93253864	428
30782531	573
124518798	613
112102400	616
61136694	658
58583891	430
31049098	578
110949076	609
30712587	396
46105655	615
94214166	650
13880116	50
77719407	461
124275645	626
93141593	759
30742006	392
14354414	280
77763536	823
14541132	162
30627634	369
30976153	377
77749427	644
29418775	318
14841920	174
30648347	552
77784248	519
78543125	734
31028986	508
46427457	870
77277830	510
93095664	800
124576434	849
31004070	369
108929407	791
93223244	654
93426172	812
108753797	715
30960243	374
108997550	721
30766321	574
34586520	443
61974220	702
30838366	477
124597747	824
93379042	825
38295349	569
14229837	203
30868385	371
93124783	607
126424995	892
30953038	527
31021481	422
61951705	319
46450871	486
31152364	428
93121180	639
30598215	404
93384445	431
46724643	553
46549633	404
46049519	643
14174301	251
125112571	762
77348975	871
61929492	845
108417886	969
108981040	912
16581513	153
92152472	861
30847973	154
77710702	734
15159820	322
92848909	613
16140236	159
14316591	291
108608807	759
61743375	564
109828472	464
46388132	236
31058405	446
62133620	274
30555288	564
46507907	771
108759501	904
25645405	518
77493666	343
77444435	824
14309687	156
30835064	651
30789436	451
14129874	184
77687888	476
46523516	743
31583134	371
30907410	345
94261297	797
14344809	194
108890383	495
92775063	573
30777128	538
109000252	532
30680467	429
79509132	373
62025852	447
31797769	537
16140236	208
124463263	721
93629399	477
31035891	603
77699295	340
92983394	808
124364801	789
30809548	570
108916800	722
100708144	590
81716718	276
13564019	1
109005655	400
30758816	374
14458280	37
47753690	463
108881678	662
62015946	780
30895402	587
95217097	654
124463563	695
77110625	565
93300993	363
13995089	103
124475570	915
108842653	617
56316266	501
108886480	762
79399863	858
14252951	207
93812214	525
46493198	428
61700448	573
93413863	220
76900794	506
14626086	173
79721064	566
108817738	692
77531490	292
61935796	488
61903676	479
14198917	151
61965814	384
79460201	527
77785750	756
65755394	575
14634190	278
30608122	522
14216928	92
45963365	343
93405759	713
77566611	550
108982541	952
30674764	393
93251763	270
16115020	276
109503368	238
30590410	357
61702549	486
140954119	614
50901466	461
108820139	492
32105162	401
30544482	468
46231133	265
45829781	465
93301594	211
31836793	516
108661040	646
46508207	251
108989145	539
46168994	574
92998103	721
14185708	291
14424659	229
18677729	391
30782832	668
83620814	337
93481406	694
80803845	453
24638273	491
81720321	448
69701073	389
23604423	493
46210420	632
30926022	509
108756199	770
108848657	809
38124842	414
111444988	665
30501555	314
14347810	314
32034618	422
77422822	380
25462291	436
15759897	173
7815108	150
108894286	740
77592128	576
30705983	371
62061575	397
14366722	252
109626445	815
124398122	824
13925445	283
45560812	773
46167793	679
93054239	362
94192553	369
76324432	187
92640578	629
13912237	142
93375440	406
93255364	729
108881078	724
94202159	759
110995305	575
30585308	472
30702981	350
30802944	334
77578019	243
27432427	571
115759597	855
75675124	153
43412063	490
87796436	652
6646775	126
15855357	333
29496524	534
19850266	422
27575018	565
26393476	452
93626397	567
95753833	612
30401292	637
119775819	906
2704999	39
97699656	717
109721605	559
47201042	768
26669349	508
92720128	356
