49804578	228
45514283	364
12011143	235
7189214	77
6411726	117
92171683	804
68099566	279
20999988	360
28492994	468
69546776	463
25084353	402
22341531	476
105568497	644
94643437	502
19782424	428
76549273	303
66040874	267
9993576	206
41091605	664
6683397	123
2037980	24
14744659	292
14007096	294
13808371	251
9556802	123
5850675	112
2890215	60
87164239	238
79893072	207
3916259	73
99016883	504
111912681	554
105113712	593
4077460	73
4928796	89
55255701	136
14068635	270
99814183	824
92689208	807
2129837	28
3854421	64
15122597	317
3961888	77
1111298	13
32645501	497
9114024	190
73985062	323
86870055	461
93059942	429
2979671	54
76124506	50
16215283	340
83065165	184
4121288	67
1418091	12
13975877	292
17130258	373
98049074	740
14155690	272
13243117	197
11707652	171
37375872	706
16236597	347
78059521	488
120438036	955
25932986	422
2214190	22
7917472	139
12183152	262
119473830	788
8199049	164
41919526	602
84192973	261
18346621	323
10392826	223
87338348	468
9224493	177
18111875	212
96016198	699
1080379	3
3123461	40
63258426	225
12201163	237
107244449	611
80224781	163
6254427	80
19221070	401
26209459	565
1215463	15
91216785	405
96400139	477
80110710	307
18092362	333
31573228	677
21124566	432
15690554	342
21399539	390
2229800	31
27093815	587
92179488	325
29228156	607
3296370	48
6333978	122
15256782	322
86161909	303
92871123	766
18330711	405
1572387	17
6491577	56
92407932	310
27853291	467
1408185	16
135191701	738
23015153	294
1416890	5
10884536	215
83224565	174
3157984	51
962104	9
91262713	245
25081952	538
10240330	213
5277314	88
100429870	759
9989073	164
34240403	683
29531946	553
19306625	402
25131783	485
100058537	314
101099891	503
1316026	18
6147560	126
11862249	165
4260876	83
25265066	427
73025060	532
106305159	772
422965	5
103262149	779
9334662	201
96376425	555
7314694	142
1168634	13
95300249	549
102688188	469
101458015	666
25348820	564
98444423	393
95904529	359
13834788	82
13851899	271
13763343	230
45700700	346
13829385	199
31432139	705
31258330	457
124091930	766
108169931	785
13696401	198
46180702	671
61113280	300
109333161	508
12203263	156
13911936	109
31401820	379
13720116	53
14152388	3
109433425	344
93620694	877
93608086	499
14050924	264
13458652	134
62868481	139
13792462	243
77069199	441
13891224	141
56415929	279
77069200	525
13775952	45
13919741	64
13764544	170
13400716	97
30677165	631
13156962	147
14109161	14
13648672	248
15780310	137
3366014	71
13694900	194
30745008	434
108414885	839
109495563	426
94816645	749
92781667	717
30662456	378
56105834	483
14873441	324
77191376	254
30656752	422
77961660	701
13522592	252
83833947	711
15890179	330
92875025	361
61768291	598
33390870	372
30571799	447
31113639	423
29779301	333
62636136	413
30478141	465
14025108	179
62705780	276
99263338	649
108499238	529
13789460	2
32902162	397
20106927	166
30876790	54
13767846	74
44777320	354
124108440	729
13773850	241
13950961	249
30689473	472
45531394	255
14663009	290
93887561	579
109630948	688
13693999	141
31530001	367
29416673	265
15867364	262
92790373	204
14134977	303
29984330	402
29283690	223
46078037	226
109819467	677
44666851	514
45752633	73
16105114	152
14871640	19
122947311	959
30552287	431
12674559	32
46856726	611
14068035	75
30585008	490
93094463	175
14146684	240
30387183	352
95091617	913
108497737	542
30561893	635
13748034	79
74954671	703
14173101	101
93674728	614
93990826	276
76823045	520
93172512	677
84086406	622
46130870	741
93828424	888
15994345	24
29303803	176
13634262	11
111295193	626
45920137	556
13797865	93
16261512	262
47808324	582
13858203	112
14271862	250
30380879	300
13959966	86
77424923	441
13918841	28
31301258	251
17152172	88
30584407	709
31554015	385
30587409	405
77165560	355
47380555	668
108008730	549
96917064	391
78480386	777
15795019	83
13996290	67
16012656	52
16016259	279
31430639	368
15909692	142
12784128	114
14341806	87
91753521	639
92960880	379
13809272	122
14094452	90
47082468	702
77457944	268
30752813	293
62778424	418
93219041	330
44817846	463
108714773	735
92336788	395
14977906	313
9716202	88
16428717	99
104828832	368
109693687	864
13931449	37
14149686	284
14019104	120
14041918	271
29402265	221
108335935	701
14008898	281
31551615	409
77265523	616
92745644	423
93042531	366
109632449	652
14000792	59
15892280	197
61252867	467
92918853	431
12743603	99
30384181	505
16073895	264
13612349	105
125056135	808
16051080	22
15104585	100
77268825	593
108273796	854
14151187	117
13826683	169
88511785	494
15916296	212
15916896	67
31628463	533
14038616	203
16285828	91
30419003	243
61697446	397
31526999	346
30037764	326
92687107	824
46127268	223
14188710	299
30025757	294
13918841	33
8403177	78
108826143	606
732760	5
100985219	727
13962668	144
12837862	106
14951189	112
30564294	633
14130474	120
92782568	262
15935207	46
15547964	351
93923284	503
112610019	633
71844719	888
77084809	653
77368487	298
15926802	248
140024135	795
72146408	369
14345109	115
30274012	321
77260420	676
31521896	696
29652021	209
61846940	234
14458881	57
14216928	187
11238458	67
45434132	655
93090561	361
16068491	21
14120568	182
13931449	78
13917341	109
14699331	134
108581189	484
14120568	27
73086598	532
13854901	10
13813475	263
29214947	233
89846424	620
23320145	237
93309398	327
108359049	509
15790817	71
14236141	84
61869154	36
16014157	170
13920342	66
57833420	580
13893625	28
140856258	807
93776192	822
30684970	537
30753713	359
108727381	496
46232634	279
30818254	624
108422689	560
31450751	109
78387327	310
14090249	192
109546596	792
12592609	73
13784357	53
15321322	162
21213722	263
31007373	213
55564294	408
108475822	783
14003494	10
35037404	337
30671162	530
30668760	342
29903580	239
14106759	123
13776552	147
13444243	153
13371598	12
14290475	108
14617080	66
108577887	678
45692595	469
124109341	882
13860604	72
61821123	454
30418703	356
108562277	756
1000829	9
108572183	510
30194463	253
15309915	225
64794191	815
108758300	706
28580949	279
27910328	302
16987668	368
77390401	208
15976033	37
30767822	529
62856474	559
108400175	605
31558218	422
30780430	568
14032612	73
30838666	480
14245446	197
77510477	817
30620429	356
107274768	467
31626661	610
12714785	137
62567993	588
61748178	477
13922143	81
13888522	180
108631921	618
77528188	186
13945858	114
77401509	707
124126152	619
30410898	439
14040117	173
30524670	377
14060229	199
16246803	124
47332225	603
13976777	251
13769047	51
42771160	617
14143983	8
94068875	559
120791057	594
107559648	887
30723994	520
14260155	57
14812802	236
14052425	108
15955020	32
92954575	262
14060230	288
13654975	90
62848669	618
19493042	82
93025419	320
15190439	17
62885893	647
16021061	63
30382381	243
60376617	382
31415029	564
29054947	613
61777596	772
75694036	173
79652322	833
92060614	645
15793818	40
45116833	347
78497196	614
30376677	467
105132624	505
79441889	576
13997490	51
92839604	559
125250957	723
108616311	808
108359649	573
62923416	312
61867353	670
45419123	655
61729867	598
109759129	688
30810149	341
44852067	640
61723563	556
13435838	159
105971350	868
14126271	179
117184292	876
77487662	356
30592812	400
16149542	190
61795308	198
93128685	388
93048535	500
14150587	130
108785618	843
16109617	26
45990382	609
77331865	73
30547183	438
94100696	679
61880261	389
93094163	481
14568749	75
30573600	370
77286235	557
14323496	267
124326377	670
13677189	133
108667343	429
62946830	143
110662096	918
92894237	735
78332393	540
31174577	378
15146912	270
16269317	55
29431083	510
93867148	482
19474430	204
125383040	923
14275465	291
30801143	407
31279643	360
16008453	37
14128673	51
14074639	184
14357416	244
14195014	67
80561893	418
14049423	122
108695261	773
30623431	514
16054382	67
13569121	60
109318152	657
30517465	502
78437758	630
40496932	452
31491577	403
61924989	486
109680479	445
15998247	14
30587709	650
13684394	265
45142350	740
15143610	339
25750171	307
109565207	629
16006952	95
12604916	252
13911337	42
15991342	128
14209423	255
14282069	6
92795175	302
14031712	106
30974052	455
93019717	365
31902835	453
125305292	910
33205653	427
14070136	43
77881209	442
16081700	108
14004695	27
30760617	560
93057240	496
78390929	308
14006797	282
47107084	512
31574429	367
97069560	555
125116173	867
13800266	204
16067590	240
31829889	399
12162138	242
16130030	50
109550498	799
14264958	169
62701877	308
14037416	217
30919117	340
45061298	541
13795764	40
12882891	110
14322294	4
13813475	98
16113819	27
16316746	24
30460129	309
45769143	542
16193069	144
15972431	70
108826143	605
62430506	441
14185108	255
77013965	630
13227507	153
93772589	692
125354523	843
37015046	497
72724271	481
30659754	357
109423518	548
13989085	114
46326293	213
30606621	413
109749222	814
49675796	420
94131315	478
30637540	683
7847829	33
50728858	476
13940154	4
93113976	435
16396597	52
14257754	237
62863078	264
30598816	378
78571643	518
30752513	458
14149686	22
14574753	171
28480986	558
59968661	81
30806546	658
77517381	259
16163050	65
14327697	129
16100911	70
13573324	135
30764820	260
30930825	456
92976789	389
91763728	210
14178505	39
14186009	68
14060831	41
77490965	657
14055427	123
14089047	236
14435766	97
13931749	73
13940154	195
16135433	38
45063700	600
14184808	161
124266039	879
19236981	132
13557113	95
14073438	291
93150598	614
93131987	577
94157430	663
93266472	389
16261812	170
94982649	279
93033224	580
94105499	314
14167398	139
14176403	52
14134376	201
62846568	701
30702081	480
14027510	213
13961168	36
108746293	505
14362820	2
109146144	533
31391014	468
30649548	334
15915095	335
114638993	473
80334050	453
13472760	98
93986323	295
108457812	460
104812322	656
14020004	184
80251498	217
14285371	150
16118623	145
13906234	77
14120868	178
125051932	776
29976525	302
14070736	186
14073438	132
13366794	156
61771893	433
78299372	624
62586904	577
122820631	962
126244581	754
107027113	897
14043720	187
125169306	821
14122669	184
93132287	714
14216628	318
109146444	511
14335803	239
16130630	152
31549513	430
126301617	656
31320769	350
108509443	595
93041029	273
14394640	199
14007696	26
77501171	638
31202796	422
46935376	372
62688368	235
30905909	688
52260419	255
14026609	229
14034413	8
14140380	244
14117266	139
16109017	355
108703666	542
76950325	398
108753197	665
105078589	671
13936252	221
124304463	900
47169823	914
46432859	220
16131531	203
77580721	664
77411414	688
30655252	545
14066234	11
108601902	522
14320493	246
14421057	66
15856258	3
58191544	313
15969128	49
17286356	201
77635055	630
77527587	311
30563394	510
14140980	154
15781510	288
124356996	630
77688488	133
93837129	526
94988652	561
124354294	504
31598444	600
93103469	723
108710570	728
47592188	759
16032768	109
47354439	274
14349912	35
14339705	108
30005344	250
13668183	70
31622759	376
14736554	100
77472953	108
93127484	452
30990563	351
14233439	186
14071937	31
108605804	774
14072838	61
108751396	714
31500283	540
31702309	411
30818854	473
30464332	595
13977378	98
30609923	379
14302182	15
30871987	411
110925661	839
30221779	219
108865768	467
77687287	428
77553403	144
30651950	407
30755214	404
62024051	498
44910304	619
16157347	236
126315125	745
30652850	488
77516781	229
76311824	633
31753041	196
14241544	91
14239142	226
15963425	124
14046721	171
14118466	144
109710799	687
62054971	250
93143093	551
31418631	377
99139359	912
16125827	250
93184520	563
31811277	592
16004851	201
13835989	207
62048967	127
110540519	440
13939554	146
16241699	46
6566924	136
14111862	162
14284471	260
65859260	369
30593713	312
61902774	500
30862681	453
61590879	184
14017903	72
62925818	340
16141137	233
62933923	262
14872540	311
30607222	651
30702381	404
16205377	140
63015574	516
31514391	296
45520287	527
30727297	298
13568521	89
108408880	710
16091005	169
31630564	606
13941355	23
78283162	808
30750711	387
14229536	32
14087847	264
14000793	20
78617272	601
47319316	356
111215943	649
107480698	426
13993889	164
14196815	94
35868025	118
80388384	627
95263926	663
49261837	560
14045220	164
62928519	367
15025036	319
1278503	11
14040117	37
62338949	121
16055283	49
14242744	39
30174049	294
78327890	506
14121468	7
16233295	93
16048678	125
16200874	104
62702777	194
14033513	215
109695489	501
31380807	408
15112991	335
14021505	70
14334902	141
31791765	385
14268261	181
77412315	289
13826683	137
46196612	162
31037392	503
14312988	253
14251450	208
77668375	239
14145784	144
78612168	662
61859548	192
14069836	8
31720321	487
46012896	606
19963137	144
16197272	257
14145783	40
14119367	300
158123401	876
12540676	255
61825026	482
107272967	841
30435213	428
14182106	208
13947059	70
16132431	130
14354715	174
45858899	523
13711111	110
45163662	451
16199973	301
46289971	165
16065189	51
61895570	507
108835449	464
76219966	438
14284471	191
30627634	565
30864783	344
33921903	723
91211081	394
62708782	313
94212665	945
77341471	297
78493594	789
108802127	669
14093551	106
109642356	645
31888426	446
30605720	548
108676949	637
14314190	145
16152244	86
125407957	750
32004298	340
78586052	400
46364117	245
13743230	12
61793806	344
30748310	451
16124927	31
78076632	276
46206218	160
14301581	134
46905957	480
108564678	564
107302687	881
16154945	235
31867713	500
24921050	233
14189612	91
14094452	87
15955320	151
13916139	95
108545767	574
14036215	9
31768651	430
16225189	109
46875938	198
16143238	20
30719492	278
109763932	631
31754542	544
124199398	585
46799090	417
94962837	713
11135193	141
94089288	373
47356540	817
13835388	222
15713669	79
61761687	433
13920942	161
77214791	354
77262521	365
46208319	330
61660223	491
14198317	256
77638357	446
14158691	151
15985939	113
15298207	326
14037416	38
16174758	83
42742942	550
16084401	24
47611700	390
16078398	311
30638741	623
30705383	111
14388636	178
108347943	784
14186309	114
21151283	231
46305579	172
46472185	301
14195314	5
79429581	792
108788619	525
108111994	763
82471693	808
30820055	598
31697206	693
30268909	370
78420348	177
45912032	567
16036971	11
108350043	510
14329498	167
30226282	286
16135433	223
126293813	563
12486341	19
14296778	16
31859007	439
16204177	216
14040417	145
13965370	53
14083645	121
30448722	305
16277723	61
16052881	110
61662324	266
13997790	59
124233919	816
61740373	326
15341435	233
13683493	114
16081399	193
31894430	463
62888294	235
14250249	302
45624152	528
10412039	144
14513214	7
14113363	223
15159520	316
46434061	365
110844611	633
31245422	339
14237641	279
30018552	309
47481719	167
110763259	624
14320793	198
88415725	716
14244545	23
14201318	63
94230076	431
14360118	160
14232538	14
102015165	499
30477240	259
92677502	693
93039228	483
61963713	507
94900698	421
30597615	385
16420912	219
78583950	857
78462374	495
94207863	843
77658170	251
89459181	464
30817353	292
14163795	21
78424851	376
93052437	461
65132203	293
14121469	66
48435117	299
78083237	505
124206601	973
14069235	167
94248988	505
55767522	181
13765745	181
63159964	339
46556838	135
15707064	52
14071337	162
46311583	769
14246046	17
16334158	92
30760918	346
89567248	388
14017903	227
16249205	188
14050323	108
1506046	9
93172212	418
16332356	44
16110217	182
16158247	15
29919189	243
16141737	179
93134689	467
15960123	46
78440761	657
13095123	247
14164396	66
47207946	218
11425175	210
45650868	586
31787863	381
61995833	420
14211825	85
30395288	248
14035314	91
94079682	685
62752909	139
46374623	362
13977978	195
110931665	340
13956365	66
16259110	32
108751696	674
30781931	351
16232394	44
29656224	254
31467862	491
61959510	521
13117337	28
79424178	338
30598516	388
15842149	61
14360419	225
77491264	428
13895126	128
30868385	447
77493666	560
14959594	324
108510344	708
92713824	718
16146240	338
14221432	80
61956208	565
108770008	974
109402205	585
31853304	652
14297679	222
108329631	292
47169222	232
14101656	223
46078937	439
14183307	25
14173101	259
14057227	128
77545899	671
47181530	640
30612025	378
30665458	380
61869754	330
108606105	592
14107660	199
16586316	96
125314598	822
13890623	41
30623131	443
12743003	68
16168754	307
14313889	15
15419484	15
14100456	223
14053626	212
30549885	416
13850698	234
45610344	385
15141208	125
78653595	416
110432752	609
14277267	141
77526087	193
44955032	269
14275765	23
124379510	696
14029010	99
30877391	466
14031412	26
93222043	238
61948103	137
46195410	420
16018660	243
14124471	36
30847372	601
46212522	175
30883995	433
14082744	136
13998391	150
14170999	71
13978279	3
62001837	179
14204621	76
14163795	150
30802344	470
93260167	674
93244858	526
14365221	303
16315846	295
46217925	743
14032312	203
93648911	468
13996290	148
14277866	35
69846363	407
16139635	61
29661027	262
14314489	76
16246503	147
16213182	345
14126571	144
45911432	585
62880789	248
15817233	243
14290775	310
14240343	146
108764004	523
120515784	725
16264214	144
577263	7
94119007	315
94205761	479
13973775	155
30930525	478
13953963	21
14277866	173
14879144	269
92994500	410
78353406	483
14346009	154
77320157	478
9072597	71
45741226	420
111376545	791
77376292	208
76589799	659
14026309	171
46068731	810
46796988	606
15780910	10
61945702	304
108484529	586
13549909	84
13992387	101
14193214	39
13442442	162
14228636	24
14195615	185
106420733	440
15946614	4
93104369	99
16118923	274
14399142	181
109560403	753
69775519	726
14295578	203
16007853	63
16164551	225
29606693	192
14311788	74
14173101	151
30759417	359
108824943	636
94405086	697
108890383	799
14373927	8
78828004	338
78160685	389
46574849	629
14327097	296
93195327	364
14024507	229
95139047	774
14370024	94
31682797	484
61657822	257
77603835	554
117362003	824
14093251	251
92980992	946
14032312	20
30776828	366
14302482	102
13906533	26
31171876	382
46387531	120
16276522	154
16109616	48
13940754	56
14219329	4
16283726	299
61930692	378
94417994	447
77681584	283
16099411	55
30920318	386
62090093	471
46176799	662
108807831	526
62676661	164
77626050	327
14212126	65
31771352	201
15021734	275
78227327	526
14105258	93
14327398	129
46440665	963
31567225	340
14369725	141
64066233	410
77828976	331
78399335	456
79659526	372
13114636	16
14249949	4
93876154	712
126365558	656
30990863	380
124456359	846
16186465	8
14104958	116
16144739	211
77499670	120
77640759	755
14267060	231
13972275	5
93221443	546
4580577	80
14199817	132
61832831	509
14061730	206
30775627	400
14007096	248
16249504	239
93020016	819
30866884	534
77422521	400
93212137	354
30255100	449
16085002	226
30951837	418
45266928	772
1738392	33
109596126	596
14286271	25
30683169	477
93025120	605
46415449	384
124748742	719
16167253	176
67120352	30
14174601	96
30831161	531
93130186	116
92915851	861
61877559	776
13843794	73
14213025	282
16358173	209
62286416	468
65130402	172
46167493	330
14237941	305
14192313	4
62039361	798
94124410	441
31671990	541
62905705	357
14105558	110
13178576	47
93050936	123
110785173	547
16465941	258
14236441	125
30808348	374
93071049	363
57659010	637
31601146	478
14175202	308
105359566	833
58054358	505
21808996	465
8571883	177
46224829	454
15906089	127
15779710	9
16395696	262
94222572	564
77789952	602
14207623	257
14723347	102
30263806	287
14217829	129
30726096	449
62258199	254
30745609	378
13915539	142
8630720	168
30764220	453
46312484	237
30771124	37
16173857	52
30750112	423
47324720	431
77337568	670
40565075	653
95123437	374
94005235	625
14327397	310
94179644	289
47115789	213
14246947	192
46345505	221
14113063	239
29335022	347
31729026	308
14373627	90
30650749	526
14201919	292
14231637	46
14266159	239
30546883	615
14155990	128
16026465	6
77373291	521
14266159	198
31629964	85
14073138	155
46400740	532
77642260	288
19256493	353
108724979	742
78772769	320
30823657	348
31651277	470
14203119	36
63892424	624
44989853	593
14084244	145
46307681	298
93711051	471
31037692	369
14833515	205
14329499	217
3564139	69
16392395	11
14055127	5
47255977	260
30766922	396
93141293	241
14167697	240
93056640	305
96162690	736
2429126	36
78511605	576
59218490	507
14261056	184
93053037	596
30829061	598
16180461	110
92715925	313
40357345	710
9567008	200
14329499	76
46206817	708
27678582	324
126501543	842
31788163	371
16171756	165
30745608	637
94104297	813
125292683	674
30769624	369
96193010	570
62516361	207
30731499	470
28188302	380
14295578	16
16179861	27
77644060	558
46270458	220
14149085	32
30547183	465
28125863	297
93277879	806
31351088	421
14157491	55
108421789	660
13209195	84
93259567	704
109579316	852
29679339	398
93189923	520
62092194	224
124350993	940
61962813	649
62187653	126
16077497	18
31542008	421
14394039	266
6700808	128
75438876	112
45354883	403
62261500	78
30899305	640
14098954	131
30652550	455
14061431	27
108828844	624
31505085	486
104215248	753
15545863	39
16319449	252
14208523	43
46563442	312
93183619	365
77363684	98
125418763	706
45899124	642
16218285	162
108512746	550
32101860	448
93326209	699
62062475	818
14260755	232
30773526	455
77206085	629
109841981	636
14256853	289
94106399	136
14354715	304
14174601	73
14974004	25
15146012	331
14136177	1
6475367	57
14362520	132
13819479	87
78515508	549
13579028	80
77654567	467
31567825	551
110927162	797
40002821	595
14076440	178
46479389	178
13809873	54
20310455	84
14288073	202
14183307	115
30710486	247
62996963	265
62912309	442
77676181	426
12913209	24
31734429	554
16296635	39
14158391	14
78271454	346
77345373	525
13844395	264
137564390	907
94243585	337
30038364	192
78261848	659
16176859	209
15228563	124
13907134	239
14336103	167
30717991	292
16058585	237
14165897	301
14154189	207
14382032	278
77680383	200
79541251	498
13483868	19
15915094	43
31323771	249
45312556	548
14307885	3
14319892	78
61395457	836
62641539	529
14382032	39
14112763	93
30943733	483
14044019	245
16262413	131
35524310	512
93287484	352
14032012	204
124198196	696
14407848	28
13730923	7
129239262	846
14212125	221
14946086	137
66284026	448
16285827	125
62976549	313
47505434	464
14008898	218
13976777	154
13649271	6
93859044	378
79554761	364
14880045	42
61772793	519
14506310	58
13760942	30
16315847	129
108404678	758
77572316	362
73487650	548
30950037	586
77686988	121
30859680	490
62212870	493
46008693	650
30858479	498
93182119	329
16287328	272
78122561	742
507319	4
16369880	235
30664858	636
94248989	446
78463275	524
93422269	453
30549586	334
16285227	147
31665686	350
14285971	249
14403646	234
62937225	295
14071937	255
14317792	96
30956040	401
45571019	471
79459600	260
14238242	67
14316591	194
93333113	767
12805442	32
93237653	455
13785557	252
46172596	152
95291843	545
31608650	116
14181506	9
78667403	307
46441565	595
30766922	333
31572627	386
30858480	373
14350812	298
16302638	260
14509912	104
62671858	382
29352734	142
46097249	592
16728305	21
14075239	163
14395241	124
30522868	552
108905693	516
61828328	462
14378130	163
109987572	563
93142494	578
15177832	324
30800543	381
46235336	729
13732124	291
30060578	358
30344256	92
30023354	277
78644288	676
14149986	137
77215091	619
32034317	640
77708601	577
77733216	549
45441637	535
16158548	191
16150742	214
30723694	341
30820055	494
109705995	645
93310900	764
61873657	927
30896603	372
14921470	315
30950336	511
108637924	742
14212725	102
28390929	428
30192661	364
62823453	126
46430759	158
15891080	53
15993444	148
16290030	72
47032937	390
31800170	180
78484289	405
30489247	534
77707100	221
108416685	647
14013401	50
16270518	67
16272019	228
16094607	150
29655024	348
16503464	256
108651133	745
77626649	320
93439080	745
16032469	43
79417875	413
14120268	133
31751240	562
14070437	119
12607918	32
78555433	770
61823525	466
31290150	195
94349251	383
62036659	117
15230665	74
77338168	345
16384589	128
61766790	46
114794491	696
14383232	166
47477516	131
31700808	677
14436366	110
29516937	365
78311980	593
14240943	233
14191712	213
93240655	244
31622158	438
14167097	147
14193813	235
16057384	122
108471920	754
16398098	115
14332501	229
30776828	263
93020917	287
110709225	569
77592728	545
15895883	66
91924929	898
16238097	9
90783011	585
13057300	8
36838835	472
30606321	364
14347210	186
13883719	12
15731379	333
30947935	380
46090345	418
14477792	116
23393991	266
63059402	99
14428862	318
125232346	735
16032468	116
77744323	470
60730539	734
13034485	97
16257610	38
14468786	42
16032169	117
63022478	146
61982625	837
78613669	343
14343308	209
14070136	151
14168898	49
16020461	185
30908611	389
61711254	223
14324996	76
78637084	721
1824545	24
3316483	67
108621414	428
14675616	166
1735690	36
14170699	125
93254764	602
13666383	131
16127628	145
30629135	302
14169499	136
78886541	611
14263157	164
30675064	370
30735702	407
14170099	34
77708001	573
46251846	497
78644288	224
47533051	576
108637024	680
15992843	33
14308186	266
45761939	517
111716658	795
78285864	325
30745608	406
94113003	661
16342563	253
78514607	538
16096408	105
30560091	178
16478848	209
45377697	457
14472389	181
16227891	12
125574261	803
16348867	23
14141581	110
46297475	791
14060230	168
14064432	10
13989385	210
13924544	23
94143622	280
30588910	154
94124710	508
14119067	12
13911336	8
15516445	122
31399119	356
15897984	56
93763884	412
16296635	260
77561809	263
31802272	730
94029250	640
13992087	296
14148185	224
109133836	745
14159292	137
16255509	298
16180161	43
29176823	189
46644793	766
14234039	139
15185036	316
47355039	329
29755586	278
14169499	178
77251714	736
30662756	372
108710870	923
14077040	7
77510777	366
14320193	27
16181362	197
13685294	64
30479641	362
30672062	280
29979227	280
108970533	572
30425307	507
75556249	143
31843397	441
77306049	293
78401136	488
62095796	294
14174302	4
13662180	57
16482751	201
14393139	43
60880033	625
46552335	287
30807146	691
14041918	248
15970930	150
46220927	764
30750412	188
14159892	175
16433520	304
16102112	162
31788764	557
30608121	111
77651866	793
14119967	124
125239250	901
16205977	36
13809273	136
30766021	607
30795139	339
2838582	56
14295878	254
109667872	475
16245602	78
14219030	151
31733529	578
14234639	166
14205821	80
77494566	591
93572363	696
31637168	542
30399190	265
16438924	128
30743507	479
94219570	345
77695393	514
14172500	50
30653451	203
61950204	459
16032769	160
30362267	345
14158391	309
125487507	666
30810749	99
16242900	23
46500702	312
62043863	647
14362519	118
13980079	227
31481970	260
62254896	285
45451244	669
14079142	295
77448038	673
46426256	771
76964434	733
46436462	178
16205978	306
61966715	781
107819310	807
14260756	85
14160493	121
46416349	130
31677994	367
13941955	67
30254800	251
14303682	164
30914614	340
78567441	110
112005739	686
108712071	392
30406395	342
14212726	64
100208931	690
14306685	249
47376953	470
77307249	539
13928147	99
125119775	780
29519338	323
60630275	518
129400163	718
108751997	626
14151187	295
30938930	419
30321141	227
108426292	883
93249361	606
13967172	211
30188759	306
46335599	780
21147381	387
14498205	2
16154945	117
31694204	659
14063532	100
14076140	13
14243345	85
15060758	334
45595934	295
16266615	97
16245002	262
94119607	656
16411006	349
30870787	577
14031712	200
14021805	260
25567957	492
14466685	301
14003194	143
30828461	520
61906677	367
45241712	306
124615158	859
30768123	406
30594313	498
60890840	349
29462002	194
30536377	493
89811602	340
17149470	230
14238842	283
14148485	195
47408173	305
31032889	221
29844442	154
14084846	52
30815852	336
8223364	158
31905837	420
21737851	337
16123425	204
30560092	376
14086646	17
13866608	118
13957565	17
16346766	20
30696377	474
14103157	51
58211957	664
16218886	50
46276161	210
78610368	299
16126127	236
14117866	80
77507475	170
30967148	383
46507307	230
76917905	392
14090249	236
16373182	14
94196756	599
121863631	776
14215127	126
15061659	1
93120880	490
6593641	108
13088219	63
30771425	230
15789616	113
30987260	413
14194715	159
16214083	47
29936000	507
63090321	452
14229536	289
30932625	285
14108561	153
16430519	129
31875218	400
13927247	36
45396609	433
30945834	496
29645117	256
45788055	728
46334999	452
46531622	187
13877115	58
45561713	433
77341471	370
14268260	89
16008154	23
30850674	592
47360442	494
16127028	114
95306252	801
14246647	24
77700496	726
14298279	143
62925817	315
77610439	358
77779145	532
14256853	48
14152087	202
78734946	574
15997046	127
14457079	45
15227363	104
16168754	62
16132131	126
373857183	2747
1793626	31
14556741	178
46410345	142
76868073	611
14430063	121
47578379	775
30698178	299
14108260	22
92901742	580
124145364	591
13985182	216
16432620	18
16087403	84
14316591	59
95238410	343
14888751	51
31756943	400
14109161	140
16495660	30
78499598	278
110053013	732
16602826	65
61810017	240
16563802	157
13826683	135
16350368	30
14363420	124
31735030	283
95311055	599
14096252	12
30683470	362
14116065	139
46253647	441
15901286	119
61958610	93
15085073	50
94271803	454
62679363	99
14244845	99
96065129	878
13981280	174
155480842	903
31674091	544
30720093	299
76954227	210
30832663	516
16061586	90
109940743	643
14267359	51
93858143	499
31650676	449
94152328	893
31447749	270
78536821	324
46357812	56
71607569	743
108875074	654
79693447	336
61771292	461
109591023	811
16105114	333
14020004	22
14221731	187
14363120	24
30857579	377
30705684	270
30068082	373
14161393	52
77434229	243
62978350	388
16178060	106
30031760	304
30624032	333
16156446	79
32066437	576
113811974	729
30760618	442
14397942	221
16115020	93
61985927	246
62016246	145
30745308	299
13702105	111
62864279	352
15968228	67
77377493	800
13586833	53
13252122	36
93105270	303
23741309	310
77625449	524
77439032	622
93661519	685
14102856	27
30904408	359
14178504	28
23754518	138
16220987	137
16317948	28
14122369	69
14164096	124
47303707	651
77644961	383
16369280	133
77632953	456
14367923	303
30765421	468
109762431	825
14378729	244
77719107	714
78709429	633
108704867	442
77585524	160
53167289	266
108742090	612
16272919	185
61844238	344
14002594	244
13968972	172
14995617	129
18048534	382
30869886	610
30211873	366
33359649	517
14146384	167
62069980	42
61434181	316
94408089	478
87600113	774
62119511	200
78509504	586
30766322	345
78682412	346
14403346	66
42606957	335
94310827	457
14314790	32
93260768	410
78665302	209
108866368	544
14273965	24
92737539	684
62172044	84
30200766	216
31475066	412
93142193	465
93202531	625
124251029	692
14273664	59
16116221	249
12660150	50
22097477	192
93191425	395
79640314	608
16248304	121
14172501	191
30868986	278
15055655	295
14196816	80
77190175	193
78596259	675
14207022	67
77546799	614
14282970	92
109724007	595
45326966	482
16018359	74
92993900	333
13967772	271
30825158	377
15041547	347
16272619	208
93087859	613
108589894	788
29715061	247
14148185	155
14140981	252
61798309	236
16496259	18
14243044	146
16697086	96
47219053	337
14048822	124
13615350	185
14138879	209
108725880	764
110692715	757
31695104	367
52767738	269
31856006	228
13437339	106
93341518	808
15066162	338
109987572	839
13543606	81
15073366	274
29743279	267
124270542	875
30869586	513
63053398	170
62860377	392
92820692	960
13040189	38
39846724	123
30806246	388
62008141	334
16129730	168
61909979	482
16337760	105
15102485	212
14210324	92
16007253	169
108617512	614
62093094	554
30656753	311
77372990	616
30304932	325
30704782	133
77168262	820
15090777	159
78716334	524
114765373	711
30642343	440
93173413	810
14270362	100
13982781	126
30831162	424
16048979	55
30839868	536
94224072	600
15970930	74
31015178	491
61825027	303
13769947	91
13969573	285
120758336	906
77264022	567
63008669	61
61980223	581
14188110	27
80848573	309
14251150	146
93393451	734
109001753	751
62761314	256
46986407	624
14423457	98
19623023	138
14260756	85
109590423	622
95965466	811
30665758	548
15060158	161
31919045	44
30867785	419
30871687	483
14331300	81
78576746	324
11176919	102
94292216	650
62769419	351
16452432	136
16132131	17
108831246	701
60989301	694
30775027	448
14276665	138
30718591	542
94105198	573
14279368	210
61295194	336
14212426	196
30779830	435
14185108	85
14227135	143
16238998	278
30573600	316
62715085	122
78841513	556
14221431	297
109688585	772
78399935	491
13757640	25
13968672	282
14278767	3
295781450	2023
15242973	31
13996590	209
14168298	74
77454941	207
15877571	289
14343007	289
108748695	405
107516120	766
77441133	694
78443162	476
77456142	294
14251150	46
46405843	366
14140981	40
14396741	42
30393787	136
30624032	327
77410213	350
30980055	619
14445071	213
77478957	856
31000468	400
2886013	51
14060230	286
15970330	26
77899521	71
16058585	265
140593592	973
46305880	339
77347174	613
61814219	406
122641419	872
62087691	416
14227735	54
16047778	17
30578703	483
46257550	139
14203420	56
108881978	300
14315090	177
16096409	118
14555841	40
77451039	452
46204717	147
52155954	580
61784200	575
31868013	477
14343608	230
13594337	54
15024136	119
14351712	106
124444051	813
14160492	44
105738404	739
77296743	769
46319689	390
80594613	262
14109761	143
13820980	50
13927846	138
30947335	546
29686543	372
125492009	922
14533627	73
47502432	460
31711315	412
61339621	553
15417382	262
79735774	385
14336103	18
61868254	83
62101800	485
30826960	675
78842413	467
45757736	608
61961612	483
14031712	102
109779842	825
46196312	229
78263049	649
14243645	46
14134676	82
14350813	205
141989770	953
30881594	547
31598744	338
14369424	26
45260924	618
78581850	60
14218129	218
4676636	91
31804974	450
31922648	684
30308234	271
77454641	627
14217529	258
77768638	748
93112774	123
13932349	243
15091678	173
13936853	255
14829613	159
62905705	383
108624416	479
78674608	485
30561593	494
15789015	150
14238842	115
110217817	548
14124771	57
30794840	440
14238842	146
14177003	38
16284927	146
30729399	473
77380194	900
24356696	275
124431743	640
14968000	316
77640458	493
16076897	181
16388492	110
31684598	442
61905177	172
14348411	181
31157467	537
108846555	433
14019104	147
109652862	744
30652249	396
45255520	479
16560200	238
109015862	592
14338805	224
109583819	808
92493786	527
16185265	236
16228791	143
14166497	13
30814952	369
30841068	446
16454833	45
15144811	331
16169055	9
71855225	39
14313288	47
14504209	28
93204633	589
61919285	426
14174602	200
16272919	271
62909307	250
13935351	49
12461126	97
45076008	425
79518137	528
45415221	538
14234939	45
94258595	382
62126716	827
15801324	63
61882962	505
77593929	257
45426628	352
15062259	141
14156290	81
29648420	343
14167397	132
20514583	188
16411006	90
16375584	352
30872588	336
31225009	339
15251978	16
14340606	165
13173773	33
30973751	439
14339705	13
14470888	176
16246503	122
30748009	446
14171300	119
93218441	431
13961468	104
60935268	511
62038761	57
17955175	319
16205077	72
30566096	338
14268261	26
31657881	256
14389537	82
24335383	323
30671762	320
14304283	247
30852176	497
14099555	23
62134520	811
30886097	443
128816297	746
15496632	40
15849354	106
32060434	503
30883695	396
58540964	293
110744647	805
61978423	466
111028325	667
14183907	77
30872287	374
14269461	15
14415953	71
14150886	16
30968348	552
78391830	691
14056328	207
16038773	16
14406047	91
60923260	747
11583074	238
93203732	666
89510512	494
41481551	92
30537277	310
125528332	585
14270962	93
45251018	170
13931149	114
77497869	151
30936828	482
16314645	48
13967171	23
14104358	34
30661255	420
15854457	57
94000132	614
13105330	301
14551038	2
14562145	79
15958922	177
14199518	114
92980692	334
30892400	61
31970378	425
30591912	431
12978050	168
14962297	151
93219942	740
14212125	54
109653763	495
125236549	810
78704327	645
13813475	37
45194883	435
108909295	617
14243045	69
30369472	541
15909091	134
2680683	49
77750327	375
16199373	255
78759861	336
14152988	24
12037859	224
93010711	346
79845643	197
30895102	520
30834764	414
79204140	463
3724739	64
77489163	406
93228048	423
14130474	3
14235240	134
14714341	96
14437266	104
16231794	6
14147584	271
14384434	252
14105559	132
76323231	751
46311584	608
46323591	211
93264070	803
15324024	131
14267060	217
61994632	562
77774642	482
78476483	590
13569422	55
62123413	324
47373350	446
30592512	339
16205076	230
43838331	826
31009174	315
14233139	30
77707401	690
14217829	234
30082192	190
16332958	211
16159749	17
77337568	542
14190512	255
19666251	276
30750111	371
31020881	417
17343392	210
31764748	433
15220158	302
15993744	156
16243501	162
14162894	74
111586977	897
30963545	382
14205822	151
30515063	434
79990934	587
46422654	851
78300873	489
14272163	162
29913185	156
14159893	37
62951934	69
14119967	106
45644265	594
14323795	231
46488094	359
61664726	488
78549129	429
94278707	935
30696077	311
14264658	14
14264959	274
15141209	346
14320793	22
93291087	395
21325393	209
46113759	737
62959439	250
14137978	135
77796256	297
14200418	142
14169198	155
19436306	81
109733913	710
13998692	166
15835244	169
46567644	368
14194114	266
45017171	319
45888618	357
14153889	13
14283570	171
93215439	479
15273291	349
109946146	856
31901034	432
30809548	484
14325596	31
12947732	16
13956665	191
14042218	173
16454533	38
46557438	564
30838066	474
16371982	180
14130774	159
30628835	253
16352470	176
30584407	505
78285263	651
14323195	132
109470947	775
14068035	308
46379726	358
94003434	815
14194715	101
14088147	115
31805274	477
16257610	222
44893193	329
13932049	8
78583951	333
16268417	147
61940298	439
45181974	55
16099411	67
108640026	670
31831991	411
92833299	502
16003350	67
31734729	58
59665470	268
108764604	831
30981856	469
14387135	47
16332357	12
108689257	570
62030355	512
46376124	635
63220002	776
14133176	87
109676276	850
30926321	358
109818266	741
61953507	333
77643760	468
82791393	877
10438755	228
30963545	263
94078181	631
16108416	259
59707497	497
14050924	281
29486317	427
16342563	242
126350248	813
111921687	801
14148486	114
108279799	593
14240943	17
31228011	246
13882218	3
16190668	81
30630336	413
31796568	216
14299179	302
47415077	385
30506057	466
77553404	305
93324407	438
14239743	65
64915467	293
62887393	497
16073894	180
416361	1
30752513	688
15076067	77
14718843	198
14152688	204
14180906	277
109060290	730
13697002	183
108821340	710
45993684	253
47388360	490
29950409	237
7345013	32
93171011	337
13703606	60
30873789	330
14389237	131
30391686	268
14312689	141
16060686	36
14265558	290
16027666	20
14137378	110
29918589	177
61787503	216
61281985	400
14476291	201
53410742	556
12924616	43
16190367	63
47316915	210
61941499	176
16450030	30
29154008	430
30977053	393
16229092	68
16317347	132
14229836	119
14088148	149
30859680	530
62848068	452
14262857	280
14324996	270
14015202	20
30866284	389
108951321	773
14292576	71
78851719	601
14971302	227
94196755	580
14051224	76
32292480	478
16180462	233
14112763	61
61589078	382
16396597	171
46231734	607
16293632	52
94307525	365
30545083	379
108608806	727
11714857	240
14134677	163
9613538	199
57816609	350
77575917	347
55326245	574
31031988	618
80120016	368
78645789	546
14220231	283
46332296	167
30688272	411
14053925	234
14330399	115
13885520	230
124577634	681
63920942	672
14509612	65
80703882	413
13047694	241
14186910	113
47243068	443
62087991	730
14399743	300
14055727	255
14179104	50
63017975	779
14268561	201
28709130	257
21124566	27
30376076	290
63108932	450
30768423	347
77921735	603
108836650	569
45244713	531
16479149	133
62778125	403
30747410	363
14076440	160
47311812	171
61344424	627
92700916	890
30811349	648
14334902	243
29782903	286
14201918	171
14427361	89
30888198	568
77584023	499
93222044	594
5707184	118
14185108	74
13999292	42
16272919	146
109860293	795
31428837	593
30757916	307
16371682	274
14288073	244
14368823	122
15726876	137
14200718	209
30437015	72
14264959	89
16223088	349
77613142	491
17288757	83
91153145	658
30513563	381
30570598	532
46416650	169
31878820	71
14044319	204
61673131	449
16144739	239
30363768	184
14083644	73
46249745	439
16964254	248
123716094	868
13937152	141
91716297	346
46432560	194
108700364	839
77543198	192
16278923	111
77419220	512
16203575	345
32053530	556
30883095	624
8272295	31
92854913	618
14062631	269
14038016	194
93070449	797
30673263	674
14263458	62
77553404	443
77448938	424
14224433	99
14233739	31
14117566	281
14353214	149
47179729	150
17171383	386
15096180	85
14009198	257
78397834	442
77656669	449
15979335	166
30742907	471
14146084	270
15940911	35
14144282	8
30859680	643
96264154	873
13938053	174
93104670	550
94311428	455
62900601	474
14063231	272
30711387	413
16326353	152
62248592	187
78311380	512
30991763	531
16077797	225
14173401	129
78746953	756
14227134	102
14264058	152
13659178	190
108983742	786
78751456	277
109854289	652
94163735	347
60659394	253
47025132	709
61652418	350
14560344	198
14413252	8
46433160	672
30860280	375
30852175	339
30859380	334
93280280	849
30693976	353
13969273	132
14182707	311
30754914	337
30989361	374
14154789	5
30805646	684
16286128	108
30141329	313
30830861	473
108927306	690
30565795	400
14262557	133
14335203	53
4458400	55
46432860	220
14508111	141
61972119	563
94461221	445
107100660	224
30647747	412
47218453	209
13453549	57
108906893	330
93213338	554
45323663	404
16123425	154
109929335	774
13936252	192
108671246	654
46175298	510
16166353	353
14187510	121
16327554	170
15600798	250
47480518	609
13690397	51
14439368	270
31875517	182
108962128	839
14079742	34
111912381	762
30896003	456
14358017	321
16255508	268
14331600	106
16437723	154
62060074	601
14304283	40
77187174	396
29322414	308
78372918	503
93103469	384
14313289	101
14193214	158
17189695	189
46094547	245
14255352	219
46119763	339
14275765	85
15320121	97
27116629	311
110527011	749
13648371	47
77532691	753
63151259	251
31102833	360
30583507	363
14110661	104
14030511	130
15127701	287
30496452	495
62207766	215
16177759	222
94370865	160
76458016	398
47889374	484
77638958	699
93345121	294
31919646	156
84519279	911
92241928	765
77412916	272
124490880	831
47563670	361
14176102	70
29619301	214
14132275	37
14615578	331
31540208	413
93244858	676
14491901	21
93925986	614
13968372	48
109558002	635
77660271	425
46138675	785
61528140	389
55316939	292
14219029	72
16311043	38
46447569	476
13944357	179
62075983	144
108742090	690
77369388	195
93090861	574
14039817	98
46851323	511
31837994	477
77550102	341
14292576	163
16162450	43
46457775	306
14335502	107
93238554	756
14193213	244
46470683	767
109856390	613
5555589	100
94061371	730
14595766	229
14403045	225
77481059	523
30683169	375
62898801	286
30813450	383
37447017	361
110974292	548
16263313	170
14093251	230
14025408	96
31882122	362
14207623	7
16118923	109
14392839	268
13914638	115
14605072	37
29845643	391
30544181	288
77538695	276
14334602	28
47321418	373
16231493	63
82114167	886
62345553	58
13848597	186
14285672	245
14953891	193
63208295	657
14249349	60
30682268	263
77514680	205
14404246	87
19437807	409
14218129	121
30887297	428
62071781	143
15817233	38
63158764	856
14287472	225
14414152	128
16239599	36
77835881	553
62144727	437
14322295	182
62347355	469
14054826	141
77871903	671
14083945	29
31773454	509
14375728	221
30788536	380
30795139	372
30589810	372
30945234	611
14248448	301
76110998	347
108790120	596
94266700	570
14197416	169
62993961	496
31928351	204
16151644	250
16363276	328
31783660	204
46187306	595
14068335	250
16369581	64
16206277	24
14635992	37
14291375	94
14180305	25
14231938	40
29990334	556
14183607	20
31036491	358
30866284	575
23224985	167
31819983	500
14248147	70
14075539	124
93121180	504
30859380	357
30150034	356
110845211	679
14121168	44
14377229	152
16184664	80
14186009	114
31665085	406
31039493	338
19097694	407
92907746	566
15038544	86
14330400	68
93134688	473
21202915	444
22312712	337
94141221	709
124498085	922
14062632	293
31258630	332
14189011	61
14374528	23
124498084	892
102009162	724
15077869	339
17614762	126
93072850	703
47079766	711
13893025	114
14056627	225
62948332	439
14358017	23
46339201	109
94302722	449
14085746	175
14279067	3
108697963	542
78545226	643
46702430	340
31562121	610
30759417	419
14449875	96
77613741	694
13811973	93
31777357	591
14318392	309
94119306	728
16286128	183
45396309	518
16380086	71
13908634	191
93102568	662
46324492	710
62924617	236
16325453	141
14212125	253
62846868	325
78257646	680
77361883	82
14076140	237
14093551	108
14320793	291
14324396	46
61955008	251
16315246	39
31977582	192
14060230	235
62009342	323
14256253	306
96502203	629
45242012	566
13792762	14
13954563	184
125511521	766
29898176	250
46449371	695
14383232	217
28165788	639
30676865	347
30823957	588
94242084	955
93802308	195
14124170	247
31788163	411
29945906	198
93086358	401
63257826	694
16412507	345
61758685	426
67805382	589
19207262	217
103797385	461
30666959	618
46518413	848
13715314	53
78689017	569
14316591	245
47231061	153
16473446	21
16566804	81
93366134	584
30629735	528
62771521	420
14199217	130
16336860	140
107901863	843
14617380	140
77774343	761
62011443	149
13348483	137
92871423	523
13877415	15
93997730	692
108577286	984
94129513	672
31833491	403
46384230	803
13800266	27
77728713	578
110556730	969
31487975	402
55692775	377
92760954	473
14123870	237
93346021	694
30109209	249
33333233	316
16350668	97
46851923	462
16209580	274
14329199	93
30243993	333
124413732	495
16269918	135
74282249	564
16402601	344
30637540	450
15754794	44
46205917	696
46346106	258
78574945	587
14235841	80
77452840	311
16336259	75
10522808	222
99185588	659
30625233	296
108708168	589
14094151	95
20009666	310
47528848	328
46485693	703
14048523	4
31002570	328
15917497	283
94288613	197
77260119	348
13921542	231
14291375	218
30690974	369
92937464	524
14760870	302
31840996	439
77685787	490
14162594	24
109641155	463
78346502	405
16461738	350
14074939	45
61989830	246
30831162	639
78052017	487
14264959	277
14428261	199
13872912	247
77332165	195
31840095	397
113024279	670
94254092	646
115004623	888
14421056	211
15059557	188
30769324	423
14941884	127
30589210	393
16084101	84
124550617	895
31321971	286
46527420	730
61788403	367
29894874	175
126311523	650
47229260	423
30464632	304
77437531	273
14093250	230
78792882	431
46389633	434
92849810	507
14199217	164
13748034	74
93162607	909
62287916	306
77421921	597
21979503	469
62120712	188
14487999	19
81542609	229
29377649	201
78502599	551
14423458	170
1597604	28
46147981	646
94248088	775
30782231	438
63109833	267
30634238	375
30107407	330
62026452	461
46055823	661
14282970	38
93032624	272
38897828	620
93287184	696
16331757	115
16348567	192
14155390	269
14332801	142
30817053	527
14356516	129
62894597	287
124407127	838
108862766	604
124480674	659
13970773	306
61588777	250
93649212	746
14193814	95
17278851	137
15368452	40
14356816	17
124586340	864
93369737	307
77074302	669
46479989	278
14173401	273
93313301	685
14980908	73
77587925	181
14153288	13
14316891	120
30432812	328
14141881	144
45595634	584
14456179	160
62056171	368
15088075	165
16271119	205
545743	7
46909559	772
92984594	445
61796808	379
94094992	739
14185108	275
77658470	260
13820380	46
76591600	576
15152316	163
108621114	715
46410946	665
16300537	296
30902006	551
46220327	69
108960627	646
30808948	510
16433520	86
48162846	310
30864483	414
93061142	399
12134220	187
14211525	29
77423122	535
13363493	50
15147813	318
8544866	3
13854300	61
13782856	167
47076764	540
16216484	211
14466385	15
46307381	537
47252674	684
78636784	808
16160649	303
77528187	367
16100011	143
77553704	361
10195903	180
30791237	479
31761446	577
16543990	185
10892341	243
93120880	437
30774726	416
3461474	59
79276186	131
46494399	166
14143082	117
78335095	384
30847072	351
92999604	320
41850782	640
30940430	404
77454041	509
16370480	11
31892029	427
14828712	229
31826287	546
15000120	157
12761014	14
14008597	25
56358893	718
16553896	105
16068191	103
78688117	772
30744708	509
14380231	77
63057900	247
61017519	500
109855189	495
31576530	445
31172476	503
9272524	76
14181806	183
109054287	651
30478140	522
14138879	194
14364021	156
15901886	60
14360118	115
71298075	461
30801743	350
14559443	23
14340006	274
45719312	509
30777128	479
13625257	54
108953423	611
14125971	312
77361283	512
77703498	550
62093395	580
16404703	9
30871988	404
125642103	955
108668243	830
93288385	207
14301582	45
14170699	249
77109125	842
78867929	418
14274864	231
31702309	686
30454426	366
15878171	4
15032841	298
14052425	63
16265115	161
77746124	340
44993456	453
30787635	488
30850374	356
62012644	167
16176258	64
14308185	201
46558338	760
58194246	709
47928699	573
15923199	14
14967100	322
30932326	403
14487398	313
93062343	790
47415377	500
124858911	780
94265498	742
124461462	741
78541924	392
14155090	201
14195314	156
30732400	413
31671089	181
45454245	287
30124218	324
16297235	36
61064949	488
71932674	95
30801743	554
16364176	315
16361775	68
77055991	666
93359530	565
16233595	168
16288829	172
13908935	18
108928808	598
14134076	37
77546199	593
4340426	72
93323807	28
14068635	214
14201319	107
14140980	165
16155245	219
124452757	919
31926550	416
30792138	358
40521848	149
30790037	199
32131278	439
111855045	629
14375128	120
30851875	413
14146685	41
47189935	145
62990958	149
14392838	288
93220543	825
61895870	415
16190067	265
13962669	148
31704410	427
61856546	385
90903387	430
15144811	56
14334302	186
14199517	17
14442670	235
47614702	743
29532546	228
81544711	743
14030511	276
30868086	426
78784477	163
14458580	44
17485981	349
15115393	145
94147825	422
62198761	453
13773250	109
14094151	65
77608938	291
14322895	20
63173773	85
14385634	196
30670861	265
14031411	242
14333101	115
30822457	467
30851875	498
30626733	454
16231193	166
93369737	669
14304583	244
13389909	86
45266327	467
15127400	90
16076596	59
14109460	139
14296778	259
14888751	266
30717391	507
14215727	161
16000348	92
30608422	412
30867185	432
16119523	117
77754830	267
93110073	919
108804529	646
110046709	749
13959066	31
108732784	306
14318692	79
16156747	150
32079346	353
14216928	74
14211224	227
61909979	437
93251161	428
67934463	484
458988	3
30875890	403
16429618	128
18805610	395
108748094	756
124310767	829
14177903	60
14034414	200
60283257	743
77443235	471
107031016	466
14403945	32
1533363	10
61681236	520
14065033	183
109685283	185
16510069	90
31707713	307
16087102	46
14520719	116
13972274	238
77651265	260
15282898	336
14381432	18
46449371	735
14020905	246
77427925	474
96010194	431
13838991	11
415761	2
47458004	345
80664258	730
14213626	18
32338409	100
16819263	210
110546223	676
30881894	86
14389236	62
12811145	189
16999976	261
30708385	373
45551206	438
14962596	338
14305784	11
30646546	289
30838066	352
30642643	181
16446728	44
30862982	654
14083044	231
14261956	77
30365570	427
62101800	104
126467922	827
14238842	7
14037115	23
13971374	279
14115164	178
14285971	199
93110374	320
14160193	126
36254968	72
29350332	213
14281469	6
62967243	349
16269917	101
93388949	674
30097201	327
47145507	242
13938654	272
14228035	54
29960015	333
14240643	216
95263326	898
14081843	171
31122045	230
16248604	154
93020317	582
15101284	311
13563718	101
14306385	70
31439344	396
13946158	99
14278767	181
31731727	505
30711387	376
29705455	260
62199061	242
31667187	405
124474670	639
45872408	551
63062403	850
77461246	470
109523481	742
30872287	489
16463839	164
45309854	293
93306696	497
93125383	428
14487399	78
14204621	18
14068035	112
16318848	216
92641779	653
16368679	110
108929708	803
13967172	38
28161285	368
108874774	902
16324852	225
96380927	538
14249649	76
2598432	39
16379787	243
77786350	235
14367323	211
16408004	80
94182647	227
14102256	216
30407896	357
14341207	38
30815552	362
30798141	557
93965911	709
77440233	735
15276294	44
14298880	236
46148281	435
14097153	297
32006700	348
16438323	210
62133620	645
77633253	601
108914398	609
15907290	280
14035915	159
14110061	64
61727165	57
30865083	462
13951262	150
30860581	470
14330400	168
94108801	446
94166436	627
15995245	215
14345109	77
30689773	502
63107131	478
16308342	65
15711567	318
108810232	737
30856078	529
77520083	563
77244510	465
15095880	42
30944933	435
32145087	423
14346610	53
14197416	294
14052726	35
124113844	856
109869298	755
16404702	157
26895391	203
30912213	687
14384433	222
60898344	515
14179704	236
14099855	101
14136177	246
30715289	386
77780646	652
123827464	875
93242756	404
14010399	101
30924521	379
30030259	31
16381587	38
108548168	870
46615074	212
30078289	200
13521991	102
15248976	69
46211320	541
30342755	320
45124938	527
13955764	295
77469651	558
108664641	537
14336704	99
16083200	146
14352914	58
14192313	265
14040717	38
8011131	119
29058849	215
16204476	241
30957241	423
15126800	341
31386211	252
86993432	467
30648947	330
14333102	16
31430939	471
14213326	221
14318692	133
46366518	533
12468930	8
62810545	354
14037415	125
7033417	130
16215283	218
37481538	521
47389561	153
15010627	314
14160793	86
30966246	195
45251318	486
14142181	107
14189311	180
40056555	586
15160721	322
515724	3
109905620	881
45972070	727
30020353	294
77861397	578
16277122	52
13821580	107
14220230	119
13908934	142
23283522	385
14149686	51
80928723	571
77699895	579
2461545	29
83883779	569
30926622	395
16074795	318
61823825	825
93994728	509
14277567	127
14393739	48
16453933	217
16532283	277
93161406	904
14176403	153
14410550	9
14139180	28
32113868	572
108762503	769
14985111	224
47344833	48
77747626	662
14324996	32
30809248	338
49380411	419
30666058	237
61625401	163
13980379	221
16233895	258
77195279	483
94254092	400
108583891	956
61957409	100
13983982	213
21466181	421
69943325	202
30978855	475
14130775	106
53110553	396
12914710	120
30985759	516
94259195	603
14172501	33
31810677	277
78527215	792
71469183	475
94150527	615
13961168	278
14207923	298
60922659	573
16199674	38
14113964	315
31321971	347
63702405	751
16100311	341
45721413	375
13901730	168
14215728	15
63280940	460
14118466	141
30925121	622
30570899	626
14411151	126
14263158	292
94034954	472
124552419	669
14124771	151
108552972	792
92820991	920
73513767	776
77607138	418
18769287	90
62126715	448
45718111	626
14169799	195
14245446	72
62082888	349
13941355	55
8699163	169
62034257	228
78483088	579
14384734	29
78444363	484
14292576	239
16493558	225
30691274	499
16095208	207
16006052	197
14278167	63
14194714	14
61991030	330
16148642	7
31044896	585
78480386	226
79654123	384
13588634	132
75131483	618
15755395	129
16367178	39
109845583	378
30886397	380
14065033	45
46525618	364
103242337	384
30791837	446
78720836	503
14186909	234
13286043	76
31450751	306
14905560	180
30709885	622
110967988	888
29960916	187
30940430	691
14323795	74
30694577	432
14164695	95
61671630	465
62957637	548
17064817	167
30883695	467
46689521	108
31634166	599
14140080	146
61573168	50
47005920	414
12810845	210
13970173	148
14200418	51
93221143	735
60838607	283
47242769	278
61194631	874
46151283	486
13541804	104
13881017	150
77919333	626
22899281	374
5491048	109
46219126	182
31064409	473
14064433	99
14313889	11
16274120	58
13724919	108
14264358	103
13937452	252
16239898	262
30663657	429
30681969	364
15970029	70
14249348	62
31405422	333
30811049	608
109595526	710
29609695	155
61996734	488
14284170	78
108641227	713
30924821	74
13696401	137
14077341	288
13973776	121
30303730	478
14113063	194
108912597	565
14136177	248
5773225	126
108227267	758
37927618	565
14216628	246
16176259	276
80680167	294
61939999	611
14183307	263
93137990	619
16280124	86
16163650	359
46320289	619
14569650	245
31141257	434
108869070	791
15024436	284
30803545	521
93930188	617
30041966	315
108726780	478
77745224	160
30894801	415
16315246	21
77370889	345
61507126	205
14081843	149
77541996	853
78547628	241
123883599	780
31796868	349
30775327	454
15905788	97
78401736	224
14050324	93
29470108	193
46021902	722
31006472	359
124577034	739
108713572	461
93221143	584
30722794	259
14491001	278
13965371	249
93368836	328
109591023	495
77556405	391
14325897	315
14080042	268
11338721	67
15145411	339
124301161	965
14247847	66
14285671	113
77475955	402
63114636	261
16474646	86
93116677	835
62026452	158
16152243	185
78475282	318
14267961	302
14137378	268
16413707	74
78484889	381
30074386	209
77599633	531
78219522	2
87873584	656
14244846	43
52612540	213
30825459	700
77418619	199
14068936	98
46628582	344
30711987	470
62274108	71
28418847	301
14371826	9
30690673	556
16162150	163
108836349	503
14242444	228
62193057	472
76888186	556
62040861	243
112494747	665
14198016	118
14329799	255
15070364	303
14366722	47
12756511	206
14312088	285
46411246	144
30660054	217
61918385	238
30790636	327
77606237	597
15072465	319
14405446	19
14244246	262
68533039	240
94188050	770
23569302	389
8725279	195
46373723	125
30981257	513
14305784	75
16095508	241
92669997	548
108831246	528
14141581	242
77600233	417
30574201	507
14196215	127
77210588	800
29781103	172
16428717	27
14093550	162
13358690	95
30582606	286
77593929	397
16447629	255
14138279	40
14265259	35
30893601	378
15960424	166
14143682	57
77796556	360
78359109	237
76625821	479
14227135	321
47379054	729
46311884	209
32021109	142
14099554	120
60224421	364
61786001	671
47360742	678
31811878	65
46345505	632
94162234	490
47175226	855
14407248	176
93181218	684
16386391	36
30752813	576
16256709	27
92036899	711
14211525	76
30571499	370
47497628	522
46186405	746
37097297	119
78503200	376
30699680	484
15862562	52
62029455	479
93524934	542
109652862	750
46492597	656
46297775	173
30243693	341
13656477	87
31913041	367
16124326	108
16003650	260
15470516	168
14208523	108
76834152	304
94446513	698
30951538	485
93328311	530
14220230	278
13827284	105
30871988	359
31744035	635
46521115	82
52798357	426
16046277	108
77563610	310
14010098	299
15999148	140
124284651	740
13967471	138
108635823	420
15903087	105
63088219	147
14128973	312
78679410	600
62272307	285
14297379	149
78613669	436
77659671	351
14213626	172
30894201	399
14149085	269
14236741	5
62681464	312
16229392	89
15985039	35
20619950	398
13969873	26
14175803	68
14191412	136
14697530	60
46229032	441
16582413	86
62002137	378
14428261	110
14153588	87
5050072	103
14203720	214
61749979	171
77658170	405
13969573	243
108715373	719
46518414	734
61806114	120
13991186	233
78326689	398
108767006	788
32806702	441
30424406	416
108614510	502
14283270	77
78017195	618
16106314	31
109043479	594
30108008	289
30754914	563
16085002	233
30424106	178
14457379	100
124249229	729
14058729	15
108800627	586
16006352	164
14255953	184
31814579	369
92410633	582
45633158	555
14349911	116
12673359	25
30718591	461
31647674	410
92855814	702
14119667	48
93093263	389
93255064	551
15865563	117
29677237	363
109851887	754
124427841	897
93199830	152
16450031	170
31067711	438
47164719	135
29761290	342
92965982	464
62978050	529
61885665	223
28331192	440
14132875	47
13455050	88
94203360	592
90497833	393
14004996	214
30816753	385
14233138	130
30837766	597
31855105	377
29610896	371
14246647	22
14143082	162
94115704	596
47190235	197
14063832	305
94324636	794
46154585	319
14315090	79
32173605	381
108809332	338
13534300	11
14205221	52
78754458	625
14126572	199
30608722	411
93275477	714
30767823	539
49012680	577
46459877	771
46418150	415
15107888	95
124181085	801
77588226	590
91639750	566
14156890	31
14164095	99
93953603	553
15779109	93
27612541	601
14318092	28
47360443	121
14309386	119
94416494	700
78376820	696
16196671	146
14197716	60
78414644	597
14231638	117
76070772	552
14167698	15
30646847	531
23759020	217
18499118	377
16355171	273
16187666	38
14353514	138
15259183	299
30723694	403
77632053	522
14253852	28
15911493	157
78571042	305
14278467	204
30808948	508
108866969	740
46537025	262
77306349	371
95395409	672
46296874	807
82741861	432
93087559	720
31557918	406
109941343	619
110116053	484
30109208	630
94267600	437
108715674	531
47406371	211
14173401	47
14505709	123
15119295	129
14387736	219
94205160	821
16231493	70
31713416	389
14120567	61
63033585	43
30934127	673
16133632	286
30686471	304
11364537	243
13872312	124
14060530	16
14184208	97
125396549	929
16069992	44
62170543	111
16583615	265
14635091	11
30810749	378
14474490	37
14149385	164
93931990	642
77611940	217
16284027	77
25047730	529
78760461	513
15155918	139
78432055	672
108437699	924
16238698	200
29546055	296
77271527	430
78605264	197
14122669	207
45856497	705
14276666	42
62853472	344
14136778	96
46253347	652
31657581	660
46225430	374
14519518	195
31732028	359
30900506	644
30929023	432
30800843	464
45179873	427
16181962	319
30999868	386
77322559	401
14521620	248
12859776	53
30836866	640
46419652	400
93373639	677
78398734	592
14038016	208
16158547	221
32082648	517
62301725	267
30761218	347
14213926	141
31530901	355
14431563	7
78401136	236
31600545	373
14097453	178
46745356	198
14409949	8
124255232	870
93269173	629
30638441	608
124377109	626
29506730	192
61884464	466
14033213	262
14955092	25
30971351	257
16161550	79
84108320	778
17083729	371
46399840	134
93470300	604
14384434	90
14318993	46
14090249	34
14318993	5
15863463	142
94217769	376
29810221	260
14313889	223
92852812	777
108558374	853
16063088	62
108715073	370
61945702	375
14263457	71
77547400	810
30992063	577
109723407	802
15995845	174
16465941	306
109816465	702
15868866	23
79590483	235
46436762	129
30703882	513
61863451	323
78531718	837
33452108	697
30518666	372
80313036	342
14801396	110
93698143	472
78672506	134
102829877	646
78521811	140
45561112	719
14179705	85
30610523	496
15031340	171
99193393	767
8652034	15
30532474	435
8742691	14
79521139	295
8204452	23
90385262	398
19597507	328
8730683	146
19542873	355
89686123	557
29189731	452
62696473	470
63115537	371
30834764	435
108817137	768
94251690	720
14005595	70
13530397	2
124503188	661
14193513	114
94249589	603
13235913	119
123257706	791
16236597	107
27094715	149
61835233	313
108865768	422
31042795	232
46409144	434
14299180	257
14018804	194
77171864	590
12869081	68
47396165	824
14152988	86
14103757	2
94449214	699
14559743	72
2990178	53
107293981	602
16100311	243
63189383	517
77576518	259
95119835	672
30245194	507
13893625	181
46256049	430
93322307	251
109745320	356
16018959	94
14233138	209
14038316	46
62753509	378
19888390	426
14373927	43
14255952	292
14047922	204
63073810	841
62176546	490
15996445	171
122349635	699
61893770	93
79638213	286
94135817	191
13845295	236
14094751	296
78634982	773
109027870	614
62963641	167
101926910	755
31655780	209
61944501	385
14707437	245
46564042	642
13974977	299
95073006	307
16390293	186
14368824	47
93140692	352
30917316	634
14237641	246
93922083	633
14058129	95
30688573	269
14021806	42
13259627	69
15794119	137
93235552	769
47241567	235
46145580	636
61746978	310
15875469	236
16142638	74
14106759	117
14174602	135
16249805	199
46749258	253
92946170	492
14047021	221
14177904	24
15011227	85
30561592	685
77219594	680
30583807	142
14078241	51
62567993	319
61988329	295
62891596	283
16206578	110
62156434	444
94813042	108
14508411	51
32304787	431
46259651	665
156868313	930
16203275	206
14493702	75
106180582	816
60891740	539
14352913	35
14255353	190
45367190	673
108939314	731
14440568	65
31098630	566
11951406	52
70926742	760
14211524	232
93229848	480
14179405	37
14126271	21
14047622	11
30635439	322
24402624	220
16504965	203
14312088	15
61649115	297
13874113	67
30550786	339
93015214	684
13746533	41
16164251	66
30622831	456
14400343	190
30848573	415
93201630	610
30828760	698
16145940	83
62005140	298
14161393	126
16219485	26
30685270	388
14340907	13
30893901	449
14249649	217
14225033	39
14319893	61
45161261	379
15967928	18
77324360	386
14396742	70
14437867	133
61912681	251
16019861	278
14330099	14
46538226	720
109766933	880
13625557	38
14476891	309
99022586	922
16255809	196
13607245	119
46222428	488
15179633	340
31787563	535
108701265	570
77524885	108
80916415	502
96175899	554
16359974	85
14009798	41
62834560	295
30868385	394
16138735	88
62094896	457
44879985	642
14376929	12
38105631	825
15003122	297
26033249	303
30923320	400
46513910	371
16259110	169
14321995	219
79693148	676
108772709	515
109827872	876
61348027	48
46206517	392
29577875	237
92842605	576
110119055	756
14292576	9
15083872	339
30819455	482
14177604	144
104758889	664
76369760	778
47703858	365
30090897	324
29623503	366
93299192	655
30859679	689
77554003	497
30637840	464
16649956	67
108694960	736
111547952	745
16146540	126
15418582	169
62151031	391
30737804	416
14183607	42
16319148	19
46336499	397
61393355	844
14470288	174
63090921	244
30266808	269
17048006	378
14161694	82
14221731	292
14454677	75
78522111	392
16057083	108
61892869	422
15029839	326
16155845	124
93881258	435
63087019	226
14180905	155
15191640	44
95420624	405
14303683	102
109758829	671
15801923	251
69129213	387
109590123	480
14212725	299
14153588	155
14684321	216
45667980	406
47247271	624
30260503	287
14089048	170
16281324	95
78319184	163
14400943	28
15966427	55
61804013	411
92106243	868
93256265	665
46458376	229
93364933	269
61736471	593
47376653	414
100118574	458
30886997	476
30932626	386
14107360	117
78561737	346
30661555	612
61968516	225
56502083	355
16388492	107
30451123	527
14156591	127
77451039	303
94126811	870
46397738	160
31004071	449
12379174	114
109806258	513
14174601	8
111683637	693
14092950	290
16241100	207
14234639	296
30718892	486
14223532	44
61832531	526
16216784	128
14429161	12
14155990	120
74905741	274
14276366	20
14266459	151
108996349	766
15946614	32
16337760	88
16271719	243
28800086	226
16244402	216
14009799	128
14346610	47
92913750	467
14283570	229
14339405	180
15315918	323
77437831	529
30911012	648
15841249	47
30978854	387
82789892	937
92950073	286
109930536	635
15010026	319
76624019	586
30814351	529
46596162	695
62091894	375
16322451	144
108497736	700
13833887	78
94328838	528
14190812	32
16358773	28
16049879	36
13210096	44
16181362	152
108947119	645
14283870	21
77627250	505
95006965	576
16437723	118
126128709	852
14443271	216
14098053	49
77752428	497
46488395	561
47359542	133
45615446	873
59304343	249
14233138	243
14276966	38
14134677	201
63132648	206
16203276	94
92824594	609
26153924	310
77287736	370
15688752	344
78657797	290
14231038	47
15628115	50
77482860	838
14515316	109
61817821	454
15205749	16
14256853	104
30962944	488
16326353	56
108757400	567
16422413	260
62844767	119
46403142	324
16309542	272
79467706	331
108680852	804
62034258	375
14105258	280
61610091	198
14533627	179
109682280	819
14057528	18
62045965	691
13956064	230
46189707	365
16055583	26
108795823	579
29685943	167
46371621	793
108659238	818
94195555	557
94326738	527
46245843	269
46229332	339
24333582	363
61943600	282
30680767	498
78481587	315
30711687	472
14264959	206
13841993	50
108607005	549
13776852	10
14148785	171
44579496	533
124222211	731
30210672	417
15300909	7
16408004	141
14230437	68
13933851	251
14239743	191
30605120	283
31745536	601
62076584	602
47075864	691
30624933	504
14045521	206
14204620	305
77836181	461
22584984	488
14682521	101
15680047	16
14757567	140
14527924	231
14368523	104
78432655	606
93430374	389
94982349	699
16134833	227
29462903	315
61875157	176
77449238	414
14281769	148
62080787	404
15507138	101
31376904	374
30908911	216
61944201	426
47283894	302
30055475	541
108644829	694
14482895	13
15192240	83
124417034	726
47310311	500
76465821	460
124535609	772
14142482	131
14190811	77
14100155	37
29843241	196
13920342	160
62866980	276
30971950	386
92816188	845
77464548	658
92996601	846
29853148	200
70097021	575
14972203	318
45474358	553
56377205	421
16342262	129
63144054	165
108906594	508
79732172	795
14409349	68
16438623	21
46570046	715
92496187	516
32193718	424
77366686	238
47161718	508
62180149	224
111199733	562
92844406	848
13778353	173
81772853	188
46395937	157
14284771	267
29733973	378
16148942	244
14355015	194
14291375	57
14287173	20
93050336	934
13127544	3
14370325	179
77469351	170
47274888	527
14314489	212
124221311	771
14350812	47
108979239	508
77329763	436
46245843	434
84748322	426
58597399	75
77713104	334
119637432	809
2687888	47
76487134	239
15828340	7
21679014	471
78772769	512
76724883	407
30295926	276
100541240	956
1742594	23
5721293	102
115591191	426
125348819	815
93017915	578
109617440	457
13610548	161
73988664	181
21424154	443
1879181	21
61981724	248
16089204	61
30165344	253
15028338	21
16402300	159
30578703	476
77528187	369
14148185	155
16334458	331
13995089	36
14180005	204
16401099	66
13906233	78
14173101	203
44971542	90
31792966	407
16366278	234
93948500	819
16015658	195
14100455	180
29956112	348
31605048	430
93074351	373
78306877	433
