1101392	14
18911576	273
12061875	234
115107887	1143
23498157	475
21546031	402
29042339	412
3176595	58
97707761	465
25928483	487
697038	6
61877560	104
3139972	28
29493522	559
11857446	241
7046025	130
3981701	68
5887898	110
117864819	965
5593413	110
1068371	2
117065717	693
116796748	645
1771713	17
261659922	2201
28145075	568
7914471	99
6860809	118
19372966	299
30184256	615
222922996	1587
9592524	207
105007145	521
6203396	114
68103469	174
7069439	135
64823009	135
1183943	21
6909439	146
1337640	17
20919237	373
10054814	217
4112282	70
105436714	804
9031472	181
219081784	1260
23930129	504
686231	1
11793807	195
18220242	398
37752308	619
105046470	235
41522976	716
14503908	306
3438660	58
11082960	226
124259135	892
11564763	217
13000865	253
8192745	169
68554052	250
93085158	766
89161093	334
7086850	145
9177063	192
140972431	1299
44478633	744
95079310	491
7007000	131
28043611	566
86127388	293
114049423	910
13841993	199
122107984	882
5255400	93
1382668	9
3088639	67
236084161	1895
11980824	229
95652069	922
238361391	1777
8352145	172
63062403	221
6690001	98
126885484	1064
88039889	447
70172668	78
85189599	214
100525030	932
13710210	179
7859836	136
36485213	587
64245746	84
4482715	88
95281337	584
89038316	225
2033477	20
192423842	1038
203095844	1362
29283990	538
82137282	152
4362339	73
2250213	40
81158667	209
5568497	102
2385898	42
9321154	197
7285275	124
88667583	696
29459000	576
82249553	318
2088412	30
17273147	361
112803641	989
91658661	791
12069080	247
133845355	1024
92008982	719
105328046	1017
128076932	1311
1128709	18
5130522	103
94274204	635
7922575	164
262365	3
191266615	991
2850590	34
11280184	221
78328190	151
24003974	442
19845463	295
85488287	377
10221119	198
8736687	160
243451087	1563
86219846	756
9300141	187
193256565	1279
5566696	105
30216676	655
2370889	33
28301173	613
114318092	1072
3618473	65
3770668	48
4251270	67
127204585	991
119302722	656
4294797	94
24263938	452
77701096	674
31422833	205
77959558	754
13459853	201
15842449	214
108355147	534
92864219	964
14366122	306
95661675	512
109276426	789
12293920	50
45603739	574
29407968	191
14537530	27
31272139	363
217864819	1754
329071457	2336
14541132	51
13508184	40
13798766	205
30376677	354
15714869	225
23984162	376
30470035	367
177222596	1380
15614606	162
46776876	181
13988185	128
123886301	1072
47294401	181
47026933	555
15851155	203
15589390	103
125018312	831
30696378	487
31451651	363
31582834	510
46109556	105
94515556	387
78068828	457
76666647	281
109440329	431
169387375	1574
13974075	58
14023306	66
93012512	561
14140380	7
61755382	225
124686303	861
13860005	302
30335551	572
61997935	314
108081675	421
719982049	4760
122829037	1475
13825182	2
92955776	816
13867809	140
13945257	28
67857614	615
61519734	732
13932649	77
31444147	387
13870811	177
373374780	2645
46070232	683
46927570	769
92998403	769
30102904	280
13110733	18
15883275	207
77040381	727
45050792	411
15879672	105
15934006	128
77228600	306
400237750	3117
91589918	464
15798322	46
13756138	235
15728378	204
46101752	368
125123378	980
14160192	112
30115513	305
78259747	335
80719192	1060
13969873	81
13979479	236
13274937	262
92920954	363
30237089	270
78646990	362
29019824	223
31184784	81
61682737	155
31551915	457
68592176	722
220800062	1387
13928748	33
46617476	813
3619073	6
188377902	1376
77317455	197
139526723	961
94077580	277
15981437	37
30503356	445
15954420	12
29181326	214
12599813	53
29944105	252
13797265	15
30455626	277
13891824	99
14155690	31
108560476	862
13783155	152
19142122	330
11941199	133
92830297	694
76954227	812
13989386	123
170132744	1050
82286476	821
47088771	535
13877114	54
15852055	324
15689353	334
62658350	538
13923644	302
30532775	374
13921843	31
108409781	876
108490832	864
15550065	115
13867208	1
30615326	328
44900397	489
13828785	264
46260852	386
15959223	138
313235612	2584
92789472	521
13594337	12
14061131	34
14842221	137
31073415	335
30342455	420
13484168	182
47135601	362
93892965	548
124124951	815
30512062	604
108452108	850
32618784	520
13253023	23
61531142	552
123914219	972
12812947	42
13999892	26
48927126	491
183990046	1337
12933322	42
124138459	667
15876671	89
15825939	53
16458436	293
31448650	284
13845896	196
83118599	305
16011455	38
61702549	385
15753593	56
44768915	408
30493450	626
13645069	191
16028866	133
108449707	475
13433136	163
13645970	70
30075888	158
13658578	203
108606405	699
15719972	257
13621054	177
13970473	235
44789627	430
13874113	74
30288421	383
86053542	745
93741370	901
30507258	347
92659490	879
13667883	98
77502972	893
7243249	131
31248424	51
13800566	288
45885616	497
94038856	383
14309386	34
14029310	227
121341602	972
16111719	47
30799342	248
15505037	18
30533675	492
13195987	136
47467309	158
13669685	87
94018743	905
14526122	72
250690134	1996
77318656	388
16088603	238
13896927	51
13912837	251
77314153	489
13809573	3
108549369	630
107449779	392
124113843	1077
13706307	151
13920342	22
77240607	296
30454426	348
93538442	647
7886553	126
250179213	1673
77280532	169
14200718	29
263680791	1867
16020461	113
31578932	424
16045377	50
124111442	731
14110361	201
30606621	448
31067411	575
50067542	658
109248208	793
10254440	169
12838162	124
16039372	2
30826359	418
47319016	335
93911576	284
76965635	640
123933130	1027
92853112	890
15563574	145
139681921	937
171074435	1167
15945413	114
13875914	91
13829985	7
78188903	931
14031712	254
15707064	230
15928303	77
13994188	196
353352206	2256
108607605	715
13981280	117
13996289	135
91017760	403
139722746	975
13915839	39
14010998	177
16145039	79
46022202	665
30286020	148
62338348	361
186675833	1262
124108140	787
61046637	831
142924856	1396
108427192	571
31413527	428
46131771	494
92855213	115
52318657	132
30402793	291
15885376	253
31519194	364
350954900	2444
31445348	368
16251006	275
44790829	692
139797493	824
14444771	212
13147357	15
44581597	288
124143863	814
30719192	392
13889723	182
47151511	733
12823153	34
30582606	266
109642956	1196
234326557	1432
123856882	846
247361643	1976
20197884	269
108718976	514
124016882	795
62685366	237
13854000	19
14043119	45
233289405	1376
280361367	1832
13878916	6
78453970	633
13574825	156
77541996	151
108576687	607
92947071	522
12992159	93
77367287	737
250148594	1777
108559875	481
45172969	590
62763716	638
234026368	1903
14901959	325
13939554	126
15785413	207
30741706	481
14024207	100
13974976	13
109668171	535
93975817	453
93908275	339
77052689	628
30737203	426
140740685	1097
30961143	364
77212090	509
47414476	179
30408197	318
29743879	411
29285791	397
14115465	66
31620657	382
13676889	177
15897984	225
14356515	68
89400644	814
249885328	1774
15701361	169
14071637	46
13253323	16
15393667	230
30856078	69
13950061	81
30117014	101
30124518	239
13975877	142
77238205	127
124108140	607
140004323	786
45818974	729
92882531	256
29767294	421
61742474	307
30184556	416
14138279	196
77431527	473
61563862	625
13974075	219
16105414	20
123249301	786
108221863	888
202103121	1169
13922743	105
13962068	67
30579604	566
71353610	622
13575125	193
45970870	888
61775795	908
77418319	474
280108609	2047
16148941	171
13951562	220
109401604	638
30608122	353
30724295	620
53958886	350
109550197	1216
154808420	1325
14264658	160
44877583	631
109575413	771
14084244	198
13958766	50
30688272	603
29419675	337
61747278	114
108605504	319
30578103	354
30686171	616
36423974	668
94060470	618
30500354	365
76766910	158
108451508	861
251210060	1784
29266279	253
13852800	155
14089949	8
108490232	867
108640026	486
61847840	504
19743999	162
30641743	625
46233534	147
14994717	306
92837802	817
92766357	294
62541576	390
204185528	1074
15946614	77
77442034	713
16004250	41
15782411	147
82012104	343
31555817	127
13995089	54
15906690	9
140913594	1334
108416385	798
62673659	234
62372270	529
13624056	127
61742474	126
13923343	45
30809848	359
77293441	461
101787623	588
61793206	551
30827860	466
77364885	305
131819983	853
13963570	4
14138579	84
13899328	130
126042255	913
139994717	1486
102786950	472
16224589	99
61728966	439
47138303	73
31297955	104
46003290	537
15946315	171
61784500	466
13951261	113
77546199	529
45182875	405
218680432	1689
15939109	233
14278166	104
198301833	1315
62743903	797
13983081	187
143459793	1260
124076620	877
15910292	261
77403610	818
217807784	1387
13977978	18
77179369	222
15671641	38
202206086	2044
108320325	1097
93026620	319
93019716	852
14293476	237
561599284	4078
14285972	218
3295469	62
14036515	20
16013857	162
124489679	1071
155075888	910
124900037	1055
15817533	67
30570899	224
77312352	853
30622231	491
77177268	533
13956064	46
77221695	464
14007096	250
31537806	280
125187918	919
287281	1
78236933	584
123469039	770
30382080	370
61040034	209
40113592	656
77382897	422
30322943	306
47064157	28
30718892	444
13633662	103
13555313	19
77242708	532
107189215	909
13951262	35
15246575	143
30592212	347
15601998	143
30604820	513
14126872	128
74686903	505
13932049	73
94048462	635
13851298	283
61919586	186
126345444	1114
12623227	15
499515495	3428
124149566	925
92926658	254
14231037	107
30707184	423
74211705	381
13833888	87
93171912	869
103627178	1310
14085746	204
29378850	144
30381780	532
16185565	135
49026188	298
78375920	636
93084557	348
109726108	907
16178060	64
94028349	715
16196371	212
15782111	50
14226234	205
61903075	485
49228515	463
14935279	302
92431346	772
15167325	166
78399035	641
13076813	85
13385707	40
13980380	86
44942124	551
108389968	882
13751036	144
14184808	297
30633338	385
1275802	11
12800039	145
31455854	511
77492165	262
46264754	131
109353574	1063
61459397	639
13994789	43
78455470	603
13980380	31
93019716	960
31802872	83
46317887	516
45923139	502
45888017	629
94094091	794
45919237	551
264552839	1969
30535176	509
125210432	943
13498577	38
47174326	298
186697746	1675
15620609	14
31626962	570
77224097	667
14081843	97
16291531	21
63789760	305
46986107	574
30939530	408
14095952	9
14186909	264
13611147	33
218542345	1257
16154345	196
125373135	1080
19016643	248
16114420	98
30644445	410
70632257	188
14006497	208
16166653	89
46330796	115
61785702	383
16071793	138
190476820	1246
77338169	376
14095051	107
15744288	76
345263926	2637
124113843	561
77185673	322
14308786	80
30675664	470
92948272	151
139896255	1177
31910940	397
15928603	73
31610151	490
15921098	246
31979683	191
45060999	639
14223833	133
203003986	1422
283259387	1882
109573312	727
13986684	43
249047202	1544
14002293	7
109677477	577
13873512	58
14068035	119
109696089	620
47445396	792
45190080	673
109687684	453
63384206	159
43279380	683
14238242	100
30240091	458
14094752	69
30441518	385
13868410	247
202244810	1427
15970029	202
14167697	114
13985783	205
31688500	518
30794539	433
21473986	461
14216628	7
61864651	274
30783432	284
108548469	531
77012163	81
46273760	229
31907638	566
78303274	165
15658733	178
188373699	1701
15904588	181
77355879	448
14291975	147
13820079	40
13827283	58
14007397	49
47984234	196
1707172	27
93146996	303
16020461	106
14197716	181
61958310	523
61779098	477
108845355	570
14281168	53
109469447	903
77508075	661
15864663	291
46259051	133
108414284	622
13624056	194
252012164	1778
30407896	418
32762575	440
186824426	1253
77342972	437
14255352	315
202222896	1449
28100347	284
30335851	274
93180617	416
30690374	521
30297427	300
30579003	232
16236897	290
16091005	263
14549837	8
141086503	1224
78203012	758
13679591	133
31705912	690
154836337	1326
235442057	1944
14103758	238
14324095	242
14234640	80
85495491	400
14222632	156
78727741	427
30591911	624
13720116	170
15947215	33
77224697	633
90485224	156
94130114	658
156391314	1052
13966270	261
107681824	705
30833564	534
14106759	169
14147585	143
95238710	493
30798141	366
95119535	537
46271058	640
14203119	73
104975925	356
61894069	655
14070736	211
14282670	131
48967652	608
14017303	74
30403393	257
31819383	434
265530854	2062
14009498	246
77397306	537
31496981	354
125436474	635
12768219	61
188614750	1148
15758696	98
15928904	72
125376437	699
126272500	1178
13952162	90
30561293	357
15866464	117
31864411	172
19421597	435
139994417	1189
30597916	378
14065634	9
141767330	1201
139908863	1333
109724607	697
729458	13
16097909	117
30586208	203
14139480	218
47355639	135
61938197	625
235386523	1650
31720321	539
61789904	614
93454690	830
124128853	1069
14084546	5
16085602	308
14007697	284
68989025	461
14126572	156
16237497	36
31719119	369
93190824	498
16131530	294
13870811	221
14385634	27
14440869	4
14138279	36
250154597	1884
15879072	52
139703534	1179
109621643	794
14271262	33
30761819	607
78502300	685
171045917	1089
77497868	270
2403310	34
92753149	310
8097585	28
16100311	87
94640735	561
4583879	90
46335599	698
250775988	1806
13640567	76
16018960	261
110290462	1142
61950505	308
16125527	175
196117062	1376
79922191	747
13850698	305
358326629	2229
14153589	235
14059929	177
13899028	303
12993360	102
30304631	443
109505769	498
109772937	488
77467550	493
96938978	892
14195314	27
124249229	796
14252951	66
12220074	224
13967472	135
264657905	2002
91411607	575
30782532	386
92965082	445
78559936	485
123407800	889
62809944	211
124880826	1045
30702682	358
13854901	37
14095953	84
125146492	1027
78282861	1063
14178804	238
14067434	70
186722061	1343
29401664	261
46554136	753
15895583	306
62661951	657
14216328	4
14240943	225
14125971	85
14064733	237
14104958	19
78480686	336
125600377	907
14000792	121
16161249	339
14103157	97
15935808	29
13729422	43
14190512	76
14280268	107
108747193	1303
14128673	146
30739304	479
14045520	149
30712287	378
46212822	440
124238722	964
78391830	355
15190440	100
108708169	591
16126727	37
14019104	55
108590194	701
47325620	697
45073005	552
124236621	1033
30830862	515
14095052	260
96057324	397
32567753	721
16109316	144
92987597	481
14197416	74
47095075	143
13998991	241
14014602	235
108887381	997
16227290	259
14030211	139
156365797	1002
15934907	43
62656548	378
248907614	1834
58989445	283
13965370	105
13846796	246
30773226	524
15822937	140
14324095	147
45037284	159
16067890	323
14184508	85
14242745	169
14305183	62
218721557	1320
30429810	279
233457511	1989
93106171	519
108676349	991
94660547	609
30730298	104
14075539	55
15828641	31
153031304	1425
78263049	125
77357380	642
46110758	217
16139936	53
93753077	693
62729494	337
14066234	20
83171432	680
14293176	73
13355687	159
78505902	859
30607522	595
30877691	383
207163999	1755
16332957	55
61839436	572
61825326	139
30590110	591
78427253	63
46176799	233
14710438	175
45616047	504
15994044	18
113085517	560
14164995	5
156997995	1373
46046517	620
16054683	158
77304848	449
13959667	40
14961996	301
78196107	908
126347246	723
14681620	150
109841380	855
13854301	191
31828988	532
16308342	195
109827571	846
13986983	295
14244545	14
29316111	409
108694961	691
30136826	362
10430650	26
109606032	942
108549069	403
29506130	306
93140692	588
13963269	9
31742534	404
30367070	602
12000336	106
45137547	530
29300500	423
15913894	145
78326989	537
14030511	41
30911012	458
14633890	273
62677261	323
13463756	63
14303082	163
172090273	1148
31317768	233
14047922	90
13943156	75
16086202	84
53634383	15
16029166	95
29279487	372
46319388	336
30595514	532
63936853	318
108618713	1063
220004563	1623
84035674	526
30670561	310
61961011	484
15955620	174
30598816	464
14044020	272
203259147	1739
14143382	157
16114720	111
409889411	2736
126027545	701
109633950	570
14368523	58
101318428	680
15918097	175
30814052	306
102138242	910
15645825	227
13884620	45
62873284	201
93079154	327
124272943	949
157644000	1330
187456023	1143
46124866	753
16002749	341
30639042	463
13602742	138
46300477	463
13838390	129
217722530	1619
61847240	372
125387244	819
30544482	430
32126776	683
93029622	402
108642728	1245
15917796	30
14307885	61
407141485	2983
60739544	530
30779529	449
109771737	426
21946182	448
13886121	180
77568714	438
62972347	237
139885148	1350
14005295	94
14012500	33
77447437	247
80204368	337
108652634	905
30559491	438
62918913	524
14197116	108
78572543	849
16339261	77
16207178	37
108485729	619
14346910	21
14131975	12
61916284	114
14040417	32
93160205	511
109715901	510
30609323	360
14094752	115
47409673	499
42664893	291
14653102	40
14224433	194
16006653	173
123384686	1590
78510704	638
125039925	901
13973776	125
62863378	266
30705383	457
93239454	931
29809320	228
14219029	225
15795920	102
139838918	995
13990286	187
218853640	1672
13953363	90
15742486	165
61966415	480
6428237	115
30913713	447
46657701	753
108657437	639
139900757	1291
16402300	145
93071048	330
47397366	509
14369424	91
109629148	789
47329523	308
109559803	839
31670789	456
14432764	212
249959174	2083
15975132	180
233435898	1347
13829385	62
30636039	241
16111418	26
31364897	540
14010999	132
94067975	533
15016030	330
62528068	639
47101980	663
32054730	472
93065045	1121
78774571	705
63249120	499
13893025	43
36815420	24
15998848	170
45711807	473
14311488	69
13908034	34
109672374	556
31655780	305
108516048	722
13978279	219
14279968	158
77883611	280
94021145	689
30558591	522
172091774	773
14049423	151
31492177	419
80433712	342
93190824	600
137192457	1203
14222331	302
16321851	234
30410298	392
78572844	468
16256409	219
13787058	217
30597315	443
108712972	689
16029166	3
61886565	70
140128601	785
14077641	281
14040718	153
13129645	134
1311223	5
16342563	10
32204524	460
15815432	100
93917880	537
16111418	70
14063232	177
14093550	182
31822085	347
14300080	190
126177940	726
14035315	293
46196912	584
16126427	105
77603535	1106
61813919	335
31410526	385
15904288	182
15867064	319
61772793	195
29634311	418
13975277	3
77367287	182
16141737	104
139485297	1297
14183007	57
92992399	290
78268753	639
30509660	318
78071229	398
14312088	20
109544794	617
61736771	550
14139179	124
124195495	692
30316939	273
125110169	749
93156602	241
16156746	175
46262653	73
30076488	329
93857542	1052
14095652	53
14060230	259
77679182	449
46925769	434
62739700	258
109745320	571
124215907	784
13998992	151
32179609	321
31813379	539
15033741	316
14335802	59
92953975	685
109425919	619
30893301	355
14086946	85
30600016	505
125207430	840
13144655	25
93071649	286
13789460	227
109718604	451
16004851	219
139885448	545
13681392	131
109526182	824
94040658	492
30545682	354
122963821	803
108446405	647
33372858	595
47016427	445
14101055	248
77040081	763
13960267	288
45909631	772
61914782	334
16291531	180
30585908	355
29473710	438
358445804	2656
16106916	142
31315066	462
30690673	396
16258810	109
16000048	246
30817354	368
31320169	256
46676313	200
64122369	269
93080354	727
108786518	899
61807915	11
234489559	1759
263781054	2078
62021049	477
31535104	135
93090861	377
108700964	136
59603631	294
30466133	246
218828725	1205
14203119	36
26023643	232
14141581	4
14194114	160
14070136	50
29343728	159
47381155	306
108690458	576
46050119	617
63054599	514
14196516	280
15529352	89
16153445	188
213684994	2013
14182407	219
30935928	485
108606105	788
359326257	2661
94373567	789
46203816	233
46414248	736
14068635	47
30610523	359
17392923	345
30795739	574
47335827	867
30577803	564
92966883	801
31572628	421
13842893	182
45431731	563
13983081	36
61699548	106
109719804	434
12637937	7
10565134	213
98372378	326
1715577	23
46270158	432
77398206	549
92723430	898
14076440	108
13909835	153
30691274	461
78349504	818
77685787	704
76910400	606
16046577	326
77631152	176
158038147	1173
30788235	97
16108716	169
1607510	31
30327146	271
14230136	48
30499153	624
342959378	2881
30793038	326
7543137	57
30865984	527
46188506	183
30352962	667
155491949	1181
15891680	27
89703533	902
30766322	312
15927703	180
30860880	380
16099711	53
14166497	17
37611520	344
47932301	310
92979791	565
125427468	388
78208715	929
47241268	132
93113075	183
62881089	676
77544098	596
14303683	139
125332609	697
30914615	54
219102796	1514
30885496	334
14228035	5
77418619	234
30521367	340
31587037	499
14014301	64
171116161	1047
62973547	529
13928147	75
78526314	528
78494795	811
14060229	65
30745608	571
171029707	1030
30631237	398
31665086	371
77850290	451
13743531	110
31429738	34
30849774	367
55790637	93
14012200	214
16163350	278
29124890	116
29636712	270
42652886	239
30856678	422
140706464	1178
16108416	343
13341578	43
15061359	29
93110673	845
13759441	260
186102772	996
26274901	357
15867965	101
14134676	180
46105054	145
14084545	145
14081243	157
14101055	211
110761758	788
31612553	454
107305388	604
14234339	249
108479125	559
14309086	96
14257754	103
14268861	73
58960327	391
30509360	537
14156290	248
15013028	339
210433	2
108664642	681
46259051	345
108695861	795
62043263	339
31745536	409
13903231	277
14507511	129
126386871	796
14318992	219
46090645	253
16204177	270
30838367	687
14000793	24
14195915	156
14157191	180
13835388	155
46021001	214
16199673	70
3748454	77
46118863	709
13936252	68
13303755	152
95390305	300
15826239	183
11438683	227
125228743	1088
31651877	131
77467850	636
298864987	2628
46359614	310
77351977	770
16859188	21
30665158	548
124993096	1192
14264058	131
30694576	410
77605936	516
93043431	660
30784933	451
215133704	1643
30576903	269
213101728	1497
46177699	250
93122981	611
30522268	414
13920342	220
125442778	975
30716489	331
109748322	870
109583218	947
31762347	363
313620153	1938
47254176	679
19388876	396
88535800	1072
126571787	1099
30499453	646
14188410	5
42415137	570
14303383	27
109630648	626
46310083	154
16231794	235
14201018	5
62871484	360
29295097	280
205194162	1576
94176943	527
14072238	267
14172800	62
14322595	151
14967699	315
125139287	1265
93906474	935
45280436	131
15922900	54
62693772	597
14964998	312
125164503	732
44889891	606
29151607	254
30822757	582
13900529	170
16110518	40
93147297	959
31744335	432
31710714	383
108403177	735
14297679	98
16396597	36
77792354	653
272610199	2073
30719492	689
14126272	291
33291807	309
93774690	884
36997634	678
13827884	83
140830742	1232
16075696	107
94440809	571
13566720	146
15705263	63
47313312	456
69902498	960
16211081	190
14209424	277
11040333	21
30392887	361
15694156	85
15367251	284
46334698	599
46790384	435
13995989	38
15976934	20
14145784	66
13936852	83
14326497	93
14190812	299
15930705	225
16177459	196
16167553	81
16496560	129
30609923	299
30696977	622
14516817	45
233272895	1829
15773706	123
15310815	104
93123581	795
30165644	288
16233295	344
124413731	1241
46348506	138
49136658	854
46151583	328
12730095	236
61922587	768
30881294	98
14778281	302
202312653	1293
94355856	579
14551038	8
26434301	426
46277362	130
154645118	1648
30730299	469
13069007	64
13805970	15
14494603	34
14236441	38
78668003	818
15777008	147
30898704	504
16245602	51
62806042	174
30665758	294
93072850	806
31860809	407
62690169	488
156481971	1375
13202891	162
64787587	357
14153889	147
16234495	52
30711987	215
45971770	558
14145783	33
78437159	429
14064732	298
114709537	759
77567512	459
93171612	1068
14055427	137
16233295	205
13952162	19
15805826	88
30694276	461
31514991	271
30726996	385
631005571	4533
31702309	570
442778	5
14322294	52
358067266	2462
233592597	1680
94058068	532
29878364	294
30609623	356
124338985	457
108667343	772
124338084	667
124305664	639
13915539	104
13969572	51
77360683	676
31680995	136
610027197	4453
14422257	115
14506610	201
30412700	377
108573084	1235
93371837	627
188772349	1113
233576086	2197
61832831	486
177792054	1154
30581105	538
30772326	461
108896687	334
72550762	843
14296178	26
203215019	1122
29500426	317
16173557	167
14114864	53
13727921	46
16112018	111
124228215	762
12117110	57
67559828	748
61441385	400
30832663	205
14091750	248
46096649	739
32589966	223
501746496	3698
14264658	74
16081099	208
77389801	531
124163074	847
13545106	64
30679266	310
30360767	194
13847997	74
130548684	805
127424323	1493
14134076	141
14201018	112
204224553	1598
186967915	1395
31691202	419
30294424	178
109663669	624
30550186	573
14005295	11
124032793	1003
46277963	779
14384133	55
24656284	452
61819923	208
30689173	524
124443450	1009
204166917	1023
30645946	431
125489908	987
17035399	11
14171299	65
14023607	268
78204512	514
78494495	940
14287773	248
13948860	204
94115105	564
36601385	468
61712756	814
105965946	819
14141281	98
78861925	815
14058729	196
30555289	352
124217108	1221
46268356	699
45303551	327
13989086	8
76713777	619
93180618	778
109771137	773
46293873	346
108433497	824
16152844	92
16001549	121
14312088	218
108503740	722
30911312	247
15854757	154
124390317	915
14009799	135
15865263	54
13854000	74
24927054	521
18288986	344
124229116	704
94114804	527
14245447	242
15915095	26
46419351	523
30604220	482
33449707	204
16064588	22
16051680	185
31679495	470
78806691	459
77482859	400
202631752	1492
13794262	199
31771052	114
93265871	307
70273832	274
67585944	484
29919190	619
45894622	339
13778053	293
57959799	934
250049832	1492
82597471	751
14269461	87
61791705	129
16658362	35
13723719	266
296774174	1972
14403946	162
14051824	284
30879793	215
328091641	2296
13417526	76
12947431	12
61728065	338
30498553	430
14333402	133
109630348	262
77472652	448
14072538	167
23018756	471
14011599	31
124335083	730
14075840	42
13967171	86
61952907	582
46250345	200
14172200	182
202245711	1780
15893181	44
14445372	193
45163963	455
74903940	819
16299636	95
77576218	196
63171672	578
77968264	377
140435994	1015
16107215	233
30664257	546
14285372	154
1322030	23
16101812	103
94188050	1020
24377109	124
77354679	365
93174614	587
44941223	324
93098666	302
14088448	174
77535693	289
14271262	130
94077881	767
141141137	1106
46040813	659
78656897	304
14060530	69
30810449	699
30767522	500
61784201	315
109550498	656
14417454	118
13319665	209
124250129	1427
93974015	639
31659081	313
13959967	78
14274265	159
15935508	135
46065129	409
16066990	204
77391002	576
31020581	251
141094307	1007
14081844	36
61589978	659
156395816	1257
93047333	222
45993684	736
108871471	852
171354511	1256
13880416	104
13988484	205
31779157	441
31399119	289
14239743	56
16350368	103
45916836	478
14209123	3
93171312	274
16162450	53
124070616	871
95384902	721
60980896	485
47192337	66
187733397	1235
77489764	533
155235588	1240
14387735	121
17157575	91
16036371	30
108730682	694
13138050	59
16411907	152
14059930	4
13819779	75
35241832	522
125190320	1104
30841068	355
82513419	901
31777056	391
234563106	1587
124933659	897
219013941	1478
30588309	388
13591035	115
14309987	207
30680167	472
93056339	757
62544277	229
14377829	116
124455158	1213
17383617	152
46388431	312
14268261	34
14126872	45
77469351	241
16329054	63
124425139	756
14390137	106
67138963	902
14225333	184
108788019	464
16092806	188
15953518	227
30925421	37
30098401	259
14034414	75
16191868	23
124387616	816
92666094	922
140047550	990
46340401	642
14160193	275
14084545	227
14329199	146
15897084	75
16057384	13
124373807	1215
109881606	1094
54248568	468
47123593	414
31730827	540
218031724	1497
45491468	721
360160781	2564
30297426	238
92704818	991
48302434	472
14283570	211
47378753	283
30793939	376
31023283	524
16212582	80
17494387	370
13978579	46
30681368	674
14245447	67
16246803	271
64402745	209
15006424	310
13682292	149
14041618	290
30864783	486
250277974	1872
30588009	358
93195627	933
77602335	414
109367683	782
77562109	274
358493835	1862
315680648	2006
63109533	375
205519867	1574
110007385	452
30771424	632
13956364	23
93276078	910
14180005	71
94069176	559
336023223	2389
202943348	1297
16006051	3
100411558	317
109524381	382
31518594	468
109767834	929
46247644	544
45019272	478
13827584	68
61965815	35
234472749	1487
13979479	41
13952763	7
77551302	415
31897432	526
155368271	1026
64654003	492
109832075	604
14114564	94
30733600	5
12618124	52
34958754	148
295887117	2024
46206518	706
77218093	319
44934319	221
14285071	210
13952762	205
62872684	719
16160349	101
15332128	130
93035926	536
77433628	378
15864062	13
13894526	146
30719192	365
30805946	381
14099855	42
108637024	968
16302939	21
14022706	221
14164395	11
124392119	1012
13993288	17
94033153	561
61858047	939
375832723	2614
245804265	1694
16014157	139
12955235	82
108366854	621
168470599	1649
46153684	311
13956664	139
14001693	55
30873189	447
62823753	204
77650365	586
104084365	655
13663680	168
218997731	1535
109561004	727
77182071	901
46312485	126
78562337	461
15904589	25
15010626	323
14229236	91
13959667	156
93018516	226
14093851	87
31009774	534
16208379	17
77563310	911
30900806	409
16080799	178
14294077	3
13959667	85
93827824	487
46417250	135
14131675	41
47351136	307
72908287	455
16172356	233
14105258	99
26071373	333
14139180	197
109757027	1436
78415846	51
107628090	621
46237737	255
109830273	648
77505373	441
124281349	1295
46314886	657
123316843	1220
78825602	583
78670405	126
30928123	518
30894202	331
15154417	90
77567512	308
51044056	279
62709081	570
14363720	119
14335803	230
78375620	226
76504545	531
77209388	509
47529149	407
14004995	122
35201607	460
14134377	5
12342251	28
14325597	96
14135577	239
14031712	85
12861277	78
100137186	747
47322618	287
14342708	204
46394136	684
16124926	21
46199013	418
203331792	1321
15238470	10
13997491	124
107473193	615
78527515	576
14159292	263
14013700	280
93357128	1203
14044920	190
30619529	348
16187066	104
139999220	1257
34686784	452
14132275	165
177609539	1398
30903807	432
31883023	605
14134076	114
14678618	141
93152700	537
93868350	826
45158260	517
14465184	121
14228636	242
13991787	73
14427360	107
14016402	75
30619529	535
140797121	1518
29438888	202
30584107	334
124460862	1281
15000120	325
15933706	161
94190151	452
95229103	963
77630551	422
46042014	676
3586652	68
16059786	158
13544205	177
108740590	700
77367887	652
14113664	177
93158404	917
13965670	129
76691562	672
138637865	1135
77475955	1012
15840048	90
14891451	331
13967172	206
14104657	70
14096553	36
78183499	1363
30785834	351
280314537	2011
14387736	123
16179561	44
46772373	458
30250297	400
92899341	599
14149086	97
13947960	15
30610823	366
31819683	404
14024508	156
16389693	101
76385070	652
187742102	1195
10291964	90
17069620	52
15974231	90
77522784	729
30714389	582
14104658	169
14230437	278
96093947	395
14125971	171
14044920	178
31713416	346
93175814	574
236365137	1510
45503476	573
14137378	259
250073546	1832
6423134	132
14014301	182
30606621	655
16124326	149
109642956	996
14231037	119
12515160	34
77267023	406
77563010	714
93077353	312
78104550	703
13000564	31
14036515	311
30704183	612
108902391	584
30819454	465
13800567	226
72613801	676
438576	1
109672074	976
18858743	379
30701181	513
32100359	560
14183907	216
13470359	52
14232538	16
61521536	343
93333714	676
13963569	172
13185781	63
77709802	450
14135577	110
249135757	1782
29931797	442
78446765	1040
92869022	544
357945090	2433
14129273	250
45784152	631
93150899	761
61813319	899
16196672	71
92951573	1026
15149614	329
47266784	624
9563406	203
46307981	762
312441613	2114
30998067	659
16045676	129
30632438	332
77623948	530
46233234	597
106063208	668
16129729	136
77246310	479
108767005	587
13933250	54
124398723	783
108719276	904
60915755	314
78665903	203
78485789	464
142058813	1124
30497653	385
311778797	2027
45159460	509
14305484	3
31631765	332
508219	2
16015058	43
14423458	177
47755191	798
61921687	352
14063832	68
46033609	300
61945102	258
13863607	104
123701084	616
124794671	762
15321622	80
327146047	2408
30627634	391
45524189	768
77372090	173
13738428	183
124457259	816
156450450	1258
46479990	434
124477072	983
12791933	25
31556418	654
46254547	252
14024507	225
14548337	73
57313493	842
68820619	639
93003206	717
124210504	996
14905260	179
73703186	440
12805442	162
214937681	1904
93006508	961
91830969	377
46452072	450
45995185	699
14212125	107
13935651	100
77540796	305
31948164	572
16412507	250
108610308	957
14218729	15
124427541	911
92956977	347
13266831	37
14034714	212
14191712	260
15810329	106
195648167	1084
31410225	456
14048823	133
46454173	748
13912237	47
156602646	1324
155284218	1388
106115140	509
30523769	443
14167697	235
30536077	415
46328695	222
47298003	284
31677393	408
16269317	22
12760714	1
14167097	77
14265558	314
8667343	178
29664329	145
31148161	346
218802008	1480
98119920	598
13904732	118
30449622	298
94822649	615
119617920	1301
149382212	1139
93995629	960
13917340	113
14214527	70
93074051	943
16155245	229
61707352	291
14056327	281
62791033	434
14106459	33
47352337	328
186704350	1151
16069091	4
125569157	892
14009198	55
14075839	55
43662120	690
155485345	1064
16006052	171
115122297	688
14110361	131
31113940	214
16283426	224
31677993	304
14188710	227
21413047	296
15944813	277
109937741	1016
155671762	1604
86830130	567
47250273	146
45398711	324
140037344	890
14094751	145
108626217	772
14261656	297
31865311	481
46000588	903
141048079	1395
77392202	709
30818854	355
14041318	227
250217337	1835
93094163	358
15905789	210
217899941	1385
14001993	44
115446201	821
62907205	528
40973031	553
138462855	1616
439402145	2986
107140285	1152
140025936	1010
14200118	137
30753413	372
16059785	189
30792738	660
63835989	685
14198316	143
77369688	244
14036815	115
311739172	2012
12931221	20
15925901	149
77577119	526
16034569	10
31060806	472
13937452	103
14305484	113
251138015	1628
8158824	23
109821869	962
109806559	591
76748298	881
16123126	23
45811169	525
16193670	108
14299480	246
93170711	493
30586208	641
30680468	345
16103013	28
31312965	406
13831486	24
13910736	116
30456527	341
13978879	87
16351869	150
13747434	285
53555733	392
154041138	1527
30567896	390
157346813	1415
77336668	852
46162090	869
13959667	167
14072537	34
14077941	78
77432428	324
13981280	38
1258090	19
13741730	159
123432416	1004
14184808	47
31853003	663
204209844	1323
16034570	104
14370624	32
14101656	82
77523384	312
16314945	264
77695693	888
13909835	27
47127497	213
2601133	40
170857398	1120
93085458	207
45850494	169
124208703	806
8301713	130
72196240	577
14035314	110
1514451	6
14473289	58
94186249	732
14188711	181
15941511	189
16210481	354
14115765	4
30861781	4
78651794	302
109783144	803
14072537	241
16007853	166
30403393	99
31572627	277
16301137	70
14120868	130
95108128	430
219015742	1487
61906377	915
44888690	295
113084617	876
14100755	81
13694300	7
61663825	530
77468150	612
140128601	1523
78357608	473
118125383	435
14209123	139
78307177	567
31928351	487
14306985	122
30919717	676
61284987	579
13830886	111
47418379	275
14041919	33
233494134	1675
14124770	73
13742030	154
97490123	603
77674079	678
14472088	42
61461198	274
93344820	325
188986083	1256
124255533	1152
16325752	99
17194498	39
30784933	535
30664558	594
30764220	269
93065946	384
131611952	1233
47159316	617
16122525	160
14080342	174
101117902	975
108545467	975
16040873	283
14156590	43
77244209	440
14319592	97
14104358	19
249975384	2244
13902931	124
77522484	606
16394195	53
30671462	403
54040838	704
14193213	295
46326593	491
107868842	813
30728497	319
162361463	1148
14157791	36
62803041	664
30403393	297
77473253	320
108393871	1136
111605288	558
77513779	502
14974604	107
109537889	780
264645297	2155
95380699	863
30620430	386
14165596	191
27152051	472
14337304	201
78514006	577
93856942	801
61470804	508
77320758	1145
14278166	45
62102100	868
16062788	117
84472749	588
31604148	552
13730023	132
244534167	1733
93123281	637
76745596	810
14063832	7
14201319	221
61944501	48
14151187	178
29629808	148
30689773	426
30317540	327
109675976	808
93041630	861
64035314	509
78443162	964
180110109	995
14304283	2
30852776	384
94275705	798
30788235	452
31659082	404
93467898	966
14200718	136
30769323	427
47125095	471
21418451	351
97932601	910
202096517	1641
194877583	1397
14060530	245
93762082	1330
13983982	87
124882926	639
61688740	591
31511389	404
14482595	7
156484373	944
86959210	734
14200718	40
144427601	1208
47410273	357
78254344	641
13841992	27
15812430	222
21734850	394
14116665	4
343694841	2579
202234903	1234
108439800	669
30832363	191
210103745	1415
16316447	110
108554172	687
76463419	521
124317071	1025
31545311	159
14725448	316
13644769	194
47138302	198
56549213	936
77400007	670
48990766	12
13993888	2
93013712	812
141753521	943
16210780	32
16015358	16
45380399	762
15916896	303
108076872	515
30678666	266
123252902	1135
51010435	233
14361920	34
45500774	534
16139335	308
32010903	384
62937525	461
47281493	333
77474454	1085
31709213	341
62923716	560
78676408	951
14122069	2
337958838	2540
14314190	205
14254151	149
30350560	414
62911108	727
14155090	232
14151787	159
14394340	286
46370720	668
30886396	629
29886769	212
14146984	84
188649572	1145
71772373	462
30373975	260
30472137	222
14255953	37
79436486	700
154289694	1109
14101656	225
93472100	499
108625917	913
94199457	905
15727177	2
78184400	235
30826660	38
138903231	1096
62032457	164
171319389	1470
45950157	104
30847672	378
16102712	70
93099566	649
108576085	439
31564222	581
14115764	104
14156590	168
62123114	115
12187053	77
203355808	1351
77104021	814
31750940	519
30724295	682
32058032	428
13933550	131
238071108	1847
29392359	220
14126571	232
13992687	103
13953663	89
77309050	874
31825987	551
31228611	419
108815036	815
16133632	122
124186189	979
80937129	728
92173785	427
13996589	120
78606765	595
30768722	413
79654423	233
16109017	324
16565003	214
125359026	801
14116666	77
14101055	114
30692475	646
16266916	63
30843170	457
14285671	85
47750688	407
31369100	154
14166496	239
14155090	138
108844154	784
46013797	248
110646786	897
26300117	153
64057228	591
78166989	738
63975876	95
13383605	67
13989986	200
187694372	1309
79639714	527
16220386	90
14165296	163
30646846	470
340557570	2668
13981881	29
78801888	706
30407896	429
78616371	224
93213038	616
30521967	366
31722121	402
73268512	441
359543594	2816
13628859	118
14306084	137
47304908	324
29630708	333
184993576	1660
147003218	1236
14288073	104
61581573	292
123169750	801
14692427	41
14140380	259
13527996	107
13250622	48
30730599	626
127284135	1173
14311788	290
205307033	1312
12835761	14
14324996	123
14092050	134
220801564	1277
14090549	199
62496548	155
108760402	869
155580805	1287
16065489	138
13217901	145
30505758	461
108757700	847
25178312	379
14088748	263
108719876	541
94168838	598
14194714	139
94215967	115
91654759	727
14194414	172
14103758	62
217780466	1613
16879000	151
108445204	799
62678462	275
108572784	1215
16248304	56
125448481	1007
14364922	190
30754614	367
235559732	1516
30727897	370
126402181	1070
30947335	393
123543185	967
15970329	319
124442550	957
30745008	423
30501855	187
140377457	1051
93040430	348
61938198	603
78508604	204
15790216	80
241289430	1607
155588609	1496
93592476	722
155273712	1085
30401593	495
47444495	296
14285671	64
78557834	992
13301053	45
16082300	89
14126272	108
31911840	644
45850794	257
16178960	99
14068635	203
266498661	2336
13923043	112
93990226	577
30546583	110
30726696	336
45274132	596
16316147	51
93271875	519
31836794	296
14040117	182
14018503	246
90864363	1001
108586593	1124
77540195	505
77294341	590
14258655	119
14125071	117
14214527	99
16320049	19
14112763	153
171105655	1464
16126428	194
31371802	551
22234063	434
61734669	280
357937285	2579
16356372	157
374718423	3120
110794779	678
46097850	714
11806414	48
61491516	71
93107672	374
125614186	1504
14153889	54
30826359	11
30711087	375
313505182	2193
13953662	93
14305784	257
156354090	1325
219029250	1580
447371249	2989
93342119	937
14056928	150
31678294	484
14025108	55
77662072	116
140790517	917
15141809	321
31616455	410
14188411	81
30749510	502
203359709	1700
16274720	34
80641743	650
14125370	171
14205521	30
217856114	1573
15972731	266
30649548	392
62864279	476
77486762	787
14003495	67
125304391	794
62751408	717
47304007	615
14320193	51
518426	4
94224673	1139
94241183	732
92858815	495
30362868	308
327187174	1901
18113975	373
13964770	197
62132720	350
169940623	1259
30783132	394
139880044	1188
203078433	1020
31028686	341
199356095	1267
109543594	675
13969273	138
96421452	232
13829685	131
93987224	438
16028866	18
77519182	160
47431887	470
122919094	824
109844682	911
472797	2
54951309	680
61937897	392
108476123	686
78407139	192
13783756	126
124429041	474
94238782	886
16040574	138
14120567	26
99837898	791
46293272	693
31749139	541
264635691	1724
14400043	75
77750327	314
14095352	163
13942256	102
151530962	1072
14418655	319
61806715	800
78568041	281
30929324	314
93185120	388
60339093	537
16267216	179
13788860	161
14107360	106
12932722	125
203497797	1474
30365269	553
31291051	441
30129622	431
14195615	302
16184064	268
16974460	150
76978542	330
108437698	997
202278731	1175
78627778	778
14010999	75
15858960	249
31728725	556
108791021	763
93102569	244
46355111	424
124368703	1100
30544482	383
110856318	1130
119606813	828
17132960	162
78534119	386
17308569	32
105109509	935
77529088	372
250262965	1911
108806931	552
47485020	486
61247163	413
61866752	365
95234207	577
61879060	618
16227891	39
202338168	1070
93259867	257
15182334	121
30731200	553
76083981	860
14127772	144
16035770	57
14254151	1
77345373	706
135881233	1138
30802043	357
94027749	338
30832963	573
172246071	1017
14343908	32
94384073	556
103622375	651
16147140	76
108751096	628
15405975	109
30871387	303
13908935	62
30371874	494
77517681	348
14044620	268
15662036	240
111342924	730
85503596	650
14040118	20
186621198	1214
13994188	179
89323795	641
125360527	850
14231638	40
137176547	1278
77372990	573
274926454	2169
15971831	9
14217229	87
14447473	109
30709886	325
108960627	864
92712023	503
77477456	692
94011539	534
31581033	475
83283702	534
15101284	316
125285780	798
30794839	387
13782856	187
47367647	787
77632053	445
60992903	728
46745056	531
92905645	635
14117566	108
125303791	838
47373050	750
13793062	175
109819166	1252
125180113	902
13976478	45
18136790	259
125311595	1245
124553019	1050
61984126	141
15809729	138
94096493	401
126268296	997
46259652	702
91615135	594
31850602	344
30651349	387
14171300	34
16146841	211
92783168	453
70737023	304
14263158	93
19215967	123
32518222	434
30622231	372
30652249	187
14237641	4
36945402	559
62996061	582
78178396	796
14177003	231
125322102	878
31543809	485
13984582	125
31880321	491
30092698	262
14040118	269
16203876	100
46962693	500
14357116	172
14080643	178
13950961	70
77607137	618
46925469	330
94302122	838
14333401	109
30760918	235
138649572	992
311130990	2213
94064673	754
30694577	528
104332021	869
110675904	695
14343908	293
13993588	223
171057324	1068
16224889	147
30726697	466
140917196	975
14288973	184
31741033	474
30564295	485
78461174	421
75423566	674
13746233	22
14033213	170
15887778	116
30718291	439
63077413	229
13247919	223
14411450	89
77544098	259
30684670	279
14161093	100
31782459	390
79812623	763
30672062	420
62895198	371
31599645	313
30769924	418
45217396	510
14298280	254
16498060	119
108637024	456
46296274	126
30894802	357
6412027	128
61907277	737
14081543	202
15667739	208
108127304	645
156292552	971
14056928	30
12890995	68
73211477	166
30644745	378
15751192	51
31680395	547
14060530	56
61797709	204
14100155	5
108816537	877
123571703	836
91921326	683
14410249	178
90579184	657
31727224	688
77456743	413
16047778	167
61790805	997
62927018	911
16202375	102
45757435	372
77164359	239
13713512	35
30844971	644
16013556	126
30903507	395
14333702	191
77768939	419
44941523	699
16149241	36
16138134	75
14329499	251
14217228	215
15018732	67
92876827	878
30050071	216
31375404	510
63121540	504
31590939	359
46259652	353
14231937	137
45451544	580
77186273	679
16073594	202
78358209	306
93492814	629
30462830	439
110862021	795
319360958	2534
30880693	389
15987740	27
13977678	88
31896531	109
113161465	629
62990658	316
14272463	299
127493066	818
14029910	90
108797324	857
31510789	361
14118166	76
14046421	88
13725520	82
109810160	744
14346310	40
77384397	569
46330496	232
77490364	479
13791861	49
93142494	388
79686844	606
93297391	754
108826743	931
47182731	363
15946014	311
16058885	68
16213783	143
6536005	137
99948368	1139
61893469	497
14198016	156
62838763	733
13866008	24
93153600	919
94117506	658
16223389	38
93969813	829
93147297	1130
30432512	424
77298543	654
16017759	69
30560092	342
172199842	968
155416001	1143
14219029	52
101350247	652
123975456	1237
14376028	162
140719071	1230
125330208	1457
93054839	1135
50276474	607
30305532	297
30333449	281
16118622	345
29986132	186
16036371	25
94165536	1027
30645045	318
1265295	15
139983009	768
14122969	18
331072814	2112
63896627	392
16137534	107
16084101	236
13999592	234
172286596	1309
30789736	347
14155390	21
47322018	195
63950962	665
13609947	34
30670561	356
45324864	269
13969873	112
14033513	15
31250525	250
30591612	621
16126127	88
14042218	2
78847216	393
14169198	103
14021205	10
30739905	102
61347726	298
109601530	669
234461642	1452
14082144	119
30417202	545
61909980	383
110140969	580
16007553	312
14222031	27
125377938	1672
102662673	349
16881101	114
156534504	1164
16310743	52
14487098	200
14519218	134
15948416	341
16127328	128
108409782	751
109667571	470
104569770	939
14170099	14
20992183	253
47031436	216
77389200	409
185237629	1648
60231325	361
72562169	193
97269485	662
46390833	260
110536917	843
231955368	1929
45058897	385
47338229	156
14126571	18
30497352	78
13590435	146
139781583	1216
14300681	47
14113964	68
139890852	1147
14262557	117
30237089	479
30941632	434
61787503	31
15573781	335
15025636	319
236417971	1771
109749522	770
69799834	703
61639210	668
13999892	226
92989097	507
31821484	530
16536785	194
93338516	610
14192913	19
20918336	129
94187149	284
14092050	111
16148641	176
14029911	91
93708949	751
94343248	797
14859332	170
2189275	25
13878016	62
93161706	614
5297427	108
14142782	215
109777440	256
92556526	676
30800843	599
139956592	811
16366278	102
14409950	46
30891800	455
14031412	75
13915839	4
499850506	3617
15462411	332
368632	1
93267973	562
13751936	147
187826455	1848
14231337	63
14120568	156
200579664	1295
62181050	423
13936252	77
14170099	37
14222032	200
31631764	308
13349983	285
61823826	850
3613069	70
93874653	475
14956292	113
30573000	473
16151043	195
71891247	475
30629735	400
61973019	147
62700976	854
46335599	378
30973151	92
46242841	716
16148642	70
94199458	568
234401304	1369
13909535	217
45125539	322
16308642	238
77454642	501
124321274	807
71838414	837
42679903	435
124121948	827
93054538	424
205219077	1775
14167698	65
140922300	510
139873141	854
16016859	150
93989025	695
234725208	1535
14256553	157
13968673	253
30724595	479
124907241	902
14120567	24
126221167	881
78587553	828
218171612	1452
15988941	166
61986828	591
14021206	289
155162943	1219
30932325	392
77273027	528
14112763	16
45439236	651
108550270	946
14408748	215
30697878	428
30720693	353
2855994	5
30795440	484
14353214	129
14370024	108
16145339	53
31140657	368
14167997	177
14304283	171
234537590	1435
66118923	534
10664197	38
31471164	497
11124386	51
30309434	322
33931509	574
16081099	114
69249889	524
92600653	761
124205401	731
14103156	90
235424647	1731
14052425	50
78486090	424
140138807	1159
14393139	149
32026513	295
45212293	681
14196216	21
30720093	464
217895738	1493
139795392	1976
110566636	607
16250405	132
14225934	112
16210780	284
30747710	439
199613957	1281
103200610	713
31614654	412
141014457	884
14286272	225
13972275	69
31257130	234
29423878	218
14214227	220
16403201	266
108662240	489
44921410	535
124551819	925
30529473	403
95232706	937
14207022	143
14125071	166
14022406	178
16286428	89
15934607	192
139408449	1109
109811361	682
18414164	30
78147476	600
46249444	556
46574549	363
156479869	1180
31267936	668
60113051	186
30632437	376
30744407	479
124583038	920
78531718	713
14111262	145
16153445	346
30873788	471
77682485	709
466814459	3744
108527455	611
30929924	388
78472580	263
30736603	355
155282717	1396
15907890	28
13167769	29
30115212	443
85393127	774
14146084	73
25837826	293
16101812	327
30723094	250
62457823	496
14426460	135
30600918	316
47549561	259
437504353	3454
14245446	66
13808371	95
46078937	119
14249349	184
61888065	141
139973404	1045
108614209	853
14331601	294
184030271	1374
30627934	472
46071733	170
77679182	346
124518497	1256
13975577	240
124154969	819
14012500	3
61672230	125
20610943	314
139257454	1326
14199817	183
31903135	420
29866356	321
14308786	53
123807051	793
180398591	985
95025576	524
30768723	523
14043119	7
77456443	262
14784885	197
78848717	451
76953627	576
15768903	51
47367647	798
18456791	101
14304583	137
61874857	284
14069236	111
46045917	49
62763716	452
30567596	413
13770848	263
14216929	231
14113964	85
233390570	1604
14450475	150
16197872	66
44837058	423
92494387	428
16052581	281
124995498	756
37689569	145
78417647	630
234548697	1853
14131975	36
16015658	31
16075696	46
61867353	317
13734526	201
77233103	854
23067086	176
953615770	7109
107872744	733
14106459	126
97925397	1000
93068647	822
171264454	1034
14011599	177
142698515	1412
14094151	288
16311043	240
30432812	323
14170999	164
142663393	1212
250861542	1861
93003206	732
61825927	219
31885725	194
14040717	5
63035086	358
14499105	238
14980608	325
14198917	213
109763332	600
13984283	31
30883094	410
14247247	164
62738200	231
10407535	103
156065909	1069
77538094	397
623489451	4802
93168010	594
124391818	1155
16111418	234
155420204	1454
47249973	178
14109160	138
95068503	856
108709069	516
290998547	2370
71768470	105
47315414	639
14011299	101
187742402	1175
16113219	76
47601193	479
13203492	66
61753581	744
23234291	433
218863246	1492
373992568	3069
14332801	323
13595839	170
14992615	328
9933238	34
14428562	95
410934066	3027
29433485	294
74428441	603
14077041	71
6742234	147
31653678	614
78591455	117
93964110	806
16148341	9
124432944	1340
232248953	1719
30573300	338
14236440	75
139788787	1190
77421020	492
77133740	53
14095953	183
189252650	1126
77482259	402
15985639	83
14290774	16
14801695	184
93821820	227
7927678	162
13870211	148
14363420	200
31738331	487
77689989	343
14176103	249
14118466	157
14259855	128
16166653	46
31896831	367
16049879	9
92994500	420
13841392	56
14267960	193
63008669	396
202419820	1583
15981737	335
16318548	214
250327506	2133
22259879	275
30511161	336
14501507	136
31603847	379
16220387	306
141056784	1103
47038040	692
13556513	85
62789232	80
109423819	652
62937225	320
31654579	446
93026020	687
13700905	51
108760402	651
30637240	183
14039217	114
94076681	157
6533603	138
14270962	98
14324095	110
13978879	117
15995545	51
62833060	316
14323495	11
137953135	1203
16088303	315
93465196	545
14216028	117
93282682	704
92990298	1147
155957241	1188
61619397	134
16216784	54
30576002	228
63109833	643
45460549	564
31554316	503
14869838	157
30452624	196
262200862	1916
32082347	412
124392118	933
13939854	214
46399539	774
1534251510	11511
31757243	263
93361030	1072
21231133	202
45249516	116
30065681	342
331959571	2344
16178060	97
61767990	254
29517237	195
14158692	154
16131831	135
63748934	367
30817654	418
47271587	121
31712816	283
14188410	41
282350416	2528
14334302	78
47037740	309
218913678	1689
13707509	252
108731283	688
31711915	297
210401533	1386
219588802	1474
233701864	1457
30563994	519
31896531	320
77864399	606
14078542	131
30648647	383
15055054	102
45850794	720
14132276	209
124200598	914
30837766	337
78521211	577
62347355	44
14275765	177
28650893	317
13344581	100
126350248	847
28975997	314
61388552	170
77524886	284
61561461	634
45254619	369
108682652	777
110564235	998
15366650	247
95253720	770
30067483	241
139861433	1225
16111118	291
47311211	403
75052833	362
13434036	25
75241952	395
13958766	220
15973632	217
14198317	170
438612048	3607
31956268	595
30922719	419
76500943	660
108836649	726
13599140	88
14296778	89
63082516	374
16175058	185
13898128	225
16140536	20
156511990	1400
78476784	603
14065633	288
14197716	199
30887297	352
14447173	194
16128228	288
32007601	477
61975120	372
15855658	199
94040658	416
14005595	13
77428525	474
57302986	676
13819779	148
45383401	143
15023535	331
46144979	327
14224133	79
30807747	420
14127472	162
91338661	604
60493089	365
13899029	90
14195314	259
14116365	18
172316014	1088
47132899	306
31738031	361
13797865	216
157516120	1442
93190224	675
15002222	336
47533951	521
107153793	735
30787935	543
77474754	300
30721593	405
16297535	206
162809344	1085
93132287	552
31601746	167
68847036	347
76590098	625
140810929	1130
16053181	331
61957710	161
15247776	231
23051776	205
16238398	85
211216544	1721
14243345	228
70737323	773
4442489	75
14084245	262
141094608	1006
14974304	98
123947539	773
110471476	921
13933550	121
13600942	41
14249949	178
109692487	794
31762346	382
126493438	890
61393956	69
16392694	74
61952606	475
31878820	176
29388756	392
13867808	47
108360850	960
47222656	357
61547652	319
14044320	288
187839963	1367
93071349	515
77509876	519
77670777	474
91945642	735
14387735	156
61997034	490
14076440	172
14799294	93
16108416	91
54365342	631
15795920	318
14292576	190
108625017	476
46261753	238
15560272	138
223619433	1054
188773850	1252
112693171	745
16334458	58
16305640	155
16161550	20
30723695	155
109331961	860
13124843	59
140091677	1034
90180533	799
93074051	804
15938809	140
124541012	1133
14169799	197
30721593	466
13473661	71
15216256	8
14925373	329
13981581	186
14047022	84
77435129	360
94097693	201
14194714	76
24085926	502
16344965	37
77580720	87
16211381	23
16177459	284
16137835	136
31826287	565
93053938	916
108823141	768
14082444	125
14308486	58
61988328	419
30604219	497
124341086	1074
47028434	495
122696654	539
78610667	229
93779793	942
30835965	615
77519182	844
46334398	504
109811061	589
31947563	408
14289574	307
61979623	358
124294857	898
14499706	76
16142337	65
250019212	2048
108597700	863
62844767	663
62930321	196
109677177	820
14371225	227
249371405	1588
14014301	126
175037523	1096
14326197	53
20782952	449
77462147	543
31692403	59
533861865	4117
16411306	110
92917052	533
62708181	374
14128072	234
14134076	179
52920834	167
14190211	83
188930848	1196
14009799	157
93187822	519
108898488	493
14592163	294
31862309	456
125192721	1108
213502479	1255
16406803	121
142290859	1303
93859944	1071
94242684	256
108413083	690
14823909	280
77665373	575
30809849	398
30670862	314
94276005	589
13995390	2
15964626	66
46286668	278
12708481	96
84431323	902
468584071	3280
14252351	75
30570298	387
108750195	831
13297751	77
52038280	505
4494122	74
1613214	23
13995990	110
16564703	158
77796556	1186
234489259	2019
14104057	245
125238650	597
203262449	1750
77657569	440
14209724	8
15031940	337
30645945	329
218891764	1244
93712852	685
14108560	144
77626950	608
16060086	36
31455254	504
120634359	908
91879600	559
60669301	989
94399683	629
47501230	391
93159304	589
109452936	1051
14010999	98
14472389	99
31599945	391
15980535	278
108566780	595
15757495	288
62933021	389
4199338	73
326640530	2270
30823057	380
45550005	400
83818038	820
342551722	2695
13978279	30
8807231	77
63017675	274
140234267	984
78486389	565
114632089	385
16256709	60
15270890	9
16193370	308
233398074	1428
16133632	106
14099254	21
61999435	161
46228131	572
14170399	240
16247403	280
78417346	954
13798165	226
14202520	141
93016415	187
30576902	568
14152387	19
74275645	1243
108563177	612
60624572	784
13930548	200
13968372	75
13831486	116
31854205	86
30576602	422
109846784	1035
61674932	312
30869286	409
78522712	407
62204765	509
46064828	219
93252062	1049
109679278	782
123751817	711
60779470	755
108508843	544
15784213	129
13536101	84
63102028	622
90395768	732
14265558	68
124335383	1155
99963377	536
29223052	67
93050335	522
78605264	512
124127953	1128
14024808	73
16252506	9
16165752	264
16311943	46
108502239	1024
14202519	40
30692175	404
77535693	184
30809848	339
30928123	196
15640122	240
30686471	539
77756932	328
2628751	52
15000721	137
171947983	1421
78713031	868
16245602	303
29514835	261
16062487	150
63168070	411
15163423	123
93099866	822
233490232	1627
77502071	501
46468282	544
61783300	378
77374791	847
61234855	202
14463383	132
14279968	145
14079742	32
47113988	239
30871988	310
30735102	212
93905272	435
62945029	516
62783528	493
124549116	776
15795920	125
31034390	359
16372282	178
89779481	229
326762106	3213
124353995	852
31804674	22
215513442	1922
30125118	355
327129837	2310
47438191	273
218995929	1892
14719744	137
31035290	449
14134677	153
62848068	669
61804313	107
14201619	135
108498337	539
77479857	495
209213086	1459
56342683	421
378334194	2653
29924293	199
108707268	503
14425860	176
45981077	648
14341506	304
9801155	123
108738487	996
24468366	164
14252350	47
46093947	317
14313889	87
74438047	970
30444520	436
31596042	438
16001549	273
61964014	75
46437363	160
12557186	3
124066714	614
105162342	621
14223232	38
78348303	75
414161993	3067
225762479	2131
16556597	134
14112463	97
16079898	55
16042375	88
16071493	90
77885112	405
45670681	458
31870115	308
5538478	110
359157551	2522
13328070	114
13912537	20
14316591	257
46259651	803
93434878	524
155517465	1174
78374119	445
109606333	818
92221515	847
140171828	1129
140039744	1416
14090549	116
13055499	12
14163495	101
47100779	294
108857663	1080
79126091	368
46094247	778
47375452	423
293167109	2369
61847240	269
13205593	160
14049723	125
31663285	596
14310587	6
14186009	323
14302783	31
16152244	179
108793122	909
13887622	38
14246047	113
124798574	832
16213782	26
15961924	123
202566312	1303
109508772	590
407803100	2883
3427252	71
30625233	527
45222500	188
30427108	572
139743759	1153
47358641	844
108877475	559
30694876	73
109819767	709
14249349	8
77523384	462
14190812	57
114892953	707
30885796	656
77227099	368
48943336	64
77405711	612
14167998	242
79108080	508
78689617	758
108745992	583
92805082	507
31899533	141
14083345	15
14072237	45
61899173	182
16208078	74
31057504	360
14164996	274
13724619	139
14007697	236
16432319	247
16445227	309
109802356	842
13760942	2
47172224	164
14252951	202
30756115	365
125428669	1129
15145712	62
77457043	577
77316855	1048
13703005	73
136421573	1268
139938882	1517
108585692	449
46249445	73
15990442	101
196976801	1574
16264214	52
14716742	329
109711098	814
108941115	584
14978806	219
14160493	30
186613393	1648
110308173	706
78706428	512
14076139	18
14051825	230
187780226	1649
78748454	940
14180306	187
77316555	597
30865083	416
14225334	51
109471548	595
139478393	1142
99500186	578
137055270	998
108549669	758
46374923	401
93128085	1076
108891584	1100
202375992	1825
29952811	310
62758312	568
14249649	160
14080342	60
14277566	117
14242144	287
31737131	69
16246803	275
14048522	60
77475955	607
125490808	894
124227915	1000
14384734	17
13744732	20
203289165	1412
13924244	44
45606741	472
15747589	118
124172681	1119
61849942	517
31793866	451
16690181	161
14093851	39
30579904	504
32113567	568
13792762	41
30573901	247
203254644	986
14316290	43
16256109	36
16354871	165
124368704	850
62210468	31
61763787	359
2514379	45
47012224	519
78412243	342
16184964	119
15433593	66
14035014	82
14797493	179
124393319	789
94053866	910
515124	6
94648539	978
16056184	150
14120267	12
14256253	159
16295434	110
31697506	415
123759321	744
31692403	157
31484072	505
14233739	133
262540075	2232
13752537	165
71909860	723
16140836	175
16210480	182
124373807	940
14320493	43
25327205	241
13908935	102
249291556	1844
77719408	547
16335959	91
15707665	179
14041618	109
203096145	1290
45546103	404
61935195	177
47428285	319
14158391	172
14128072	42
108818638	687
31663285	375
84281829	1012
108733385	439
77584323	80
16140537	103
87384577	827
15082372	326
30842569	638
45921338	445
14242744	38
14260756	99
61799510	783
30092698	461
14176102	107
315529653	2183
30732700	686
14261657	12
14192914	111
14311187	125
29915287	365
14222932	92
31732028	549
77416217	973
93134988	677
242456563	2006
16106915	241
14095652	231
15998848	78
108729182	554
97058453	743
92925157	484
62835161	216
20106026	128
14398242	91
124696809	970
16017759	212
14275165	29
20052293	103
40601998	786
12016246	4
201910399	1769
16007853	164
16248304	312
397545059	3422
111737371	1086
62046565	588
124415533	1122
92740241	337
308696762	2137
92478777	291
139808299	1497
29737575	229
30500655	440
18012211	358
31035890	560
62987356	591
26336439	282
14038016	49
233685954	1630
78612468	238
140793218	874
14063232	47
94204261	358
14478993	58
30772025	364
92896639	771
47152711	38
14306384	261
62846568	420
14189311	60
62923116	326
77405411	358
14302182	298
75006604	227
77454942	452
218287184	1804
94087487	1032
14239442	172
14032312	37
30362868	554
432402649	2942
92977390	570
30751312	374
202946650	1349
124457259	1018
107558446	742
19046361	437
14396141	301
44869478	617
219408989	1204
30709285	394
14410249	166
93048534	742
124160373	1113
14744359	256
108557174	456
42383317	546
13994188	208
14185109	49
16001549	61
156556117	1288
14167097	260
15663236	343
14230137	59
203514907	1209
14166797	152
16087403	293
155418103	1446
108663741	839
108588994	571
30731199	167
48510465	429
62555385	730
31861109	404
15842149	118
13288745	21
13440340	168
30601818	58
14087247	61
93924785	598
46250946	195
95093118	459
78310779	506
14147285	33
30628234	286
14064132	52
127963461	1173
26123606	353
354736975	2624
124480974	879
77422522	343
76958430	520
203494495	1810
108813534	867
31784561	402
16175658	253
61906077	149
16288829	14
1184844	11
16502564	87
52480457	226
203435057	1545
13890924	210
31487674	412
15118995	336
93039829	454
14076440	71
202290438	1245
14024207	233
77438732	389
77531790	219
30705984	271
15775507	209
46406443	368
108849857	657
61635006	760
14455878	96
14329499	55
125377937	745
93135589	757
12946831	4
14015802	228
14161694	163
15853857	8
69736494	661
16169354	350
266491156	1751
46336800	461
16107216	313
45571619	417
93821520	595
30461930	276
45638862	748
14061131	27
29503128	259
92738740	925
30921819	356
16158547	163
14099254	141
44921711	514
13815576	73
233428093	1453
155458928	1091
13991186	126
14146684	271
94167937	558
16119524	219
15601697	79
16135133	71
61883863	501
13901730	222
45181674	355
62923716	327
77509876	317
14131975	103
61978723	517
13995089	223
139762971	1012
78541324	524
14318092	79
280385982	1825
14984810	17
14381131	92
124372005	977
13724318	274
14083044	104
61330316	698
61951406	451
77554304	685
14101956	294
250021613	1345
62015645	188
14078842	66
16351869	257
30814952	212
14234639	67
31170075	469
14216929	180
13981581	103
14137979	72
16116821	210
14070736	81
14202819	311
8654435	54
10890239	166
169172740	1041
200679326	1402
29659226	510
10790276	117
18659118	152
215487026	1432
111630804	800
8392370	41
109290535	818
120569217	878
14039516	43
43923884	650
61708253	239
93179717	249
108700063	775
31755143	179
94221971	915
14090549	227
16194870	30
14515616	165
14770176	51
16198172	38
14355315	46
13774450	149
140004622	1077
16625040	110
60651590	673
358328130	2721
125342815	497
57586964	432
47303106	678
63090621	351
16010254	69
31671090	389
16196371	72
12610319	94
47406672	95
103465676	722
93131687	441
14438167	213
14172500	125
109428921	878
124263037	875
13620454	139
15895583	161
13815276	15
140151716	1568
578613069	4818
46396237	218
15784512	295
16299936	179
13989086	86
17512698	182
47119391	631
95275934	464
16029766	82
108109293	769
14247248	145
14319292	195
13903831	70
14306385	63
14230137	252
138083417	1052
78512206	165
16386391	175
108585392	612
14237641	237
14286272	204
139767775	905
30547784	217
46316387	686
77537194	260
14022406	213
94031952	273
45946854	473
217859416	1678
61338421	122
94083885	729
110977594	880
16180161	350
16050780	353
127492765	840
75896663	675
47150610	544
61866752	565
46213122	404
30473638	592
14343608	28
14203119	35
13782556	174
109663669	823
29956112	371
14297078	252
110012187	885
14015201	162
14155390	86
14239742	95
63006869	446
94331841	474
77429725	376
14012200	45
14024207	34
124424839	1131
78634082	132
14186609	270
13826383	40
30633338	413
108835749	627
14090549	276
13902331	79
16392695	275
14695729	124
46338601	60
14041318	19
30959642	479
15466013	249
29034233	204
13924545	203
94114204	1207
28341398	457
77059593	123
45574621	530
13734225	96
13816777	128
46111357	409
108661940	820
16051680	235
44994356	772
109864495	798
359995077	3069
31787262	399
70709406	640
30257202	541
77084509	305
109603031	953
14091149	22
94002834	558
30539979	507
14254752	153
15853856	209
14426760	73
14173701	242
218924184	1510
61752681	235
124272944	844
93128685	585
14387736	70
13978879	156
47167721	482
77707401	315
93000804	254
93863547	897
46530121	168
16181962	294
30335851	190
16309242	56
30785533	556
45433532	412
16888006	23
78401736	45
110718831	380
42577839	445
93105270	1037
715349	10
77246311	364
14204621	95
93768987	562
77574717	296
218832026	1079
14000192	139
15870667	34
45837286	325
139025108	867
61704950	206
14312989	71
13171372	46
30727597	589
30162942	380
13985482	100
46318788	404
14223532	103
14583759	211
14184208	6
14163795	28
61947803	87
174008177	1207
77522184	179
99598948	513
14165897	181
30865383	166
46266555	562
46303178	149
109705996	1043
30588310	379
14174302	129
33729782	544
124877222	987
62042963	1071
14152688	229
14993216	306
124164275	762
61791105	839
140106387	1386
94128612	448
31412327	487
14308785	13
14290475	317
14096553	89
15828341	39
77457943	504
30337952	355
14125971	53
94151728	684
124363900	1082
13246419	38
77491264	330
14185708	115
7415557	86
108774510	775
124206002	828
13690098	233
15975132	17
61874557	163
13963869	75
123993468	1050
93710751	1118
14082144	81
70044488	892
142165980	892
16038172	16
16176558	35
171722542	1097
16200574	160
98950541	1252
131618557	1319
14710738	75
94246887	874
44903700	663
12882890	11
203268153	1878
60734141	703
13835088	267
16299036	39
156353490	1453
62030055	85
28709429	644
14213626	193
109340066	587
109672074	1003
30708985	409
61221647	459
77487062	707
45440436	501
47394664	278
61878759	506
32754169	610
47156314	621
14053026	22
94322235	762
3375019	69
31045797	360
13936852	32
14093551	187
109667871	597
31652178	172
108364452	793
109600329	941
14040418	107
47407872	570
30187558	649
108798225	574
30665158	406
14303983	139
77670177	446
77444135	355
16416710	268
14014000	64
102796857	531
30370672	524
93040429	919
205388684	1624
14907061	254
78714533	878
93030223	908
16189467	120
77578619	371
16260611	119
30298327	118
16102712	66
30782831	444
108962128	742
16171155	119
109887309	976
110774666	646
15906990	6
62555685	219
30444219	330
14163795	265
14189911	10
124424539	1143
77703198	823
93339717	876
203145976	1369
16370181	95
124385814	1484
109795452	638
15936709	307
93117277	428
108606705	468
13976477	137
14406948	131
73509564	467
218937393	1711
108800327	883
14006196	146
93311800	466
30720393	390
14361019	27
77285035	498
14128373	26
30392887	501
94218970	702
16296034	113
108924905	796
16415209	115
14053025	67
16386991	285
108713272	989
13976477	120
14169198	165
156396417	1088
14104357	114
13989986	84
13710210	153
61931293	213
78690218	180
171944681	1100
14180905	155
14998919	315
62099698	922
93288686	201
155321442	1252
94148725	581
15952918	32
15801924	78
14065633	221
13947359	57
139881845	1007
14159292	47
14800195	128
66032168	147
13897828	47
78682712	376
77631152	719
13857902	304
109611135	749
108697362	851
29857951	223
16301137	130
13798166	107
30598816	481
30440016	173
14264958	100
37892796	808
183070268	1852
13945557	74
45950156	685
93164707	380
139943084	891
16220987	214
30736002	337
16021362	31
14025708	71
15359446	107
14260455	262
16186466	25
95957361	1051
46425955	140
108660439	673
28889843	253
184783444	1012
31642871	558
30661555	355
94712179	525
14378129	273
14298280	268
202166460	1297
16238098	92
108111094	831
108352445	1059
30720692	406
235387123	1699
46712635	441
45147153	564
16074195	29
31874317	344
14173701	252
14146984	19
77289237	724
76231674	583
30353863	490
31560920	372
16061586	58
16260011	60
14002294	44
61891968	18
538680191	3736
76894790	383
109736014	687
94363660	787
16144138	29
13930248	142
4712960	85
93249360	677
14154189	230
31474166	463
281357093	2015
92976189	514
108439500	839
14117866	24
13384806	255
61954108	120
61644313	492
30791537	385
17008982	384
109588021	1013
234761230	1673
13769047	138
14180005	189
30694276	475
30689173	433
30738704	424
13918241	36
45541900	380
95060398	781
14378430	120
108696161	755
13848597	39
30491048	502
108581189	686
62593809	585
46286368	519
47548661	751
30399491	331
15923200	93
93294990	722
93040730	700
13988785	247
14282669	289
14254452	178
13192985	7
30465233	359
14718844	101
93095063	423
30779830	510
31666887	112
13854300	266
14069835	191
91784141	243
16141737	80
13896627	169
55787935	203
406175178	3233
61986828	12
124455759	910
14426160	296
14217228	170
35551626	544
30813751	374
31823285	487
46076236	722
108541864	1073
16420912	236
16142337	259
13819179	211
15577983	9
92960879	890
77143646	493
250972010	2105
30777428	173
31440544	47
235285659	1777
77539295	266
124641575	724
15860160	67
30675064	189
92975889	624
14290774	259
14132876	86
6455554	133
26675052	559
25565255	547
254519938	2124
16368079	334
7688429	143
61512230	628
130080391	814
14207322	288
13816476	150
45840888	516
105669661	863
19931016	417
11617896	218
45661976	741
47465208	585
30697578	364
94982649	782
77810365	456
17929960	355
94585200	504
201854264	1467
14328298	285
30210972	340
77245410	786
61979624	521
13790361	170
92655588	167
14165896	267
78355207	184
249610655	174
16068491	227
78381924	394
14222332	200
124805779	1283
78522112	701
13556513	68
92850710	677
13915839	259
124358197	1012
204134196	1407
93739868	598
30645645	325
77372690	541
123682473	934
30645945	455
