28
51
555
21
336
116
15
31
9
33
37
760
36
22
43
81
23
395
21
223
1127
30
270
389
20
96
328
219
345
137
5
33
52
203
137
212
36
31
16
31
32
705
1
281
23
82
647
108
89
298
20
458
18
1
226
73
21
6
25
32
329
43
25
73
190
89
139
19
525
282
164
73
32
381
279
755
213
31
99
15
6
41
763
34
206
159
526
43
38
22
714
489
6
580
591
146
233
1
86
76
102
11
32
276
41
48
152
45
57
108
42
65
37
94
700
448
152
1254
89
39
21
5
127
174
255
20
353
39
241
2
260
88
132
229
27
36
467
13
70
40
19
32
82
168
246
453
519
153
534
147
118
284
155
108
157
591
90
36
31
896
73
276
53
32
36
101
45
479
133
91
404
273
519
327
29
24
99
85
62
107
267
267
63
30
30
964
49
641
33
218
508
76
33
82
36
26
80
520
214
82
209
22
336
394
42
278
1312
28
24
45
1
42
87
961
232
16
216
218
90
510
485
50
397
70
22
346
150
706
146
210
335
216
137
208
458
30
28
160
75
79
13
202
139
76
899
103
299
29
26
25
644
284
93
133
88
22
14
93
275
541
395
697
37
32
35
442
20
30
42
234
144
21
71
279
33
76
207
26
371
46
96
321
54
92
703
27
77
234
39
230
392
34
47
148
3
9
279
520
22
88
265
330
396
275
78
389
37
279
418
43
84
94
244
86
211
15
19
154
13
133
52
41
12
36
69
50
461
34
114
389
32
114
114
11
1
60
99
689
216
90
19
100
24
10
84
396
9
137
70
245
154
136
336
467
30
36
196
37
832
46
290
100
16
151
76
117
214
334
151
10
45
110
58
30
84
200
94
340
163
4
99
101
35
2
83
134
509
22
139
15
338
85
45
87
9
28
53
68
90
405
378
23
73
760
656
37
6
274
283
158
142
16
37
210
149
21
91
29
28
145
338
214
320
333
100
1
464
9
94
47
354
10
261
33
86
135
405
330
756
251
14
27
163
42
322
14
164
234
24
699
159
15
3
272
77
149
705
8
35
274
29
220
569
55
224
41
159
257
273
205
18
348
274
141
80
86
455
218
410
87
155
236
577
157
337
150
881
44
155
407
454
37
10
1246
8
514
350
39
168
659
392
5
21
28
90
11
28
94
17
426
448
28
273
317
79
256
39
16
32
14
220
470
35
276
275
11
176
4
29
25
83
576
212
52
326
218
28
290
706
95
686
31
222
82
170
408
16
50
3
106
83
212
24
99
37
5
33
136
107
332
391
104
20
47
405
351
13
54
347
75
32
34
68
33
1
27
50
156
319
17
24
135
153
37
6
34
18
23
94
581
46
20
170
10
160
173
94
84
777
10
274
134
638
8
94
39
142
762
275
35
271
33
145
18
218
240
104
90
195
27
83
103
693
85
32
8
54
761
42
196
271
9
43
322
700
54
34
751
269
349
157
103
67
268
271
85
209
70
79
124
21
19
91
211
98
215
42
136
37
575
22
36
104
746
799
10
142
216
3
27
393
42
86
258
73
29
108
35
33
54
556
71
22
87
28
93
643
11
386
28
88
722
31
708
164
101
179
410
23
38
265
158
535
4
474
142
30
277
263
52
29
6
169
91
121
405
276
218
32
132
141
740
342
43
27
346
99
26
77
88
5
200
210
91
346
157
8
94
52
85
214
138
273
83
37
14
24
19
45
140
147
4
195
161
79
57
84
73
156
638
89
4
505
30
39
78
89
2
16
95
103
263
31
221
417
73
110
638
648
99
213
390
21
41
448
22
31
48
140
99
1
108
83
1
212
229
153
6
151
2
42
19
76
100
9
93
300
220
19
49
27
123
47
49
145
214
80
38
26
5
95
37
81
386
205
89
31
267
222
343
107
272
76
146
365
277
271
128
46
145
281
11
66
193
78
20
746
524
18
641
9
31
26
10
7
35
103
153
31
6
13
16
167
144
53
147
95
18
170
218
202
33
52
95
213
154
148
163
142
273
506
23
8
167
220
107
282
99
87
23
145
741
45
25
37
178
11
18
24
459
1
105
155
23
25
164
46
50
41
441
157
38
36
544
26
170
25
17
22
10
30
26
47
18
29
35
55
334
73
75
24
220
381
23
32
315
335
23
16
33
60
43
85
6
20
15
18
21
5
521
637
104
418
351
625
394
172
1
14
23
20
1
458
45
624
404
90
580
419
763
52
167
86
91
271
268
90
12
28
149
269
40
4
324
36
83
25
514
82
398
575
205
151
84
209
46
57
206
10
91
331
269
56
529
302
13
571
278
345
31
318
78
21
90
211
141
52
94
388
104
385
42
22
226
44
222
88
115
220
887
105
88
33
96
58
162
11
31
21
19
89
196
94
33
152
36
32
36
517
85
21
88
24
3
335
27
283
156
328
217
289
227
495
138
152
35
112
6
559
53
57
29
38
3
13
161
389
23
41
60
4
113
146
47
100
111
43
156
154
29
234
31
47
680
157
707
77
26
331
33
14
139
345
56
192
33
22
282
26
218
105
70
45
17
270
140
231
46
290
403
517
71
18
472
3
14
109
271
58
225
47
23
28
47
265
174
274
142
215
27
43
971
142
133
30
497
92
106
200
149
94
209
49
25
27
298
136
395
141
4
395
147
138
31
16
161
31
687
11
24
48
390
88
170
36
75
17
73
23
22
57
335
520
50
29
34
566
37
30
287
442
158
385
15
92
152
143
35
51
215
337
37
25
30
213
39
2
21
133
312
402
404
188
167
77
20
397
27
940
323
38
274
196
43
151
80
92
322
20
520
17
2
172
149
328
93
83
93
25
277
94
514
45
272
134
48
81
281
139
87
85
22
28
170
85
530
55
287
212
110
92
215
40
81
45
18
46
324
275
174
518
50
888
17
100
62
167
17
48
1022
144
13
467
56
33
673
400
90
154
105
101
41
42
77
43
582
100
209
28
27
35
168
83
86
256
89
267
12
84
60
318
316
237
40
26
13
50
260
412
26
53
17
156
41
148
151
824
475
85
5
353
659
518
261
326
21
35
3
16
212
104
32
223
110
141
33
27
278
323
41
36
35
100
195
21
4
30
155
336
97
136
91
329
264
23
267
39
146
82
155
420
216
409
13
100
53
22
883
152
450
21
141
9
89
224
644
105
45
148
97
225
77
588
9
46
68
23
44
146
9
37
77
291
17
761
4
26
47
411
154
88
29
1253
31
24
45
452
9
151
28
167
44
147
581
534
96
33
55
22
637
5
31
222
403
23
467
97
588
402
106
148
14
38
759
399
631
87
77
351
515
146
21
5
542
396
79
28
383
102
2
36
22
1
221
19
103
44
29
28
18
30
163
38
75
96
78
21
32
86
55
69
81
465
351
527
13
76
628
265
156
88
38
95
526
234
328
225
149
9
19
33
13
50
31
229
8
49
247
13
37
1184
98
279
223
43
87
396
223
203
10
33
26
17
11
458
460
78
3
271
36
260
936
152
148
511
347
398
47
39
91
36
71
676
96
179
763
14
11
38
258
82
744
29
88
47
21
20
3
135
202
196
52
7
88
99
34
6
205
22
102
88
152
32
10
822
163
6
57
83
337
15
391
4
41
63
34
373
101
20
702
38
345
46
318
173
209
2
334
26
97
284
335
21
248
1692
112
106
645
44
1
47
103
146
269
108
142
210
18
198
38
17
16
60
31
506
655
587
16
22
159
92
949
10
15
67
222
43
1
31
88
93
288
444
178
167
53
175
7
264
10
22
404
258
219
39
205
42
602
3
219
13
32
17
40
20
22
8
712
157
442
44
213
138
270
135
97
61
224
48
406
6
777
155
92
200
332
109
212
90
179
83
410
298
165
277
211
104
104
199
999
78
480
458
31
286
325
133
349
230
1058
217
58
95
9
144
29
9
35
31
75
155
98
16
102
39
226
149
21
63
85
45
523
38
281
12
41
165
31
10
21
95
338
52
110
78
564
84
8
37
94
28
3
47
326
108
296
211
19
272
406
459
18
412
28
208
51
162
29
8
27
221
257
28
88
167
31
44
25
319
12
6
88
24
102
97
148
97
281
40
213
51
164
81
113
635
56
152
152
43
454
327
31
50
25
10
31
19
215
262
49
47
37
561
82
461
38
96
7
468
2
336
335
22
32
283
641
112
505
142
21
30
218
86
290
10
333
205
274
280
316
801
31
25
335
45
106
83
170
81
102
291
393
286
214
387
169
85
14
636
1059
271
12
85
97
531
603
38
41
283
105
104
337
159
28
339
17
90
71
154
44
29
146
217
389
701
67
150
215
365
345
348
36
586
486
72
30
61
41
413
32
33
147
29
200
266
145
86
24
107
216
658
21
23
17
93
14
34
467
88
69
12
174
158
209
77
35
619
10
34
4
26
41
223
19
25
75
48
18
18
106
136
133
388
20
468
34
46
154
37
409
90
357
39
158
105
22
576
20
578
317
26
80
19
16
93
5
140
28
40
117
57
107
29
163
102
573
24
145
161
656
266
11
97
25
41
30
21
86
155
80
135
53
33
70
166
165
2
3
68
398
324
65
94
167
87
225
593
30
65
278
12
168
272
72
131
104
222
46
344
203
752
15
585
90
110
587
55
28
39
28
726
40
27
27
7
80
414
16
27
86
2
77
51
528
396
453
47
274
218
64
27
214
78
89
94
210
156
108
42
12
95
436
519
162
335
95
30
42
219
131
778
214
222
40
271
473
135
35
48
36
96
144
82
200
90
38
203
157
68
11
94
100
12
688
106
458
33
139
14
17
4
27
149
15
42
146
12
153
211
8
11
260
28
165
124
403
129
583
33
28
4
30
15
293
770
7
15
642
315
232
46
43
39
469
725
648
454
25
39
206
48
12
72
22
529
47
182
220
84
493
238
98
48
46
159
3
3
36
546
25
12
25
30
94
388
36
17
84
24
348
31
7
56
292
158
1291
169
203
33
34
36
25
31
396
111
15
96
81
194
52
153
278
45
52
25
171
460
117
152
193
341
157
229
28
291
37
703
445
33
514
92
41
47
10
12
24
203
205
13
11
24
28
12
150
519
40
78
15
28
629
215
226
87
3
219
30
353
95
101
386
275
99
29
4
2
142
156
276
1015
1
12
115
80
225
99
74
17
13
51
22
28
156
340
85
13
33
29
630
152
340
92
25
27
886
158
18
385
229
290
101
466
278
217
263
277
82
263
10
292
105
203
147
13
69
107
546
478
255
17
222
12
38
104
410
36
35
94
572
32
170
202
68
285
333
2
190
350
44
12
353
450
105
700
36
151
93
107
94
144
25
206
36
27
9
770
99
5
1061
12
41
19
27
142
60
460
7
175
222
520
38
39
84
32
32
395
211
13
532
37
13
55
155
102
7
217
156
26
59
33
277
30
271
54
335
197
151
415
117
87
453
37
77
58
84
173
33
94
84
107
26
278
100
12
525
238
64
46
22
688
288
20
26
413
37
209
292
271
230
770
34
20
79
149
10
43
84
139
6
141
1119
28
86
21
220
92
648
1
262
214
40
99
7
254
206
10
100
31
78
529
583
107
101
587
261
1248
11
47
160
53
86
638
323
340
23
86
161
46
633
94
36
258
145
224
168
89
28
647
160
281
11
272
297
70
253
189
34
63
521
96
12
44
276
292
100
169
142
328
91
268
82
25
148
26
410
92
193
35
98
32
72
254
18
18
25
95
703
45
44
38
21
33
83
223
40
208
83
6
28
103
93
263
449
98
51
113
416
453
174
315
566
50
162
892
823
271
136
82
93
526
24
97
90
66
81
61
150
341
148
18
302
100
155
110
320
265
332
209
66
274
346
207
31
73
416
96
54
42
32
4
18
268
57
747
634
333
219
31
32
9
22
158
170
151
12
12
101
81
89
275
12
40
130
1
22
464
102
29
196
28
25
151
23
459
7
15
26
150
108
161
34
155
104
27
387
152
2
266
30
90
149
73
253
6
3
15
35
469
267
829
1565
459
19
386
102
25
146
22
24
877
21
28
463
148
289
6
60
393
515
63
40
406
23
219
19
18
59
152
220
160
262
76
401
208
80
811
53
2
89
321
39
43
46
27
28
154
89
56
107
477
91
459
288
29
149
636
217
350
25
144
9
110
22
36
24
205
204
279
49
578
26
453
940
23
108
30
161
1603
66
235
41
25
26
334
688
169
337
579
214
462
145
172
39
68
20
44
404
2
17
14
86
92
271
152
205
93
11
28
83
61
280
28
356
93
42
58
106
196
149
37
107
34
134
37
37
41
41
396
166
98
255
43
289
592
942
154
67
522
155
270
101
376
54
33
32
99
295
412
78
35
60
109
27
277
30
58
31
143
37
15
211
81
171
32
283
17
168
29
225
81
21
1
39
103
204
92
3
53
42
707
24
255
709
225
133
84
22
18
17
114
157
81
275
8
33
555
4
28
437
33
94
515
328
536
232
653
203
282
1014
46
395
115
395
292
346
223
23
166
437
29
376
42
45
627
98
19
96
259
84
76
107
11
223
23
810
45
149
113
62
7
208
226
30
257
93
17
456
211
86
3
231
279
36
25
262
149
81
219
35
21
79
258
82
279
1
137
1
502
389
152
52
28
947
28
91
565
105
3
82
168
643
39
400
145
29
23
191
703
330
23
43
19
62
27
90
29
51
88
440
27
6
93
171
101
266
46
112
347
99
41
240
326
274
24
105
23
20
52
70
385
93
36
1059
19
21
59
757
155
209
108
397
453
269
36
90
153
104
351
623
411
23
337
410
21
177
14
91
510
37
213
141
2
234
537
155
1
22
587
21
5
155
328
63
167
736
27
18
216
151
74
880
267
140
10
24
91
85
94
204
143
24
91
3
235
115
203
140
190
9
7
264
37
37
40
1306
450
330
18
3
99
1
62
179
96
14
271
81
9
59
147
8
91
575
40
392
97
92
198
54
90
38
162
56
57
133
69
113
272
34
81
152
141
99
46
753
273
1070
512
591
90
23
39
392
100
264
348
152
245
22
96
1
8
144
103
11
596
31
19
46
72
392
88
50
94
329
11
78
450
24
523
155
26
145
10
11
168
160
23
4
20
23
111
53
38
130
40
31
38
111
40
277
37
703
705
265
98
941
50
278
10
88
389
40
154
152
519
229
281
85
165
269
386
100
34
48
91
44
40
77
647
177
459
836
1244
80
215
219
85
101
152
195
633
5
40
106
47
30
93
20
178
23
173
35
78
33
6
5
279
12
93
203
105
39
92
541
170
76
163
136
18
40
38
284
34
151
155
84
97
47
214
148
461
29
17
57
202
4
500
258
708
315
145
81
234
585
6
79
463
39
51
22
51
35
44
91
273
19
26
590
214
15
201
50
70
636
95
14
24
28
31
383
70
21
47
354
11
105
84
21
54
442
135
36
30
286
235
95
217
58
158
652
42
17
468
572
98
16
29
23
235
26
35
334
105
153
145
348
94
168
200
62
580
17
39
98
32
13
1
46
9
16
326
26
245
341
228
45
15
450
63
403
405
28
134
526
33
393
2
174
24
62
18
260
151
12
413
45
407
9
23
199
211
101
200
251
23
72
75
105
134
402
48
44
8
25
16
264
111
69
262
343
28
6
30
85
31
208
21
30
83
74
348
3
150
8
25
25
200
212
400
41
344
83
13
35
207
102
163
85
696
24
37
31
950
34
114
43
158
23
41
40
66
330
68
45
64
100
148
95
817
27
212
44
30
13
271
7
293
21
200
16
340
49
96
102
21
152
7
48
26
104
164
215
22
35
21
257
81
100
70
95
26
643
37
161
18
358
394
161
99
4
69
32
1
470
109
144
36
222
46
55
571
620
52
11
157
512
923
261
205
293
151
143
51
260
403
95
654
110
146
339
327
282
55
45
328
100
23
93
349
75
223
12
101
374
94
232
95
8
277
41
304
34
46
30
91
332
339
136
375
11
53
388
84
95
344
100
39
84
274
250
12
32
72
416
206
88
105
60
19
10
311
290
265
36
583
41
382
792
203
29
187
373
57
149
2
87
124
336
213
27
85
152
39
26
446
97
7
52
110
583
22
35
37
213
437
54
226
1
195
27
171
151
210
288
334
56
20
76
214
282
19
169
240
82
22
18
79
95
88
447
124
271
154
278
115
7
83
315
42
11
85
46
184
1
149
6
387
325
149
402
162
392
30
633
11
397
380
44
406
23
46
43
251
516
23
152
1069
34
226
20
380
29
25
47
705
79
837
210
157
27
3
11
818
11
138
260
24
325
89
135
4
344
77
296
23
4
36
92
26
87
103
164
81
109
92
201
829
227
329
151
375
85
134
396
25
219
48
4
765
13
216
96
29
765
1
9
98
579
208
93
9
543
320
31
521
413
398
30
33
55
92
134
38
99
71
514
578
25
92
345
160
32
518
462
232
100
218
152
94
90
111
130
11
154
223
33
43
88
11
388
162
93
453
763
29
131
44
942
39
184
25
646
238
523
396
92
459
142
43
40
158
149
42
413
322
104
81
77
3
18
11
37
7
334
96
209
39
86
401
50
102
17
388
251
93
90
40
153
630
24
77
270
104
63
81
169
580
522
226
106
206
395
92
37
46
75
233
98
30
390
153
87
380
520
37
32
527
160
874
7
427
218
97
598
93
578
418
45
43
278
46
271
385
72
51
10
93
30
513
28
267
99
148
154
336
648
36
389
388
53
60
32
30
58
20
355
149
95
15
263
30
37
511
97
77
77
92
334
276
36
319
35
81
205
73
78
346
94
135
23
389
3
718
574
48
94
173
94
35
34
142
409
53
3
38
456
8
100
270
172
88
54
207
332
277
73
16
3
151
848
61
36
39
101
4
15
260
234
108
597
1178
286
157
100
264
341
35
160
268
207
436
139
254
335
35
141
263
34
114
166
267
81
96
387
91
773
95
831
46
151
154
238
147
519
215
265
170
172
270
34
157
154
151
32
220
319
34
22
7
43
48
29
71
90
72
46
650
93
21
210
91
39
15
262
266
25
70
92
98
41
171
86
410
159
10
84
638
94
10
696
446
22
139
102
51
7
523
346
122
30
303
218
446
39
30
14
101
306
22
58
191
144
261
86
35
154
21
3
83
229
26
86
532
231
515
353
100
443
387
92
330
607
396
647
392
168
326
150
95
47
93
34
175
769
161
41
264
101
23
108
20
142
41
100
103
90
174
24
89
31
19
35
47
80
325
35
9
223
38
9
158
207
449
209
86
215
23
78
160
8
218
277
206
112
1063
54
35
87
28
345
39
206
83
74
30
144
131
46
2
15
15
28
332
340
4
4
94
57
98
107
224
93
32
37
322
230
98
6
10
386
86
752
149
883
42
511
517
78
399
88
142
34
85
97
212
23
323
36
54
48
22
15
2
154
143
273
75
170
203
153
53
159
340
398
34
30
400
16
56
814
359
137
330
32
697
3
13
15
84
273
86
323
153
1
26
693
109
219
403
32
346
108
40
337
749
13
152
19
274
117
163
41
507
103
40
22
87
35
29
35
50
403
39
261
143
96
136
56
45
49
264
30
37
560
4
87
154
117
276
105
276
573
90
3
403
28
98
87
154
340
27
98
165
82
49
49
36
100
14
105
17
87
210
225
293
14
6
56
151
76
280
20
337
233
30
146
47
399
42
66
43
396
14
3
36
194
324
15
30
19
95
3
107
89
247
208
264
90
220
49
456
577
39
203
47
530
21
17
224
56
19
1
446
19
209
262
156
208
916
565
14
152
776
67
54
5
26
145
10
159
6
40
3
137
679
98
14
154
283
30
265
93
1437
260
273
332
94
138
276
295
34
12
456
104
155
26
134
49
221
36
107
228
280
399
15
939
21
276
873
3
154
396
157
254
166
94
229
158
813
99
107
78
166
47
68
98
62
109
28
78
285
356
155
24
389
783
47
113
515
160
73
41
35
473
121
5
33
216
50
35
86
232
76
15
14
1
285
70
96
459
109
6
27
626
39
15
48
40
32
30
11
273
16
75
48
33
35
37
26
5
42
35
586
277
147
14
273
32
163
146
314
419
103
286
17
141
211
94
29
35
69
81
29
5
548
258
257
150
48
220
196
1
22
82
138
29
86
95
51
87
268
188
283
371
157
9
44
169
44
130
110
341
279
88
398
157
25
17
10
174
30
410
83
108
46
23
72
85
61
48
643
31
388
87
9
68
171
70
512
52
514
105
146
29
161
340
101
276
453
147
591
150
345
73
585
15
9
269
25
29
86
70
266
103
29
328
102
332
450
25
28
531
98
525
235
279
10
31
60
433
33
325
34
46
93
18
355
12
192
40
44
155
46
88
21
218
35
381
106
86
84
40
114
624
351
158
39
209
467
724
50
31
131
156
21
49
11
182
106
652
22
25
473
1176
45
45
765
29
92
28
1260
255
193
14
22
45
41
165
175
42
220
26
464
31
30
135
574
29
23
333
17
469
207
293
440
91
14
832
99
332
93
33
515
34
133
86
18
3
35
90
97
453
75
341
216
20
5
85
2
73
211
335
39
33
107
201
161
826
23
222
220
32
43
91
11
112
387
317
21
285
22
53
869
164
6
37
111
1
991
46
88
62
475
148
163
139
513
47
39
154
36
1
18
139
24
108
151
225
56
258
126
179
204
30
568
82
26
20
13
630
109
2
451
236
75
274
25
220
206
712
176
141
576
130
15
382
460
154
110
95
12
35
218
35
541
1
14
277
397
588
214
54
97
217
18
88
84
8
147
561
29
20
409
72
88
148
219
14
13
23
99
156
413
170
318
12
72
40
98
329
42
264
42
267
48
48
272
81
5
84
572
98
11
68
89
11
126
13
12
22
389
203
77
209
103
160
42
90
168
219
145
448
172
34
323
282
537
626
3
192
27
809
323
188
20
19
817
46
274
5
200
95
509
322
82
21
288
307
37
139
99
85
44
152
42
90
71
395
91
17
1
649
697
13
15
6
524
326
10
11
325
30
572
152
101
39
25
142
102
151
71
73
29
97
150
457
44
32
16
138
39
263
47
41
238
96
100
39
218
46
1116
30
99
266
109
14
221
376
147
32
217
209
35
54
30
28
28
49
216
54
574
785
41
21
72
693
42
250
60
16
143
262
9
70
19
38
24
151
23
90
199
335
400
275
49
27
208
520
181
26
281
20
51
703
143
283
15
275
46
7
15
109
537
748
94
97
196
227
19
113
146
29
153
166
161
533
93
459
389
17
6
333
33
204
90
73
16
278
158
39
213
149
280
43
195
346
177
15
19
13
16
386
21
26
467
101
44
344
5
70
36
118
144
113
154
204
104
7
340
3
137
7
22
2
8
133
26
84
707
23
157
338
273
19
21
59
145
216
41
595
90
9
401
75
44
452
263
36
503
42
75
812
199
254
2
570
165
7
33
327
613
764
461
20
352
30
10
87
22
338
388
81
66
24
20
80
20
135
566
47
215
152
134
19
162
26
227
36
38
72
110
28
204
64
8
36
22
158
449
111
258
74
688
211
111
21
452
122
278
27
35
230
513
161
24
166
79
115
34
102
21
202
826
59
21
257
70
101
31
21
558
311
469
417
112
214
178
75
147
40
95
214
38
40
514
190
83
114
52
280
6
102
87
1018
330
14
266
1798
514
715
22
154
9
53
1195
331
107
156
81
343
325
2
343
177
37
11
90
647
112
32
10
161
336
16
269
38
318
1
39
47
7
199
105
413
47
89
72
394
384
16
89
25
86
60
12
214
24
5
83
97
78
276
298
205
754
33
73
131
88
11
114
324
290
417
348
34
14
620
23
77
12
24
105
453
85
456
226
28
7
25
41
334
11
9
3
161
399
410
273
91
79
206
27
24
102
274
39
150
346
275
44
20
32
64
328
85
24
22
201
2
410
42
3
35
126
466
15
990
43
219
39
24
95
442
584
43
105
223
274
405
1007
27
141
260
144
406
401
12
139
41
224
44
6
43
47
93
407
1070
103
32
201
104
63
82
214
201
280
147
778
51
32
96
845
354
100
136
635
69
289
11
29
94
189
384
160
12
125
14
887
1435
7
97
156
97
110
894
144
148
83
219
32
170
275
57
5
1257
26
46
105
330
206
114
236
396
25
510
28
58
51
26
103
234
525
76
110
34
81
210
253
1
80
20
45
160
75
85
382
87
109
49
215
88
34
37
29
227
37
1
88
88
243
513
83
164
6
95
209
263
46
92
509
12
11
267
66
8
89
385
450
5
54
132
218
21
94
266
30
35
47
27
148
83
2
87
280
24
31
144
6
23
54
26
81
89
189
28
104
17
353
150
409
23
233
23
177
252
93
130
508
135
400
20
150
158
329
114
147
357
150
92
691
39
77
156
1081
91
11
94
205
189
69
44
82
283
39
222
103
279
43
117
203
511
2
148
401
16
26
80
5
149
25
78
4
4
133
107
462
137
401
277
18
172
254
327
276
22
25
198
31
22
148
91
76
221
68
14
38
332
167
36
147
263
42
68
77
277
207
271
7
58
34
700
287
27
258
509
159
71
34
139
166
447
144
267
40
232
29
103
764
40
158
363
140
89
40
96
281
336
103
331
228
86
462
176
88
161
96
32
6
150
112
23
271
211
170
165
144
19
98
38
78
285
88
84
885
84
94
30
205
4
92
81
350
155
170
271
269
31
156
8
41
28
9
585
465
95
116
31
110
200
195
46
404
29
270
132
76
38
37
13
195
216
36
228
144
18
65
46
95
446
334
82
35
465
19
24
518
336
71
1179
219
6
211
70
72
38
259
103
204
102
1110
1
154
76
8
17
689
148
40
565
427
174
215
282
134
153
505
103
161
152
45
101
292
33
287
14
38
316
279
16
1314
268
440
100
147
96
48
1067
181
388
576
109
159
36
6
454
155
211
118
20
100
32
42
216
64
230
48
338
821
21
259
169
6
42
170
26
30
217
144
89
89
20
97
178
137
24
501
79
279
10
94
194
452
70
32
20
151
105
510
150
153
225
165
15
512
334
444
27
80
18
45
26
329
435
13
16
1260
217
35
209
579
206
30
319
236
27
18
45
73
6
50
161
84
27
577
93
236
26
94
274
2
266
87
33
11
140
281
214
67
98
116
51
64
356
37
152
279
36
98
83
1077
404
7
139
273
155
101
49
5
389
585
32
30
86
195
2
26
32
83
97
5
24
56
234
17
562
51
82
270
273
26
37
32
13
35
20
145
155
103
258
223
392
574
160
4
267
153
10
589
83
358
71
21
10
51
273
48
34
415
281
210
38
26
71
27
202
81
385
877
8
147
336
314
132
141
26
568
94
38
10
156
81
368
30
31
209
95
108
39
134
415
26
663
594
114
113
60
342
39
143
156
156
349
211
160
48
699
279
402
404
100
17
395
99
133
207
330
3
28
580
1064
107
109
39
18
207
507
99
872
26
327
24
42
214
163
32
100
101
1
456
32
338
177
222
209
143
30
29
303
109
27
98
213
84
130
29
106
536
38
20
157
76
9
85
19
27
264
280
158
268
1
57
18
1335
454
110
11
22
83
45
159
346
21
31
153
51
28
7
96
67
139
154
84
75
169
299
153
142
37
37
50
517
159
32
133
400
410
448
340
582
219
48
136
150
144
55
471
226
6
45
266
37
525
88
22
81
145
41
100
4
2
115
75
40
197
22
329
26
199
114
759
45
152
287
410
1
19
22
27
197
18
25
25
399
2
272
107
84
152
98
647
51
230
443
704
684
165
32
94
46
129
260
501
28
49
44
762
282
161
273
824
43
297
101
642
26
149
639
36
197
10
35
36
478
42
36
86
505
34
31
44
170
467
169
88
50
68
96
99
333
280
22
76
220
165
396
16
22
95
31
5
42
91
499
291
713
345
98
403
91
208
29
50
352
10
9
1
812
26
14
598
156
218
101
136
155
15
282
402
876
30
42
22
78
15
651
457
70
394
23
166
225
277
14
29
33
106
102
281
113
758
44
159
154
25
920
68
713
97
158
195
150
206
339
34
113
280
4
156
394
71
3
99
76
14
93
65
587
154
66
332
91
154
280
260
25
89
40
756
30
95
154
339
216
121
139
34
40
287
40
39
212
78
37
18
50
19
30
387
706
41
163
20
32
119
410
22
353
44
218
257
17
213
467
26
4
36
163
153
145
28
291
70
762
4
99
53
105
78
166
14
378
271
381
71
23
90
45
162
92
395
101
154
41
74
84
538
154
40
87
894
82
42
86
52
1616
49
994
14
27
22
215
29
26
98
530
50
87
88
33
24
51
94
453
82
103
39
394
9
159
79
17
27
140
260
156
636
132
111
392
105
255
50
16
91
98
144
299
3
50
64
28
69
158
465
5
8
53
42
841
41
224
12
84
77
103
34
128
77
7
41
646
84
109
286
35
161
1
89
450
465
258
29
286
83
274
25
4
143
113
146
394
33
474
39
12
332
212
290
636
451
16
81
276
338
295
163
26
18
194
25
40
640
35
8
28
35
234
30
54
45
20
25
76
151
56
18
19
145
75
29
134
106
523
39
224
146
57
702
231
287
385
211
136
85
175
82
20
216
621
208
93
95
77
98
32
48
103
1493
309
78
28
194
2
1
690
455
172
81
20
205
80
35
34
112
412
57
31
301
135
3
148
70
97
194
206
48
25
16
107
28
396
310
82
1192
93
390
981
87
710
327
288
139
687
113
3
36
84
188
28
9
33
212
13
645
18
3
407
1
12
13
94
31
143
76
88
151
101
86
165
6
63
7
11
30
72
110
157
25
105
27
95
446
138
275
68
176
201
15
58
23
344
55
87
345
19
282
51
296
518
397
133
12
762
264
47
17
454
23
90
68
139
216
821
218
102
136
63
166
471
108
15
222
203
136
552
519
20
31
2
84
99
641
215
53
13
409
94
21
338
224
341
76
16
26
829
2
107
27
132
127
343
45
1
2
36
8
209
61
686
581
88
398
34
110
114
153
148
26
77
94
779
222
33
14
57
393
127
522
43
197
45
49
173
31
426
261
201
21
101
40
191
574
20
2
262
51
136
31
94
30
279
74
94
575
51
390
216
114
35
151
74
456
20
81
284
19
27
7
462
522
110
509
46
78
381
30
439
202
19
12
50
159
25
18
131
143
37
94
645
259
263
395
33
49
21
98
159
31
110
270
109
35
76
28
24
279
21
338
73
60
34
87
89
1
23
331
214
114
407
97
12
43
40
159
41
442
36
157
102
205
6
280
271
711
154
36
813
170
6
223
197
19
87
16
507
170
459
149
51
34
107
101
464
15
147
5
168
16
42
33
204
99
284
25
346
42
105
10
80
35
200
23
287
392
704
359
33
12
410
632
408
216
208
59
34
196
526
40
29
77
252
571
214
198
152
102
465
19
12
46
36
41
32
142
94
83
518
80
94
46
533
211
32
7
269
644
283
89
33
33
36
21
98
34
212
277
526
22
701
7
98
35
3
34
157
337
2
506
503
281
42
18
29
144
161
85
447
45
418
168
92
474
160
121
16
3
641
166
342
226
105
71
211
215
377
45
29
218
101
25
211
236
104
622
234
24
29
35
17
44
84
41
43
82
942
26
691
153
52
24
26
34
27
31
96
92
19
339
143
85
90
178
41
106
4
13
17
276
6
10
28
91
108
211
223
18
319
23
46
224
87
23
48
41
85
118
312
94
19
5
402
389
35
175
218
162
379
332
80
110
126
109
273
53
157
29
71
32
153
142
752
196
158
276
224
32
1145
299
51
47
94
110
284
18
109
348
54
214
1013
158
158
100
109
158
108
106
346
12
64
35
42
22
352
60
41
79
40
96
16
18
158
91
77
711
12
168
38
522
108
34
474
525
23
71
23
33
65
200
101
25
29
222
289
59
175
475
133
155
108
33
268
3
38
89
559
217
85
1
17
44
109
281
160
157
23
569
387
27
18
97
46
16
33
147
198
32
394
51
134
472
164
34
229
209
8
47
41
274
222
6
40
32
15
1174
506
593
40
46
277
206
89
50
222
26
46
210
415
82
289
21
40
42
13
1114
271
35
64
30
87
20
378
8
169
331
112
20
129
143
9
103
216
171
52
272
138
95
13
108
819
21
462
88
168
152
234
524
27
254
130
29
268
116
40
22
377
291
27
1
36
400
83
17
1
34
5
200
81
142
147
99
92
581
166
444
33
24
84
578
407
89
39
78
213
111
36
331
103
37
278
159
161
510
324
23
21
328
80
23
44
256
333
39
408
521
38
5
27
262
17
17
151
397
195
3
21
42
575
14
295
33
24
266
2
137
457
36
547
398
227
41
58
452
33
9
272
459
16
37
7
151
1
346
108
46
22
21
25
31
116
112
378
14
176
409
145
315
77
167
466
280
342
150
285
113
877
418
116
204
9
91
79
88
13
11
26
641
334
450
626
37
12
30
497
152
147
397
42
32
452
309
141
91
343
633
22
822
115
210
275
18
241
71
35
376
512
26
47
39
160
32
391
31
155
28
105
569
34
10
17
47
70
213
13
10
206
590
27
27
265
896
74
158
49
263
227
105
36
24
282
29
22
50
21
140
17
334
11
24
166
35
29
49
36
84
35
334
25
49
221
383
617
6
13
427
220
78
212
408
18
616
638
42
40
143
81
83
20
32
257
137
386
157
171
208
26
41
133
95
212
39
91
711
81
171
204
220
151
330
209
36
52
144
9
573
283
73
114
69
1053
91
286
3
5
203
216
158
39
1006
203
150
526
31
158
11
14
74
149
468
58
271
139
379
26
409
91
32
38
85
10
512
18
32
209
161
585
35
147
140
134
72
44
64
340
707
35
103
340
293
1090
86
19
41
162
162
86
98
10
35
163
72
151
49
145
1
56
95
76
2
156
398
205
8
448
47
26
53
217
94
388
80
143
140
8
37
27
312
28
2
91
533
35
1
14
96
1
24
211
108
107
334
27
33
18
27
148
517
44
16
1
215
22
417
32
83
18
167
758
635
1005
29
8
91
145
74
17
82
35
17
82
19
202
139
40
16
38
274
25
151
185
100
281
13
34
26
43
143
108
317
708
265
220
30
23
31
31
279
41
136
49
95
89
27
14
75
217
384
274
128
349
264
445
25
26
90
106
33
29
46
31
405
59
39
4
939
107
51
138
350
75
64
37
203
505
336
822
570
213
152
146
32
470
278
100
8
29
169
396
4
87
4
108
16
322
31
129
403
64
158
31
46
515
25
11
165
95
16
170
15
80
7
695
635
133
40
339
167
34
239
691
47
347
286
84
5
418
69
159
39
767
162
34
164
45
78
171
131
18
384
92
40
20
583
90
33
8
273
225
25
167
68
815
51
213
113
33
74
35
25
216
156
107
216
2
152
5
465
65
774
259
86
7
111
280
15
13
223
515
20
105
25
162
80
22
76
392
197
92
25
191
292
95
166
98
411
102
99
43
29
278
94
34
323
27
625
535
57
52
409
11
31
445
98
28
51
154
55
75
11
206
103
10
217
217
453
39
287
82
158
138
34
30
458
107
32
20
163
20
1
16
7
22
412
2
56
34
216
101
34
96
88
49
34
21
40
30
84
274
37
758
28
71
273
63
149
97
202
210
343
40
18
624
91
34
82
456
456
17
96
94
25
401
212
94
46
44
163
31
93
247
149
137
140
90
39
20
63
265
400
216
114
89
456
80
40
24
95
39
82
35
196
16
75
581
27
331
388
329
148
210
326
218
84
200
645
28
223
25
149
195
76
287
158
6
33
266
507
133
31
167
80
4
25
17
146
111
218
689
395
405
172
100
207
18
196
32
21
10
176
43
111
28
76
278
158
150
478
540
192
104
5
100
35
184
330
208
274
2
147
13
518
66
78
204
27
36
50
281
112
758
99
167
336
106
175
87
32
22
74
40
393
515
396
506
87
5
7
211
776
155
211
505
29
53
92
146
72
331
80
17
64
83
30
95
91
469
212
210
515
19
146
50
41
65
227
86
14
17
27
50
462
1
387
280
19
10
285
147
39
46
270
7
275
27
43
507
289
214
90
22
205
139
285
197
955
105
94
93
951
31
1
9
1
43
90
141
519
17
81
77
46
92
158
30
19
76
144
72
199
21
87
235
22
83
206
206
319
29
37
22
74
37
30
5
18
22
37
30
21
213
27
166
281
12
208
78
648
151
1
27
17
144
24
37
31
92
156
282
98
40
105
272
411
223
457
26
258
85
541
26
27
161
479
90
23
18
465
196
95
31
51
131
329
29
100
198
6
167
83
38
519
254
218
471
164
32
279
204
364
295
146
225
33
23
103
157
12
300
532
478
47
92
33
6
130
36
145
351
14
162
6
22
51
13
170
210
37
33
220
56
381
229
94
32
220
13
331
13
43
450
329
78
77
26
17
144
25
158
111
14
44
172
9
163
154
384
93
14
578
92
158
525
173
233
53
128
26
1109
163
94
159
104
44
25
421
30
99
89
217
157
103
42
27
28
6
283
35
23
36
160
105
88
27
58
8
336
107
101
97
152
578
394
76
48
275
72
285
32
343
32
32
19
16
415
888
271
1014
170
203
17
11
360
405
112
277
161
212
339
265
1
36
91
29
189
96
79
118
159
42
261
145
687
11
321
98
44
17
92
25
107
300
280
273
149
162
6
1439
280
51
193
75
15
71
296
335
173
462
581
33
282
88
153
266
441
87
90
509
160
101
75
26
262
32
89
16
151
43
283
172
144
269
34
22
220
82
5
14
337
102
151
402
29
259
338
171
91
27
92
92
79
265
95
20
11
568
153
409
396
7
35
7
209
35
60
226
204
392
16
94
55
638
163
26
381
14
98
45
106
233
518
830
1068
125
21
71
37
142
86
33
13
88
291
155
10
10
104
53
29
568
42
90
218
127
34
103
28
511
387
9
70
397
217
215
156
229
28
50
96
588
418
29
80
103
198
86
76
278
95
83
78
7
31
275
27
94
8
37
97
16
19
87
59
525
344
81
840
99
86
101
55
15
84
143
14
210
551
530
400
5
37
23
325
32
268
390
222
7
113
22
12
722
267
101
5
204
13
96
265
94
47
397
54
215
528
465
34
371
11
497
17
109
86
221
80
164
38
155
758
514
22
35
268
353
400
32
47
333
78
95
22
334
201
793
45
154
284
27
143
704
108
105
72
332
266
106
85
81
32
95
261
47
883
297
224
92
80
221
401
98
15
159
101
769
94
100
338
39
81
152
89
22
109
22
381
106
326
76
595
27
82
118
27
42
96
34
82
163
232
22
34
825
164
750
212
144
41
59
485
44
280
226
203
167
28
288
276
29
217
102
261
44
32
34
466
209
92
92
101
3
33
34
343
91
23
23
78
145
138
452
41
100
84
270
94
117
19
520
257
156
279
33
340
74
113
257
86
46
1053
325
31
265
159
277
264
13
468
155
784
82
139
206
153
11
455
33
338
67
300
259
275
77
349
22
76
99
94
394
413
557
249
398
268
39
219
58
1022
152
38
464
396
90
7
7
87
197
103
36
52
40
14
7
56
162
1065
69
87
343
20
335
28
261
87
17
93
8
335
595
80
15
256
8
43
95
210
72
85
117
8
224
90
683
218
19
85
215
267
35
107
23
631
1
284
11
39
234
296
8
5
704
14
16
101
445
11
14
31
759
27
7
119
93
396
345
304
105
30
36
212
79
161
463
43
662
44
400
470
75
29
747
31
513
52
200
32
18
163
272
328
468
196
700
407
588
35
38
28
10
206
37
460
266
80
80
35
39
50
8
828
125
80
8
25
163
29
163
278
281
207
42
507
330
18
401
100
392
84
200
105
371
151
142
254
19
24
137
21
415
16
90
281
266
711
2
103
110
104
77
393
585
38
36
25
223
31
342
162
452
218
26
264
94
85
99
146
37
140
178
141
338
91
326
413
137
32
21
85
348
217
122
30
15
142
28
96
32
28
1063
92
44
48
323
1
155
513
290
226
276
21
585
11
81
35
21
42
7
70
2
140
24
332
301
32
59
504
134
44
86
19
333
98
86
65
99
46
103
221
214
71
29
928
24
99
34
209
42
160
399
532
346
401
150
105
582
416
105
278
317
75
473
277
51
142
575
170
154
77
1
17
274
197
159
272
103
38
19
21
98
285
850
93
14
4
12
75
12
337
30
91
4
10
109
170
91
14
256
261
19
271
17
83
44
164
52
80
7
161
112
47
151
32
272
160
32
41
463
31
24
92
25
138
198
480
88
29
140
45
842
447
407
147
273
331
12
56
147
38
46
395
457
74
24
152
108
385
10
58
26
30
279
448
229
89
9
1002
113
20
26
345
50
23
102
143
558
26
43
165
30
650
38
148
18
171
385
91
105
288
166
159
74
143
321
276
222
222
25
157
159
27
264
262
321
23
82
273
6
25
22
222
93
465
876
156
46
328
103
227
696
76
70
104
15
24
50
91
21
165
327
204
21
85
8
43
138
454
273
319
279
100
232
337
223
8
89
162
338
161
24
98
202
12
295
530
319
36
36
39
211
174
462
98
51
271
30
9
18
89
82
91
90
35
395
158
35
270
949
335
11
35
384
91
254
333
467
206
39
301
203
74
211
38
48
218
43
157
379
359
42
326
328
34
217
324
467
347
24
505
196
2
20
24
32
31
32
618
6
48
45
391
81
112
323
101
20
29
16
125
29
199
347
53
131
392
45
39
165
8
457
4
86
10
194
803
1072
637
4
163
220
134
446
1
689
5
39
234
268
357
38
679
15
166
58
686
78
463
80
163
172
535
11
69
88
37
402
220
264
28
581
136
67
334
36
27
140
43
335
28
154
156
149
43
69
46
8
1014
17
878
173
93
49
53
98
22
30
262
11
93
694
85
14
20
341
23
39
213
108
631
223
66
901
22
28
7
98
45
20
384
54
180
37
1
10
99
47
392
103
97
217
82
23
146
24
51
205
197
98
53
407
28
30
92
101
137
80
151
1
716
311
232
13
150
96
90
152
142
52
38
16
134
11
50
123
11
163
157
643
32
137
46
693
55
538
391
325
29
473
26
349
656
149
6
4
25
202
13
396
81
413
8
137
216
380
19
21
83
1068
209
9
5
259
14
222
63
93
97
556
18
75
11
152
703
84
92
93
71
95
109
79
18
107
28
278
332
513
199
21
332
227
47
137
94
28
299
164
30
143
511
258
98
6
161
113
40
86
323
509
442
233
24
2
154
95
199
9
83
43
67
151
38
6
231
40
149
456
274
166
10
223
79
215
37
16
56
562
277
188
142
221
280
108
41
518
173
35
725
259
139
39
77
802
107
26
31
778
155
73
32
2
13
8
95
70
224
763
87
120
5
217
111
102
288
24
209
332
39
22
42
12
159
211
147
22
116
61
29
41
405
23
97
17
12
98
138
340
114
89
76
103
35
95
120
697
17
31
77
588
37
1
447
329
9
30
12
152
33
46
154
88
87
28
39
84
27
32
105
210
136
42
11
72
1066
2
146
74
42
32
256
93
267
223
38
220
33
44
236
28
30
954
90
41
106
29
22
336
38
87
517
27
146
22
35
171
93
112
156
135
292
211
661
653
24
30
4
2
345
116
89
951
93
291
149
2
47
212
91
132
74
35
114
42
2
319
215
30
69
41
580
377
263
48
552
521
883
84
323
156
46
17
43
55
90
39
16
16
74
94
204
80
153
39
92
166
83
13
19
3
44
87
79
146
274
134
112
37
196
3
207
95
86
8
109
131
50
289
85
152
285
79
77
30
76
105
188
34
58
25
42
141
205
98
44
232
25
757
75
40
15
216
80
339
643
143
33
438
16
8
74
44
40
93
93
90
697
145
586
278
37
425
18
108
81
344
425
42
582
8
218
12
260
69
23
62
415
252
1061
269
471
263
203
94
16
85
638
7
100
386
87
10
153
94
37
77
79
25
213
23
102
451
1026
267
95
560
16
16
24
458
462
149
318
42
53
212
13
15
16
43
394
339
7
87
3
99
99
1
109
99
35
25
565
437
89
466
147
14
228
34
156
206
29
31
15
261
71
100
5
41
113
43
647
107
88
598
91
36
337
567
339
25
74
96
13
379
83
97
33
43
113
18
354
225
54
42
593
107
39
273
28
195
281
71
17
28
582
257
2
255
27
235
73
89
39
206
12
338
29
8
461
39
279
93
110
450
99
392
519
332
16
30
30
35
26
44
878
138
99
632
436
87
337
436
140
13
77
218
37
751
293
231
91
1246
145
102
102
100
263
1
17
635
17
39
12
336
445
14
27
35
153
519
505
27
214
91
544
232
350
46
520
18
27
79
162
114
45
161
26
33
141
89
276
44
12
37
217
60
221
93
146
82
101
143
160
160
27
342
169
26
91
153
284
19
445
43
1
208
217
53
93
150
374
390
323
156
85
151
339
17
13
575
158
167
224
238
322
261
37
38
408
26
128
57
10
47
21
30
34
4
66
626
152
82
87
50
34
208
84
341
22
2
22
36
219
1001
136
39
83
153
138
214
23
396
27
93
7
98
24
169
154
26
42
24
218
324
385
51
98
406
9
361
22
48
220
1
232
381
143
40
134
86
440
25
280
680
118
870
35
257
247
829
39
153
93
51
34
165
360
34
294
133
85
450
14
87
106
617
157
96
51
449
41
157
36
644
95
392
195
1
601
389
119
24
97
208
81
88
102
1
447
168
191
30
328
43
14
30
89
219
96
388
277
30
461
82
155
48
228
199
323
26
21
176
29
98
12
279
45
1
11
64
165
261
34
41
48
219
158
96
261
91
36
33
223
13
47
84
16
218
87
19
26
714
145
