122
196
11
178
160
63
25
41
8
4
110
6
150
141
9
304
4
21
210
6
33
266
87
105
619
57
193
92
83
39
197
77
173
78
43
135
44
162
269
93
24
16
158
61
127
110
12
8
83
51
91
74
31
32
4
166
66
26
59
64
53
81
155
187
29
204
26
23
60
155
100
31
50
100
27
164
552
8
160
104
16
139
163
287
305
21
66
88
88
84
282
192
17
22
21
103
51
103
10
24
43
64
74
23
49
525
65
727
79
93
81
231
107
86
115
196
109
2
541
77
299
232
9
7
16
302
224
204
138
105
102
298
93
61
89
184
71
214
291
5
120
184
37
159
239
201
46
10
62
10
85
1
81
18
376
68
28
287
184
109
32
63
19
8
191
3
3
189
127
47
72
47
127
269
21
317
115
43
40
156
145
137
92
226
238
86
63
287
125
83
128
46
113
73
39
47
53
452
277
66
24
52
26
155
10
5
22
125
262
107
173
94
156
65
45
59
52
63
421
91
249
53
503
529
37
6
26
4
61
137
343
162
182
89
30
378
331
200
258
258
163
80
322
24
98
18
288
147
7
20
131
2
95
51
126
5
29
41
193
133
41
184
6
49
4
29
22
97
259
415
6
44
40
50
123
23
235
20
334
128
26
168
205
50
4
201
54
1
9
19
15
7
370
172
7
52
329
106
63
6
6
538
13
27
35
185
54
121
78
216
44
78
16
230
2
72
65
159
22
336
277
42
255
102
512
91
36
18
36
156
321
114
41
78
73
4
33
24
42
35
42
42
67
6
124
23
157
62
149
34
8
10
309
38
256
105
561
99
42
201
100
9
22
71
88
74
280
177
16
232
22
29
39
22
140
3
46
30
156
179
1
466
34
36
19
176
100
394
434
79
5
112
22
161
22
282
89
10
225
30
61
48
211
207
46
121
8
47
272
5
18
229
208
225
316
19
40
15
104
242
286
69
26
298
48
58
57
292
307
75
157
152
132
48
83
3
192
198
109
30
26
171
73
250
182
20
123
11
399
114
11
359
63
134
117
88
111
25
195
16
5
116
34
137
18
105
63
334
273
172
176
24
87
167
47
9
369
174
95
52
2
74
226
16
43
12
214
35
174
34
213
50
93
46
87
295
199
119
89
68
449
115
6
78
289
166
12
474
23
4
18
31
161
136
18
8
48
6
39
12
561
168
16
7
78
159
70
48
67
106
170
672
32
161
18
100
152
68
3
272
4
1
303
244
88
524
388
88
249
44
135
406
35
11
185
140
249
17
20
180
106
15
128
6
641
75
34
43
4
139
136
83
94
89
176
99
311
44
377
7
86
285
122
77
135
60
42
119
193
476
277
85
42
219
43
6
3
61
27
56
48
87
334
125
9
62
52
266
31
19
25
126
258
329
16
98
65
199
125
74
214
10
16
81
129
345
120
98
224
4
4
18
373
61
449
444
154
5
37
181
10
65
2
77
99
84
15
89
33
48
269
46
366
56
56
20
63
164
65
36
107
217
144
244
54
44
110
90
4
149
21
154
23
6
82
90
169
436
204
369
74
16
38
277
107
49
69
62
62
45
281
36
80
157
80
27
109
29
63
80
189
446
17
19
103
175
191
120
254
162
54
328
195
85
45
140
25
3
8
454
26
65
78
85
8
141
68
56
47
151
671
97
203
159
37
293
57
134
186
45
206
94
138
120
69
14
94
131
106
11
245
148
7
189
11
319
145
64
8
568
197
73
1
79
43
177
73
312
17
3
11
225
20
338
581
6
192
35
14
147
183
125
331
47
45
210
44
80
39
494
97
366
24
67
63
65
36
2
160
72
9
365
88
4
143
63
432
295
69
32
374
345
198
40
97
140
9
79
66
66
138
2
116
88
164
105
63
395
53
124
100
367
110
2
77
31
207
39
7
375
248
348
96
35
259
47
236
19
28
15
271
229
18
68
151
291
8
71
63
111
5
21
160
142
163
126
179
34
259
98
220
119
252
97
126
187
88
41
345
126
300
83
2
196
125
143
87
182
184
62
85
113
35
28
15
93
361
112
2
173
226
15
70
208
13
220
7
13
10
22
21
13
25
24
87
82
5
85
132
103
119
70
210
2
84
14
26
290
127
90
155
519
67
92
79
50
26
105
359
285
79
208
104
79
173
339
107
23
27
502
123
222
88
71
178
155
44
1
99
40
7
470
76
76
426
154
74
102
84
22
344
7
59
49
60
205
76
157
207
7
98
186
46
6
186
83
55
147
314
175
79
45
129
169
47
488
125
104
95
130
215
167
26
17
336
124
194
74
65
2
81
42
192
98
30
19
324
67
17
344
62
320
73
103
64
31
11
104
131
180
173
40
4
126
40
74
140
125
38
86
71
62
217
15
11
31
141
36
38
244
113
18
17
78
111
256
15
48
4
230
377
57
95
146
63
68
150
265
39
558
126
213
16
44
41
156
300
27
37
68
274
43
12
88
18
37
35
216
196
128
72
69
14
285
82
85
290
359
24
348
48
167
32
38
154
44
93
14
210
21
199
81
86
34
139
201
340
74
55
241
200
8
90
15
140
21
28
113
71
121
23
29
163
30
65
157
59
172
413
43
100
103
69
144
13
23
123
86
8
38
36
598
340
43
2
73
266
28
64
32
156
128
69
220
102
66
8
167
35
114
183
52
391
171
37
685
60
61
2
76
152
21
25
17
95
290
205
21
32
33
169
46
183
50
382
15
27
87
44
376
191
177
83
166
663
135
38
300
8
177
19
37
139
27
153
72
232
29
87
168
152
55
75
6
576
168
91
72
316
143
92
93
280
166
33
39
116
25
77
214
56
140
4
80
151
99
69
205
192
7
208
112
114
274
1
49
30
71
180
624
194
27
98
83
26
127
74
12
32
258
246
44
125
24
41
205
115
144
48
128
141
35
270
4
251
433
57
407
7
88
421
103
56
225
30
91
17
65
13
75
320
121
297
194
113
117
10
11
33
46
194
59
147
289
8
10
175
3
8
202
103
2
153
13
58
543
394
20
117
65
322
59
160
11
284
19
82
48
278
89
10
65
61
34
79
199
20
28
30
349
59
111
67
143
25
244
111
45
67
143
60
376
82
189
148
232
32
3
285
22
14
10
75
28
77
217
25
79
160
248
2
39
232
7
194
69
42
92
67
44
111
292
171
118
42
2
153
93
42
284
15
83
134
245
291
32
131
6
117
109
1
57
35
83
44
15
38
193
150
24
317
38
76
35
140
149
314
148
225
14
88
139
117
436
306
369
132
30
82
118
242
34
116
232
120
201
164
29
236
15
178
200
174
136
263
572
29
2
70
778
13
28
408
129
344
148
281
24
234
84
7
22
250
292
125
16
60
333
55
7
63
37
216
24
36
414
55
18
2
64
168
351
93
8
60
8
48
34
8
56
115
29
177
263
125
223
51
105
69
120
48
37
44
64
83
733
306
145
57
78
91
220
15
190
6
51
187
37
289
58
20
226
349
165
286
66
137
47
64
45
293
80
105
332
89
301
95
141
346
87
131
104
99
48
45
199
138
48
46
191
142
116
403
36
135
79
306
166
161
10
7
28
24
35
143
33
109
20
58
62
101
111
98
160
179
13
24
2
21
14
11
6
140
25
380
94
40
25
12
105
367
178
412
397
167
70
332
147
140
37
10
96
6
45
92
174
97
623
36
138
303
117
58
105
20
284
127
127
103
92
353
34
325
239
393
7
2
81
55
139
276
180
16
207
725
86
179
108
115
5
40
63
63
176
56
49
25
281
2
213
128
2
47
81
348
347
11
119
27
84
131
49
18
84
75
35
26
254
15
359
174
166
266
177
46
135
256
108
63
106
406
61
70
174
221
57
18
55
42
129
357
166
135
125
5
26
32
124
81
94
29
12
160
156
10
17
79
203
285
203
636
183
79
174
192
610
387
80
110
333
113
105
9
130
53
461
137
136
142
116
47
36
253
87
139
84
69
2
33
214
69
101
20
318
51
45
9
271
39
50
334
33
36
185
143
160
20
270
46
425
21
30
160
32
28
16
61
156
113
253
218
171
165
120
65
72
27
276
3
13
14
80
28
110
64
208
14
52
31
22
189
44
191
124
143
34
251
65
46
31
113
110
65
90
2
72
33
51
33
226
88
187
26
38
99
1
121
63
169
408
21
205
80
67
81
448
24
129
4
133
9
40
109
49
3
1014
32
50
14
33
44
51
223
48
113
32
36
42
29
198
25
55
22
56
8
185
366
35
59
121
69
201
11
8
87
335
15
16
196
95
54
73
24
69
158
110
174
84
192
173
12
60
16
242
41
144
201
41
112
94
51
53
199
97
100
4
27
117
68
363
80
45
65
198
202
337
59
127
419
18
55
31
18
184
239
188
159
47
9
223
79
46
76
58
143
27
94
129
3
59
42
61
61
40
30
194
56
211
138
58
177
125
351
136
62
234
63
250
373
38
165
210
3
88
68
16
144
131
153
63
333
107
48
57
393
11
90
12
125
12
362
130
66
176
59
34
33
10
31
51
107
17
20
43
117
24
150
421
75
2
20
176
12
12
252
39
50
126
103
206
16
22
18
32
14
46
170
14
78
285
80
154
63
152
110
118
22
70
103
52
174
131
177
114
65
255
209
72
27
443
23
172
10
149
170
86
220
95
178
272
144
24
3
121
154
90
209
202
153
164
377
37
40
180
90
105
84
122
73
53
112
116
138
145
22
78
179
63
13
151
206
196
112
16
132
16
411
5
10
39
281
98
51
126
56
399
22
367
76
184
456
45
6
69
13
46
292
68
8
11
78
161
109
85
53
270
30
230
189
109
9
65
286
281
39
30
54
2
102
53
143
76
49
47
134
13
81
181
174
78
62
416
109
73
67
209
106
77
313
95
15
127
4
181
191
48
16
33
117
157
133
70
24
159
304
124
11
197
71
7
135
19
392
42
27
31
8
1
51
27
74
14
110
100
38
253
59
73
21
15
7
81
34
150
116
193
22
125
48
70
7
72
162
14
138
22
8
4
133
86
176
7
63
164
93
440
313
44
315
357
44
2
3
195
24
87
7
15
54
53
46
44
90
6
208
3
87
44
246
40
318
88
551
8
174
87
44
1
110
260
8
247
11
44
4
32
53
38
275
302
5
260
241
83
29
247
88
71
213
164
57
399
129
196
115
51
17
128
47
210
5
269
23
44
69
127
181
45
140
64
6
293
244
4
100
178
67
163
14
34
60
88
61
16
547
88
44
14
186
16
23
73
187
4
447
374
231
80
49
396
154
48
254
143
130
265
66
154
195
83
118
174
143
471
32
148
44
75
111
81
27
11
142
744
48
48
238
51
128
5
150
53
10
47
111
108
79
53
25
151
285
18
284
119
332
73
578
19
44
43
64
32
72
67
63
61
70
77
257
15
58
31
81
115
14
40
14
96
2
67
10
41
29
68
129
31
349
189
118
20
380
53
82
25
155
19
52
6
66
388
164
234
37
64
15
206
11
83
114
228
10
4
28
7
1
22
32
54
70
86
3
155
617
120
23
110
29
96
96
228
200
259
159
414
205
64
8
22
20
188
79
308
58
133
74
175
34
113
262
6
256
159
52
18
53
107
2
123
180
108
194
87
104
13
47
51
1
7
44
152
50
81
230
48
162
2
109
363
45
46
72
563
16
94
5
101
41
343
26
227
424
31
119
255
6
113
7
31
50
151
399
6
28
350
90
60
288
375
145
136
50
129
95
266
61
10
444
258
67
32
178
38
98
42
99
76
95
142
129
207
198
10
220
4
72
87
225
215
47
39
255
149
29
317
286
11
142
67
73
73
636
156
57
190
177
120
49
116
69
87
51
122
38
13
53
14
51
73
343
122
561
59
151
16
210
118
22
41
71
15
91
3
80
260
66
13
496
36
210
41
32
414
51
5
68
18
158
120
633
143
30
377
31
65
51
81
259
56
192
91
212
65
42
192
180
767
90
825
342
105
21
58
408
133
94
81
2
39
37
173
70
244
79
154
32
265
3
70
6
110
71
84
212
151
146
880
386
150
38
337
62
84
60
79
317
25
92
38
17
134
61
13
1
6
72
48
15
139
227
92
41
156
64
113
252
132
371
628
60
159
195
82
114
140
31
68
181
101
225
374
2
476
211
157
156
165
133
83
172
75
16
152
86
122
120
11
29
69
492
199
38
12
70
8
204
58
76
117
11
10
111
37
84
381
105
35
159
137
110
212
103
93
152
178
7
5
42
96
42
146
294
126
225
371
213
115
77
188
172
98
451
536
55
17
10
226
20
46
67
59
280
155
41
127
7
15
289
8
20
35
69
279
12
768
337
322
112
259
192
100
24
185
17
42
35
161
297
135
62
4
116
131
66
127
30
27
28
67
288
101
14
24
125
476
137
285
18
39
266
84
40
311
194
26
217
188
217
83
43
87
40
125
77
187
153
128
372
178
8
118
188
51
30
80
86
9
11
18
140
125
59
88
68
133
4
8
30
17
63
2
48
51
254
56
67
371
348
13
63
69
132
280
24
41
36
47
174
54
44
21
202
55
277
34
114
1
8
23
117
11
198
105
108
129
160
28
75
72
521
31
95
171
24
275
49
271
26
136
48
34
22
140
53
39
70
92
181
96
85
84
129
84
511
38
79
5
51
254
50
141
18
40
232
34
302
142
163
124
193
153
31
70
82
162
210
105
61
80
36
21
114
12
183
75
8
86
219
168
98
104
60
31
112
65
18
24
145
356
64
13
125
88
40
146
28
336
25
127
30
353
250
47
197
34
81
82
75
273
57
71
237
97
130
185
75
152
28
290
4
85
548
24
39
144
50
205
9
94
244
115
54
2
95
402
241
145
50
91
109
42
35
180
29
343
32
20
9
1
122
4
309
318
264
147
4
9
189
381
11
5
49
71
147
389
79
38
26
55
56
89
36
29
52
93
161
209
60
38
128
392
40
97
37
110
32
90
86
471
114
107
137
15
30
19
54
61
58
1
46
10
208
50
10
47
32
151
205
272
280
16
348
202
135
325
104
72
8
26
12
19
78
171
460
13
58
67
67
16
178
104
140
4
57
48
88
146
43
183
100
172
5
81
308
35
125
32
7
261
362
23
47
252
13
37
54
22
26
93
226
22
127
78
52
140
129
141
202
16
300
220
44
74
357
9
13
27
153
109
57
230
36
37
16
1
258
339
54
666
54
61
392
323
103
60
64
14
89
194
140
44
5
8
141
12
66
119
74
124
20
54
286
11
11
302
18
47
28
171
179
81
127
100
94
47
235
8
333
82
296
93
25
15
30
95
78
5
79
8
12
86
41
12
140
76
13
90
301
176
106
46
234
289
135
102
6
4
257
158
151
34
130
26
42
10
7
180
244
81
325
16
20
62
18
127
266
31
7
112
117
281
28
43
91
8
5
43
12
91
117
10
63
77
80
273
91
21
15
44
218
60
42
7
486
2
19
250
240
199
75
109
75
5
84
33
112
148
130
1
141
32
32
47
70
271
69
8
63
5
295
17
263
89
32
72
72
12
126
49
10
47
59
66
99
179
65
31
158
429
89
18
150
197
118
24
86
276
42
70
25
41
122
202
14
128
149
22
312
114
160
13
160
54
77
453
7
67
18
30
115
123
141
81
214
54
3
36
223
142
94
19
42
44
275
35
163
195
65
266
24
27
40
358
19
180
64
122
146
23
45
51
208
369
235
24
201
77
19
75
45
76
22
4
118
104
17
279
29
240
133
95
67
234
133
252
175
18
3
64
20
292
145
392
211
17
41
231
135
53
48
17
261
129
420
134
78
53
110
86
262
34
37
102
192
287
336
55
27
38
80
91
328
173
161
358
2
69
33
253
294
25
216
170
236
50
139
4
93
193
54
83
74
3
54
25
118
66
87
7
343
93
392
13
308
214
29
32
41
82
173
3
23
175
126
305
8
65
123
76
155
17
75
94
36
69
269
52
4
52
13
138
76
76
48
218
10
299
105
18
16
29
13
310
61
169
210
31
255
347
116
26
405
5
61
47
194
119
83
27
76
72
88
242
116
51
72
146
19
165
26
29
138
1
111
23
32
196
52
97
44
105
85
10
149
21
54
363
87
127
14
35
156
170
7
211
197
65
81
45
58
22
30
30
4
12
20
178
56
161
212
74
42
161
2
49
276
232
423
339
27
110
23
94
142
93
31
21
215
102
7
161
164
87
357
53
340
24
437
324
53
42
177
2
87
375
28
98
22
41
4
342
13
339
44
106
159
122
3
44
106
144
65
227
14
117
7
40
42
12
117
119
114
55
136
7
272
285
554
8
62
97
14
97
64
68
84
131
116
230
34
138
112
185
17
96
118
79
187
34
29
249
221
11
339
48
113
13
220
26
63
155
13
36
285
221
2
97
5
110
28
171
128
87
34
256
124
7
208
64
170
42
39
238
14
233
10
83
420
8
7
176
37
83
19
79
33
205
78
16
97
107
77
107
28
21
113
11
1
154
50
6
49
72
77
291
172
86
3
2
150
234
23
26
112
11
19
188
20
61
99
98
85
14
379
62
128
224
212
9
28
49
76
4
22
12
15
13
1
3
164
202
91
19
18
31
222
106
354
113
14
1
27
121
225
143
98
224
63
48
39
15
150
28
304
25
97
36
66
37
234
220
419
373
170
61
403
117
32
76
12
91
24
179
15
99
1
12
191
93
182
9
54
38
141
52
39
74
15
27
147
64
315
246
8
2
31
140
62
175
7
188
49
69
520
44
23
151
236
176
125
64
388
64
78
68
77
414
169
139
89
25
219
124
87
113
192
208
369
243
2
56
259
267
7
50
41
37
42
79
150
92
105
80
47
46
111
138
186
104
274
9
21
59
99
7
112
178
227
288
13
7
240
13
22
107
133
4
71
160
138
39
11
104
87
164
56
88
114
81
442
127
228
19
135
116
67
124
120
67
222
66
41
59
65
119
224
41
42
70
17
74
5
123
62
103
177
183
170
60
151
16
355
261
51
347
24
13
106
109
92
82
86
118
18
158
6
19
77
107
86
189
40
3
37
74
64
15
230
34
11
172
47
169
10
6
256
24
31
12
300
144
14
116
174
83
195
18
128
215
277
30
88
22
72
44
42
2
342
173
362
107
179
330
43
326
59
421
22
29
15
161
43
34
35
206
98
72
102
42
52
96
70
71
295
85
74
10
31
650
324
74
19
97
2
19
256
87
33
168
97
332
3
105
2
4
9
111
131
35
216
267
54
96
63
208
3
15
271
54
100
132
406
168
32
21
15
31
285
121
71
96
198
200
185
492
154
66
108
71
114
4
70
55
205
13
45
385
27
92
135
41
77
99
72
1
1
37
20
34
25
3
91
115
346
19
134
52
23
69
541
232
73
7
76
243
357
104
284
114
123
159
45
155
34
77
4
249
145
129
127
2
131
162
494
66
33
92
156
85
64
131
29
9
24
21
125
7
32
167
85
211
314
12
40
107
7
94
110
75
46
41
114
213
168
22
216
25
39
21
64
240
103
209
367
143
131
5
34
243
40
7
41
8
82
8
39
32
185
60
81
3
40
201
32
209
263
23
134
464
164
65
264
22
4
108
51
171
13
103
6
36
120
15
132
385
22
61
178
353
97
4
57
211
140
147
97
127
32
11
153
108
132
340
44
87
279
296
14
186
6
228
55
156
96
191
94
3
127
68
65
20
28
97
51
11
80
212
148
92
113
78
524
86
56
135
164
142
110
297
41
107
51
85
233
65
52
272
226
257
29
215
128
9
35
12
146
80
85
115
8
30
251
85
65
148
566
27
184
197
29
146
59
140
292
403
232
229
67
275
30
68
41
17
83
127
63
68
121
16
17
22
61
176
7
6
121
49
276
50
44
70
33
101
540
318
50
61
247
37
38
369
23
52
15
60
183
179
191
10
66
14
234
175
2
160
125
551
171
37
468
30
58
60
43
271
49
76
126
71
42
43
52
269
54
333
80
54
74
57
270
204
33
55
461
31
77
172
117
18
185
255
173
62
104
373
62
79
26
26
157
20
75
108
152
297
2
67
130
191
228
50
18
97
28
348
341
211
5
230
87
240
172
78
68
1
167
91
186
11
452
126
136
200
8
70
13
277
93
30
85
25
155
215
498
5
141
66
265
163
53
113
175
49
105
160
106
99
446
3
273
214
17
119
206
388
67
402
11
177
105
219
28
47
23
79
479
115
321
78
58
48
111
225
289
4
73
10
116
49
116
141
152
57
19
357
142
75
92
66
109
96
396
35
89
91
285
186
152
253
29
90
414
215
195
58
161
14
216
39
226
21
98
26
232
115
49
241
24
120
158
142
3
46
18
356
254
39
45
48
150
117
121
78
63
84
81
240
408
160
4
104
84
29
185
144
136
4
4
122
567
9
4
16
76
77
339
216
32
57
10
151
67
140
27
139
184
74
88
17
126
86
18
82
253
39
25
160
62
78
51
230
169
13
89
85
165
336
128
141
136
3
39
246
70
52
41
462
227
121
238
9
192
163
45
248
48
197
37
21
41
60
23
15
292
103
33
11
2
83
147
55
21
30
141
99
7
9
174
202
47
417
101
138
106
69
52
411
208
51
13
57
216
321
53
106
210
69
88
448
151
4
229
105
204
27
110
73
82
108
41
107
242
313
498
58
459
31
32
140
13
28
22
218
51
202
51
53
108
180
145
58
74
28
208
15
50
3
38
126
245
28
90
61
63
76
221
12
37
273
93
65
207
51
19
122
16
410
60
155
32
469
103
239
188
152
5
324
301
92
17
115
114
104
70
31
57
129
52
222
3
136
47
100
32
141
180
223
48
37
89
166
164
15
313
37
7
142
46
62
59
54
9
139
3
2
86
61
55
34
111
53
75
158
4
286
41
8
127
115
217
3
264
36
65
108
27
90
62
19
94
97
113
42
45
142
6
233
8
35
25
28
76
1
81
198
33
305
29
174
164
74
207
69
35
170
144
201
16
183
324
81
170
15
99
24
294
341
308
23
408
165
187
252
44
6
19
33
121
237
56
209
34
55
13
83
21
124
230
19
62
80
49
89
62
238
106
51
304
286
23
142
85
34
160
9
247
10
315
124
36
147
107
60
358
62
127
111
3
3
23
30
64
878
538
187
151
75
26
2
31
59
79
35
19
26
46
47
18
99
47
309
13
36
13
11
65
35
10
312
45
294
119
31
242
8
4
136
53
44
136
123
48
417
96
9
46
106
16
46
218
689
11
207
83
185
8
16
83
119
172
466
163
24
101
53
49
124
39
128
43
264
122
113
7
136
172
135
99
175
479
217
50
360
73
48
258
63
156
160
90
110
111
339
14
93
536
71
51
15
98
179
65
89
146
167
94
28
363
194
9
195
138
234
103
50
31
95
73
72
53
328
46
43
58
219
98
448
40
339
120
2
191
152
151
62
79
6
144
37
430
224
216
45
198
54
54
154
28
47
157
194
186
38
12
282
252
8
8
130
247
66
387
78
40
73
203
169
227
259
147
340
30
90
44
66
78
4
23
103
297
6
97
252
87
132
86
47
75
28
23
58
31
38
96
413
147
85
154
36
391
109
84
106
85
9
13
176
124
3
244
65
104
200
228
8
514
183
307
115
225
154
151
21
187
2
285
85
414
19
63
134
27
105
86
42
38
150
35
77
143
47
128
547
289
40
56
14
92
194
173
58
170
134
23
93
170
26
137
302
40
73
269
44
58
25
43
104
54
30
248
25
97
19
119
29
131
223
265
241
162
46
347
144
121
4
18
33
36
119
194
15
289
205
50
62
147
343
45
56
15
61
481
66
153
153
326
318
47
7
458
140
98
105
20
219
144
338
47
103
280
129
179
23
94
137
17
2
45
185
51
42
286
130
117
158
29
161
22
212
205
4
4
264
31
16
172
132
241
89
164
80
42
111
122
105
9
162
90
51
139
177
1
202
219
45
106
118
178
324
69
670
19
199
13
373
37
12
120
25
84
34
274
129
231
43
149
133
224
18
81
218
137
94
21
73
6
265
46
89
261
74
8
37
75
69
109
36
90
90
226
201
90
419
171
395
134
77
1
146
10
123
61
175
147
98
44
91
114
105
5
231
14
200
4
7
200
243
72
61
28
242
120
210
137
92
168
175
78
357
162
41
264
3
2
9
15
83
237
606
52
38
168
268
41
174
3
4
98
32
48
270
299
68
167
135
185
535
33
73
32
72
109
114
33
1
312
265
21
150
153
7
164
26
142
113
82
287
99
42
14
204
135
144
34
355
90
405
209
41
220
101
8
196
97
94
16
205
140
157
51
35
5
5
119
483
246
10
33
111
12
23
72
127
182
75
105
225
82
254
22
109
22
206
124
271
127
160
164
98
99
58
98
175
76
146
34
102
3
132
39
163
69
80
65
67
111
3
34
139
42
6
88
38
308
13
336
19
108
22
63
91
112
26
527
210
197
57
152
271
156
212
9
107
56
168
8
11
81
27
94
37
73
9
250
9
152
117
107
57
86
174
383
210
204
97
45
180
46
119
60
52
29
36
224
57
218
48
12
48
74
110
31
47
75
87
95
24
75
80
83
314
129
57
86
139
269
20
165
33
38
130
147
138
117
96
44
8
253
78
97
123
68
179
39
118
306
78
215
190
645
106
25
122
154
84
45
43
7
86
269
15
151
176
39
14
39
163
25
83
131
32
118
254
146
33
173
173
52
40
6
332
25
87
32
69
36
573
192
79
45
157
251
50
117
266
40
42
35
82
80
122
32
87
53
204
15
156
52
29
141
37
11
54
233
52
35
63
272
222
128
57
229
24
61
8
730
404
142
130
36
224
18
97
89
83
341
348
39
15
373
112
257
61
70
176
81
73
150
44
57
410
133
77
69
125
22
53
99
274
299
155
50
111
82
118
140
132
260
81
166
82
271
97
23
115
78
2
184
27
12
46
23
285
672
192
103
159
97
247
9
45
124
118
20
37
95
3
18
38
171
231
233
138
84
50
476
81
5
42
193
1
164
14
52
12
20
172
160
42
80
85
191
440
52
13
77
194
34
178
112
35
11
11
13
65
294
70
63
27
267
15
261
246
49
387
9
71
316
36
14
102
93
381
362
31
81
130
98
120
5
702
71
33
65
72
123
35
98
89
210
45
110
109
38
10
56
18
90
139
22
38
132
31
291
18
222
135
115
34
47
22
170
5
120
335
60
161
27
404
29
109
1
109
36
67
36
36
371
194
255
49
39
134
64
6
37
366
68
67
146
100
7
67
103
90
42
33
196
146
105
210
240
1227
11
80
83
278
10
230
216
93
47
113
101
115
136
89
101
77
57
144
275
24
81
353
215
7
125
162
44
455
132
88
141
9
158
5
262
7
98
255
4
127
85
121
484
23
106
41
199
203
184
256
15
51
254
95
170
5
4
70
559
24
287
26
183
48
43
92
195
198
100
67
82
95
105
38
106
31
165
45
77
88
456
122
494
95
79
401
109
26
63
23
14
33
21
148
78
298
138
49
158
276
18
44
67
24
79
99
201
105
154
156
177
275
417
135
32
132
145
198
61
247
136
287
56
82
104
37
11
152
245
61
114
39
199
426
223
83
62
43
64
61
770
24
77
148
69
13
55
24
41
23
254
39
200
10
71
63
4
19
45
196
122
367
359
25
2
79
59
100
126
86
23
40
111
1
74
43
498
359
6
61
89
76
43
7
270
57
85
3
79
96
23
72
7
60
361
165
2
512
144
18
90
44
34
107
217
67
34
81
75
134
300
220
64
339
19
103
90
9
42
319
78
123
265
239
90
101
179
199
102
3
589
48
52
217
14
256
114
443
224
82
167
3
56
21
447
58
100
5
101
19
240
265
59
72
1
79
15
89
39
191
64
249
27
67
82
23
94
22
13
147
59
223
551
189
148
93
103
57
152
146
23
147
238
149
17
210
272
108
109
10
79
87
21
125
14
99
10
167
91
338
3
235
140
45
118
139
115
61
112
161
80
814
163
43
269
91
15
173
131
108
82
3
308
71
184
63
107
4
135
36
217
7
180
5
12
127
49
5
62
149
124
23
91
77
5
83
4
215
163
43
44
57
57
36
38
59
9
21
137
183
5
29
2
467
32
226
70
47
31
524
90
150
48
668
81
141
52
77
70
135
87
268
242
340
75
297
99
6
116
101
55
416
45
167
186
130
386
100
373
59
145
95
52
53
401
340
176
9
143
84
264
446
86
141
12
37
218
111
31
139
114
34
146
35
182
41
29
168
90
107
105
128
38
42
12
390
2
371
61
226
90
171
219
485
48
100
229
66
53
95
120
6
67
7
103
64
12
29
63
43
125
322
95
95
170
47
73
58
17
114
20
364
387
63
335
3
12
438
132
9
226
175
85
11
166
261
1
278
7
150
405
239
295
21
375
95
190
215
10
104
200
221
30
42
50
7
314
192
1
118
100
192
191
11
98
51
38
69
532
317
102
177
328
33
67
46
671
83
80
28
191
72
360
195
57
121
232
232
20
48
20
9
206
584
111
15
31
225
28
133
28
61
4
105
128
38
39
291
189
320
588
129
178
510
19
435
32
146
32
123
16
18
197
87
175
58
127
231
14
47
361
54
53
109
66
9
28
105
283
31
13
117
646
78
95
223
21
376
47
419
163
46
17
8
142
3
81
123
136
33
75
26
60
43
48
106
108
315
351
326
171
107
37
265
50
354
126
15
119
209
458
71
82
108
304
99
59
55
103
329
452
12
116
23
136
126
53
52
32
128
214
32
298
262
100
444
161
191
14
17
29
8
502
152
22
38
24
179
46
92
111
286
60
107
6
197
251
260
86
41
489
200
14
156
70
251
288
2
15
125
126
74
297
148
22
135
152
263
66
96
170
89
26
18
9
305
267
49
393
21
631
105
567
22
5
58
68
60
25
94
133
270
64
139
100
90
209
71
129
281
240
73
218
39
45
71
508
263
1
117
6
8
149
4
218
58
56
85
52
198
4
361
159
249
199
3
529
114
16
162
19
74
21
71
7
26
75
26
93
71
118
43
45
36
238
84
99
28
15
12
97
41
118
390
240
147
161
139
253
93
257
151
3
144
86
5
142
12
124
11
93
28
6
28
18
552
35
373
128
283
106
48
64
23
8
10
79
239
85
48
99
20
13
13
196
59
148
94
37
39
92
347
110
1
300
125
51
167
64
26
222
38
11
159
78
97
150
117
70
15
127
50
672
315
244
120
245
738
62
170
15
249
4
74
101
4
101
56
2
27
16
187
127
85
421
13
54
11
15
85
4
398
205
92
78
104
318
8
12
2
298
299
72
17
13
338
27
80
76
118
9
205
7
15
165
96
121
31
49
67
363
145
205
159
50
26
18
30
219
81
18
63
116
155
288
93
62
39
33
52
35
7
149
146
103
12
1
651
212
88
247
2
66
54
103
39
123
533
228
117
211
133
21
272
79
12
155
85
232
38
2
260
61
55
61
3
65
85
14
16
69
503
113
320
202
269
122
228
54
29
225
247
28
56
146
147
146
50
101
230
366
132
458
55
15
3
81
109
166
29
126
19
151
255
71
41
96
227
293
204
1
432
8
33
132
137
160
61
6
40
454
91
703
152
19
220
106
99
438
25
117
357
2
146
28
152
333
1
23
23
241
158
99
221
155
194
46
95
50
165
37
144
118
43
294
78
111
45
367
25
110
188
305
125
569
70
83
19
25
69
401
46
176
114
10
11
52
312
91
17
278
32
119
190
334
242
151
116
56
48
42
159
310
31
67
18
106
39
139
134
178
63
95
20
109
350
126
54
21
149
54
24
13
48
108
24
117
2
157
110
45
11
13
107
468
399
61
110
97
7
72
162
243
63
101
415
103
63
78
79
43
263
164
78
14
116
274
191
35
20
4
57
100
138
242
120
145
259
289
165
233
23
169
32
138
363
30
73
176
43
174
47
249
161
23
153
25
82
363
110
89
116
132
54
46
76
107
5
53
92
76
149
1
124
115
40
31
240
199
130
74
193
11
119
14
11
9
59
91
17
220
205
140
177
70
18
190
197
34
106
86
19
311
278
137
13
274
28
64
97
530
6
77
79
3
95
506
16
111
48
95
15
433
87
189
127
142
130
498
155
167
74
247
112
103
21
232
151
229
10
68
364
62
219
120
76
16
203
80
13
33
174
160
73
184
74
165
68
45
86
62
21
41
200
57
121
280
158
1
177
44
6
41
1
14
210
163
93
66
240
40
34
183
12
109
56
92
24
118
97
89
152
49
25
34
79
73
24
155
19
750
3
48
17
97
22
109
45
211
12
124
181
130
68
220
121
316
26
52
44
24
91
232
48
60
81
268
28
158
174
25
5
89
189
135
277
469
137
49
5
3
46
17
211
5
168
129
79
138
55
62
3
33
129
135
21
59
45
181
580
211
35
8
31
144
74
56
19
49
378
88
135
47
223
172
294
225
71
314
331
44
122
5
1
137
10
73
14
54
79
44
328
38
160
101
385
586
150
453
8
87
541
46
225
59
356
224
211
1
171
466
45
209
16
236
77
163
67
199
178
70
153
589
107
92
580
34
55
48
29
30
19
63
38
106
172
15
307
86
168
153
78
185
5
272
15
63
217
115
243
45
153
160
123
42
90
64
79
308
80
256
404
28
138
50
41
45
279
84
29
15
89
4
171
21
39
155
109
54
442
38
626
67
89
574
159
71
127
26
52
107
102
312
121
498
285
299
105
311
214
15
6
63
35
156
9
91
33
5
382
37
16
54
351
138
235
77
45
145
48
21
17
13
174
493
215
3
156
247
38
167
10
207
34
166
52
199
118
379
72
339
9
48
153
297
60
110
51
8
104
152
14
10
36
57
151
380
84
49
16
162
194
51
61
265
168
46
133
260
104
307
34
4
51
83
77
35
154
202
318
141
52
101
57
105
13
228
10
428
38
106
236
116
32
94
18
214
343
23
346
10
139
160
132
10
10
202
6
20
57
124
113
205
14
166
113
121
107
68
243
32
81
240
218
82
71
101
121
4
285
19
77
126
4
16
56
276
8
80
4
131
6
14
10
49
129
107
3
116
34
277
143
43
242
55
105
6
69
122
5
6
4
71
38
732
92
164
72
34
117
642
40
22
4
33
325
4
150
324
13
269
347
105
12
184
10
159
136
141
214
45
101
293
133
30
68
150
603
109
39
187
4
105
42
105
28
59
27
75
163
1
1
31
45
78
264
43
112
173
16
306
92
12
260
6
71
13
88
308
199
400
93
121
225
183
100
66
312
88
62
54
3
69
415
8
47
102
38
62
29
113
311
36
45
160
82
6
86
42
46
151
29
28
36
16
12
54
1
38
91
48
102
313
307
102
56
53
223
141
264
487
73
109
253
62
196
17
29
14
105
55
15
76
17
45
68
82
129
44
150
209
178
119
141
128
78
34
629
184
66
118
45
506
268
56
1
55
158
94
19
50
2
315
61
40
87
179
105
139
140
31
3
236
148
150
49
44
30
79
193
64
232
24
13
153
90
62
56
19
58
15
41
9
82
119
98
448
162
67
162
205
20
52
42
102
144
83
133
71
101
109
131
421
33
37
39
24
7
104
114
50
204
177
4
3
124
41
188
91
35
175
28
52
117
7
7
129
54
89
241
1
119
85
38
224
15
101
362
130
216
145
115
13
106
81
3
105
129
138
2
20
53
216
1
104
174
56
153
120
10
80
190
45
108
7
248
163
35
46
63
120
116
180
380
121
105
91
15
10
179
385
163
65
15
10
16
363
30
48
137
181
232
140
115
17
137
61
27
386
176
167
41
14
148
17
318
187
188
76
204
52
44
27
403
190
120
4
278
287
24
6
113
11
247
135
18
266
158
14
62
51
69
114
74
35
33
223
17
3
92
38
53
79
111
68
127
56
16
28
6
251
435
13
350
207
83
264
29
99
172
161
50
189
33
88
89
104
7
89
30
68
125
162
11
39
36
418
3
380
136
10
110
194
143
42
307
122
47
44
193
47
31
8
24
53
5
52
36
148
97
71
104
36
24
165
185
11
139
136
69
28
131
74
88
191
120
15
50
129
71
1
139
33
21
23
126
172
15
174
7
25
227
78
113
23
336
8
30
99
56
217
7
23
47
101
744
38
85
18
360
78
53
320
2
170
24
154
79
122
130
4
101
132
3
176
40
20
99
76
175
340
152
28
37
4
148
274
131
148
17
243
26
90
16
7
6
163
62
36
88
160
75
63
202
164
160
4
423
120
305
131
184
165
32
33
20
23
20
121
62
203
71
38
54
111
78
18
8
412
11
78
384
41
21
137
47
29
71
5
2
19
180
27
70
173
360
86
44
87
100
35
86
74
84
137
52
99
23
224
100
15
11
135
99
81
291
3
58
70
397
21
65
153
288
37
269
186
243
472
63
73
70
351
68
13
31
70
345
26
53
51
27
66
140
68
402
129
207
19
218
137
155
97
52
65
87
320
163
5
35
2
97
32
5
590
47
310
135
288
151
38
119
76
66
35
102
100
409
15
267
81
116
70
39
74
171
55
176
150
81
71
10
193
55
137
273
87
47
50
124
193
13
27
396
6
176
86
730
78
45
95
39
33
26
94
82
44
81
223
65
181
4
46
11
56
212
120
32
151
131
29
228
1
55
63
33
162
71
29
13
26
105
83
35
33
167
55
47
86
74
22
17
199
154
77
12
36
140
152
1
28
62
181
163
46
48
360
246
151
143
10
49
279
168
196
61
551
92
8
75
85
65
190
7
8
232
96
124
124
12
15
312
70
141
4
99
35
5
210
111
297
188
79
142
244
65
151
30
21
157
99
169
163
221
104
8
19
26
75
30
59
70
13
18
141
65
7
94
400
122
83
2
84
97
204
13
5
142
49
73
61
104
1
60
375
32
60
186
180
62
113
114
75
24
25
115
57
70
105
9
166
151
34
47
110
17
61
15
115
92
35
134
352
122
117
3
11
86
307
35
62
129
325
184
469
210
34
13
149
17
295
34
237
62
12
169
82
10
214
352
53
283
96
3
587
18
54
15
473
171
452
429
307
172
217
36
223
102
105
111
443
62
204
17
67
193
63
190
295
258
12
135
184
154
132
22
12
61
34
18
119
44
15
203
12
97
11
16
193
24
175
133
30
71
43
99
11
316
35
376
318
130
704
128
12
102
168
221
56
72
230
161
11
62
24
52
24
63
55
206
68
3
40
249
85
122
136
64
306
223
40
24
78
219
105
134
87
194
3
41
98
108
13
67
88
38
170
23
39
214
71
58
99
35
16
90
82
86
22
25
34
328
46
45
65
180
305
81
15
141
28
175
94
191
19
22
67
148
72
119
176
195
351
33
192
60
38
66
20
36
171
407
72
59
108
103
46
164
74
86
996
226
66
41
402
86
21
95
183
25
20
65
80
34
385
167
308
190
20
70
171
213
405
46
356
352
19
408
112
108
61
114
94
76
196
146
88
133
15
69
56
199
32
21
135
272
122
128
98
26
183
48
239
28
209
13
98
46
139
744
47
104
99
67
194
235
60
466
106
23
131
11
241
69
7
21
221
50
60
49
118
58
70
18
11
197
43
23
381
279
14
71
75
46
151
242
278
6
143
16
168
44
12
50
82
368
11
56
506
17
42
242
164
16
153
91
88
19
107
25
428
213
198
46
218
102
269
451
55
192
427
120
150
39
138
46
55
14
195
5
75
39
41
19
28
26
166
106
55
41
261
247
60
15
87
202
221
504
15
214
67
89
26
194
156
549
37
188
70
36
162
99
53
550
291
13
62
158
167
307
56
10
148
109
36
97
40
38
29
132
59
106
58
107
44
39
14
16
86
285
75
48
204
248
888
149
62
92
7
44
283
125
160
401
161
13
183
92
6
34
35
204
61
89
18
26
207
225
242
190
233
101
131
177
91
110
24
26
29
57
402
39
166
3
154
14
11
7
115
32
92
94
34
51
213
143
70
98
272
28
8
60
11
65
44
39
84
96
114
59
57
171
134
85
49
219
97
209
74
317
95
55
48
13
25
110
5
409
150
56
173
463
222
32
10
98
128
68
184
324
110
17
128
54
169
17
20
290
43
32
209
58
12
33
139
193
89
15
292
434
90
39
152
158
59
94
124
220
203
113
53
75
79
7
250
48
84
35
92
29
198
24
61
12
218
119
320
60
142
146
243
20
53
252
23
55
56
292
12
22
369
10
72
340
70
178
172
115
82
6
40
219
45
15
79
23
33
21
178
205
141
442
81
155
58
310
236
251
70
20
178
23
105
21
289
191
116
133
6
28
583
414
35
12
62
86
59
14
119
9
35
601
148
5
428
457
15
330
227
63
98
124
30
423
29
2
161
142
51
249
109
55
225
14
49
239
140
227
80
512
46
51
77
345
91
375
54
188
95
39
86
128
23
188
31
205
104
1
100
51
11
112
21
76
236
194
1
31
67
100
99
33
17
36
381
119
117
45
51
78
21
104
208
227
139
117
212
134
19
61
161
8
62
27
335
474
148
132
4
167
97
192
105
22
69
142
25
296
119
19
6
10
389
138
225
52
86
46
34
130
51
255
190
32
41
4
146
8
87
6
209
57
55
77
418
11
59
95
62
112
75
41
4
115
96
495
133
46
42
341
203
232
55
39
369
71
257
31
47
29
99
36
235
31
74
340
8
65
344
93
383
22
94
11
22
3
240
288
18
14
2
32
251
74
36
85
274
11
352
150
57
67
11
24
149
17
212
280
34
176
167
124
44
110
372
337
6
164
24
52
109
201
22
55
47
376
120
202
169
563
91
35
63
163
134
182
3
144
114
6
105
38
13
156
24
32
160
183
255
69
36
172
112
130
96
35
72
79
38
1
39
112
141
143
1
94
147
103
87
36
137
275
47
84
146
205
133
9
199
22
227
3
296
109
207
167
328
141
31
21
231
293
34
67
153
46
247
198
4
253
60
21
204
69
156
96
74
83
21
55
119
187
175
273
145
177
114
95
31
64
55
157
20
100
130
67
58
60
4
23
24
44
113
74
83
11
252
68
285
411
125
27
276
37
56
40
1
302
137
186
191
181
196
8
308
24
125
17
84
48
20
193
73
29
107
226
103
189
166
359
105
148
226
397
29
306
101
75
48
198
14
170
27
169
14
195
3
5
153
5
157
70
47
92
57
24
152
73
56
13
140
6
16
126
58
57
101
372
75
28
22
47
27
83
35
27
4
144
74
4
77
340
107
72
92
33
43
54
17
57
9
46
25
7
164
111
114
29
104
28
445
77
15
141
40
5
28
281
79
72
78
142
273
9
93
12
22
50
227
18
399
85
200
6
49
77
370
53
7
371
65
84
215
47
94
173
132
85
69
326
23
384
136
38
7
50
55
141
75
151
563
6
71
156
158
198
59
53
115
59
169
189
351
624
291
217
102
12
184
524
2
107
131
2
99
30
275
133
111
305
626
148
41
176
191
167
190
245
103
17
77
241
74
215
59
62
10
160
454
69
125
72
170
197
53
83
198
109
256
17
26
6
213
116
67
33
128
106
98
34
8
49
35
30
294
4
52
375
15
47
152
33
15
1
29
231
11
148
216
5
8
225
9
164
286
72
98
26
127
304
140
24
5
65
65
203
124
137
266
29
151
200
114
229
156
162
185
128
167
101
8
10
58
219
26
44
11
17
13
141
324
43
38
231
24
30
339
148
156
74
27
26
224
49
38
21
113
15
1
106
162
150
177
134
363
1
91
142
217
141
56
126
175
96
760
66
34
23
47
37
74
89
127
11
185
88
2
28
43
289
13
58
59
70
23
40
50
191
73
88
32
34
252
119
21
233
522
65
394
31
1
83
35
255
154
82
25
168
271
135
41
59
62
101
88
12
23
31
103
2
165
110
3
47
71
134
69
110
169
103
84
155
64
530
199
69
17
22
10
12
198
30
307
141
151
85
209
420
360
48
272
150
164
177
18
31
185
237
221
42
66
334
80
26
25
42
177
54
6
13
66
73
196
220
55
55
3
119
158
157
141
126
17
639
311
63
27
116
89
63
175
84
99
140
48
401
92
59
10
250
67
28
3
16
72
6
7
733
3
84
188
489
88
17
86
83
273
101
131
486
83
208
220
26
4
48
264
5
111
80
10
28
59
42
158
82
30
183
34
25
85
51
125
253
146
11
204
104
204
210
8
74
30
245
34
135
12
10
65
150
146
289
104
17
372
115
255
75
147
272
40
67
67
127
15
39
303
161
2
36
349
161
232
41
277
295
35
205
157
161
73
29
237
95
120
67
10
52
8
53
99
207
11
42
37
61
116
155
99
108
304
92
104
80
74
145
60
83
40
20
141
316
10
138
64
87
116
13
284
62
197
22
39
120
116
81
168
8
120
69
14
16
116
52
28
180
7
38
77
123
436
228
31
27
4
152
230
22
164
56
32
537
155
70
27
138
233
203
8
206
107
65
143
141
36
100
146
24
46
35
43
107
147
546
161
219
107
12
95
18
61
269
159
115
255
89
138
594
191
9
191
10
21
334
211
22
138
52
44
7
148
69
248
12
102
44
312
299
3
285
143
74
291
7
527
167
97
247
27
48
49
134
122
27
566
30
57
260
17
222
5
12
112
53
273
87
34
298
79
6
60
123
266
70
9
87
272
16
88
294
39
21
267
65
127
88
62
140
263
16
219
130
406
23
98
17
117
6
