483
134
1096
871
132
1811
1574
122
392
1439
3395
193
636
139
1581
73
94
901
303
589
2607
267
153
284
163
2679
63
630
47
625
405
2098
4197
168
347
171
136
391
964
119
875
141
400
419
882
104
163
129
961
373
1650
3877
1140
84
569
391
1624
361
370
803
466
434
1405
1730
1452
37
117
480
161
1681
2633
404
1922
1157
19
104
134
627
61
1070
1
883
113
399
374
134
339
1351
1152
710
1112
3128
1126
323
645
1542
1
117
1431
960
397
589
656
955
2130
723
339
85
682
438
678
2338
1093
402
85
389
192
91
154
914
1112
877
343
404
733
1348
1415
100
181
100
329
1641
60
3484
138
151
125
1178
809
362
611
180
124
1036
1151
66
72
274
123
605
188
26
437
105
97
642
361
86
389
390
3847
331
786
76
304
526
121
96
2085
1124
662
1879
924
1928
4190
33
343
80
6
1507
153
873
663
21
155
444
139
231
3085
396
912
118
704
368
316
1388
58
1013
114
40
118
158
208
2369
802
1134
713
1609
3
1433
723
3232
4877
86
120
605
4686
2161
167
2194
1722
3117
10
2423
462
644
2170
410
24
443
157
627
654
372
610
1812
371
907
439
343
138
187
3
619
658
657
117
1424
103
408
149
1693
81
10
2427
104
1600
1407
1144
301
32
149
612
801
913
1571
823
42
1341
197
312
876
573
2621
1619
209
883
1208
1900
417
2159
866
1095
1717
1148
1626
611
142
2128
12
173
1073
399
573
813
391
1378
891
310
145
417
183
442
371
417
588
594
2417
125
372
229
195
13
2324
615
678
28
11
116
648
2421
574
286
445
146
376
918
1084
417
346
1784
1462
648
1170
817
57
341
1144
149
297
357
141
434
1090
3677
269
389
49
827
2051
618
370
1816
1
1409
572
335
1172
72
375
1110
92
330
812
1386
35
123
108
158
46
1034
2357
2615
673
2117
27
423
1143
597
558
933
98
953
661
3935
2367
26
1606
1938
133
25
234
632
1234
903
364
166
94
1956
596
95
2076
118
121
29
1095
198
365
854
626
609
597
633
2632
786
375
162
2334
1146
650
83
1554
113
837
1815
197
82
119
473
169
941
1573
203
13
1408
919
68
356
162
722
190
390
849
181
610
2144
72
2151
824
647
160
352
1725
827
1961
401
141
649
816
622
1622
404
80
145
1380
2640
540
1531
1169
1603
47
1874
868
358
464
96
22
402
47
820
157
1592
402
1421
187
649
623
321
130
104
59
217
452
63
428
112
313
394
665
354
598
133
887
51
131
1189
171
106
82
415
120
669
558
1108
1115
312
2032
197
1636
157
11
122
177
66
134
2180
116
456
710
2
616
1582
89
887
57
1314
608
865
384
2338
132
1197
67
1336
475
924
893
4407
63
828
77
197
1874
3667
678
665
120
4954
406
1392
21
5914
671
632
389
1669
940
126
204
118
170
438
956
309
68
567
1084
318
866
58
263
152
1034
606
19
11
155
2360
68
137
1151
374
865
561
370
145
797
141
344
355
433
289
802
184
11
4154
616
1923
387
2143
446
1175
968
367
668
2102
564
1834
2108
379
111
235
434
207
320
4100
2690
137
2
1920
876
1127
104
1387
877
173
360
99
398
621
547
25
2343
161
374
85
72
1375
2884
414
899
55
357
2071
2440
19
659
27
2433
883
972
678
869
370
436
1698
1934
1107
46
89
828
1207
1450
1809
121
662
2129
906
202
1855
161
601
175
1380
645
143
1815
131
221
3316
367
444
827
47
435
1300
35
369
1170
1621
640
733
1876
976
102
48
598
75
322
3127
1923
281
4174
933
1714
2121
292
83
153
1101
209
378
351
603
37
1708
874
2125
598
2466
534
2293
63
157
1430
848
385
1957
3391
1182
4
18
109
787
694
3409
289
1366
123
142
1328
337
586
1582
653
1432
91
3093
573
781
849
898
3744
697
72
967
116
898
150
1937
26
544
1434
825
1341
1397
372
162
695
177
225
132
195
585
23
405
1809
1966
397
1196
451
1353
1741
3881
381
371
165
846
134
2863
2435
172
459
278
121
643
424
970
595
342
393
401
1638
60
263
1324
171
328
323
1310
1059
353
336
162
951
1172
720
583
457
466
1105
1467
863
587
1128
1588
106
1148
599
872
2356
360
865
309
26
2720
609
143
75
22
1047
890
2299
902
130
1149
1134
1340
338
442
1682
416
38
310
58
131
553
34
846
593
8
397
36
1631
402
2700
1184
1981
1448
4992
216
883
638
1367
2143
1221
1637
338
1857
105
123
110
68
100
214
2091
636
115
351
126
2038
117
119
882
597
369
131
1120
131
699
537
4
215
1618
98
29
417
113
876
323
380
181
1088
1924
174
1379
853
294
919
5705
643
9
38
300
320
3375
264
1327
4375
5133
337
888
2614
447
743
201
3845
347
1419
1276
420
207
1098
1666
1182
171
2391
85
89
1356
1314
1860
558
119
4857
412
652
4
1478
932
1389
873
2379
2436
3726
1102
1895
138
2430
1126
1325
902
1362
1370
655
317
345
162
415
116
621
1230
127
1658
110
104
100
1908
165
164
453
1199
380
204
5846
105
75
3132
3105
1122
1280
1570
827
152
659
277
393
323
1684
686
1597
2641
1917
422
363
50
81
292
7
910
673
181
132
8
1309
182
276
428
92
151
163
389
536
24
252
351
388
1183
363
620
668
1541
918
671
622
71
190
3542
2400
364
123
347
394
1788
98
107
1121
628
415
409
1526
103
1645
58
74
919
619
348
322
162
404
56
38
545
1344
822
67
1849
657
139
332
1798
824
680
72
1186
158
374
407
683
877
50
141
422
1321
1651
868
45
69
106
1599
1127
902
1588
415
849
358
92
1123
859
124
668
1100
1098
1386
1901
317
65
579
971
96
590
3193
365
1575
1792
314
2396
594
1459
461
116
1601
902
399
3580
839
2215
2432
715
686
135
177
121
630
141
158
123
655
80
115
679
963
139
145
601
158
590
581
1108
607
888
545
143
190
2441
2367
2482
142
591
1117
183
329
352
151
933
433
873
983
113
2581
403
1892
195
379
1909
630
218
1835
1432
34
390
199
34
420
94
63
878
426
127
1049
76
463
2862
1193
2163
275
386
80
424
40
640
319
128
2663
810
40
383
142
1617
170
82
394
53
3249
190
1793
635
1058
108
1252
593
145
1144
197
1402
361
306
132
1170
266
144
1849
647
2372
219
447
85
4578
8
205
132
372
1604
630
163
103
1894
1143
2
2629
232
20
1521
335
592
1723
151
443
12
2410
482
1354
1863
1392
925
19
331
1812
357
631
1121
3575
2585
1344
94
424
1600
2122
1689
276
895
123
2032
1410
839
178
1586
5065
54
384
172
1614
1853
395
348
1109
62
411
392
410
396
19
140
102
89
1273
169
172
87
116
2444
667
353
1106
19
306
1412
621
1954
212
599
892
1193
115
78
305
1551
139
101
3
132
644
437
52
48
612
206
1895
172
66
160
104
400
1177
83
1137
27
946
115
1264
291
1090
961
332
907
1177
32
361
356
341
107
484
1663
369
172
88
167
1310
375
1355
1622
250
877
263
543
1405
168
355
69
147
1429
4106
694
188
609
2030
1630
1205
845
2201
2093
347
889
605
1669
1129
349
156
21
1390
1354
429
1548
877
892
620
449
181
22
3465
1586
49
2134
143
433
1119
1788
2130
2872
1892
76
1271
318
5
3401
78
635
357
340
1125
176
1288
2461
105
305
169
662
697
395
895
677
1132
2377
62
138
452
2293
141
187
1688
1435
79
1181
135
409
78
173
1699
1165
407
168
620
407
363
333
146
99
10
99
2135
1136
332
96
371
428
269
1126
634
347
74
4344
471
343
1207
302
273
268
178
1828
1896
946
663
82
233
181
1639
27
1183
60
390
140
1101
385
650
1081
453
11
441
167
114
100
426
414
1886
2455
624
672
1
464
3183
104
132
863
83
82
885
2578
1622
892
172
212
609
21
1329
178
150
1939
1175
134
128
834
123
4203
117
27
1398
427
1051
38
708
136
1338
427
1907
57
241
378
161
15
396
291
346
554
1185
408
846
564
328
3590
340
13
125
1620
1
2161
135
414
1292
131
1404
118
2408
74
108
154
478
54
1621
701
4499
804
854
849
506
106
3174
885
373
3370
128
316
98
398
78
103
123
363
1285
656
329
44
978
36
567
1138
54
1132
86
1485
597
3172
1894
1606
621
663
2921
421
119
1929
127
182
117
36
1906
605
1679
156
375
185
2207
117
105
371
299
1098
376
144
438
816
898
703
319
592
83
2207
294
108
1299
1653
36
2886
637
99
15
619
815
127
701
1610
133
156
110
666
2104
72
135
730
1677
119
418
1273
266
2135
661
326
382
981
1551
150
2023
2136
146
350
157
693
938
1160
377
419
204
49
1948
1376
446
54
294
22
805
152
1558
372
551
351
366
173
1199
514
902
591
205
1152
906
443
199
87
420
1367
354
645
15
1564
558
54
111
651
107
45
1704
819
124
1648
65
643
315
971
130
619
859
164
124
130
370
878
164
130
84
2080
372
238
2137
152
569
1211
54
317
162
937
895
91
6
881
314
311
15
147
59
34
1666
899
65
5657
346
2099
653
114
80
1720
3148
1374
1654
132
1092
3159
977
137
20
5
137
1438
275
2408
408
134
2687
1453
4103
410
206
283
2407
341
907
1138
1972
144
608
1929
62
2401
117
2100
1149
2601
137
1110
73
403
377
1104
413
1434
295
91
434
121
394
608
1567
135
390
1424
106
2124
1104
1348
3194
76
129
50
320
155
148
22
90
2416
191
1619
136
1100
387
169
1497
1053
462
556
1305
1662
599
203
1319
815
70
2102
63
146
45
2405
49
202
3157
194
130
1569
1657
183
341
84
1162
1089
1160
818
61
1184
813
597
367
418
574
167
908
624
591
296
1436
849
1097
356
1574
349
95
593
1428
153
371
140
1067
118
602
627
50
46
302
1053
88
927
30
1554
414
1178
929
398
850
836
626
655
686
604
198
97
141
839
617
124
1172
374
178
3215
16
1781
145
369
1114
1919
18
1194
164
345
875
373
135
374
2376
1132
90
252
1928
317
2096
13
1662
1668
396
1425
3315
4148
2458
202
629
1366
905
323
417
367
393
93
1595
98
1661
124
177
1184
148
78
1666
579
385
14
4699
138
772
201
1369
3097
627
429
656
5161
57
137
425
838
372
352
56
3305
5370
902
3399
133
540
830
386
4
563
353
371
110
2319
94
230
828
581
220
49
436
112
1363
1332
1354
168
633
12
362
306
413
347
3976
1921
428
3123
285
140
44
107
470
677
85
644
1084
1933
397
74
864
1363
154
1436
2181
1103
884
98
5463
21
1124
870
2636
345
122
1917
621
1881
604
5578
958
142
425
1060
717
633
820
158
2874
337
1405
152
382
86
352
973
895
2628
623
114
153
341
853
2647
390
111
113
144
150
422
2136
132
1433
48
582
1343
1179
1616
588
626
640
635
173
100
423
608
2360
819
350
119
929
5
1357
21
108
1877
1860
2431
22
205
116
401
1354
2779
173
370
5
391
2204
307
1438
400
392
806
124
101
107
153
84
226
604
341
482
1145
2385
408
132
307
1357
1098
331
1326
2387
1399
697
631
141
18
2883
606
1573
875
1163
471
154
132
1622
607
1968
43
151
131
1150
1596
66
1478
847
116
19
146
201
199
307
1460
191
1631
122
2836
133
454
1653
771
1272
1373
329
928
561
50
74
110
677
1439
102
624
1600
7
56
2201
610
635
189
2128
20
275
161
1977
183
2
172
1112
486
383
353
3118
185
583
614
3860
434
1590
660
412
3189
352
1324
691
101
360
437
137
687
578
873
167
365
5
1428
2351
195
348
132
341
2156
386
170
1325
460
680
911
206
37
329
1930
1323
640
396
97
190
1175
802
319
4614
402
219
379
391
55
548
594
927
115
582
817
934
341
116
846
322
187
359
861
300
122
4822
9
292
1407
870
349
606
405
170
864
173
149
477
1139
1411
1435
167
686
358
333
160
417
353
128
851
64
1057
1312
376
80
944
157
642
1417
934
429
86
2615
1409
1376
1414
145
114
127
111
376
2628
477
617
1697
272
85
79
322
613
704
379
1865
1860
945
1648
36
895
454
2424
108
363
198
429
635
88
1853
160
385
842
1686
2138
2381
2153
243
201
167
71
806
186
2865
607
193
413
4665
2596
388
451
2823
1163
123
2567
2363
115
4419
1676
127
881
661
158
1054
643
205
422
76
170
1311
3385
371
2896
1374
984
1884
456
884
46
124
61
126
1421
343
2703
1360
1132
1729
1679
361
427
878
151
470
162
39
845
1353
1134
24
953
2622
1626
105
1402
1094
71
370
1174
642
204
1111
610
1931
380
2038
3684
52
1161
97
536
123
1447
1695
1628
54
74
79
1067
549
1119
398
357
1170
104
887
835
1590
126
1123
1141
660
91
131
2203
103
844
282
1672
178
1190
617
377
1400
529
3105
1867
3669
680
470
617
249
86
801
486
124
2621
1181
71
675
205
134
376
604
328
136
41
98
142
603
120
1094
138
3589
872
57
232
5886
208
469
145
631
2604
427
366
1134
93
1818
3147
93
71
171
562
637
1866
877
3621
807
376
374
212
463
30
3850
1867
840
2075
379
5433
119
815
898
19
382
42
316
53
163
3141
1698
44
3707
1447
22
2162
4935
785
1394
690
164
27
478
96
266
53
450
596
114
409
110
132
345
656
1168
569
1106
211
2118
3562
1185
387
869
1149
326
1897
321
99
1418
1884
1169
1386
629
201
845
629
170
840
2101
323
131
930
141
131
1855
193
488
298
610
1384
413
3671
174
1164
1869
385
346
54
31
79
400
82
155
387
1029
158
660
375
900
825
1213
57
3418
926
2062
2125
3416
83
84
321
1156
299
2641
2818
69
104
161
73
1185
146
315
50
887
4130
163
849
191
111
89
54
811
48
1339
855
183
1096
3376
1598
323
350
661
59
2684
2063
843
3108
966
626
408
690
274
1908
390
1442
1712
1952
391
1021
355
331
1326
1131
2141
357
343
881
62
1339
42
131
470
613
57
167
881
218
860
631
159
371
1146
108
356
110
2975
831
335
129
95
74
414
373
1183
1645
195
311
550
368
1640
844
843
112
845
123
624
182
118
21
1875
89
339
11
1428
626
2653
863
94
1171
2364
1071
32
148
4
2139
1190
1105
1133
6978
371
964
2473
1154
2356
332
620
1418
127
193
80
146
2105
1667
70
854
1981
1859
77
524
372
3366
2896
2355
1212
660
357
675
617
145
67
2316
111
371
312
92
392
84
541
487
1216
27
47
1216
1107
936
1144
2930
152
1476
300
865
25
168
1128
412
1323
1118
278
323
43
860
2896
4224
205
329
58
3876
458
1717
85
63
241
1924
1091
41
446
1933
1332
129
36
681
91
906
895
2466
57
1090
569
430
397
1021
8
894
3684
869
130
1133
939
38
587
378
1402
1849
401
409
2593
452
347
568
1927
1111
1189
374
104
897
112
373
943
1418
110
1598
1629
153
341
2659
1932
255
666
1078
1422
392
157
422
800
2629
1586
397
877
211
212
2639
399
4865
679
158
1637
562
337
8675
163
108
6445
124
136
91
645
316
1092
158
618
2178
413
435
1181
50
377
818
437
1947
1907
612
130
1854
1182
401
100
1068
570
277
71
726
417
933
849
2891
54
363
186
809
53
853
2665
18
673
471
1414
1438
135
873
85
384
1038
398
339
52
147
647
381
431
2133
594
317
358
68
1129
837
1158
1430
1412
807
2157
569
430
207
1128
1215
882
2592
322
348
1158
589
624
576
631
1912
103
213
1782
916
570
102
241
891
304
146
1868
1916
357
617
659
339
279
4136
1090
317
951
58
1659
359
59
1282
115
1646
359
3137
53
2106
1363
4565
1398
841
118
1367
453
3820
558
370
147
407
137
2139
198
23
107
130
77
2168
2390
85
870
698
371
193
293
5852
114
1109
568
348
647
7240
433
1646
115
127
364
101
209
571
534
602
1592
298
99
615
163
62
29
864
920
156
165
90
553
69
869
240
333
416
305
442
459
2196
576
11
344
353
646
3362
2628
4172
152
597
46
1363
1088
129
370
378
2065
590
1379
157
119
2619
639
108
916
2122
1971
385
232
861
3142
896
154
356
2846
120
1023
40
127
5648
119
852
413
562
1189
184
1666
151
905
774
1360
1648
3544
1217
1288
83
1618
182
219
344
114
1181
654
94
98
1616
2564
43
2680
676
76
79
105
2911
822
197
2487
126
385
1240
633
5141
1617
2068
1947
1591
50
111
175
360
580
893
401
165
84
273
389
19
1567
623
139
1911
47
375
449
79
392
337
391
179
1179
176
609
1180
1056
1529
31
3426
818
883
451
2128
572
144
1122
324
640
199
898
374
875
133
2173
358
306
122
38
392
553
234
36
4178
2640
2242
301
1942
331
70
138
297
1442
187
859
939
1032
457
1120
455
51
390
340
639
382
372
142
60
377
1402
655
1876
695
152
2420
2438
1953
881
367
342
603
184
1592
785
371
949
404
2430
1815
2
365
621
864
2132
379
1613
147
59
90
1374
337
1850
144
18
1826
458
23
193
902
113
175
2602
1412
69
131
572
2582
1638
1081
1185
530
1399
89
2412
1656
426
417
421
114
1367
590
841
2054
2955
943
1867
582
40
1
375
3105
2586
1138
2298
1357
29
379
858
469
19
697
1670
301
49
106
901
32
841
3609
107
62
373
121
377
404
26
437
631
155
1110
1180
2067
2463
669
387
926
207
566
1155
376
136
583
339
423
869
1438
2351
409
688
1396
1339
587
141
1128
199
16
158
407
192
3467
385
679
108
323
209
416
324
2345
196
559
59
24
617
452
28
613
280
414
383
471
4
75
1549
1888
129
201
416
1386
677
455
81
556
1600
1326
387
173
156
1204
1529
2186
114
2266
1347
1491
191
96
662
593
94
2822
1328
418
395
140
441
145
1139
410
2555
139
119
393
2543
816
92
834
922
863
322
64
1098
158
1331
105
430
30
403
421
1087
615
1166
820
1894
352
52
417
2180
181
96
1069
673
1848
289
403
323
1953
3098
1097
319
154
362
660
1888
154
637
173
641
213
3088
133
3602
422
319
2604
1111
1166
639
1123
35
158
287
251
890
851
2117
1444
1730
827
1874
106
404
1686
1110
311
164
232
425
386
356
1665
43
251
421
180
318
701
2352
1851
127
344
4462
154
164
1390
76
73
3733
833
85
397
146
173
578
369
1933
58
241
1571
143
1457
128
27
168
1573
616
1395
565
317
141
139
1841
398
330
2317
1633
139
149
388
401
442
308
813
277
698
273
647
347
176
289
571
901
310
94
367
193
361
839
1361
1206
1693
570
624
1129
1344
780
1444
197
433
168
1318
399
577
833
544
130
3350
2425
117
321
862
404
6503
355
1202
1142
53
317
326
1153
141
317
304
43
366
1702
73
355
96
357
149
176
399
905
52
15
132
1341
938
324
342
87
163
870
2291
146
2158
3
923
397
424
163
552
861
532
1865
1363
1615
941
878
292
1107
1102
1540
9
398
2438
97
2662
669
407
165
407
94
1132
2151
83
95
117
284
1348
152
1880
7
644
29
1165
136
334
1370
819
706
1615
295
1152
78
186
218
403
4208
155
1607
2176
134
1621
128
2662
513
370
675
302
667
354
705
101
5572
1112
186
96
1600
1434
2648
3160
2202
70
338
27
163
112
357
2067
194
2131
208
54
1090
598
709
322
1458
615
1563
2572
3437
158
202
2834
173
329
48
2603
105
194
230
157
924
2319
93
2031
821
3347
1621
1394
1124
828
1862
429
2616
1587
695
116
1584
946
98
67
596
281
49
558
595
388
76
672
1045
233
1621
1196
72
576
5385
1423
725
379
102
149
362
401
430
724
1675
1102
29
2637
339
1082
1153
125
1347
441
1127
169
362
2921
390
1382
906
539
120
1358
551
365
24
128
534
385
148
111
1338
835
372
411
120
34
148
2193
1822
897
177
426
478
1314
2148
3614
220
380
155
1867
612
914
384
783
2173
179
3138
91
250
404
1131
95
312
2619
103
426
2403
137
152
147
841
431
126
590
1193
179
559
626
634
385
2911
575
171
145
895
923
1365
409
477
1314
671
3714
1668
57
1216
2318
333
682
711
633
156
880
1107
1814
216
84
3096
426
874
2928
1132
382
1955
2670
121
27
1071
169
626
821
413
588
3416
443
853
2070
51
691
667
630
391
1425
2568
415
153
107
171
3882
295
2620
1588
397
64
1924
1338
428
1450
1379
79
293
3841
1157
931
203
1361
127
401
322
327
91
600
1669
198
2204
324
600
388
1168
629
447
2100
292
65
1181
273
161
1371
1125
395
179
138
904
762
130
160
77
2126
1095
149
95
1357
137
875
362
1117
204
16
54
107
42
1882
175
161
431
673
1906
1375
589
2694
5
110
180
156
815
3103
123
3156
1687
787
638
475
1463
1181
3871
2449
1063
168
104
589
98
134
924
1173
476
631
139
668
158
118
650
230
2241
85
414
2086
66
1649
1109
182
1617
296
343
44
179
420
339
149
111
280
281
86
543
348
371
581
428
2130
193
649
599
2643
2827
226
3730
426
337
5218
1172
1305
375
69
432
1412
117
419
112
548
213
620
1625
414
702
461
330
1102
1349
720
101
380
913
1837
979
204
592
366
18
241
551
101
1121
370
1110
600
187
156
2864
1981
1074
12
108
3916
858
893
127
664
164
204
430
862
338
330
678
4075
1180
588
662
12
65
165
130
393
1155
3399
2129
470
38
860
1597
1937
1
2388
637
119
978
391
136
334
149
621
677
1936
320
1538
56
120
1484
1162
650
1525
106
880
782
849
1160
916
845
609
100
354
124
50
175
42
121
157
19
116
2607
4180
693
682
153
3914
902
600
67
619
95
173
91
344
323
620
74
1807
152
406
942
138
1920
309
38
94
76
149
197
1127
2466
2435
369
316
149
21
409
420
1372
391
633
1076
186
1123
646
8
62
855
1070
185
808
17
2053
374
1572
377
133
109
140
131
1140
187
314
117
208
179
1727
107
451
84
335
412
137
165
1345
679
611
1355
439
2634
921
40
366
209
654
865
74
641
635
691
412
82
1402
385
444
660
211
166
3145
1845
419
2127
389
893
656
2873
53
107
880
109
714
266
989
381
2637
1428
370
4430
75
2640
1327
1063
1296
1335
153
1427
350
1142
901
170
119
104
376
16
417
1084
1640
614
90
50
1312
453
47
884
219
780
403
23
26
340
173
112
130
1399
633
138
646
582
1675
704
116
1412
446
449
324
652
274
390
650
138
101
159
23
314
2422
72
86
1128
402
2807
116
368
675
320
215
380
294
309
595
1123
1466
2272
448
188
633
2859
532
1114
631
947
1109
196
1198
384
965
565
419
1179
1164
387
53
1197
631
142
654
1901
66
3123
227
1372
138
107
22
1669
632
140
1383
993
69
1622
644
368
4070
202
471
611
942
100
1327
80
146
224
41
634
634
539
571
1448
359
182
335
53
23
2864
2113
116
870
41
1609
6
342
417
2185
113
894
102
379
1451
10
110
125
143
1619
121
146
218
1807
957
1907
167
353
2846
2849
178
144
555
386
1222
473
1942
855
106
88
1173
2140
114
163
954
89
89
75
1617
3079
23
2390
2098
6
1435
685
1076
640
63
2099
687
1337
130
938
155
136
862
136
2865
675
443
318
1392
1421
1030
165
110
160
363
2854
1148
983
1218
94
111
110
3702
196
1419
2144
468
1859
446
2877
570
1350
5437
2695
597
56
1535
1581
400
642
1783
390
66
70
56
1147
154
461
974
831
1737
845
1372
336
144
871
910
62
1386
186
1141
1829
855
281
64
363
326
604
141
137
1371
148
128
587
417
367
2638
875
220
1200
830
93
239
39
58
459
382
206
37
143
7117
3953
400
2152
1677
113
5163
402
728
868
1060
3199
124
119
602
363
1143
375
578
614
1430
1645
409
131
2381
2117
131
388
118
1112
40
28
428
1141
125
1605
1727
284
2356
373
463
156
900
587
78
222
645
1408
405
164
111
1591
411
482
584
112
1367
296
341
691
625
146
610
823
1875
369
155
1167
14
901
322
601
878
57
388
173
937
1554
608
1915
1115
1874
379
11
606
846
331
1436
460
641
128
1682
2581
1147
670
70
613
196
292
75
94
2384
1156
3988
951
396
1137
109
115
676
1398
164
398
420
3574
89
340
412
135
1169
1328
315
677
892
312
133
351
638
1101
1059
218
39
3473
316
339
669
15
223
113
1104
330
132
143
193
793
1831
120
920
1686
141
128
2053
450
344
611
883
1826
123
930
563
412
67
607
4
1112
72
602
2594
2450
72
167
388
59
1654
4571
1663
1325
2209
84
1464
803
420
87
1884
448
1422
890
1075
833
179
1382
960
60
442
620
862
522
292
3168
163
1874
177
1399
42
616
3624
140
380
441
195
1597
4129
1847
306
1930
1425
1054
319
1124
813
191
413
375
1138
370
144
178
659
88
90
1325
857
4645
176
367
1825
677
623
793
32
335
1125
562
224
122
314
558
735
378
194
393
2598
142
87
1367
387
557
421
123
1178
1838
1166
554
188
96
5454
90
351
71
655
23
3962
1953
587
83
1142
202
796
354
2184
1609
1458
76
74
119
914
1638
1415
431
149
651
101
52
459
2625
337
60
2376
124
84
219
413
1918
284
847
582
1653
171
564
664
344
1746
349
148
122
206
1157
442
111
163
4176
433
268
1333
4229
312
2119
796
2130
1438
538
121
429
31
3112
207
94
346
2099
381
1430
1173
437
616
2391
85
1192
712
24
684
701
1410
848
597
638
3683
336
346
461
2171
3160
361
834
342
610
1542
129
124
1346
31
1103
602
95
410
77
868
157
3361
38
1637
1106
464
115
892
900
664
79
922
233
420
1376
1640
894
214
3156
850
1614
121
122
849
901
619
1
583
1070
320
326
208
836
169
2116
368
201
2379
25
1171
1341
668
150
1633
4104
1524
13
120
838
148
146
355
127
444
50
834
33
3386
2122
644
82
534
156
48
22
25
1896
209
1109
3940
2205
161
419
1992
366
623
550
918
387
1532
1356
432
2591
1371
4188
369
455
809
125
1116
307
133
1707
399
439
893
639
427
1870
1081
142
1932
43
134
403
113
469
1158
129
1412
1139
380
1083
62
117
1912
360
2429
1152
2342
163
2101
2376
1173
13
287
944
5326
124
1573
5388
380
349
335
174
68
3714
98
882
691
854
215
480
320
1410
408
361
373
1466
167
322
400
1853
308
170
1132
783
2592
856
1306
70
182
119
113
940
611
68
666
433
97
96
893
120
1617
3456
180
1312
1876
233
337
1184
51
54
382
146
127
617
1587
627
36
1212
651
358
72
888
128
1436
65
1111
1544
650
320
646
539
174
1190
1111
321
100
156
2348
23
548
153
319
318
1151
417
2109
658
581
814
671
365
129
430
58
1790
2918
302
75
917
1795
692
1116
902
910
50
353
198
143
125
265
1081
1557
319
1128
3890
194
375
912
277
6
236
5893
133
3174
1715
1550
1356
2116
1608
10
126
876
579
355
65
1153
24
878
821
362
842
320
591
126
808
684
407
2593
39
166
109
1271
821
1134
710
1383
614
812
881
693
104
325
1589
354
1103
703
1378
326
9
348
219
1084
79
1403
120
1916
673
44
1142
2278
784
2882
434
375
184
388
24
552
1644
478
535
1601
2221
343
72
127
317
193
646
102
18
835
123
131
712
170
391
114
1449
167
120
130
199
162
2121
986
77
140
368
388
822
43
357
489
461
1589
867
2134
662
858
294
2848
1921
172
472
850
2369
1696
591
375
136
609
162
40
1599
912
380
87
223
988
1837
2585
373
2214
1322
1323
144
139
170
122
14
777
126
811
36
1067
2133
585
690
1676
397
24
1205
303
168
1846
323
2363
569
322
1104
158
6
124
423
527
1663
903
1847
114
1830
62
387
193
179
1836
39
716
416
710
98
1694
2146
81
152
50
1391
2318
372
1488
53
1115
118
1311
320
833
304
232
586
1351
74
317
178
144
337
124
664
386
128
593
570
333
15
137
373
823
1276
66
451
420
888
146
895
908
388
373
381
2
1696
1042
729
951
20
1158
1359
2128
165
2319
664
615
1716
462
336
636
391
1105
204
2493
145
155
1355
2918
3099
17
1178
1165
215
890
1104
2672
5
453
2100
851
181
1676
574
402
3376
3186
435
1157
2080
216
1638
196
103
1535
121
35
105
3919
470
945
201
2358
425
624
1164
1602
98
4
978
154
828
2147
2088
865
797
2142
149
1052
2327
782
354
595
459
1458
395
18
171
81
1387
339
842
1426
81
1873
417
124
4966
410
50
424
252
1556
2555
1143
207
2074
281
413
77
157
135
98
1062
1355
368
25
907
150
1091
1
5
39
234
1201
584
423
551
309
376
80
373
318
1054
1868
50
1142
96
349
573
1102
1618
374
584
81
42
1112
114
1120
98
406
335
1388
3632
706
67
364
350
551
1621
299
2722
650
1824
1069
2635
1649
671
1874
672
836
684
389
1352
77
1711
1407
373
72
2547
1352
1898
359
606
422
462
1192
625
411
230
172
1398
1887
4357
419
52
359
1131
625
814
266
1630
594
91
1204
312
3410
3868
2628
588
185
2363
906
1573
1428
873
1843
3380
658
2111
1710
1356
185
120
434
610
163
2395
139
336
406
672
111
2361
160
269
597
163
3939
2119
831
102
1650
25
109
283
100
1212
75
356
111
146
8
1313
4088
815
3
2183
403
4
143
572
99
11
799
400
941
891
626
230
817
663
138
3101
690
864
513
1348
1518
1920
1364
1596
90
868
679
109
635
375
2294
1573
981
3910
129
1327
546
316
2675
55
2172
87
85
408
554
1896
1085
447
594
143
2948
2594
429
520
134
307
808
53
677
176
169
31
1320
1643
180
579
801
126
291
115
2664
50
146
86
3057
299
1389
175
697
483
3357
605
228
1208
2175
3619
233
1061
88
3684
1089
100
1310
1108
905
1920
23
409
550
344
405
532
95
2393
1696
2122
2
178
25
1139
1326
99
938
75
386
117
89
949
83
367
4174
1402
344
205
152
829
684
167
1169
1993
400
460
373
5148
377
301
2358
130
1042
45
152
955
98
1150
442
358
1886
411
170
2354
1315
1557
580
407
2890
97
3858
141
2208
607
569
70
1565
807
1602
640
848
2839
129
1278
404
2328
316
89
923
59
430
79
1405
1409
125
3108
57
630
596
2293
202
3397
333
561
592
65
914
1464
2328
157
930
624
156
876
393
211
35
349
384
369
1279
174
2833
2139
319
866
1148
71
324
1052
2094
422
1133
593
93
121
81
59
417
915
471
1452
356
713
105
190
440
1380
50
78
704
688
181
560
2168
111
651
286
2173
5
140
187
120
436
424
1388
873
1646
634
630
388
80
164
2590
1110
316
2655
107
201
219
321
1643
115
914
2
114
1633
638
1081
196
355
537
1907
1132
92
1976
62
133
141
8
869
196
319
178
344
2074
116
411
2631
464
651
37
1127
160
347
938
367
219
304
795
56
2617
1135
156
119
351
1907
363
144
190
91
636
75
4149
659
5392
4120
300
339
337
367
1423
107
322
608
1380
108
1042
1806
911
75
133
715
605
1836
134
1947
1110
117
435
85
2028
404
50
3952
2115
44
581
901
888
678
11
115
615
711
67
1649
120
1681
1101
100
188
178
1136
3140
884
299
153
27
681
565
791
86
372
51
1934
2154
395
3061
370
25
354
562
276
3924
2127
291
563
449
1392
215
442
411
457
1340
584
92
44
59
165
574
1340
198
402
147
1930
2321
433
1691
378
187
218
138
1169
2102
39
373
37
181
6650
454
3
427
70
98
727
473
312
649
559
2384
137
100
2053
60
347
71
31
1645
1371
432
705
335
1303
23
646
882
1633
557
190
12
602
974
284
1455
1079
10
115
1118
68
78
1589
117
442
127
3667
411
340
161
1183
1710
29
2068
1610
326
643
1698
205
4384
2900
1
100
679
382
429
711
1418
1118
899
149
1900
1578
61
4348
1199
363
287
3101
530
420
693
149
44
121
159
902
368
687
1119
412
103
66
1722
1367
121
435
186
685
1870
1540
2322
941
304
1930
1934
5
3568
1076
921
395
3090
910
150
423
221
234
116
1859
209
322
364
163
424
1114
96
2155
1894
2443
360
4349
367
361
19
3424
1623
99
200
1079
399
172
863
4816
2635
1655
1078
628
305
177
2133
1885
1590
30
2933
114
335
861
645
424
167
369
112
1158
2187
707
3968
1653
157
626
2891
73
645
1360
1900
2163
4132
1614
108
1443
817
71
67
3645
683
140
155
3065
456
49
33
169
1133
1395
2340
173
185
41
1428
138
428
1558
604
168
118
3374
2251
854
872
553
144
120
642
375
232
337
127
902
401
3928
128
939
80
169
1397
166
20
1597
454
830
1334
1082
944
684
730
1594
1142
108
731
104
73
631
616
625
1618
605
3654
856
967
414
1479
263
2176
1890
148
621
395
272
205
391
190
145
377
80
386
72
1202
508
410
625
1463
23
416
4221
1137
454
1383
431
1207
1344
1
1846
435
85
286
44
1899
438
62
31
101
2938
274
97
176
169
1893
327
1580
1385
105
19
1374
1587
215
1851
1973
3113
482
2204
10
151
1111
827
196
375
651
1153
3069
2215
625
1095
39
307
195
80
612
548
150
449
310
1376
157
705
196
231
523
1458
2441
340
67
464
102
82
361
407
879
155
1580
135
896
154
2671
1400
176
937
926
19
587
1658
86
626
162
2133
913
385
340
1115
156
1123
1164
976
839
66
1148
377
2548
368
2103
1409
101
1957
124
160
405
1697
220
1077
363
901
886
157
2915
533
109
356
1153
114
656
267
148
357
686
898
659
921
1474
128
317
9
1969
581
596
105
362
329
347
159
6
1887
943
1834
1074
1627
1412
2668
931
659
1158
536
2938
221
1877
1624
74
942
881
2465
459
900
60
1197
324
617
452
1648
2167
339
865
327
312
884
1914
657
1127
195
1366
269
1567
1455
623
1692
640
126
657
83
1908
1637
5796
811
313
77
1669
204
374
2169
892
371
626
190
612
629
115
1163
2088
180
860
910
185
26
397
313
578
1109
801
679
1131
405
1976
131
600
355
789
279
77
204
388
1638
124
378
251
170
1628
4957
1842
177
789
605
826
1142
883
652
3186
128
885
92
269
124
53
1782
405
209
2682
4320
341
157
138
5
433
122
303
154
2397
298
80
141
617
2627
116
137
352
820
2163
87
2647
108
126
1443
327
400
894
2196
429
822
1101
219
1190
386
265
1328
2161
435
1846
60
631
1569
400
3675
598
328
103
898
134
1806
1438
71
2954
309
899
1688
165
1296
219
692
801
107
213
328
2889
169
892
1395
1558
101
415
300
405
229
1640
376
3626
644
401
192
1141
1852
3926
92
1126
1588
30
2395
2135
584
120
218
606
2150
85
623
153
1132
1782
80
595
2098
124
221
163
953
536
417
665
1283
430
1161
83
907
1425
53
787
277
145
346
382
3216
112
594
711
331
462
362
2368
825
384
1388
586
637
53
163
930
1199
423
294
143
679
109
394
920
2881
385
178
136
2319
133
50
916
1672
887
75
391
41
649
974
134
520
4629
95
1930
185
630
17
570
1448
394
1109
885
3409
4
164
3050
202
1049
1188
2403
159
476
551
3934
1631
852
138
32
153
535
1193
744
828
210
2175
931
880
124
166
137
947
278
146
379
1780
155
5159
864
100
1363
3860
846
120
220
402
1173
694
393
160
87
1120
1143
95
311
888
1394
167
61
323
1070
158
209
378
642
1
138
22
599
148
2241
1151
1317
46
606
1152
1143
2121
296
97
867
4605
92
354
646
3320
1423
652
3404
702
1220
127
181
109
1127
1385
1128
634
1235
1190
109
2880
1419
661
1345
346
277
659
419
199
337
67
1
5
888
662
418
3421
422
2079
600
1088
281
889
292
395
1802
555
3578
870
125
621
156
430
2611
1887
2463
244
379
300
2363
426
200
230
852
441
403
187
1604
1059
80
384
1393
1954
146
114
78
612
2578
409
46
1807
590
1241
348
1371
886
486
2230
2158
218
212
312
341
26
641
135
787
1676
155
2439
908
3
1401
4454
847
174
175
109
1
1053
454
414
398
608
2347
209
664
1115
826
94
379
1391
107
362
1400
1802
178
119
127
10
108
348
156
95
62
1283
544
1055
42
659
1145
333
426
1401
39
888
379
355
1392
1111
381
614
725
368
355
3
391
373
211
130
313
374
161
61
8
99
675
284
151
2813
2400
1358
538
61
708
308
546
1667
2838
207
1129
1146
840
1371
92
689
183
816
2360
131
94
2401
1152
602
112
46
108
387
216
93
1042
100
655
1619
10354
610
1124
1047
160
1403
2643
134
148
138
1594
867
319
152
296
2728
441
2181
197
2576
46
379
385
144
2323
117
73
1165
602
1051
121
73
124
2150
653
308
2090
2621
636
1800
329
3069
315
1339
1195
3450
3147
1110
1181
102
131
599
1805
128
137
1589
817
147
130
1622
112
2826
1352
202
668
477
2416
349
614
84
123
288
650
3872
426
4179
1904
332
447
57
2965
5110
830
558
315
325
2125
648
587
581
3617
1188
1177
3134
1176
1313
136
2071
159
115
3182
971
1418
309
3383
2427
16
949
2876
76
1398
304
400
1114
672
1392
910
271
2368
845
1615
114
35
59
2169
375
356
1320
941
1087
153
400
388
380
55
601
22
1060
123
2905
1079
666
123
648
837
660
126
1666
89
579
121
3315
1
1933
404
3228
3094
372
357
147
1681
140
244
1056
2662
615
876
99
467
1136
833
612
365
153
4197
1089
1373
586
2855
67
175
176
139
905
53
367
383
93
720
77
358
613
1419
209
35
1697
99
391
876
1566
859
142
3286
118
2101
378
141
450
1171
71
2929
903
916
930
87
1089
309
903
8
686
1678
324
126
46
669
2042
422
46
2178
69
835
1609
778
24
2141
81
580
348
200
347
426
431
98
894
640
370
5707
372
2210
184
2593
595
918
143
1415
402
1097
85
4
145
555
656
584
347
620
2370
399
1188
870
630
594
80
1050
1898
603
367
110
140
201
134
2604
89
1630
48
1551
158
312
581
53
1593
1382
613
791
60
684
137
874
516
1694
179
1376
199
114
2127
893
301
955
224
1624
1576
1368
1059
583
46
638
1368
864
1619
2402
915
46
1360
1152
610
129
116
642
88
10
570
615
345
194
642
619
1146
21
891
98
348
52
80
734
377
1024
41
1681
412
816
4998
23
328
356
388
83
77
137
902
2347
703
2363
55
95
347
117
2139
4838
129
125
639
406
858
848
211
2076
288
70
906
139
191
311
361
1086
406
404
595
1396
1113
101
2359
672
442
976
166
1698
893
1643
622
126
206
411
917
141
327
171
3399
100
40
3345
607
2943
1135
338
124
929
2479
119
141
1038
2058
1485
942
1458
176
2179
581
861
407
157
487
1152
122
13
819
874
154
1063
1130
622
2673
469
3618
1352
1414
302
1409
173
423
680
85
89
70
330
1335
1665
1392
1131
1069
2937
1444
881
311
1978
360
90
10
1873
1833
1088
16
16
97
216
1575
132
1402
83
158
1457
459
1426
2170
159
784
68
881
75
327
908
69
168
1712
1073
1384
158
38
174
37
199
464
1356
97
1806
38
460
1413
1342
533
873
67
1428
2890
359
1486
382
1243
632
137
148
27
1132
624
1611
85
3993
347
458
1968
135
641
214
2357
446
111
1672
622
488
369
323
2926
3195
1811
605
311
646
461
1703
395
848
957
941
402
162
565
905
237
850
411
1098
172
50
63
401
199
645
2143
375
374
410
1205
1110
674
373
1665
1829
157
2170
914
162
2694
342
1078
159
3194
93
3882
444
409
478
115
1118
657
110
5654
104
606
350
112
116
117
1463
407
3920
89
829
192
815
104
4054
388
1913
1093
128
358
80
962
342
2079
432
353
3544
4688
421
613
1341
595
336
3175
821
1075
130
943
418
7
466
298
222
2352
343
1973
795
91
659
148
55
126
63
352
370
602
4456
105
96
355
208
678
1316
1114
2846
23
114
1117
2083
164
352
81
865
4059
115
116
1625
1617
139
75
268
2137
479
962
102
633
107
383
644
687
877
231
194
403
664
606
859
607
37
2380
1896
582
2881
642
271
905
96
814
156
1163
668
469
127
1089
14
562
645
180
359
2712
133
1052
1625
47
403
633
380
1160
336
57
130
166
150
116
136
1935
848
2822
913
1155
146
226
5
628
1349
583
292
73
1412
100
858
900
2908
327
872
344
1890
150
1899
3014
896
19
199
1148
830
1119
4391
1917
1601
193
588
2333
1932
174
623
2614
1883
3108
851
1377
26
1358
878
108
1534
1717
854
107
639
57
386
460
2636
146
72
148
469
855
352
367
1242
1130
900
87
612
15
38
1676
410
587
1106
404
335
358
686
404
950
375
703
439
713
1638
1375
277
334
309
4396
1630
2619
2582
1668
3125
628
1118
191
2661
127
78
1438
604
102
2162
81
1071
1623
687
114
312
1666
201
1413
311
144
2640
1144
900
643
120
2356
344
409
1646
131
4
1609
384
2116
1714
9
1138
2657
1342
581
1095
972
6105
2371
118
325
632
134
1882
493
100
1968
135
93
620
55
129
161
1599
421
630
462
89
1170
2578
2454
132
1877
1928
435
152
563
2880
1891
161
517
151
2626
623
691
1408
1088
48
2404
183
320
4624
94
435
19
972
292
618
908
345
1382
119
352
674
76
202
664
732
122
850
567
346
149
381
24
682
874
108
2428
456
10
139
162
16
1347
1971
122
1171
795
83
132
1081
1362
1126
382
52
138
1569
33
80
384
641
2159
976
1658
254
656
203
138
1118
399
299
619
406
835
437
1097
448
613
1119
1632
179
613
3134
1222
633
3415
618
547
59
326
621
407
373
471
632
4214
905
622
808
841
183
885
3357
582
1709
574
835
604
416
7826
118
1413
1917
1156
1346
328
921
1078
137
384
421
1452
1213
97
2328
121
118
1949
26
609
909
974
441
1471
407
100
700
98
2138
485
413
376
841
1108
1360
1576
733
639
628
429
717
141
455
1388
1076
41
1353
444
143
1411
1095
800
527
314
326
153
981
1369
2170
2945
543
110
1855
925
364
1590
1393
2396
1095
2389
88
405
92
1910
870
91
1572
206
2846
1720
425
84
601
576
770
1902
421
1115
925
1289
134
893
913
1173
1617
1131
788
168
857
1300
374
1437
116
559
104
490
1097
3212
899
923
58
175
2861
1655
139
188
873
1301
160
944
423
372
221
64
1135
223
420
194
52
136
1939
102
153
394
96
108
1397
206
18
107
132
631
123
358
108
1350
2200
185
1656
469
2632
197
602
1943
810
122
1022
52
1816
89
619
40
1361
2880
1456
468
1205
794
396
160
598
372
654
113
574
190
108
2369
164
594
846
378
82
1159
346
1479
653
659
399
1162
139
390
160
2
901
1191
35
5
2904
1657
200
2354
125
582
739
240
2649
3150
2084
102
1403
50
624
225
97
1857
1777
2567
148
449
2157
418
458
58
1621
103
146
628
433
438
2433
622
320
393
23
570
3888
90
2674
432
1136
428
1643
28
144
610
138
551
1231
95
2
4050
1389
121
2942
170
147
1846
908
1617
115
74
1313
129
2095
1609
389
122
445
1068
449
185
573
143
168
420
4908
583
881
321
13
200
185
193
149
64
523
2092
734
1932
422
34
90
1173
1148
675
1329
86
417
138
148
112
2068
570
1612
1050
1186
2160
189
446
7
1444
1901
126
365
2346
3445
111
73
347
145
3095
1390
84
620
3719
85
143
369
623
1942
47
12
1901
171
374
1714
59
188
458
354
677
137
142
1375
1655
59
3197
122
63
227
217
302
1058
584
637
5166
3209
540
1622
363
80
3908
1174
666
419
886
2091
58
89
90
581
522
200
692
311
1917
326
1638
621
132
5127
1200
228
75
288
177
1633
557
873
367
2375
911
2381
1137
1170
2239
77
87
61
93
129
1652
1102
123
192
916
395
66
3
873
135
1451
892
117
138
46
640
14
356
1339
64
125
193
1348
1708
3339
1443
2214
152
2205
2670
1913
2626
210
642
103
223
1148
1378
349
33
1861
345
879
870
1097
39
2363
838
1311
932
186
796
1094
174
148
1572
645
1110
292
318
1936
688
1317
1145
357
907
168
703
1
377
1637
368
561
72
1067
2398
108
1142
879
104
308
22
1134
931
147
1952
870
852
592
1430
116
211
352
172
1624
1602
332
346
1055
2469
341
1084
209
1586
686
1654
408
1124
309
366
119
936
97
82
180
1167
1197
2379
173
1390
462
333
3604
1941
2077
467
2592
654
414
177
906
419
1121
2624
130
99
69
1150
408
321
832
444
196
703
109
2808
3204
953
183
399
92
1949
151
389
632
568
1148
950
445
877
820
853
212
695
869
362
138
1128
1338
137
481
73
40
392
622
375
782
889
92
2403
2343
80
213
1084
3444
1618
369
6
868
615
85
181
2595
322
1796
675
1374
68
31
32
315
803
674
1158
691
665
219
3636
181
529
449
658
1890
1108
1447
1937
577
396
115
1278
1850
827
117
851
789
837
972
365
8
676
113
185
407
374
90
677
100
131
156
147
113
143
27
214
894
128
144
336
113
146
1652
341
3438
87
162
365
1342
45
937
457
841
312
2433
169
1629
1620
684
622
89
309
343
388
148
341
175
155
163
1309
70
2621
1402
3328
385
28
408
1380
124
70
61
178
1857
651
61
1637
375
178
157
5
1197
2080
113
95
96
340
121
1186
781
1615
86
385
1070
150
62
417
892
590
173
99
140
328
449
3912
894
162
187
897
3612
409
602
11
854
120
37
621
32
183
649
75
1207
1640
666
358
133
45
919
889
1384
28
2302
369
979
367
828
20
468
163
23
2585
408
31
808
617
42
2089
11
67
100
911
790
193
724
400
178
127
148
125
678
145
90
124
860
142
896
1811
651
160
2703
108
2076
154
417
3968
330
1195
4
4971
2953
1144
70
380
1903
1465
1450
173
1838
673
1186
371
1643
2558
3032
51
333
2424
158
144
2150
2935
1457
380
845
94
845
2464
1075
248
533
202
149
437
418
1183
381
1132
1673
149
893
91
1422
1349
1436
2600
149
870
2602
1087
199
592
3118
355
403
1053
123
1603
681
896
47
68
1579
137
112
188
671
2450
2429
353
338
106
124
1824
422
2128
2457
819
1083
2421
327
26
1033
393
97
166
3898
2124
1610
645
129
1408
335
572
1535
1386
1862
31
2042
313
1424
98
3061
24
186
1076
127
1432
168
1677
918
1184
375
598
107
437
141
146
1723
1887
857
1606
113
724
620
610
417
89
1702
460
378
415
3240
97
792
1813
206
1152
227
105
2098
1605
1379
91
680
1597
171
91
144
848
381
449
1348
1611
343
126
246
2792
1178
2321
163
419
130
1321
117
867
393
114
75
618
302
1115
9
322
111
461
133
127
644
568
1191
1314
599
1396
403
667
612
600
867
110
580
48
434
470
152
2811
4
227
385
480
799
158
819
615
407
162
18
272
1877
10
57
1717
437
2
1602
348
442
175
231
2059
467
424
364
388
9
65
2900
3133
620
415
769
1638
841
173
1639
101
908
91
288
283
832
91
443
123
404
814
38
188
2677
76
604
120
965
348
2311
1080
38
2148
1119
1903
2317
302
147
1165
1930
334
339
453
80
39
145
204
172
897
1377
74
1059
135
1196
614
943
14
604
788
45
43
1937
81
427
311
1900
188
75
1909
2900
1787
389
956
632
1395
131
1381
641
130
812
1693
63
845
789
166
8
1108
73
887
688
3598
1062
324
44
1149
4
1599
644
595
611
129
68
152
3183
112
206
160
669
2191
1133
445
1629
372
1
2093
330
420
1050
30
1122
3634
420
438
1395
1122
1379
2042
138
808
1048
1162
318
281
1786
337
2658
100
582
30
862
901
383
166
632
1069
895
297
619
379
140
1680
2408
313
2
321
1859
1381
392
2723
82
631
145
337
369
3191
2387
925
897
705
249
2996
769
231
356
1225
4133
630
359
419
109
116
2939
57
1454
1707
61
151
18
626
371
4682
1914
78
170
135
41
160
1578
1352
1847
2361
620
228
872
427
5404
1463
216
293
2340
76
175
727
157
1843
371
537
1975
2672
2593
62
1137
158
100
621
2989
1116
109
4
318
829
1630
2133
307
677
1231
1642
64
1106
4412
921
2682
360
364
662
2142
432
124
141
281
1095
824
934
643
850
1101
100
135
2936
1122
2
1705
134
1162
240
1667
1907
1389
1115
1037
430
904
1286
91
343
201
1856
109
202
826
1860
37
122
129
574
83
2330
869
883
2467
337
578
63
114
1383
1339
1683
597
1878
596
347
60
1172
169
558
49
893
45
1103
1313
282
142
489
830
726
169
2841
364
1111
1898
126
463
20
847
850
1126
2348
348
644
342
3675
81
409
928
377
362
2098
1146
655
60
1057
790
1871
312
891
1877
634
1633
349
130
266
179
2171
1406
183
674
687
1427
123
352
137
169
1404
2648
393
409
167
444
872
1100
399
269
128
631
237
365
89
109
182
45
691
825
4136
1216
161
822
888
329
792
353
857
25
623
1640
1113
676
393
197
614
360
641
30
1818
1628
816
5395
123
86
651
374
173
612
2085
882
606
2435
290
212
304
839
101
1407
2890
1129
152
2210
81
1374
607
964
185
385
2374
1327
430
166
573
1337
826
104
159
111
1075
342
108
223
358
2097
883
1904
710
70
386
628
226
57
191
129
41
651
1102
1687
408
571
166
1858
800
1095
38
881
5095
211
1136
627
341
427
2177
717
113
334
1165
72
590
660
325
171
423
436
3069
181
208
681
1176
375
171
157
2303
351
136
384
156
237
629
1123
561
48
1389
1378
41
1322
136
48
1139
2
21
140
1879
4199
554
5
17
395
844
422
3043
822
379
170
379
116
65
4383
3210
142
442
900
313
2
638
180
1354
1954
166
183
2561
191
461
123
641
419
788
276
1445
691
642
100
325
862
1323
434
730
855
401
367
834
347
33
678
3374
1467
139
658
1546
5413
2424
886
616
1326
564
174
2574
3660
2570
838
135
357
94
558
32
376
20
194
290
107
374
891
17
672
96
109
85
364
1895
73
871
152
8
1186
870
950
2286
434
827
189
890
570
98
1196
107
1371
2898
104
365
298
1904
150
654
322
439
937
450
380
288
1319
865
2378
1056
343
351
102
157
123
27
90
339
2165
376
642
149
1176
717
99
2849
1363
2296
456
122
403
292
7
573
594
68
681
1046
624
169
178
1373
3418
383
1608
1603
133
84
81
1334
719
166
46
888
903
163
1101
31
646
222
604
151
609
97
913
184
115
353
1147
1623
2602
1643
110
182
1925
3716
1056
3890
404
61
2426
1610
1620
893
152
45
285
217
137
13
1071
426
83
578
1917
81
365
1657
367
375
561
66
141
589
11
97
676
51
176
350
1069
1612
18
341
933
226
1072
318
33
645
23
1831
1378
12
448
115
3592
71
1409
53
1625
2547
875
122
368
899
172
57
1179
1919
621
107
2103
2627
604
193
799
31
1521
335
1862
893
626
436
38
358
