104
127
128
16
4
22
6
94
15
96
9
13
56
35
161
63
32
26
20
40
12
12
11
56
101
32
28
101
46
9
34
22
102
27
69
44
37
134
55
16
32
50
64
16
14
42
103
9
57
18
41
12
6
74
68
30
103
169
62
35
17
5
232
30
56
96
36
1
3
61
178
111
20
8
103
27
24
96
2
8
195
94
213
39
45
2
12
129
115
41
19
75
19
10
28
6
17
129
134
33
5
4
34
103
31
149
5
6
23
53
125
71
3
110
154
131
181
173
11
5
21
54
66
33
13
37
36
10
12
50
146
2
23
28
3
3
5
27
27
54
24
6
37
14
10
138
49
36
57
62
107
115
122
99
16
55
28
17
22
22
185
63
180
290
142
19
72
150
115
60
97
3
272
68
16
175
55
3
3
26
11
38
1
14
9
55
177
32
235
14
124
22
39
22
106
25
30
3
12
11
26
168
152
57
2
20
135
157
10
107
7
41
20
109
3
4
109
2
141
6
127
7
325
42
36
54
49
37
4
26
19
184
37
64
4
2
8
1
42
2
26
3
20
29
4
18
181
26
75
255
29
10
158
8
25
14
45
6
59
19
123
38
56
23
8
28
250
7
28
65
9
67
25
14
31
11
199
25
278
17
13
7
34
108
2
44
75
24
20
44
21
27
12
58
110
16
63
1
148
183
21
135
43
20
48
34
56
116
7
198
6
7
37
71
12
42
170
17
99
12
7
6
161
165
12
15
103
15
36
116
5
32
5
13
60
24
34
10
26
19
16
23
65
2
63
100
50
58
53
110
26
178
144
18
147
12
62
63
27
43
3
11
141
30
156
11
48
59
6
113
6
228
99
53
49
109
106
69
104
24
284
2
65
151
4
191
38
1
57
24
23
19
98
141
28
134
154
17
18
14
5
8
9
17
4
39
12
22
56
5
168
38
113
9
73
41
18
6
174
170
54
53
12
270
73
209
118
130
16
16
18
96
6
47
110
21
97
48
48
42
107
3
69
31
181
43
99
59
13
4
12
8
60
69
39
31
72
55
128
3
18
4
11
13
14
180
98
118
1
8
95
2
110
55
101
52
104
129
26
4
211
181
17
15
9
107
69
99
9
127
47
27
35
49
6
25
40
7
49
39
4
53
2
284
104
40
12
99
34
38
2
126
152
52
44
22
10
190
65
21
107
244
100
47
27
33
210
98
110
31
150
9
40
17
116
40
116
19
3
1
16
9
15
28
118
27
70
28
319
39
192
56
27
10
34
97
4
25
41
34
7
104
135
31
3
122
45
229
4
29
11
63
46
4
30
51
31
28
16
192
103
9
18
185
20
12
16
10
36
1
2
129
151
177
57
27
64
116
37
7
130
29
8
101
43
47
59
114
47
28
5
16
14
111
7
60
19
13
40
40
34
17
13
73
26
144
52
27
26
17
21
22
147
52
49
5
44
69
16
149
50
32
6
5
325
57
20
21
14
187
188
41
64
10
1
3
4
123
48
3
70
14
130
114
10
40
209
109
66
148
240
56
51
66
106
55
2
21
36
10
15
4
51
13
32
4
48
2
13
23
148
15
53
26
72
27
42
51
58
12
34
60
42
7
27
16
3
106
65
2
30
27
27
142
6
66
18
10
69
24
145
55
41
57
43
21
19
26
114
6
9
65
24
19
2
13
70
131
38
5
34
125
30
12
12
10
19
32
17
36
6
107
107
44
379
16
25
31
5
109
143
150
68
12
21
19
19
266
128
113
45
94
7
18
11
47
10
49
18
24
239
69
15
28
100
42
4
13
100
28
18
37
39
13
31
3
65
19
40
3
41
182
114
47
21
6
106
14
42
54
3
55
44
42
50
12
15
6
234
57
134
121
200
305
176
44
132
46
187
102
20
11
41
111
149
4
19
18
110
26
102
34
16
100
245
207
155
1
32
127
36
106
21
14
176
1
123
154
72
54
18
44
46
110
9
131
22
21
17
9
19
65
23
46
207
72
49
35
44
44
130
182
32
8
64
105
2
137
20
114
5
24
10
10
161
117
150
45
45
116
15
23
19
110
60
11
151
69
49
37
39
22
51
136
143
25
50
3
3
18
15
109
53
119
9
16
17
31
28
59
27
1
14
64
63
101
22
30
96
10
50
1
27
8
152
63
96
7
58
24
46
16
16
27
26
51
35
33
153
5
20
73
95
161
39
10
14
139
44
48
141
65
170
45
63
51
35
19
129
30
43
8
1
47
65
3
45
13
215
118
35
5
141
97
36
12
59
4
31
68
59
149
17
2
27
7
67
73
327
75
110
68
5
7
67
57
36
11
20
68
58
37
96
16
12
30
64
119
183
4
75
11
10
246
11
11
3
1
41
17
5
13
4
3
31
26
67
18
58
34
48
118
94
18
68
24
178
54
3
52
50
2
116
94
55
115
67
189
51
71
10
15
96
8
177
39
37
20
14
175
10
37
68
30
35
97
52
38
108
131
56
108
14
8
45
26
34
100
2
104
37
23
59
33
54
9
39
209
17
204
25
11
23
38
18
13
105
17
340
43
4
16
11
187
18
2
7
55
44
46
19
26
4
31
61
29
244
11
160
267
99
111
50
41
44
182
41
62
69
64
13
30
4
108
31
58
6
122
51
293
156
194
48
45
43
15
10
42
9
2
8
102
8
48
5
98
44
6
230
121
64
32
69
31
15
12
111
10
148
21
226
40
124
152
64
43
110
50
18
140
16
49
19
8
73
190
111
52
128
6
112
27
15
59
8
62
135
26
103
157
1
53
97
23
23
67
19
45
116
45
36
55
69
33
61
353
11
22
10
32
99
7
73
122
28
8
164
40
51
7
20
37
4
101
19
20
12
64
10
61
8
2
53
72
12
55
8
44
6
160
52
190
32
24
140
28
112
306
48
47
51
27
101
1
5
12
182
13
36
22
22
11
42
114
13
62
184
32
111
12
6
45
48
101
19
48
32
21
37
37
8
37
119
12
69
6
4
13
4
24
8
215
110
9
68
73
27
17
161
12
99
195
109
23
41
250
16
9
9
16
68
45
37
17
43
112
235
95
7
21
34
96
110
61
216
98
59
8
61
4
98
14
162
27
13
29
25
133
124
32
94
23
70
95
36
53
139
21
39
28
11
181
10
55
64
12
145
22
72
25
110
1
54
3
2
42
7
52
13
145
61
1
108
13
25
67
190
23
184
1
124
132
8
107
35
44
14
10
16
43
190
296
73
57
11
66
43
59
161
5
15
177
31
57
34
137
17
1
8
23
5
110
192
29
130
144
1
33
69
21
120
34
15
13
125
28
9
74
17
21
21
101
13
10
69
33
6
31
60
40
67
10
2
10
70
135
75
4
38
150
45
4
2
28
198
20
147
24
40
39
29
4
35
1
97
2
198
9
35
268
65
32
162
71
36
6
39
49
111
69
36
28
9
71
32
16
6
6
17
116
65
35
224
3
53
105
33
27
66
187
14
48
19
67
9
28
5
8
12
32
17
33
60
26
9
32
56
6
14
36
106
39
3
3
47
191
10
37
234
2
19
35
11
142
14
14
122
173
142
34
66
36
31
142
19
18
175
140
62
64
18
51
10
111
15
39
46
118
58
34
47
34
112
118
9
12
43
7
54
60
32
46
1
189
2
23
204
205
125
39
58
53
27
7
67
3
5
13
6
101
5
137
13
47
44
13
144
61
129
73
110
43
27
19
146
58
52
68
167
217
60
182
17
9
118
54
64
128
70
46
14
4
45
155
26
15
24
96
125
59
15
64
37
39
48
48
24
151
22
41
19
44
103
37
4
128
37
31
39
15
16
33
59
122
4
62
132
53
10
74
41
34
10
4
211
35
23
58
28
96
45
7
26
143
111
73
95
36
96
18
12
187
267
35
74
7
11
111
17
29
123
96
10
203
26
32
24
28
46
108
20
136
56
8
16
6
68
26
102
57
63
165
94
105
24
112
143
160
3
40
100
139
174
39
2
26
72
44
10
41
62
54
20
38
16
58
107
100
15
35
36
9
30
59
36
2
15
13
158
1
121
131
123
66
116
200
33
8
28
10
42
10
42
43
9
65
65
54
36
75
55
13
51
28
51
7
100
113
42
39
214
7
21
15
60
40
66
115
28
19
48
110
213
29
9
28
74
169
108
95
48
116
47
1
47
65
59
5
161
9
71
120
227
36
5
14
15
17
32
44
4
69
5
36
279
102
16
16
13
137
2
12
39
123
61
13
59
28
34
54
14
20
120
3
143
43
172
55
190
13
152
56
19
47
40
327
8
124
119
61
28
12
48
25
52
56
71
32
37
17
7
12
41
46
2
35
16
26
180
20
40
19
18
5
102
97
326
135
5
49
51
3
75
7
14
98
17
14
3
6
42
33
57
6
44
44
55
41
163
63
196
98
121
11
18
69
49
42
24
5
197
28
1
99
146
23
20
94
11
20
37
34
108
47
1
18
99
53
8
16
8
75
52
46
42
15
14
10
121
4
49
96
148
14
28
34
19
166
105
126
123
41
21
96
184
26
8
56
18
33
10
35
11
124
51
113
21
61
173
60
31
207
49
123
2
10
41
62
174
3
52
3
12
24
38
138
112
118
29
17
41
129
31
31
136
38
3
55
254
40
64
43
52
36
12
147
299
23
47
42
121
41
3
65
14
39
2
3
57
46
129
51
151
8
124
26
34
105
182
21
129
54
40
16
102
34
103
12
48
7
34
8
69
22
11
5
213
5
115
23
22
138
44
44
23
99
18
142
4
7
6
35
2
106
135
1
9
49
108
10
107
7
66
51
137
36
15
3
101
104
51
206
19
205
16
44
58
60
59
99
49
28
24
123
189
118
26
9
73
217
7
37
47
99
28
20
42
9
20
2
35
50
95
20
2
100
49
6
29
52
49
57
34
17
10
107
105
35
56
17
69
3
29
18
3
30
21
40
105
335
74
2
3
131
17
55
21
15
279
25
123
122
161
6
138
40
12
281
100
56
5
109
21
47
32
106
74
3
56
175
52
3
42
25
25
16
11
9
1
68
20
54
21
50
95
23
19
10
154
48
48
105
9
7
56
35
18
164
109
324
74
104
18
5
19
33
70
15
35
3
38
50
4
36
106
101
109
24
60
4
22
30
57
17
109
31
32
29
22
61
122
55
36
26
1
125
47
164
109
259
174
22
14
23
16
26
45
113
106
9
72
8
174
325
17
37
30
32
35
8
15
16
16
309
63
24
159
12
5
9
20
178
46
15
3
23
53
3
26
47
35
2
25
24
11
209
28
45
38
104
65
66
19
120
100
13
130
32
17
95
22
44
37
29
57
10
73
58
143
40
129
94
2
293
5
9
97
10
22
4
258
32
55
8
48
12
51
143
38
36
2
8
3
31
32
17
11
245
13
147
21
97
48
141
6
298
7
7
8
62
117
75
125
44
4
204
369
40
33
8
3
73
37
17
102
19
60
26
114
60
68
43
18
72
74
33
10
18
6
27
11
15
11
28
20
1
190
34
120
4
309
14
68
10
16
20
28
41
14
20
69
34
32
39
8
2
27
57
43
64
11
10
3
36
49
36
65
66
192
136
5
2
63
146
64
17
9
19
66
6
28
1
18
17
11
3
41
8
38
24
61
154
29
32
126
43
43
94
96
3
12
17
47
104
166
19
128
29
154
5
151
4
46
35
24
69
138
43
17
143
94
145
6
51
115
32
1
21
54
5
25
36
95
18
60
36
40
165
22
11
44
16
12
7
105
35
100
212
100
24
30
121
15
11
42
15
16
23
62
101
19
11
36
35
44
4
33
8
5
124
97
256
143
13
166
59
101
67
312
38
4
52
9
53
11
46
64
48
15
12
74
157
38
277
131
2
132
148
106
96
41
49
66
4
114
22
36
121
18
16
33
16
14
40
125
229
16
5
17
6
35
58
29
123
111
18
18
103
38
104
37
31
1
1
3
66
10
98
194
180
128
99
3
14
128
8
114
48
21
38
26
105
30
60
16
27
121
97
50
52
42
37
99
30
174
5
116
100
4
172
207
7
25
55
22
104
31
24
5
97
119
189
158
111
108
23
27
39
26
46
112
44
62
5
151
12
75
45
12
20
122
3
13
99
55
172
2
110
110
15
55
9
42
28
11
18
42
137
42
28
122
19
40
3
101
16
127
4
170
5
37
50
47
209
22
3
155
9
287
16
30
12
16
214
25
99
45
66
4
45
24
118
12
130
20
56
18
72
27
16
73
102
74
12
64
9
62
354
121
15
14
1
4
20
45
20
181
41
16
11
276
34
57
120
2
38
1
55
148
29
70
37
105
22
15
3
51
13
7
26
6
125
73
31
19
231
70
32
16
25
8
9
153
9
72
57
1
136
1
20
73
21
98
146
101
17
1
17
38
112
55
32
30
8
28
107
192
55
16
6
115
29
137
125
169
2
175
16
21
37
41
24
4
11
28
100
95
96
10
36
23
35
108
12
119
13
269
11
23
101
46
9
52
8
5
40
217
192
31
49
5
106
47
10
52
8
8
36
36
33
54
53
112
103
246
106
57
5
42
105
151
20
22
47
66
70
33
239
5
8
12
207
66
16
25
36
9
10
124
3
120
48
2
5
62
112
44
19
14
25
178
97
23
173
166
135
36
19
49
64
26
212
33
9
34
21
20
49
99
59
181
39
62
45
16
96
157
45
96
39
158
13
47
25
4
37
1
10
113
71
60
1
37
45
47
41
49
70
68
69
15
11
48
11
108
118
57
69
125
167
27
43
26
2
62
61
33
36
31
60
51
11
66
22
14
70
39
107
213
14
4
65
6
154
207
52
66
1
57
27
16
5
126
194
36
251
64
17
45
27
71
178
8
3
18
71
61
101
163
45
48
8
3
113
68
7
16
53
130
14
110
199
111
5
125
100
30
63
24
38
49
9
187
66
4
2
33
26
11
7
21
61
14
54
207
5
96
9
6
12
68
23
21
42
44
2
8
39
17
49
41
2
75
97
13
107
62
32
56
121
64
46
66
36
57
43
61
6
20
143
94
28
2
21
31
9
2
39
48
67
66
31
6
167
55
14
11
29
47
165
97
414
48
55
12
184
5
122
137
71
107
123
70
4
51
43
317
144
96
34
28
53
75
61
166
49
16
67
33
18
99
45
115
3
21
3
42
31
47
29
18
51
190
16
53
64
59
100
152
56
40
69
44
6
279
49
37
162
116
3
37
6
95
27
8
20
122
14
22
67
34
151
114
103
12
70
98
108
8
10
235
23
176
107
1
30
148
112
6
53
121
2
145
234
125
40
9
73
186
51
9
9
67
37
71
6
7
242
124
50
110
211
57
53
60
176
5
146
313
115
38
4
15
11
15
24
63
43
18
185
40
58
36
7
31
123
183
28
10
15
151
61
29
48
64
17
55
109
34
113
105
115
110
8
119
74
107
110
11
135
50
51
9
3
106
33
14
12
51
195
22
56
10
13
62
15
2
249
41
125
42
50
9
19
200
54
198
54
69
10
23
24
119
180
1
59
100
96
58
24
38
66
2
46
12
1
147
45
32
2
36
37
145
145
99
31
1
1
15
12
3
42
27
22
40
98
42
98
17
22
7
210
137
27
37
23
109
164
3
15
27
20
20
104
34
25
10
97
112
17
119
19
1
13
46
46
127
11
22
315
55
116
6
114
30
5
40
42
20
13
110
37
210
3
132
10
26
114
57
13
6
49
5
28
66
110
124
12
22
5
137
32
33
29
135
31
50
15
70
204
153
24
67
11
52
26
8
203
126
17
6
29
4
58
163
24
15
23
323
128
20
51
20
41
6
179
96
37
237
71
17
50
179
34
21
107
63
14
51
170
27
223
56
108
48
102
117
115
17
4
30
59
38
19
34
6
14
168
9
9
33
9
24
11
12
37
16
41
1
75
173
14
164
97
25
202
27
30
118
41
95
12
13
36
51
52
54
12
8
64
30
106
134
25
117
71
24
16
208
27
68
70
46
22
40
12
180
15
24
4
21
42
28
31
20
5
65
7
58
29
3
47
11
129
27
27
72
113
59
15
1
51
19
94
36
47
10
4
5
6
71
142
105
181
8
99
6
17
1
230
15
5
25
11
13
8
7
55
63
3
4
52
48
53
154
30
61
24
159
161
119
203
46
6
14
33
52
205
35
228
99
34
52
102
38
25
146
30
31
137
63
185
33
55
16
10
17
22
38
110
62
15
4
17
40
36
112
258
16
47
33
45
16
63
12
45
149
15
16
162
148
30
1
30
24
103
295
3
61
54
104
14
22
29
126
14
184
43
156
50
111
6
70
106
47
4
9
13
118
119
53
7
65
120
95
52
99
216
25
100
71
9
1
13
39
10
100
38
6
38
96
146
22
150
25
198
30
53
67
1
8
15
65
108
29
119
190
210
58
16
29
27
109
18
25
20
105
4
66
28
99
11
8
10
31
66
45
7
25
2
129
24
28
43
155
40
9
207
155
117
48
327
1
50
38
3
74
54
175
29
41
120
66
98
110
227
17
9
65
30
68
1
159
23
18
41
46
111
41
37
72
42
3
69
9
137
20
23
29
67
14
234
18
28
24
94
16
24
35
6
143
111
133
8
113
180
49
200
4
253
43
43
65
162
36
28
17
45
147
19
6
56
15
54
120
16
103
144
71
16
35
66
67
41
28
21
21
99
364
175
69
141
178
3
12
134
38
12
15
110
15
20
20
58
39
29
125
33
54
326
150
15
4
11
4
5
31
2
153
29
42
33
256
36
67
16
56
106
59
106
32
35
66
11
63
57
42
94
67
59
103
143
325
43
570
5
233
61
38
151
30
34
103
39
20
30
27
4
35
151
22
54
16
5
66
17
60
13
33
44
122
15
41
294
50
53
59
118
73
35
7
9
41
33
8
41
50
103
10
20
23
32
20
25
185
258
72
73
50
110
6
20
11
3
140
59
47
72
119
6
127
2
47
59
4
8
192
1
201
35
37
58
6
3
165
51
7
75
17
148
16
35
13
14
21
34
24
10
127
197
3
110
30
26
111
121
35
58
15
148
8
38
100
23
27
94
29
201
97
111
52
137
162
208
35
136
18
28
63
37
95
153
24
14
30
94
30
43
35
50
70
24
176
46
130
23
29
23
243
65
3
19
43
11
4
104
126
108
69
51
20
29
10
117
7
28
33
46
12
24
14
74
21
37
160
9
43
101
167
2
50
108
14
32
106
41
63
26
35
128
48
120
241
5
30
23
95
113
128
136
4
32
120
193
70
13
164
13
54
10
48
14
46
95
5
114
5
42
63
39
135
8
8
4
207
38
19
98
55
1
1
7
141
99
35
20
183
13
10
62
15
10
44
24
192
11
108
44
46
134
59
21
38
49
25
108
19
9
59
21
29
19
15
172
11
40
66
31
149
96
22
251
27
18
10
18
30
117
35
122
3
14
25
7
109
25
12
23
35
51
19
18
2
26
99
147
54
2
18
35
7
33
27
12
16
139
1
135
61
35
120
5
55
47
185
1
21
1
64
30
47
45
10
263
46
54
53
109
56
198
25
176
191
15
151
5
22
97
1
193
131
11
43
110
31
127
61
33
28
1
182
37
54
16
52
17
59
110
15
124
16
58
18
11
59
66
112
23
113
31
65
107
59
50
17
33
15
11
1
166
107
11
51
25
54
119
31
5
8
21
54
195
129
7
6
68
20
149
104
23
1
26
2
110
131
28
34
5
64
197
1
4
201
1
183
8
2
74
33
108
20
22
56
34
4
28
4
1
25
17
64
4
163
162
7
4
66
46
166
42
17
8
37
100
127
1
39
175
41
47
10
3
2
57
179
135
3
44
37
5
62
99
55
106
13
58
43
25
31
48
39
18
39
47
10
31
20
39
19
73
12
11
31
51
382
53
149
12
13
139
28
41
181
22
6
179
231
179
17
30
12
54
53
62
98
38
6
49
62
263
2
198
39
58
42
8
9
3
115
16
15
49
108
170
147
23
2
6
65
7
53
1
127
11
55
47
303
61
95
34
50
116
101
22
25
12
19
129
40
23
35
49
19
110
2
1
34
29
270
40
27
151
31
54
167
175
128
201
99
2
8
235
46
64
3
158
8
10
46
39
58
54
9
67
8
22
16
2
127
1
4
102
14
42
106
38
10
131
31
147
106
104
2
55
52
4
163
10
43
12
40
39
4
122
2
13
61
46
50
19
40
75
165
46
23
4
268
36
65
21
14
29
161
73
33
8
23
7
35
16
109
21
46
12
50
4
7
41
99
57
6
127
54
45
32
32
36
38
26
7
209
57
23
102
38
37
36
48
59
139
18
29
183
15
174
12
66
25
162
42
43
17
7
16
6
27
202
16
46
70
35
10
44
198
192
26
62
4
3
2
125
44
106
69
29
7
123
42
113
1
111
197
12
8
42
129
4
42
16
2
33
27
2
29
60
20
31
25
72
56
6
128
37
177
107
3
44
150
54
44
204
29
2
96
5
9
9
101
131
119
112
172
37
36
65
63
44
171
8
151
198
140
63
2
16
18
2
37
1
23
73
232
53
190
14
28
2
28
10
13
29
29
104
216
22
25
22
131
23
69
60
5
94
301
55
119
51
21
48
29
194
29
26
29
12
58
156
65
75
15
46
21
144
13
3
42
112
111
121
60
5
126
103
94
25
20
12
6
4
17
66
2
94
42
6
36
4
8
166
3
53
54
22
127
103
150
39
22
2
39
95
37
19
35
101
181
18
10
32
32
8
139
34
18
24
43
124
3
9
4
12
26
21
2
49
37
22
5
99
20
9
19
39
66
18
71
44
18
75
52
120
62
152
29
57
137
15
170
38
8
134
15
14
2
31
68
145
59
5
19
46
117
6
13
71
313
22
4
20
1
23
16
183
28
51
59
17
34
45
29
68
11
54
12
7
25
26
106
127
42
63
16
64
25
24
54
42
12
104
105
73
102
74
15
7
7
177
62
4
61
20
15
70
46
109
28
44
24
99
146
22
3
30
319
25
50
194
11
8
100
60
20
43
60
75
96
3
113
109
38
23
9
26
35
127
13
66
39
2
40
195
46
56
4
24
3
2
6
35
26
19
3
26
57
10
21
68
102
18
148
17
163
41
71
57
23
59
124
104
59
59
58
12
39
7
43
40
95
178
14
3
15
43
105
55
8
124
21
24
124
174
2
11
23
15
169
3
114
49
19
26
25
122
132
4
46
50
56
135
7
13
41
104
16
105
125
5
58
107
19
39
2
125
72
65
159
226
107
13
118
21
30
43
98
14
36
21
9
23
169
55
100
176
18
107
72
57
231
59
21
11
177
10
19
53
40
17
4
7
37
44
46
28
61
3
7
111
96
27
6
3
59
39
134
42
73
128
129
31
53
13
49
14
22
7
35
57
66
53
73
62
28
57
8
22
108
206
138
94
162
2
9
202
42
65
94
41
12
14
27
8
37
5
7
52
26
54
1
107
15
58
208
111
8
134
38
95
29
22
68
38
4
52
8
45
124
12
4
3
111
6
3
68
167
20
113
40
36
33
3
2
104
187
42
23
99
147
6
6
27
19
4
53
5
44
13
60
4
141
36
111
113
7
168
66
27
5
9
121
7
9
42
49
6
106
117
51
114
19
53
16
44
2
23
70
12
101
3
33
4
136
117
170
11
116
123
173
53
23
38
6
40
40
100
211
148
66
65
14
29
1
165
117
5
3
155
44
41
106
38
28
30
46
108
34
23
9
60
124
19
136
70
155
32
282
46
246
40
139
98
102
29
71
159
115
66
12
95
21
57
8
14
5
50
26
56
47
41
75
58
59
3
26
19
166
156
62
2
1
154
98
10
1
12
67
155
11
2
23
16
191
20
173
23
28
48
128
46
39
70
119
21
24
20
109
48
26
249
1
19
105
6
238
180
104
174
8
69
18
12
16
100
16
144
34
18
3
31
39
456
14
5
19
14
45
63
20
7
139
61
17
141
39
35
97
35
25
17
67
51
16
42
61
7
19
16
12
100
96
106
32
46
144
98
29
11
257
47
14
181
24
15
28
75
13
30
173
14
64
27
50
96
39
33
65
74
101
45
185
49
45
3
64
2
116
6
24
16
178
45
74
42
6
106
148
139
95
155
58
45
6
55
135
53
94
96
45
240
139
51
15
39
15
169
7
138
47
25
4
96
61
163
32
32
9
69
52
94
119
97
107
49
17
1
107
5
3
180
62
16
50
49
18
5
149
15
6
103
12
153
7
6
54
40
232
61
60
34
39
105
267
72
16
169
49
10
6
45
60
36
3
159
29
52
126
46
170
262
17
26
245
56
110
1
269
98
174
117
191
39
22
55
10
63
149
25
136
71
393
2
54
50
33
59
26
61
104
18
32
6
1
6
51
159
4
121
20
37
303
125
3
58
43
1
104
8
75
1
16
22
49
9
75
138
16
129
56
25
129
20
19
6
173
60
13
13
13
22
28
6
48
53
9
19
37
72
15
28
11
64
14
28
134
6
2
288
112
3
67
75
31
9
11
46
6
42
25
68
22
127
18
38
41
45
54
142
25
1
194
31
138
54
14
54
10
38
1
126
62
39
7
101
26
71
27
3
73
49
59
44
35
12
140
26
9
58
16
39
172
106
50
22
256
95
5
145
33
7
127
72
172
56
7
47
13
32
17
4
267
340
63
113
20
113
67
131
40
116
22
49
28
134
123
8
55
140
72
274
63
9
12
24
29
11
34
95
136
45
23
35
31
160
94
65
49
24
38
40
4
156
74
32
109
198
27
51
19
43
47
246
32
129
23
2
169
6
102
26
70
50
170
11
352
24
114
60
50
74
10
349
35
127
5
143
39
10
32
10
43
8
59
4
1
8
114
136
10
8
15
12
19
19
9
16
2
9
54
59
138
313
74
10
10
12
6
39
209
26
52
53
7
2
15
39
7
98
96
33
1
18
73
10
125
9
12
95
23
20
4
21
26
6
15
36
55
48
42
37
18
21
181
26
200
28
17
128
37
10
6
37
10
4
75
165
11
14
26
8
167
53
111
45
1
20
1
139
67
163
4
13
158
22
32
31
41
49
213
8
14
63
130
17
64
66
10
21
9
54
3
105
4
17
4
20
3
98
141
9
2
158
112
4
97
50
12
33
21
200
64
21
38
2
52
147
108
56
177
168
17
117
135
118
143
18
2
43
27
7
94
161
16
45
21
7
64
23
4
3
1
119
11
3
27
8
8
8
161
95
4
3
237
48
57
149
61
101
100
49
58
52
45
33
110
54
115
27
20
154
14
42
10
54
101
41
26
59
140
3
53
3
3
100
4
9
12
48
104
22
59
28
204
158
5
102
22
26
38
10
74
138
59
105
43
95
50
158
124
42
160
102
54
73
32
115
20
172
209
100
32
17
35
35
33
156
15
105
46
28
23
27
33
161
28
4
110
47
96
58
11
1
24
13
49
132
102
70
7
8
65
120
290
8
166
44
34
63
23
35
38
13
36
5
73
25
38
61
324
99
50
140
41
43
98
22
142
27
3
8
3
51
74
123
33
30
53
211
75
19
31
48
36
105
25
58
64
20
15
58
5
6
49
53
57
50
5
4
1
164
2
97
17
7
116
46
101
97
130
33
31
5
68
24
65
145
14
105
71
191
104
25
12
55
16
53
119
25
25
2
63
26
3
95
13
29
46
116
10
8
3
102
13
42
12
14
143
100
2
10
7
13
115
7
170
33
16
6
32
42
32
116
141
8
19
30
99
209
26
1
54
137
56
49
113
56
19
41
104
2
128
38
134
129
159
21
58
60
59
24
36
117
70
339
25
13
34
29
59
128
19
20
55
30
4
29
21
15
126
10
26
1
141
11
27
123
32
23
24
271
46
2
13
10
8
174
23
145
28
96
141
31
43
4
16
112
97
1
21
22
61
101
33
12
23
1
126
3
21
35
130
48
37
4
11
16
11
9
23
157
95
9
14
18
117
44
95
30
17
165
30
157
32
32
20
15
187
61
34
6
12
17
42
8
61
6
106
7
72
17
1
55
53
3
12
16
26
28
96
109
148
103
129
58
121
120
65
27
95
27
43
304
46
35
104
1
11
166
4
7
5
34
18
1
9
31
232
23
50
70
13
105
61
16
66
51
58
43
214
152
38
16
175
224
6
50
94
230
6
25
174
160
116
202
20
108
132
107
41
104
99
100
120
42
1
66
61
41
251
14
40
44
49
245
9
12
109
5
34
39
161
47
21
37
70
12
102
33
18
75
12
48
22
36
3
14
74
31
22
109
28
20
99
5
16
5
57
16
12
111
23
15
24
69
146
12
98
31
140
14
42
127
11
12
3
42
57
106
56
31
40
7
57
19
48
26
26
34
46
94
59
36
124
29
115
49
118
4
1
5
16
18
21
37
112
34
192
47
46
97
7
26
95
17
64
107
30
202
19
52
27
15
145
15
4
27
118
184
8
52
27
54
8
65
75
13
35
19
114
40
65
1
12
39
4
31
167
1
17
19
200
60
194
154
30
12
34
46
25
40
59
17
194
59
105
25
40
46
33
143
53
45
122
36
46
121
26
190
33
111
26
4
14
5
29
114
99
5
17
27
14
11
94
4
19
1
120
10
230
4
5
14
10
26
53
46
11
46
11
13
56
12
30
27
289
136
15
24
30
74
32
148
35
2
67
12
25
39
21
7
26
119
40
98
15
40
11
15
187
55
293
22
101
6
17
48
8
68
5
10
21
103
24
22
39
70
18
20
18
105
74
63
21
179
26
45
4
34
64
8
46
20
14
11
14
104
19
17
125
46
3
32
19
22
73
7
32
3
182
43
74
48
43
23
37
14
74
10
2
51
211
26
99
54
8
15
230
20
14
97
27
49
272
36
106
3
98
36
300
41
50
46
23
3
102
94
102
115
194
4
20
105
3
12
6
151
14
22
42
2
43
26
106
40
21
15
4
45
32
23
40
11
1
155
27
3
10
63
28
40
138
19
10
19
37
20
117
56
59
23
26
16
23
44
6
48
20
15
11
109
59
17
50
19
70
38
11
12
31
56
2
41
37
110
33
3
37
75
45
35
107
43
18
36
12
72
142
69
104
12
15
45
28
37
24
138
64
196
104
124
32
15
19
111
95
50
55
11
7
192
8
2
36
9
39
47
59
34
59
39
212
94
114
21
44
154
29
51
106
4
30
165
5
15
39
57
28
44
11
189
52
20
42
103
27
3
1
68
68
4
12
20
120
44
193
4
45
111
14
116
34
49
22
138
1
16
51
15
30
141
106
64
9
11
2
101
29
15
143
19
59
7
136
99
67
195
36
163
40
10
22
5
146
60
3
43
13
46
45
36
1
48
7
16
285
24
5
16
67
69
107
184
63
4
24
153
131
205
42
2
12
215
343
27
154
11
27
156
99
21
6
9
128
16
148
97
113
17
21
22
12
163
9
237
311
117
22
54
53
56
114
11
179
118
19
3
69
16
30
123
27
17
293
7
108
143
14
17
30
153
34
121
35
109
51
8
6
103
36
143
181
21
10
7
20
22
16
173
108
73
63
62
54
47
22
1
56
7
204
16
114
105
63
29
40
215
3
17
31
99
60
2
17
61
3
41
25
33
2
46
123
28
181
338
34
100
147
17
40
29
20
203
100
62
3
26
16
59
13
132
43
3
107
38
38
94
5
28
114
37
62
32
56
21
148
62
30
21
25
67
54
21
70
13
94
44
6
69
21
30
56
57
9
58
42
10
10
48
16
124
125
65
18
2
110
19
64
11
157
37
1
10
25
72
35
17
22
143
21
69
102
11
22
69
16
20
100
99
16
65
65
9
75
10
30
30
11
143
197
12
53
118
18
39
209
99
20
71
23
148
12
4
16
1
100
8
70
24
39
9
34
204
2
34
47
66
1
36
60
23
5
16
34
130
133
42
4
14
38
97
51
24
9
39
61
53
51
3
49
11
26
24
69
7
11
42
64
19
42
74
8
14
31
39
25
231
1
38
193
108
25
22
28
26
20
46
55
36
109
44
113
21
108
48
57
19
25
112
105
176
214
67
33
7
20
105
4
2
6
6
128
130
104
63
17
27
12
17
67
17
228
14
1
112
30
214
36
20
146
2
23
230
94
8
51
8
5
94
124
178
15
19
12
5
114
66
108
5
36
68
66
114
65
49
67
12
13
6
64
26
4
5
112
69
35
2
8
28
48
97
46
181
69
1
31
5
72
4
135
59
20
56
1
11
113
16
11
46
111
8
106
101
40
39
3
66
20
32
7
121
167
47
237
217
137
66
49
62
105
43
28
24
18
25
466
20
102
14
53
110
33
111
65
57
61
212
38
59
183
145
6
176
9
46
70
9
39
51
106
231
111
63
133
98
8
159
100
13
164
57
32
17
255
260
1
3
162
55
28
54
43
33
70
164
111
3
51
145
16
24
30
97
73
18
50
3
3
33
15
201
60
162
34
66
22
36
8
14
11
5
230
122
2
12
21
16
103
20
70
110
117
43
199
48
62
22
7
10
16
35
18
9
16
62
110
37
1
44
26
240
5
14
110
29
43
197
121
31
32
237
7
16
158
15
52
74
69
7
224
125
131
7
37
45
15
98
95
112
166
6
168
383
50
67
34
99
9
57
17
448
67
9
50
15
17
3
53
213
54
32
44
55
54
12
8
1
22
38
1
51
53
16
72
12
67
69
128
17
34
172
47
40
49
25
33
12
44
53
19
67
118
3
38
139
13
207
31
73
42
67
61
42
211
53
66
40
58
197
37
42
9
13
18
203
47
30
191
102
15
121
139
61
39
24
146
106
10
21
102
327
49
47
27
106
11
96
21
177
37
190
211
95
23
71
47
8
27
58
103
131
137
26
5
8
7
167
16
101
40
68
56
43
36
27
27
31
46
154
19
106
8
40
11
26
170
61
123
48
64
151
159
6
21
44
110
211
64
18
22
26
1
6
7
162
31
7
62
34
170
1
60
16
34
95
2
23
123
138
25
14
141
127
108
223
6
14
73
175
15
16
140
252
106
30
105
45
189
17
21
12
12
5
99
260
56
49
137
33
2
71
155
129
18
70
51
34
52
4
2
96
172
46
51
57
8
97
19
153
14
8
7
198
14
72
42
56
50
149
116
2
139
128
20
112
13
22
183
149
44
109
7
95
16
27
56
106
42
50
6
8
100
131
9
27
96
23
32
4
72
40
29
44
48
135
18
17
148
40
191
18
51
50
27
53
44
172
4
57
10
56
1
138
129
39
37
24
28
56
14
22
66
95
51
20
46
3
97
35
53
4
95
37
13
29
117
34
52
107
51
14
18
7
47
33
120
8
110
2
68
52
48
40
96
119
22
42
134
74
117
1
14
421
37
41
6
55
5
73
13
233
37
29
27
227
70
39
44
47
61
58
30
122
4
29
66
122
19
32
131
1
163
12
53
69
30
32
32
5
19
28
70
32
54
22
9
210
33
27
16
24
11
4
107
9
12
120
13
56
48
7
15
37
67
27
121
126
127
31
1
58
18
12
43
44
13
34
9
131
65
19
72
105
100
9
139
111
38
187
2
31
57
64
62
42
60
22
64
73
4
15
70
189
145
132
4
165
30
41
165
111
56
109
182
20
72
32
215
20
21
4
25
29
137
43
277
38
108
5
24
40
42
103
35
11
9
59
208
55
31
2
5
34
65
135
9
10
35
9
39
25
67
135
47
49
38
227
236
20
53
71
25
19
147
16
99
10
217
22
16
5
10
4
48
115
36
66
40
101
6
57
3
43
34
21
35
123
72
12
27
33
106
14
148
8
11
17
22
7
13
156
45
37
255
68
105
32
124
74
56
6
95
32
189
49
8
61
34
6
64
15
136
18
13
40
35
128
21
3
28
42
15
41
140
100
18
105
105
4
9
33
57
17
17
66
63
100
55
26
13
206
157
24
34
27
27
41
102
15
21
69
27
23
11
70
99
14
8
35
203
8
14
17
20
48
123
58
108
3
194
15
1
10
19
39
23
277
11
45
72
22
4
24
101
34
59
30
125
20
31
131
51
119
14
98
43
19
34
69
305
11
38
62
31
25
9
141
35
50
94
17
184
3
9
208
11
139
265
100
36
36
116
3
260
113
112
19
11
46
42
36
60
165
48
32
147
1
32
50
67
23
75
2
3
67
59
230
124
63
145
138
98
44
10
2
6
4
40
9
40
153
18
51
13
67
54
101
41
144
53
19
168
14
106
14
2
74
33
129
73
10
41
58
229
153
49
20
165
50
127
54
161
142
13
33
2
73
22
209
6
4
15
31
105
64
40
135
100
16
1
6
55
35
111
7
34
129
11
19
9
124
22
32
14
34
65
22
29
14
30
46
62
20
27
40
38
120
13
150
29
37
36
5
53
34
15
18
65
66
134
29
62
19
5
106
36
5
4
23
61
135
27
21
123
38
5
145
121
59
12
29
29
110
46
36
3
3
52
50
43
2
11
42
27
97
69
135
20
7
26
2
187
57
30
138
24
20
16
5
14
34
4
18
16
97
148
32
124
37
13
105
1
2
5
1
26
144
104
31
18
177
27
31
66
39
59
25
65
116
17
2
8
68
57
15
4
108
30
22
30
61
16
11
6
38
97
38
22
227
4
52
4
22
26
18
144
50
20
26
65
37
11
22
39
152
51
37
23
66
7
34
70
104
21
140
98
31
102
73
17
18
46
68
2
6
11
54
22
14
19
31
53
102
20
11
17
6
13
16
9
38
63
11
2
237
39
61
4
27
23
30
128
64
15
31
55
114
116
214
206
8
53
59
31
74
73
5
2
7
72
246
4
19
14
164
39
111
61
7
98
29
119
153
55
50
153
265
132
102
24
64
202
30
17
10
8
21
23
180
151
61
16
69
226
47
38
2
98
45
118
7
15
119
69
27
23
70
48
167
26
106
99
1
66
45
74
17
43
279
51
7
111
17
1
124
25
15
10
28
15
21
54
2
2
116
6
34
60
5
27
61
14
8
26
164
98
176
14
96
28
11
143
13
34
104
24
177
16
3
71
74
96
47
34
2
9
56
69
56
119
8
7
166
17
1
118
154
31
96
2
157
23
10
95
30
22
41
19
18
179
6
94
109
11
21
120
112
5
45
75
177
48
53
161
30
194
3
4
40
100
15
28
55
174
50
8
34
36
132
70
7
34
20
37
120
127
287
20
127
23
55
206
14
6
64
5
35
9
2
15
112
231
153
26
74
17
18
109
57
20
145
8
3
144
50
13
62
26
114
100
5
46
13
189
124
122
15
28
68
18
26
2
46
40
5
52
40
36
19
28
43
30
114
9
111
28
64
140
7
132
12
110
14
72
7
22
95
16
108
13
106
16
199
33
59
8
165
238
11
10
38
23
58
37
4
73
98
17
15
23
94
6
13
31
113
50
11
47
59
5
115
123
23
139
13
163
118
183
160
17
9
6
18
100
130
51
99
111
27
41
40
108
6
96
34
40
6
122
62
72
2
14
39
24
18
147
67
110
25
199
5
123
45
19
98
134
1
196
35
71
43
16
17
14
32
63
51
58
102
215
166
16
6
11
125
193
100
1
25
11
33
26
8
65
25
9
150
14
68
149
13
96
45
29
70
22
64
201
56
204
18
1
24
160
102
8
62
28
60
25
130
104
4
251
20
102
19
16
135
17
40
41
65
21
153
9
69
13
203
23
60
9
51
67
29
32
148
36
17
37
23
59
4
12
23
7
6
98
135
23
13
5
22
20
3
106
164
12
24
4
111
45
25
19
3
172
37
69
27
5
22
1
40
13
45
18
50
27
217
26
19
42
7
105
6
20
18
11
201
171
3
41
4
99
62
280
72
56
228
73
55
53
14
35
198
36
150
3
43
30
1
1
72
5
16
63
149
20
2
46
4
2
23
26
4
8
127
130
105
261
320
6
66
19
2
57
52
127
3
6
37
1
156
26
52
18
117
6
57
30
111
107
131
34
19
67
44
187
62
231
25
231
182
168
10
1
70
20
9
7
160
34
122
58
9
27
98
29
22
74
107
27
101
18
15
12
10
124
18
71
104
4
121
68
16
107
50
5
137
5
57
13
3
23
44
123
55
11
107
26
36
24
33
37
63
252
17
53
188
101
19
22
39
226
110
3
66
127
55
9
72
12
18
34
38
44
122
108
25
8
32
5
115
36
25
31
41
52
6
38
1
106
54
13
20
26
54
20
25
118
207
2
33
70
7
97
15
141
30
24
43
21
11
42
2
38
16
69
12
44
11
35
22
269
8
69
18
58
4
15
45
42
97
142
48
106
47
108
16
12
9
44
36
26
64
1
108
41
1
9
103
8
43
75
168
11
4
49
55
23
10
12
3
4
19
21
40
61
114
13
122
10
72
26
68
67
38
8
147
37
38
155
6
1
37
161
65
11
152
289
73
28
9
17
337
16
103
73
19
151
40
63
6
47
1
64
42
149
39
34
105
31
34
107
8
67
15
28
50
25
97
189
21
33
133
37
43
4
16
17
175
8
27
120
97
190
23
47
143
234
141
57
40
5
3
134
19
44
25
31
8
248
2
30
31
119
1
23
19
106
28
13
19
30
67
1
41
144
29
41
33
2
41
7
8
20
14
212
57
22
59
118
37
13
94
18
108
8
24
119
29
111
6
51
18
12
3
4
168
7
1
62
11
26
66
71
15
12
10
33
52
16
119
60
183
22
66
18
136
53
23
48
109
16
7
4
17
106
35
257
124
19
101
96
140
23
15
43
63
2
43
9
131
98
108
39
34
72
49
27
65
7
15
137
65
50
37
116
193
48
49
2
111
44
37
209
43
50
114
2
132
12
11
98
62
7
20
234
102
7
48
7
65
40
24
17
37
25
2
12
135
34
213
59
38
116
23
18
46
313
42
9
21
28
39
293
23
15
66
126
23
120
41
21
7
34
65
145
17
133
14
30
5
144
97
167
182
12
38
23
45
22
15
21
28
8
139
3
7
42
18
37
5
97
30
67
2
172
4
21
275
37
158
5
29
44
31
148
37
118
70
213
101
7
66
26
6
44
14
48
10
23
28
45
101
28
118
192
12
61
132
49
121
130
26
30
44
21
28
30
74
30
14
113
2
149
115
39
48
123
50
247
35
5
127
24
50
306
38
173
47
19
11
35
28
35
204
57
16
98
10
151
59
68
14
61
2
19
58
213
24
53
8
5
178
33
48
17
4
41
44
118
18
45
107
49
266
20
32
114
11
35
21
35
161
38
62
166
39
15
35
97
14
12
10
10
8
53
4
182
24
8
2
7
63
61
73
38
44
21
120
104
153
6
12
122
8
52
3
64
106
57
107
57
26
12
26
12
44
9
42
41
2
48
40
13
8
15
5
48
22
34
6
59
4
95
2
20
118
1
1
55
50
38
208
43
23
8
116
25
193
39
123
5
72
143
53
38
65
2
36
136
73
42
105
51
48
3
20
47
326
27
13
20
12
94
45
70
35
39
23
31
130
35
73
25
125
36
56
17
22
109
6
54
14
97
39
276
19
6
17
1
102
38
14
118
20
99
131
130
61
43
10
1
120
43
44
71
10
22
54
99
69
20
22
206
119
53
23
144
41
65
37
45
314
147
43
5
37
178
38
95
58
74
142
262
15
28
9
122
11
20
109
120
143
3
21
225
21
8
9
121
2
6
50
33
69
18
118
123
73
41
36
63
74
13
68
43
71
20
52
28
22
20
44
4
4
22
14
190
16
248
58
4
24
54
75
23
2
7
29
20
215
49
74
62
223
8
63
8
20
6
109
3
7
46
27
11
12
116
181
8
176
57
117
31
9
171
41
33
58
4
106
50
25
159
20
57
42
38
168
158
127
124
57
4
29
119
10
18
33
21
9
7
36
13
33
52
5
311
13
162
2
6
2
167
52
2
11
114
60
20
36
9
74
36
60
8
150
185
261
8
199
209
56
28
58
58
234
41
19
27
141
130
128
25
106
163
9
137
102
43
32
30
170
12
33
39
60
71
3
143
51
100
167
9
11
58
71
14
4
121
4
74
43
12
31
42
115
38
106
3
6
62
1
124
52
142
107
121
10
193
2
72
123
37
20
8
5
62
7
37
41
126
142
8
2
9
100
99
14
54
149
38
21
49
15
118
10
47
41
185
129
26
73
50
1
189
26
57
25
56
15
98
23
195
63
102
58
13
206
235
1
14
39
38
44
5
28
43
13
43
40
38
63
70
117
44
55
53
42
8
44
188
164
243
42
68
70
101
106
34
67
133
10
105
51
148
10
149
9
30
127
47
6
32
161
8
3
24
96
96
33
31
12
128
211
40
25
18
167
1
22
48
31
1
11
22
41
65
5
178
26
23
326
62
23
116
117
105
105
34
53
31
36
4
164
33
45
54
8
65
33
48
43
53
47
3
94
3
10
22
24
6
3
47
14
119
66
11
54
51
12
1
15
21
8
15
38
68
11
65
15
46
67
20
11
6
58
37
56
55
28
70
21
7
50
70
3
9
8
101
13
16
17
40
25
147
55
18
33
153
1
225
10
74
204
29
26
152
122
61
26
234
57
177
1
124
14
63
143
37
67
112
11
27
24
32
46
3
10
106
190
9
7
130
39
15
27
100
20
64
32
40
41
24
18
41
95
103
36
20
23
11
12
60
127
186
58
106
30
130
4
