88
2
12
85
209
17
9
145
3
7
11
146
15
8
10
22
47
292
86
84
3
19
15
216
9
9
87
156
77
3
23
1
85
21
13
10
185
22
77
2
5
3
141
14
6
16
7
73
15
155
254
116
3
17
76
363
18
7
91
8
74
11
9
211
142
47
7
11
79
72
3
10
88
142
13
1
160
148
74
228
75
279
6
209
9
2
72
14
5
73
18
145
72
354
185
20
20
16
299
73
10
20
80
144
141
14
18
10
15
228
14
72
1
911
2
13
83
209
79
14
19
213
141
11
11
299
17
82
16
142
8
77
145
20
4
81
20
17
147
157
76
74
76
17
7
20
288
354
13
15
9
145
157
76
147
90
15
18
416
8
16
83
86
14
7
82
22
75
13
23
3
17
12
77
79
91
10
116
4
84
92
11
7
8
78
13
14
1
71
14
156
225
89
9
12
356
47
16
75
21
424
84
75
89
20
213
969
6
23
17
295
4
147
82
566
19
74
19
278
140
1
20
530
12
142
347
82
90
1
12
144
230
1107
141
77
22
14
7
12
150
350
875
6
86
2
14
82
81
185
10
15
20
7
297
211
291
21
89
76
13
20
152
73
212
4
84
160
147
185
83
5
71
83
15
47
90
8
82
10
143
83
146
81
7
81
73
86
944
16
79
87
5
83
6
10
8
72
4
22
3
2
47
421
10
22
23
9
9
90
47
23
19
211
5
159
2
20
92
76
6
4
8
10
16
8
5
11
14
116
215
11
159
82
15
145
3
218
3
47
349
154
3
4
83
293
11
84
14
278
299
3
22
5
87
1
1
72
1
6
153
6
10
12
4
140
8
71
2
219
283
153
71
12
185
16
155
84
15
76
213
15
350
8
218
83
628
6
78
71
72
225
16
5
9
144
16
7
1
17
15
154
80
12
323
76
79
149
3
15
14
84
2
5
284
278
21
287
11
22
7
13
85
156
2
18
147
73
84
212
154
79
1
83
2
79
254
12
75
84
282
9
282
3
215
218
5
151
23
6
150
16
81
23
20
10
144
20
18
74
11
16
19
9
81
2
5
141
9
19
23
18
323
141
87
77
81
6
80
6
555
493
22
146
424
4
85
293
148
147
20
10
22
85
424
17
47
47
3
154
16
7
7
7
83
218
146
1
213
6
3
216
358
12
11
149
2
23
12
10
8
159
21
23
90
3
3
23
82
81
15
23
76
5
12
147
75
2
72
81
5
212
10
90
147
22
11
6
91
22
23
19
79
83
224
12
281
2
16
5
218
153
13
80
11
144
3
84
21
213
2
76
78
16
89
11
21
142
7
10
47
89
158
81
149
116
1
392
83
87
47
75
218
5
1
5
10
279
8
4
19
16
5
20
8
83
364
3
219
82
74
140
299
156
19
12
5
220
219
3
147
214
77
89
144
4
87
13
6
18
10
156
10
140
86
11
47
83
155
19
16
2
84
18
76
77
82
86
72
323
11
84
2
1
2
77
88
3
14
12
213
75
74
1
8
23
224
76
22
421
73
160
1
348
223
84
3
12
806
73
4
144
10
10
77
152
75
91
8
10
8
20
18
22
148
3
21
146
72
74
18
88
2
47
81
16
79
1
5
364
84
2
9
23
1
47
9
13
73
1257
16
1
214
323
21
14
8
158
151
1
1
74
47
87
6
6
85
75
20
280
16
16
77
90
2
417
85
77
87
143
3
21
145
14
211
17
22
286
152
16
15
4
143
75
87
279
6
18
86
1013
22
23
79
13
7
79
23
156
47
10
6
3
73
147
530
7
76
1
1
7
1
71
73
142
140
3
84
230
1
5
143
14
10
10
20
72
16
19
11
3
91
16
5
116
19
9
222
19
11
1
215
91
16
11
71
158
3
211
80
219
47
3
23
72
12
18
224
79
294
279
4
160
22
146
10
20
87
20
89
82
17
229
8
21
143
1
81
668
226
12
16
9
6
47
12
7
146
14
80
8
278
21
72
5
21
73
1
13
15
226
84
278
294
15
19
1
14
84
156
10
436
76
140
23
72
7
84
156
1
20
19
144
11
82
156
77
349
16
4
47
3
2
2
12
73
323
158
146
284
160
8
9
3
160
419
8
71
10
144
4
19
80
286
23
147
700
143
142
1597
11
86
299
23
505
84
8
80
142
226
362
9
89
349
20
13
6
6
22
82
283
214
18
47
15
143
5
5
143
7
16
47
13
141
71
21
91
12
16
349
3
22
23
7
13
82
147
15
1179
78
6
697
19
84
84
146
8
3
1
214
14
19
75
13
142
19
4
8
13
84
21
85
78
140
10
635
77
12
23
4
6
972
20
8
8
23
14
19
6
3
5
12
84
10
14
76
499
21
12
148
11
211
141
217
77
15
75
13
4
76
157
12
13
146
14
12
215
92
78
1050
155
13
12
5
71
20
8
17
73
149
71
71
160
72
161
10
11
9
91
350
92
17
23
5
22
1220
7
281
11
18
226
88
22
1
1289
1
6
9
14
7
16
6
737
13
12
15
8
223
154
158
21
20
4
23
4
1
18
81
156
4
74
6
16
3
80
9
9
2
350
210
212
90
80
10
9
13
86
158
79
160
20
5
15
3
1
91
76
20
7
22
79
16
21
81
16
209
2
76
83
278
1
3
14
10
219
156
21
4
73
2
78
17
85
14
21
75
92
90
92
12
10
9
116
7
152
12
212
6
11
295
229
8
147
11
73
221
148
3
368
6
7
5
11
151
224
149
353
17
351
6
72
79
461
10
153
7
3
14
19
286
82
75
2
16
78
18
17
20
149
71
12
13
1
2
284
21
20
19
17
16
19
432
21
78
88
83
14
80
73
82
74
7
116
10
4
18
20
221
72
9
15
223
297
214
80
71
353
14
8
10
11
76
15
5
76
7
71
79
254
6
16
143
806
7
12
7
421
12
16
13
86
347
18
9
19
6
14
18
85
150
140
9
10
19
74
74
143
86
9
10
86
1
71
146
637
488
151
4
6
293
23
351
92
83
7
12
7
225
161
7
146
47
8
282
75
20
18
87
21
642
2
148
161
88
11
18
502
88
74
14
9
254
79
8
89
146
487
85
11
80
11
140
11
291
84
10
416
79
19
86
16
21
10
291
7
214
9
10
2
12
16
17
227
76
215
84
8
3
16
149
218
8
12
6
4
149
17
8
81
280
2
224
10
143
82
85
81
3
85
140
87
10
6
8
8
10
289
76
2
82
11
3
72
20
22
145
213
21
4
12
3
4
366
6
2
73
18
1
85
47
148
14
72
356
18
11
8
419
8
9
1
291
16
7
86
355
221
86
13
74
147
47
72
20
17
225
290
1289
73
6
7
4
229
85
74
366
16
77
16
22
218
13
22
15
23
5
295
21
144
185
150
17
1220
9
21
226
8
227
142
18
368
72
146
8
73
82
71
116
2
76
3
23
4
89
8
1177
10
486
145
22
2
185
8
220
80
295
81
144
89
89
47
1
15
224
80
1
298
8
161
88
86
116
3
82
7
161
16
18
10
4
629
16
85
88
6
75
2
230
74
19
6
80
12
1
76
17
4
10
286
461
211
14
74
89
22
228
88
212
3
82
80
82
1
20
8
226
4
142
217
74
13
82
89
13
47
8
226
75
152
87
144
77
4
417
22
4
6
282
20
1
3
149
12
20
157
75
47
15
363
12
12
20
1
21
90
116
15
74
47
79
4
225
4
1151
1
88
6
211
1
8
19
76
159
12
21
228
430
140
10
72
74
221
80
10
632
218
23
47
11
141
21
84
80
16
75
155
229
7
217
4
775
85
10
85
19
21
78
13
92
5
254
702
6
15
72
151
21
228
3
6
87
21
17
74
20
18
432
461
10
86
668
498
11
19
295
3
211
7
23
16
156
698
142
710
74
1
74
4
19
23
1
71
4
77
5
74
155
1053
143
228
9
16
6
144
5
80
76
11
13
2
87
4
7
89
18
153
9
288
212
7
14
17
3
17
9
219
148
145
10
1
141
78
23
13
17
18
15
4
76
81
290
17
7
75
78
9
360
20
15
6
143
82
147
14
17
16
77
76
15
142
9
2
12
76
85
209
1
298
11
11
161
47
1
21
218
9
11
13
145
1
17
161
155
5
47
77
13
73
80
141
19
16
81
85
155
86
147
87
696
74
2
11
4
14
72
297
47
149
73
77
296
14
3
80
222
75
80
153
16
47
5
9
8
75
17
17
2
2
16
19
7
21
86
19
228
7
2
147
22
12
19
80
3
92
76
86
19
159
15
79
90
90
3
280
8
73
89
6
2
75
12
22
141
3
72
82
3
433
159
8
211
17
145
20
353
6
6
254
157
20
229
155
141
20
12
5
227
417
18
21
9
12
140
76
15
7
10
22
17
9
149
22
79
140
3
15
4
4
47
8
15
599
19
280
11
146
503
18
7
155
90
75
86
1
1
228
1
2
141
11
86
13
12
144
16
10
9
116
20
146
13
79
79
47
72
81
85
74
289
228
72
563
185
2
87
5
485
3
14
152
142
90
71
5
1
151
323
10
23
144
392
16
213
286
82
416
116
5
228
75
488
152
8
77
282
18
218
141
7
88
6
212
82
2
368
358
2
47
215
20
23
4
79
145
22
8
73
18
87
4
75
3
149
21
2
147
146
211
12
149
287
9
20
7
211
8
142
81
5
8
21
141
12
20
141
1
215
209
88
83
290
84
141
219
20
143
16
86
83
213
73
461
1
15
254
6
47
141
8
91
154
145
47
20
84
87
2
80
72
23
143
85
10
7
90
14
147
9
7
23
8
77
16
79
3
8
77
116
85
19
7
6
23
17
4
1
91
12
3
147
530
21
10
9
299
1
15
17
4
84
17
284
87
5
85
2
2
75
144
4
47
13
86
2
12
77
216
142
13
18
770
323
427
11
296
77
21
5
21
216
22
286
79
75
22
85
1
77
84
6
17
144
215
13
23
9
156
21
116
149
88
152
86
558
2
228
145
3
87
11
1
2
18
20
909
493
211
17
18
8
697
12
141
213
18
14
87
4
5
87
22
83
10
9
88
75
80
212
77
91
85
16
279
116
2
21
212
78
295
1
76
7
13
78
9
3
4
75
225
9
5
5
19
146
85
21
145
21
220
85
9
116
1
699
91
89
77
12
363
909
90
430
13
74
17
1180
90
1
15
2
8
16
149
11
73
11
16
10
1
287
11
23
159
11
4
561
158
160
226
153
13
15
19
76
211
75
147
230
217
12
15
47
82
79
1
79
10
84
13
76
969
3
2
83
79
7
18
80
20
11
212
47
281
4
424
158
72
83
5
76
22
3
155
47
364
23
143
215
74
2
9
1
2
23
218
209
47
84
89
13
141
91
21
299
141
87
2
8
17
80
19
226
5
88
146
227
15
7
82
87
16
143
17
142
78
23
143
142
298
87
2
84
211
8
10
2
91
216
22
75
1
5
74
143
86
89
92
86
141
74
80
146
16
284
144
2
72
12
149
210
254
15
73
221
73
151
140
1
146
1
9
9
74
280
8
7
147
210
15
17
146
158
5
14
159
1
75
4
79
148
47
16
47
10
82
287
13
82
7
4
3
254
147
17
11
3
254
10
10
21
150
17
9
18
1
75
18
19
149
18
18
211
9
78
73
77
6
20
295
14
160
16
211
88
298
212
773
21
12
5
149
159
3
3
47
80
4
78
152
75
142
6
16
17
3
19
116
359
20
17
5
1
11
226
86
13
23
19
11
157
8
145
80
73
9
149
89
209
78
4
4
84
5
148
159
1
219
4
78
19
8
185
84
81
435
79
14
13
294
116
16
16
5
1
6
77
83
78
11
7
17
84
87
282
217
90
2
84
143
2
116
573
161
1
1
349
147
140
599
2
17
91
72
218
77
157
7
1120
75
2
13
4
88
2
20
21
11
74
5
90
5
16
2
17
87
8
155
629
7
7
11
149
11
1386
149
86
85
13
13
15
1
89
222
230
281
13
8
80
294
290
17
158
2
80
14
209
90
6
79
82
210
87
78
11
5
143
216
2
12
155
84
6
15
154
73
14
11
1327
8
22
79
13
72
21
141
73
13
3
79
285
83
47
151
1
75
72
77
17
2
90
76
16
71
1
143
7
22
15
2
91
20
76
78
7
8
2
159
149
23
82
22
2
47
13
222
1220
71
89
17
12
6
296
4
22
147
3
210
284
19
22
145
22
220
82
17
89
9
11
20
71
86
77
4
21
9
20
72
295
158
12
421
86
18
158
146
91
160
2
185
10
13
80
3
16
5
78
23
141
13
432
8
11
149
14
153
19
16
147
2
487
15
161
18
144
20
5
9
18
5
16
77
76
79
72
79
150
213
85
10
20
701
830
47
224
10
18
287
148
14
4
78
17
2
12
20
23
82
160
77
21
20
3
7
21
10
77
142
145
20
18
11
71
212
14
1047
288
74
13
16
5
20
20
87
1
14
3
3
8
72
213
151
5
78
140
78
72
14
85
6
12
21
8
13
15
21
220
5
11
10
281
290
2
212
77
279
90
13
12
146
6
81
79
87
76
144
21
4
116
221
23
76
12
160
71
13
220
146
8
12
9
16
19
16
19
71
215
7
6
10
7
83
13
4
82
2
21
22
140
2
10
148
6
159
77
78
2
19
88
216
73
147
116
433
91
4
18
144
2
89
211
12
20
20
7
12
10
7
17
88
81
158
21
6
86
21
146
87
77
350
6
21
436
15
72
21
18
219
3
18
5
416
149
350
79
47
185
1289
82
254
7
7
92
11
6
147
6
350
7
225
436
13
92
12
220
91
11
3
20
16
161
7
228
4
4
295
1
78
1
22
10
421
15
3
77
20
5
2
392
22
4
16
351
254
13
141
3
9
146
87
90
3
79
8
144
141
291
6
47
81
19
6
81
7
17
1358
2
7
23
5
91
218
227
21
158
74
83
156
10
141
90
148
709
4
8
80
16
6
5
356
1
80
362
19
160
141
86
153
218
21
86
10
86
14
16
12
20
21
11
4
75
14
12
82
79
2
14
6
73
88
7
83
22
15
2
116
80
10
78
4
47
3
9
19
20
143
4
143
87
16
90
12
13
3
87
79
18
20
1
16
84
47
19
142
3
22
10
160
5
82
5
86
21
360
155
19
83
73
152
2
3
7
281
147
224
16
1
157
86
21
11
86
14
211
9
81
485
11
20
75
20
160
90
82
15
89
288
47
72
14
73
3
219
279
1
1
1
20
220
12
10
47
8
146
16
91
82
14
220
158
6
4
76
22
20
17
11
91
13
4
3
12
212
13
77
78
5
1
85
292
209
143
84
15
290
12
160
72
7
88
17
47
11
8
1
348
298
1
81
147
5
47
82
23
668
11
8
140
5
11
78
217
5
159
5
81
2
15
47
2
9
90
15
291
21
14
87
13
13
13
3
21
288
146
5
21
12
294
155
17
5
3
78
215
10
74
9
85
72
15
151
6
7
5
16
156
6
1
351
146
8
149
74
88
1
14
13
15
11
22
11
86
71
90
155
1186
161
8
4
11
19
287
9
19
1
10
77
144
145
15
5
1533
13
9
17
17
47
116
85
216
5
116
16
153
146
80
88
2
8
11
354
85
18
20
81
80
7
90
7
1
220
143
18
145
5
185
148
12
73
296
141
147
291
10
11
72
212
18
218
16
18
9
154
77
14
144
2
1
3
8
88
74
11
10
14
77
78
285
78
9
74
141
74
157
153
220
75
146
73
3
19
21
77
75
47
20
221
82
22
323
91
4
12
22
17
80
4
13
16
71
10
737
278
13
86
3
9
3
222
159
80
3
16
21
230
141
1
71
5
21
219
214
12
428
226
15
8
90
72
287
4
20
5
82
91
20
84
14
19
76
146
6
84
144
436
86
7
6
78
10
11
21
20
213
22
1
154
147
47
75
80
7
91
11
219
229
148
17
75
5
80
79
22
47
72
16
86
216
78
23
154
5
2
7
14
224
71
1
4
568
213
10
18
155
15
2
71
2
737
116
17
15
213
84
7
3
1
2
573
4
11
21
222
6
350
74
17
14
83
157
23
141
78
12
148
18
21
9
4
2
150
78
215
220
6
82
298
213
147
280
73
3
18
23
17
140
90
350
10
151
362
23
78
11
86
85
77
2
16
4
20
82
22
11
9
12
6
20
7
142
3
73
16
74
216
11
92
144
15
14
289
12
6
2
289
1
152
143
47
140
209
92
5
6
2
278
1
73
16
20
7
86
75
22
86
216
2
80
86
7
19
23
19
76
144
12
281
9
348
73
17
7
78
153
7
6
214
17
9
155
22
47
2
5
87
23
79
72
3
144
219
15
281
4
14
82
92
23
71
153
151
77
18
6
16
80
22
16
4
6
7
489
76
7
13
429
75
16
84
18
17
209
80
73
20
630
12
5
282
81
9
13
22
10
151
11
17
83
116
15
47
12
4
1
7
362
2
2
392
151
366
79
3
22
23
78
72
12
20
72
2
7
223
81
221
72
20
12
6
82
79
3
86
7
10
2
1
84
146
290
22
215
222
153
80
148
156
5
151
84
13
75
7
210
21
141
72
76
10
9
75
83
20
80
11
461
8
349
141
75
282
16
17
21
47
152
14
294
10
288
22
15
75
8
78
8
11
4
13
4
142
11
13
10
13
358
7
79
90
85
1
77
82
19
12
14
72
223
12
91
12
79
6
14
74
146
81
19
20
9
3
220
18
4
87
23
11
8
6
21
79
278
87
6
217
73
12
6
71
9
9
215
149
19
20
2
19
13
221
223
6
18
228
7
6
2
21
2
22
76
282
90
4
85
72
2
77
71
18
14
4
9
21
5
5
218
75
9
18
12
142
8
142
92
77
15
17
350
157
11
5
9
89
7
161
3
16
6
73
12
7
10
21
5
435
10
82
1
21
214
9
10
286
3
77
90
77
18
149
5
75
72
80
1
82
18
11
14
157
493
22
7
81
23
159
87
214
283
10
71
7
8
7
2
88
12
12
148
221
3
284
218
74
17
10
78
1
230
80
10
85
148
292
13
489
20
23
5
17
157
154
220
18
47
9
154
157
116
79
216
17
11
16
72
18
12
13
47
143
226
79
92
1
6
323
295
82
152
148
152
77
220
18
143
8
6
90
12
158
12
226
17
3
141
83
152
8
3
150
3
87
78
4
79
23
88
76
7
77
2
75
5
356
83
85
7
4
89
75
19
147
15
72
7
20
1
21
6
291
87
4
7
83
16
142
573
15
10
17
15
5
23
15
425
17
72
15
154
287
209
4
17
148
156
6
16
84
149
72
7
1
81
23
17
3
21
82
5
215
217
90
4
152
293
8
7
11
9
230
13
9
73
1
6
219
3
79
15
224
17
87
21
89
226
421
8
296
1
85
144
20
14
145
229
6
23
47
87
150
225
145
88
1
1
145
73
47
74
87
72
148
9
77
218
147
18
21
72
91
17
80
22
8
150
86
5
5
5
77
2
141
146
2
22
2
18
295
222
89
9
1
144
21
4
19
21
92
17
2
8
6
18
147
72
23
5
161
91
209
21
279
157
351
7
146
154
213
144
212
17
221
20
19
7
85
284
77
15
214
226
13
6
1
283
909
73
91
22
19
209
9
79
296
154
75
216
86
15
228
76
6
285
73
153
392
145
14
8
6
148
83
5
420
9
3
215
218
77
11
47
16
8
5
8
350
74
20
7
10
7
19
140
355
86
148
152
8
16
151
87
87
10
78
148
3
10
7
147
16
284
4
85
83
18
3
19
13
8
141
151
219
502
72
4
2
16
21
83
11
12
211
14
77
77
210
10
87
1
88
155
47
806
13
140
254
88
72
92
11
155
6
21
1
76
11
7
76
147
563
147
2
72
19
222
90
86
9
8
7
142
151
15
89
11
555
88
10
88
19
77
6
16
2
11
86
73
2
8
14
83
89
82
3
16
11
2
6
875
80
1013
16
12
297
88
75
83
74
12
8
81
14
91
13
90
213
76
2
83
5
13
147
3
8
76
161
140
7
21
72
3
153
11
79
78
151
417
3
22
3
289
2
79
5
2
2
78
290
23
19
14
1388
323
20
74
146
2
1
18
23
73
13
9
78
21
358
14
74
20
3
7
158
12
1
209
88
19
2
297
90
7
214
293
18
88
21
294
84
71
1013
148
85
156
47
355
226
212
13
23
291
5
82
71
185
80
148
7
9
229
91
220
209
2
212
4
20
5
226
1
8
2
12
82
18
3
20
19
143
152
17
142
210
22
79
86
72
3
157
82
18
143
15
13
8
74
18
16
47
148
214
140
1
144
88
1
228
213
76
74
225
9
11
229
6
83
230
75
74
8
15
21
79
5
116
3
225
18
17
78
361
18
5
4
1254
143
7
19
80
77
15
221
146
2
161
82
20
486
87
80
16
210
4
11
9
944
213
12
3
12
90
2
18
9
47
15
15
89
82
3
18
90
12
4
86
295
8
73
78
3
143
15
17
9
85
4
142
290
22
213
80
5
15
6
12
156
2
5
21
2
146
706
142
143
18
86
8
4
19
17
636
2
12
21
83
91
11
254
159
22
149
7
155
21
289
7
77
79
215
7
47
3
78
7
16
20
143
85
294
1
142
13
284
72
147
143
89
9
47
141
229
90
16
2
2
11
5
254
19
461
224
21
6
1
89
668
19
7
149
15
185
2
222
2
282
11
151
78
13
6
215
156
7
2
7
140
151
147
73
80
299
627
81
10
78
75
347
6
146
3
77
8
47
82
9
87
1
9
6
294
21
150
149
216
158
91
144
76
4
74
141
291
13
214
1
92
226
75
87
78
79
12
16
71
155
3
14
5
1
15
23
140
224
81
1
7
72
20
9
16
209
10
12
4
17
4
71
21
148
148
5
90
4
23
91
17
214
15
11
84
79
78
159
19
2
71
17
79
151
145
8
71
21
227
7
21
348
10
6
14
16
9
74
2
292
161
76
91
295
16
431
86
141
20
79
148
215
7
283
3
154
3
504
226
79
20
90
71
17
159
21
287
228
21
74
20
15
3
6
74
18
12
7
84
23
73
22
1
230
90
83
1013
4
77
297
17
148
9
6
79
461
21
11
88
3
8
15
19
323
2
15
141
20
16
18
18
16
11
71
3
12
17
7
11
157
2
7
10
89
18
87
90
73
160
19
12
223
1
10
4
91
8
1
90
10
13
8
79
73
284
348
140
146
8
216
289
19
23
286
359
87
14
11
73
79
23
18
2
11
18
9
23
223
19
12
83
13
145
79
11
84
5
149
141
11
22
7
74
86
20
5
215
713
227
366
84
632
158
17
83
11
7
7
12
19
116
572
1
2
15
287
11
3
2
3
278
1
11
85
148
292
20
8
216
87
142
3
144
13
140
76
140
155
151
144
10
73
74
156
12
1
22
21
73
12
10
147
11
4
73
2
3
23
14
160
84
147
142
9
7
8
80
22
74
2
74
90
89
6
160
16
230
4
79
47
19
14
153
18
140
90
3
4
3
144
4
47
75
9
352
145
693
116
160
13
14
13
47
280
209
350
88
17
12
72
74
229
47
73
6
11
3
12
218
71
12
295
10
72
15
5
79
9
79
284
146
21
19
5
15
21
211
142
218
294
156
6
358
85
12
1
87
78
3
47
18
2
47
7
366
71
22
7
141
15
116
18
1
292
21
83
116
82
71
20
92
78
81
75
11
155
85
47
153
82
23
78
84
220
19
368
1
8
10
148
116
563
18
72
214
11
21
2
6
85
15
146
21
6
81
14
2
9
155
148
10
2
75
77
73
82
77
5
5
9
71
1
23
1
81
7
89
12
9
150
3
147
153
1532
3
1358
1
160
143
92
1
86
147
18
21
81
18
16
9
279
8
82
147
16
13
17
9
71
1
1
13
230
79
76
73
284
18
211
14
116
2
83
18
76
350
47
77
2
215
224
12
4
18
89
5
359
47
75
11
13
140
20
21
10
84
82
10
4
5
21
22
20
18
219
76
3
23
219
7
4
8
228
185
4
74
1
4
78
3
14
17
5
12
19
14
430
1327
5
11
221
3
146
420
21
5
18
5
159
8
82
71
11
1
5
12
18
12
140
1
297
216
73
1
228
47
146
161
1082
1322
17
737
20
147
146
504
15
20
79
3
19
14
87
23
147
215
81
11
417
2
2
159
3
1
4
2
221
85
12
153
148
280
14
3
79
20
279
155
157
140
82
80
210
6
143
223
636
23
2
8
4
2
9
87
224
71
4
7
354
3
141
91
1
85
11
210
6
17
3
5
291
9
22
15
19
230
12
12
21
4
18
76
77
4
6
82
12
4
92
74
21
19
71
82
10
87
75
9
215
3
87
23
5
14
71
157
74
22
3
15
144
76
280
1
2
1082
20
217
20
221
13
74
83
215
21
9
4
209
8
7
1
8
158
217
73
18
219
22
75
1
78
140
10
4
75
12
145
8
154
5
215
47
85
18
77
4
11
15
72
147
986
13
80
144
14
23
362
15
47
75
13
21
145
71
4
83
12
230
11
5
185
8
10
90
145
9
3
146
16
494
3
12
8
392
77
147
16
5
150
80
116
7
80
4
79
491
14
1
2
7
486
88
224
6
71
279
20
1
11
154
15
160
1
160
23
209
562
144
14
144
21
116
4
11
2
47
8
157
4
14
497
80
157
85
47
82
82
8
21
91
88
47
1
90
5
352
75
20
229
21
21
16
7
10
5
2
13
75
47
7
17
148
154
71
9
3
145
16
1393
227
3
2
1082
8
2
13
21
2
2
8
12
209
11
149
16
3
73
5
17
82
22
77
82
3
11
3
1
89
3
19
8
16
149
151
142
160
4
74
282
20
11
19
1
8
17
9
155
12
12
10
16
159
11
14
148
19
5
71
88
20
12
225
74
7
91
3
4
215
83
88
561
150
20
87
16
84
76
85
75
148
84
8
3
5
19
17
281
18
10
144
22
3
86
6
417
76
2
287
1
87
141
72
9
76
1
217
91
461
74
905
278
12
10
6
81
3
216
18
12
9
219
211
92
8
3
16
158
392
92
141
141
3
12
560
143
7
92
149
81
157
78
1
152
13
78
12
79
212
9
5
5
86
72
19
76
87
153
703
209
219
6
1
18
22
84
11
5
16
78
116
218
151
7
4
72
157
87
91
6
86
212
77
83
1082
363
213
8
1
19
21
1
15
145
17
4
294
9
1
5
76
74
146
218
230
215
367
210
363
87
76
77
82
7
5
4
4
211
158
77
150
3
86
599
352
8
148
71
75
20
298
217
73
3
72
146
3
15
14
17
323
1528
158
14
88
214
159
20
4
85
11
217
13
1
141
23
81
23
1
143
23
87
90
8
90
360
91
83
3
147
628
19
71
9
17
2
20
1
47
9
7
284
149
11
91
79
15
281
20
279
13
74
12
47
78
16
11
12
76
229
4
161
12
323
16
15
79
23
1
9
1
5
9
91
2
217
161
14
392
433
7
1
71
8
14
160
14
143
76
2
2
11
10
151
8
81
158
209
22
3
11
151
23
4
79
217
1329
23
140
11
147
12
4
11
152
155
19
77
6
88
9
17
84
91
92
353
5
87
421
217
16
23
143
19
18
1
209
155
141
157
92
217
5
6
151
21
144
19
7
254
77
13
5
350
11
7
347
81
1
90
279
12
90
292
1
146
281
226
81
73
11
279
79
152
141
16
155
2
1
14
12
87
3
160
216
14
22
79
145
141
13
4
19
19
84
23
75
19
155
75
367
16
296
3
79
21
92
77
226
15
222
92
1
158
8
223
146
12
1
7
7
79
160
20
291
47
18
3
47
2
84
2
82
4
78
7
229
159
4
15
77
6
21
278
7
352
2
148
76
416
8
10
7
217
11
13
147
19
560
5
9
737
19
11
9
9
146
9
360
9
219
145
4
1
152
148
47
13
9
78
87
9
77
10
19
11
223
22
5
185
425
81
87
5
149
215
158
17
14
6
16
2
143
13
12
9
9
72
2
185
89
88
80
144
16
73
19
278
8
19
1
160
185
151
79
146
297
14
91
4
77
8
142
296
19
6
81
228
9
150
3
4
17
14
351
1
71
10
75
567
10
10
157
76
76
422
161
22
6
227
160
2
80
287
80
290
8
149
116
5
3
226
22
289
73
82
16
144
4
145
72
6
10
9
5
154
91
7
47
79
159
16
349
15
6
12
146
23
7
22
218
14
280
12
91
13
6
280
3
75
18
78
76
5
11
15
80
71
13
74
7
8
74
9
20
80
499
4
15
20
9
142
17
160
92
417
75
91
5
73
157
72
875
16
79
13
75
11
156
3
81
87
3
220
86
76
155
6
14
10
72
13
15
1
21
71
116
12
282
72
78
14
16
160
72
10
47
23
7
5
83
230
6
20
149
73
20
90
73
4
4
4
72
142
152
91
82
78
428
9
2
3
16
15
20
158
19
8
14
229
5
82
21
212
80
148
90
3
211
23
12
8
161
21
84
23
1
7
88
153
22
18
83
91
10
16
47
18
79
8
141
2
72
2
12
20
22
86
2
71
92
20
146
294
16
7
9
16
47
86
151
16
432
8
13
5
145
77
74
218
83
15
7
141
5
116
1
75
294
289
213
2
76
81
78
11
20
7
225
10
299
73
144
12
22
9
10
228
153
10
23
494
12
156
2
144
297
16
12
20
2
8
84
9
4
152
14
2
10
83
150
15
22
18
3
75
215
9
16
90
286
74
283
21
4
15
12
7
148
86
88
1
77
10
85
11
2
1
71
16
78
83
143
6
223
87
3
161
16
1
16
74
13
76
84
12
20
19
9
20
22
3
150
17
155
78
150
15
23
290
1
144
81
153
77
160
15
158
19
5
2
74
141
23
72
19
13
185
23
10
847
16
1
228
21
9
160
9
79
75
286
5
155
4
84
3
79
15
12
151
11
11
78
6
75
20
4
461
4
9
9
1
1
19
88
72
6
18
81
89
19
88
20
11
73
83
16
16
7
11
147
209
81
85
9
293
156
6
22
140
47
350
11
17
3
643
4
3
280
22
82
143
185
80
142
150
77
78
8
161
6
504
145
4
71
299
7
254
149
21
430
89
77
84
155
81
78
3
90
224
7
84
146
18
7
212
14
83
77
6
90
16
5
158
5
142
79
2
3
9
89
226
78
10
210
12
392
461
4
144
16
18
148
13
147
16
19
10
143
361
461
2
11
14
18
6
75
6
7
13
75
1
227
47
89
76
16
83
16
157
72
221
289
11
92
7
78
9
214
89
79
47
12
22
13
365
23
5
77
6
14
89
3
80
16
78
21
284
6
5
153
209
3
15
2
85
562
10
218
18
85
78
72
142
2
217
140
6
82
1
280
13
2
19
19
86
8
84
5
76
47
73
142
11
18
8
13
210
212
19
73
90
72
4
87
83
222
86
227
17
23
18
505
89
153
78
185
17
91
5
254
222
364
3
3
89
222
86
17
88
89
12
47
153
210
13
11
20
160
16
85
80
10
221
18
80
84
19
22
288
2
71
11
19
23
293
223
86
210
15
160
86
4
76
16
81
23
17
17
3
10
146
254
16
73
323
81
22
7
279
86
91
87
158
8
13
86
80
13
8
7
74
5
75
2
461
8
160
3
3
15
16
154
23
211
213
82
157
291
4
145
5
20
11
5
283
352
77
15
9
6
10
23
116
81
156
2
87
217
6
75
13
72
89
222
4
211
18
3
152
16
20
4
11
11
23
145
71
145
143
354
436
9
144
23
21
80
73
348
147
80
5
155
841
75
10
142
18
85
7
71
90
76
47
159
13
143
146
21
2
87
4
18
227
92
6
84
79
212
155
14
10
13
226
213
4
9
143
3
86
88
8
148
13
9
3
1
142
323
82
7
295
9
1
8
13
85
153
461
20
288
82
21
14
3
1
151
79
10
151
8
10
15
4
435
22
293
211
144
228
16
213
18
86
7
116
223
220
3
353
215
142
5
8
4
559
161
1
91
323
154
77
350
362
79
19
78
84
9
19
16
22
350
4
161
20
6
140
143
77
4
357
1
16
83
1
289
82
224
83
148
10
148
116
87
79
219
22
85
76
20
1
15
10
222
223
161
4
568
3
5
144
161
8
82
10
77
92
5
155
286
160
74
21
5
72
495
91
78
150
7
806
6
2
157
91
157
7
9
16
185
75
116
12
47
8
21
6
213
81
3
286
79
4
19
79
15
4
5
6
47
17
2
7
211
1
116
47
85
22
2
219
71
16
19
47
212
92
142
84
83
3
75
10
23
18
85
147
292
16
19
145
7
153
20
90
6
77
89
3
291
85
1
16
18
146
92
4
6
11
8
5
5
72
81
2
7
73
14
84
8
10
226
140
17
74
8
116
150
7
9
78
161
227
73
2
16
76
4
282
23
84
7
75
22
153
2
9
91
10
77
15
220
8
8
11
1
6
13
13
14
5
209
19
89
13
278
6
633
226
282
3
4
154
227
73
86
90
47
142
211
140
79
9
91
87
221
71
286
141
72
9
21
83
218
3
221
8
21
141
148
72
15
5
13
211
47
19
7
185
1
71
217
1
10
84
1109
21
14
2
11
15
599
776
13
21
1
1
72
9
6
80
23
4
17
3
90
47
47
219
72
213
1
211
7
13
75
211
85
149
85
19
161
3
143
143
85
1
281
6
9
5
3
2
6
157
22
17
73
149
12
433
16
4
140
150
22
417
75
2
143
72
75
71
220
73
78
4
1565
76
90
8
89
17
75
4
14
10
142
140
10
6
149
5
19
11
1
14
89
14
1057
75
9
1
1
4
15
140
6
227
147
223
161
14
280
81
158
151
81
9
16
18
79
4
153
1
20
75
421
78
2
291
2
71
227
285
75
47
89
10
668
1400
75
737
9
159
13
7
47
15
47
1
2
222
147
3
74
151
19
17
87
1
12
74
76
18
83
22
2
10
147
12
147
8
287
145
4
8
15
12
22
3
9
155
13
160
150
87
145
6
74
88
47
351
1
279
6
633
228
140
5
13
149
2
219
221
19
3
17
74
159
1387
84
141
116
73
20
347
159
20
76
7
80
668
80
141
1
74
154
11
10
11
20
17
88
14
220
4
142
5
3
87
15
11
17
16
4
392
11
210
83
74
148
86
116
224
22
22
74
7
84
77
73
226
8
159
226
11
142
144
212
77
222
12
82
14
7
18
4
352
20
2
18
160
161
283
19
14
15
23
7
2
83
79
6
146
6
148
79
19
19
15
5
76
291
2
17
875
77
152
18
80
1013
4
1119
72
72
18
19
6
11
150
17
12
10
10
12
81
156
85
1
209
15
140
81
12
229
10
6
88
145
212
160
8
218
143
9
5
15
1
4
489
160
361
10
21
85
286
1467
87
75
4
85
72
87
3
4
7
12
7
4
1
86
8
73
148
47
281
5
47
86
420
6
13
19
72
15
74
16
15
354
3
223
4
10
153
9
87
76
47
4
2
1
18
21
19
23
92
146
16
353
11
47
1
18
143
79
11
224
8
11
20
83
9
92
1082
14
158
1
10
160
358
14
293
22
222
5
5
12
10
71
74
1
10
4
151
11
1
146
158
13
3
282
156
9
81
16
21
227
73
19
20
1
9
12
78
73
76
15
21
149
6
254
17
91
4
12
12
73
9
2
13
75
79
425
22
81
143
349
73
18
71
74
12
7
7
530
71
17
153
349
154
84
155
17
20
1
2
3
144
10
116
5
3
1
20
212
4
23
13
142
6
15
83
218
2
77
17
7
21
1
4
14
18
8
147
212
88
17
71
3
1
81
225
18
10
223
75
7
15
9
212
215
18
16
8
73
10
3
13
14
215
18
78
74
2
19
5
20
18
3
6
155
19
74
806
212
21
15
426
92
11
12
84
82
557
21
77
72
152
116
10
72
88
1
18
17
3
143
15
11
71
8
4
85
81
3
4
20
152
154
82
17
147
83
841
157
11
81
13
5
17
9
211
15
1
76
72
76
82
18
12
392
223
78
11
218
4
217
417
3
71
350
22
8
14
222
20
149
289
87
84
18
76
89
287
765
5
6
5
4
142
80
323
18
148
79
209
82
2
2
19
290
21
145
86
21
1
13
152
80
10
144
360
47
88
16
287
86
116
9
223
71
19
19
15
80
290
72
85
1
222
1151
79
83
9
89
2
156
22
74
695
8
79
5
392
217
140
83
875
3
4
9
161
71
222
150
10
9
4
5
78
87
72
82
81
18
76
5
4
7
16
89
12
74
3
284
2
74
417
19
10
18
146
15
13
76
147
83
80
85
144
14
141
209
18
21
157
81
146
11
2
9
10
88
8
6
4
21
88
8
143
16
228
279
14
8
72
47
3
23
6
150
85
9
18
11
4
86
392
13
11
13
291
19
10
17
7
19
81
1
13
75
11
217
4
17
1
81
142
86
21
278
2
19
4
15
2
226
7
5
1
23
5
354
5
15
22
17
92
2
80
88
80
291
3
14
116
1
226
79
279
82
13
21
2
72
17
82
85
156
145
144
11
14
10
47
19
5
8
10
9
157
437
392
82
209
13
3
1
21
8
6
14
7
216
17
213
499
91
1
77
140
23
3
14
78
4
281
1
142
358
7
1
81
79
47
294
85
15
13
148
14
73
158
80
3
17
3
1
2
148
4
82
6
72
79
116
4
71
47
11
76
5
84
217
5
211
20
9
2
10
47
73
75
17
73
19
11
153
13
13
212
280
21
213
502
1182
90
81
157
90
140
7
3
8
8
82
17
76
89
75
76
17
6
7
5
7
293
76
153
88
92
5
5
8
8
158
89
12
83
14
229
5
159
19
3
282
18
71
1151
154
10
4
350
141
6
17
150
215
10
17
21
78
152
75
9
156
155
74
18
3
11
144
2
215
9
5
149
80
22
11
73
7
88
86
84
13
5
84
11
16
14
14
11
86
9
143
85
147
1
5
4
19
2
90
21
156
75
160
78
16
75
18
71
11
215
1
215
18
1
77
81
280
279
144
6
3
5
13
22
9
150
80
12
73
19
6
143
1
71
81
154
1
12
214
487
142
145
15
225
21
2
1
1
82
3
16
16
3
185
78
76
11
599
286
71
142
7
23
81
767
153
76
9
12
86
3
3
72
148
12
227
14
7
8
72
1082
279
148
227
77
79
15
17
355
84
85
82
116
9
221
72
14
218
92
80
2
22
85
15
18
292
211
17
11
71
10
75
90
76
152
23
84
10
10
158
220
17
2
159
225
82
157
88
737
152
4
80
10
141
20
148
147
140
17
75
87
1
8
15
116
254
90
5
15
8
4
73
22
20
73
23
11
210
15
297
10
47
228
77
16
4
88
17
83
140
185
14
6
71
22
226
10
7
83
23
75
86
90
9
20
1
290
18
13
17
155
18
86
16
9
212
2
16
3
17
216
75
6
156
15
85
770
9
13
5
16
90
628
19
149
1188
148
7
295
89
875
5
21
2
10
211
85
91
348
20
14
8
4
17
22
286
4
78
2
357
13
71
75
5
4
144
209
19
18
23
2
209
13
225
323
12
17
11
74
2
20
2
1
23
79
157
73
13
12
19
21
5
147
6
11
81
1
19
434
20
9
146
2
4
85
5
79
71
150
214
148
84
4
81
85
76
77
295
91
228
425
917
148
6
7
228
3
85
5
281
79
83
77
88
295
12
365
17
150
4
10
74
223
15
11
84
3
13
12
6
4
4
6
8
1
6
140
78
23
211
1123
5
10
87
22
506
428
85
82
351
10
210
2
87
4
17
4
77
81
87
5
13
10
160
18
806
74
16
13
154
81
4
155
22
3
1
74
85
85
1
15
154
22
22
71
79
15
91
3
149
212
18
78
221
15
16
3
90
47
7
21
147
72
1195
213
74
11
13
19
13
85
83
142
6
16
154
4
3
14
5
141
10
150
15
221
77
20
2
10
79
160
14
77
6
143
87
160
15
142
75
144
15
6
566
90
7
20
141
4
12
15
9
154
22
87
13
12
7
17
74
75
20
11
4
89
87
77
78
16
144
5
15
3
211
76
91
74
223
72
8
1
4
6
429
116
8
148
84
7
14
9
16
1
15
21
12
5
77
13
144
17
86
4
75
8
7
10
17
79
147
12
13
13
140
8
4
75
15
2
323
354
559
22
10
4
437
143
1
72
4
22
10
278
147
10
154
290
143
7
10
79
147
161
92
12
4
1108
5
7
23
3
7
11
20
6
79
530
75
142
1
83
156
75
21
156
140
4
6
83
20
154
77
146
22
18
80
140
6
12
144
82
2
11
85
6
4
11
10
20
155
72
229
78
5
225
161
84
87
152
47
497
89
3
17
151
159
79
5
351
76
461
72
3
156
23
3
12
18
75
3
902
294
211
15
3
224
13
92
90
17
10
144
285
323
216
78
10
145
292
150
213
23
88
156
71
141
4
149
154
86
21
7
21
88
140
73
836
140
23
9
5
357
78
225
82
18
9
6
6
148
75
4
22
144
1
87
23
154
22
226
86
211
5
1056
75
141
12
10
140
23
222
8
78
85
17
91
86
8
15
5
81
141
142
147
78
21
9
17
14
3
279
293
4
147
160
141
6
297
90
78
77
18
4
6
47
74
7
15
5
3
5
71
84
47
2
4
2
76
83
19
2
15
159
20
71
83
21
147
19
367
78
76
15
1151
149
153
21
76
15
289
74
88
20
5
77
18
8
15
3
79
90
15
230
144
5
11
91
1
8
290
700
73
6
9
4
6
7
85
10
143
10
209
737
19
13
6
11
13
75
47
47
1
5
6
74
16
83
18
88
158
147
5
78
145
1
10
20
89
21
146
10
15
599
291
19
160
147
17
1262
10
77
149
352
144
153
85
142
13
8
2
8
506
151
10
140
73
82
88
159
161
157
84
2
4
154
12
2
74
8
156
157
90
47
4
7
72
416
77
74
86
323
77
77
20
90
11
185
289
153
292
79
3
143
73
73
9
72
20
71
21
149
150
16
1
11
1
81
84
217
23
3
79
228
6
12
6
6
2
142
79
19
20
73
2
2
148
494
87
14
153
9
218
11
147
4
140
2
154
19
17
8
150
11
20
71
10
6
75
1
8
79
9
8
185
5
254
71
6
76
212
82
297
10
7
150
226
75
73
90
185
2
146
7
141
85
365
556
18
9
142
18
1
82
10
280
76
7
216
87
20
1
8
20
4
294
14
9
90
431
225
215
555
74
82
75
210
15
217
668
78
3
17
4
87
84
489
1
9
73
5
81
73
74
223
92
23
72
140
116
6
80
141
75
4
7
568
82
212
10
13
212
73
23
140
488
149
47
84
14
20
23
222
213
8
17
10
632
142
9
85
6
492
76
5
6
17
230
22
91
73
7
13
14
73
8
19
15
156
5
17
74
72
157
227
13
16
75
6
19
80
5
569
1
71
19
10
72
75
17
216
21
71
77
17
19
142
5
4
5
21
23
153
3
23
72
216
291
75
12
10
492
71
6
18
224
8
145
79
5
85
85
1
362
116
13
72
18
347
7
1
2
18
224
144
21
1
8
146
5
4
7
363
20
73
79
13
3
86
224
10
144
1
11
7
1
294
4
17
3
160
503
7
47
74
210
22
71
10
17
13
902
142
77
23
18
4
349
3
80
14
11
19
4
79
1
71
144
6
16
148
355
19
153
2
10
1
11
418
215
16
21
12
4
81
4
216
153
16
2
7
7
19
7
226
18
92
20
81
289
4
22
298
47
152
286
2
84
15
156
5
22
1
86
5
81
9
158
14
116
17
158
20
229
11
209
92
80
80
89
2
14
72
160
6
7
8
12
16
11
140
229
1
76
75
89
7
1
2
14
92
15
153
12
91
17
7
6
1
84
1
89
2
91
80
73
145
6
11
88
116
11
5
13
85
11
7
89
71
73
185
10
7
695
157
78
83
4
12
9
21
14
141
431
146
22
4
461
72
575
159
1
564
83
76
1
86
5
19
2
1
4
84
90
13
16
3
1
9
84
21
3
90
487
142
10
82
352
20
2
13
157
76
159
3
18
148
23
12
75
4
218
1322
72
17
278
71
89
145
74
156
216
6
10
21
146
84
161
149
14
355
19
10
89
14
22
8
16
80
79
9
9
3
5
73
83
9
13
21
21
77
3
18
10
2
1
1
12
72
74
83
73
141
23
20
2
21
2
22
6
146
77
18
22
1
161
185
421
18
11
15
71
3
13
5
47
6
84
72
154
212
8
12
156
228
290
153
6
75
150
291
18
12
89
153
77
86
23
10
5
2
6
23
78
8
15
4
152
350
90
9
150
10
5
355
86
78
47
155
23
226
185
147
84
77
47
1
356
144
116
22
488
20
76
10
11
149
5
5
7
141
10
4
149
78
11
18
12
158
6
22
15
79
7
116
23
435
5
47
92
7
10
12
282
3
80
84
159
47
1245
152
1
157
90
9
2
145
18
3
75
153
77
21
11
7
15
8
461
82
82
22
7
144
3
10
16
349
13
392
9
16
9
280
76
13
10
84
149
145
9
1
47
149
75
12
11
9
116
22
73
89
11
3
5
5
146
6
7
78
88
281
157
92
16
12
13
89
73
6
22
77
6
6
17
351
150
13
151
72
153
213
10
4
16
286
364
668
80
16
8
11
12
11
11
141
84
76
18
155
143
14
5
74
12
2
148
4
82
228
1
79
73
2
21
356
78
