127
27
91
172
58
30
62
19
123
44
206
132
76
46
2
25
31
99
30
22
37
303
11
50
6
11
35
57
173
51
58
23
128
108
55
69
139
280
32
104
51
291
54
57
25
122
115
17
73
62
48
183
133
118
13
173
158
158
150
118
333
64
41
230
11
148
205
193
76
21
106
136
10
29
79
23
65
3
124
37
51
180
16
52
29
79
282
65
271
52
134
12
36
8
32
111
183
72
99
10
126
25
166
70
54
107
2
5
18
27
598
174
38
42
54
27
161
59
45
274
66
3
78
15
7
110
222
50
20
116
51
39
73
25
80
82
136
13
309
11
14
117
9
146
448
10
10
187
127
55
96
11
5
72
71
16
11
41
105
6
1
38
10
77
218
92
4
117
67
53
15
2
111
156
100
33
147
57
58
118
95
66
205
19
152
8
41
505
168
4
111
18
89
115
173
357
22
5
116
4
85
28
36
21
3
13
21
127
422
18
1
5
28
38
58
95
34
23
120
16
124
40
148
41
67
66
108
13
93
84
85
24
57
49
245
130
9
361
83
6
211
46
41
118
24
37
98
18
14
55
109
278
201
9
14
43
147
64
34
209
113
27
175
167
111
31
263
71
256
219
45
61
255
145
227
43
78
438
76
87
1
86
45
108
21
67
23
200
71
55
42
74
2
15
87
211
114
45
78
69
27
47
99
31
78
19
57
19
21
24
32
46
30
124
51
4
5
123
319
88
13
55
256
54
3
135
241
93
216
17
33
48
26
14
41
1
254
94
9
60
39
102
125
5
111
212
70
201
6
223
93
176
60
154
182
44
37
15
59
1
125
821
19
115
95
60
80
4
21
58
60
142
11
176
282
54
17
22
136
150
78
63
78
35
33
55
10
38
58
98
15
206
204
126
15
67
106
52
11
7
104
31
109
27
123
12
58
68
7
79
37
27
188
344
150
71
136
187
100
11
7
43
43
12
39
33
10
52
28
155
36
18
30
29
16
18
77
4
8
10
65
20
18
13
147
64
404
8
21
99
98
63
23
49
2
71
105
45
99
51
33
19
6
88
178
7
249
19
23
157
6
154
112
53
222
16
9
23
41
144
101
159
129
200
291
335
50
113
18
137
22
37
38
70
16
7
3
39
347
64
117
5
56
146
56
55
3
70
82
63
190
6
24
205
130
231
58
33
159
40
130
46
49
174
27
58
13
57
16
116
24
45
58
6
94
125
114
63
41
133
69
29
5
145
42
75
70
23
129
17
40
20
259
104
18
161
55
2
248
25
28
70
51
72
79
51
86
218
194
61
122
85
98
118
10
13
30
69
60
106
7
47
55
71
148
105
51
78
30
107
35
6
98
37
315
206
149
36
65
102
51
3
118
17
208
92
1
69
157
254
3
69
104
31
151
92
68
95
120
48
40
110
37
93
59
9
110
125
68
3
131
6
113
59
28
106
22
134
39
150
183
44
347
35
22
45
18
83
1
157
232
69
83
3
15
170
38
12
35
11
80
28
16
137
36
19
48
21
16
11
57
22
55
52
157
248
255
95
38
56
94
14
23
64
133
59
138
97
30
49
94
11
127
31
150
72
92
291
7
141
316
4
57
4
7
43
136
172
223
104
10
12
32
30
115
45
13
28
59
6
141
16
77
160
210
89
45
40
42
12
43
73
105
164
67
83
9
7
144
94
29
141
36
179
1
23
25
9
410
163
30
62
88
33
6
82
19
114
75
452
69
103
82
29
63
117
282
153
25
11
34
18
84
143
156
30
118
82
19
81
39
41
204
18
84
88
78
173
59
42
2
300
152
158
2
82
174
139
174
5
96
43
90
214
234
22
43
6
25
59
3
92
134
46
27
6
26
17
241
20
3
34
55
85
45
246
9
9
44
63
66
11
180
85
114
91
217
2
115
149
2
129
103
132
36
116
209
6
72
8
177
30
24
20
66
155
109
72
70
22
67
67
41
76
17
68
26
36
4
122
166
19
60
57
14
3
72
8
17
43
46
67
23
28
9
158
19
179
23
5
28
5
40
16
24
78
161
81
457
96
93
33
212
7
35
54
66
46
335
122
39
33
24
16
4
107
35
170
6
554
1
44
19
68
262
12
26
101
78
65
243
116
86
38
141
7
144
52
17
228
23
136
18
102
30
48
28
90
260
518
57
47
44
83
99
91
5
104
15
51
138
129
85
29
51
52
126
35
72
65
163
54
25
7
35
56
22
253
23
70
103
64
9
41
6
46
52
280
66
16
48
119
45
25
103
125
170
6
69
114
113
238
94
29
26
99
10
47
7
156
10
155
12
26
67
271
116
86
40
57
19
25
92
23
24
66
24
12
9
98
15
72
91
195
33
72
97
38
31
4
73
317
43
113
7
216
15
92
12
106
99
68
2
4
56
80
2
133
72
192
157
50
180
78
39
201
67
62
28
258
7
28
124
177
134
18
1
116
107
72
47
40
8
66
107
68
115
63
254
68
138
376
25
3
36
2
85
53
47
94
55
127
68
34
94
118
15
15
89
143
10
21
85
76
72
25
128
65
60
46
37
70
38
92
81
23
20
8
37
22
85
25
36
146
68
20
32
49
69
138
272
260
71
48
202
94
16
136
50
2
29
93
8
88
34
48
39
50
42
29
19
102
108
80
162
30
61
234
6
36
24
95
63
109
21
56
60
115
157
28
96
286
6
286
7
122
11
160
25
130
31
2
46
144
9
318
153
110
191
55
62
3
95
64
13
12
44
6
370
123
14
40
9
120
39
38
56
29
160
211
76
544
173
10
30
20
37
35
13
276
58
51
67
45
119
27
69
287
25
77
21
60
202
33
89
19
206
347
10
68
98
4
25
241
15
135
91
7
70
6
116
56
61
82
55
74
3
207
153
126
51
100
183
68
21
162
96
195
83
184
23
57
49
55
93
35
157
31
50
213
144
14
140
52
32
101
13
14
11
12
92
3
100
15
42
163
8
12
306
34
177
15
33
96
305
41
105
13
223
23
107
52
13
37
54
83
48
154
40
86
14
30
120
32
99
13
21
98
12
47
26
7
87
49
25
49
20
20
184
68
27
241
49
44
23
35
32
167
24
10
6
96
62
7
186
295
99
17
41
89
62
17
42
22
1
44
114
81
8
191
268
170
85
55
191
27
27
87
196
13
308
34
491
80
2
85
124
7
180
9
136
11
105
64
4
16
54
322
77
65
395
181
208
11
254
69
38
78
88
201
29
279
36
255
120
84
127
202
58
65
54
33
1
33
9
56
39
11
16
193
88
57
87
11
8
201
104
60
119
67
75
79
215
46
45
78
133
44
87
32
7
98
119
210
102
41
83
3
7
40
40
72
70
30
90
36
17
52
258
26
168
8
2
15
186
192
93
71
14
134
1
146
102
325
93
154
138
33
67
37
69
160
27
93
10
21
132
57
363
128
44
10
116
95
169
325
101
72
8
168
22
65
23
108
352
42
64
13
118
86
191
18
118
12
24
98
38
33
94
28
77
85
34
348
48
89
4
100
139
13
27
7
26
68
174
50
112
102
85
140
35
10
119
38
242
154
112
200
462
225
17
41
9
148
413
105
79
31
37
85
31
86
34
174
76
182
26
36
284
8
39
44
13
46
86
272
71
12
69
85
304
2
15
37
272
38
28
43
195
189
108
181
132
4
309
156
45
33
29
64
43
81
15
42
105
32
8
7
92
164
25
42
2
68
7
24
78
19
111
22
28
64
50
34
143
46
35
188
28
8
31
117
207
183
107
5
139
46
71
17
92
51
17
46
99
60
111
178
308
101
128
10
136
83
43
2
3
86
9
28
21
16
121
11
193
54
41
37
64
19
4
245
44
233
75
106
42
254
14
53
157
65
40
83
114
187
80
133
177
55
41
35
49
227
164
134
101
14
27
89
182
11
74
330
42
41
341
27
2
15
112
56
38
72
27
283
11
76
17
108
14
111
3
284
60
107
253
200
70
4
4
29
62
188
152
36
2
26
15
17
67
1
41
5
142
51
4
71
155
28
55
34
193
79
63
209
181
1
176
612
122
103
113
129
13
8
58
16
133
37
118
115
46
365
24
89
44
7
22
104
6
14
20
235
7
40
107
77
117
3
36
76
41
19
50
12
10
12
99
142
26
133
32
52
48
23
175
26
142
3
11
37
26
137
50
13
41
97
39
98
396
134
41
46
101
30
127
100
5
89
118
15
71
51
76
14
240
72
57
73
25
4
11
200
6
83
54
128
20
15
125
41
13
46
90
17
35
24
92
92
220
59
79
31
96
85
24
86
23
96
42
9
225
66
201
62
41
200
107
42
61
40
7
150
2
32
36
106
5
27
21
56
73
88
132
40
21
149
190
24
122
7
138
433
28
40
253
81
26
80
81
114
97
5
6
4
2
132
28
18
35
86
34
78
62
56
3
56
40
40
33
38
38
49
51
16
305
138
9
107
299
16
73
2
103
20
22
20
31
49
23
137
2
41
118
80
74
13
44
84
9
44
63
30
53
59
26
179
94
2
163
168
218
15
209
82
22
25
24
76
23
47
22
44
48
43
64
57
45
15
16
163
45
150
115
91
88
61
75
2
44
120
211
86
192
80
144
38
9
133
3
9
34
73
40
37
51
34
53
15
14
106
69
114
3
24
18
2
23
49
16
31
2
132
150
83
70
33
10
59
27
298
16
46
2
225
24
154
2
27
35
7
57
60
51
157
54
82
20
72
44
32
7
182
338
38
53
42
231
2
5
107
56
101
122
162
13
33
35
51
2
8
41
44
261
6
36
60
68
14
57
15
35
244
14
169
6
55
29
130
29
37
21
74
48
29
46
43
41
255
138
26
57
14
45
41
28
129
31
1
45
4
240
85
186
113
135
5
9
54
118
59
3
29
126
46
117
105
47
110
74
115
63
223
28
16
86
191
39
140
174
121
46
47
29
49
39
22
106
6
205
133
70
66
39
32
128
16
41
53
38
47
25
3
11
112
164
135
179
198
108
186
246
78
64
11
106
56
23
111
78
200
153
46
9
44
25
39
23
7
31
11
11
32
94
140
174
52
42
58
73
45
72
78
49
97
220
292
126
143
28
219
132
166
104
16
106
183
143
39
23
172
122
95
73
100
20
7
303
36
45
19
103
92
21
75
20
77
26
11
61
133
73
52
147
10
6
32
9
45
155
54
24
24
66
4
161
38
33
38
5
17
194
13
97
233
7
2
9
63
259
73
73
130
34
89
164
35
36
48
25
53
131
11
43
82
74
134
7
139
12
17
46
21
83
61
103
108
21
151
47
125
78
15
26
118
22
42
18
178
118
189
34
51
230
76
219
6
3
63
143
27
51
20
53
4
64
57
18
318
23
21
64
6
1
64
27
31
86
155
19
11
25
147
27
109
48
45
46
25
21
121
67
15
22
162
110
37
40
17
46
9
24
242
53
15
146
69
14
33
46
69
75
160
4
152
67
52
32
284
231
25
114
2
67
197
85
109
95
148
7
319
111
106
27
197
88
31
17
88
18
70
6
4
1
24
47
165
42
37
78
3
46
115
105
172
68
95
28
155
92
40
6
197
35
162
102
19
207
33
78
201
36
59
8
20
80
29
291
170
83
33
230
107
39
23
9
6
30
248
56
32
204
48
43
32
79
18
3
101
1
15
13
7
110
8
27
11
40
33
26
12
137
212
30
106
171
31
72
25
124
10
74
365
67
75
24
126
76
47
19
36
59
119
4
261
24
38
13
60
96
57
490
27
53
49
84
99
203
47
79
120
164
86
189
88
44
146
31
28
103
221
80
53
156
3
80
128
56
58
14
7
24
165
13
16
3
9
151
50
1
5
408
48
15
56
104
66
6
112
10
78
10
31
33
35
38
12
10
6
41
29
102
86
25
159
158
4
124
163
16
146
13
387
114
202
181
20
2
31
99
127
21
81
167
27
44
31
139
108
36
114
123
37
140
55
206
152
466
12
35
2
9
72
9
156
79
79
45
274
130
25
102
75
65
73
33
61
73
75
15
32
33
9
168
39
14
15
114
100
52
22
42
127
164
177
82
7
12
265
42
25
25
66
2
17
126
68
20
90
23
2
181
70
23
37
141
57
130
81
146
283
283
117
118
79
25
27
122
55
11
5
47
72
54
51
57
31
14
115
20
36
35
33
28
353
36
158
38
25
216
19
69
4
43
393
7
229
40
51
70
59
247
163
7
152
22
235
16
137
240
27
7
13
101
41
159
10
165
140
54
235
44
76
61
52
13
33
104
9
46
60
11
279
13
17
62
24
41
74
45
27
16
57
103
2
46
151
42
53
23
206
162
71
117
139
70
60
8
8
80
73
60
349
62
7
48
104
8
119
59
71
88
59
139
9
73
88
19
16
144
150
33
15
9
123
58
287
80
226
182
132
132
23
74
14
7
34
190
50
37
153
27
91
49
5
27
54
111
47
205
222
149
135
45
18
62
88
5
19
55
66
35
9
114
3
111
244
270
151
115
25
3
222
28
192
73
85
33
54
260
73
264
104
25
31
111
2
32
217
164
58
18
201
29
188
143
31
154
32
14
67
203
131
5
137
211
44
137
15
150
207
13
55
17
276
29
465
155
128
29
2
52
101
150
161
199
52
87
70
84
83
27
16
211
59
46
24
52
69
184
131
21
14
28
19
19
79
82
98
48
68
114
6
217
172
6
81
440
70
2
21
27
20
91
7
25
110
99
115
25
158
145
120
57
10
139
87
51
92
76
57
243
255
56
25
38
23
54
139
136
70
29
308
83
64
91
86
23
278
93
78
2
35
66
15
13
111
12
131
99
204
29
18
10
111
221
163
48
87
211
121
126
80
14
28
68
2
177
21
6
11
96
8
12
58
40
28
280
84
21
77
84
109
127
279
17
109
33
104
103
4
46
4
79
48
10
187
73
42
133
16
65
22
7
72
110
118
63
59
11
168
11
14
41
75
36
34
42
156
38
125
4
96
84
4
631
97
32
20
1
57
106
69
25
209
20
388
39
51
36
52
41
131
61
26
160
292
72
9
47
54
89
33
300
35
115
32
143
48
66
45
41
64
2
18
237
53
23
102
6
11
11
22
65
113
52
75
21
38
36
54
33
15
49
27
211
24
264
6
249
56
36
3
155
29
220
157
133
27
9
33
20
90
57
62
57
119
61
66
36
52
127
359
26
30
132
127
3
116
33
73
88
222
123
73
91
327
92
106
2
179
385
38
62
215
40
122
49
99
66
6
110
14
120
13
49
40
1
54
52
154
160
27
145
90
57
30
125
16
332
7
174
258
34
188
57
143
156
26
55
65
508
46
112
3
97
37
99
15
48
4
22
20
51
167
213
18
15
63
17
672
23
6
15
79
76
62
86
103
170
20
1
233
9
89
22
4
78
219
174
72
16
194
63
43
192
137
76
2
20
62
51
138
18
15
56
31
287
2
51
60
101
10
17
103
457
38
15
57
51
50
99
84
289
13
116
42
1
37
112
154
39
25
2
75
14
68
64
61
18
98
25
38
77
141
35
127
173
10
116
13
176
19
68
115
14
168
260
277
205
38
197
22
111
196
15
78
20
146
155
7
36
4
3
189
231
4
108
44
56
189
139
4
44
180
72
100
36
48
4
21
26
129
166
23
99
72
97
25
44
73
32
10
38
216
217
51
52
69
144
10
35
191
162
12
13
69
86
69
84
102
94
31
25
15
19
133
201
72
74
191
53
5
41
227
27
52
9
6
198
108
39
23
8
83
58
167
302
16
122
21
88
106
146
93
20
44
2
302
51
244
92
14
136
4
6
51
15
4
65
268
157
63
116
10
18
21
45
277
50
38
40
29
23
104
54
122
54
81
1
52
37
20
127
26
190
1
58
14
9
49
1
38
182
5
97
40
75
97
90
27
51
76
142
21
81
136
164
113
8
31
26
52
25
12
29
16
67
269
95
20
16
72
34
43
70
7
3
93
22
103
71
91
63
237
3
36
7
93
1
188
14
1
63
70
12
31
69
14
3
169
37
3
19
24
71
90
1
9
23
97
82
195
8
23
71
5
83
166
60
11
19
2
118
1
18
6
4
12
99
44
22
146
2
115
94
34
12
53
133
133
128
120
48
11
144
51
72
57
120
65
112
50
2
68
32
139
361
36
45
181
51
10
34
44
111
112
106
53
106
2
49
37
57
92
75
272
61
12
133
106
8
54
9
38
80
27
30
38
50
54
121
8
19
93
113
99
75
24
22
45
123
74
189
8
10
3
107
37
148
83
10
28
48
31
4
353
105
80
157
137
50
48
42
42
130
22
70
79
121
19
41
10
33
99
191
65
83
29
10
62
81
17
16
10
13
90
25
136
9
124
32
93
8
175
9
64
21
221
182
73
139
77
12
72
8
15
152
16
15
6
422
103
18
122
136
139
51
37
114
3
38
34
60
151
34
79
83
7
70
34
14
87
8
3
187
43
29
135
63
61
137
27
134
70
182
106
1
143
130
85
3
81
13
11
99
105
57
47
31
71
15
41
23
74
120
135
189
248
33
224
165
31
7
66
39
174
80
153
278
333
83
190
153
7
7
60
27
225
109
5
207
44
35
8
114
6
25
97
63
37
41
133
97
29
4
94
28
68
37
5
84
81
85
207
21
266
54
41
37
51
63
100
5
68
15
281
93
177
15
66
89
40
29
23
19
135
84
64
99
62
20
49
10
15
13
24
65
137
43
77
106
53
73
121
26
218
37
22
9
15
10
19
160
108
21
45
69
16
118
119
104
222
148
25
33
53
133
9
11
7
55
58
178
42
162
34
8
42
43
66
108
40
1
33
72
172
233
31
107
8
2
159
4
17
33
45
32
219
22
246
160
94
86
16
162
46
223
162
202
38
58
140
119
10
133
15
67
67
178
52
54
152
62
196
248
2
112
152
100
58
133
159
47
251
145
33
30
264
91
56
38
39
76
102
14
29
235
42
58
25
58
414
61
6
80
4
4
14
24
58
200
103
212
18
208
10
45
83
19
30
62
6
74
29
8
4
43
11
56
27
15
107
40
124
26
165
66
48
46
15
97
108
5
47
23
75
121
65
56
278
165
51
127
297
34
19
104
43
100
22
177
36
42
27
23
79
466
62
174
37
91
46
248
115
69
81
57
3
50
39
4
89
125
74
87
11
2
142
14
39
24
146
157
65
81
93
308
129
35
150
37
13
104
169
187
250
16
19
149
1
21
189
43
182
78
295
47
92
17
11
50
68
18
20
125
126
140
34
10
47
194
466
65
1
58
24
162
88
61
60
109
9
15
77
88
108
335
9
11
51
33
95
270
42
39
163
103
91
29
60
93
64
38
58
76
33
200
114
249
90
25
159
302
13
48
146
7
6
40
19
43
43
20
81
6
25
194
54
225
20
2
92
226
26
39
91
46
73
77
137
44
21
249
180
18
68
12
58
386
16
89
15
88
7
70
21
114
153
8
47
45
133
48
28
113
130
23
57
131
11
38
10
233
7
84
145
77
15
119
65
17
30
107
9
12
68
2
36
12
35
136
96
10
66
14
181
63
82
68
104
43
64
32
57
20
15
23
68
88
151
14
28
13
94
54
257
67
143
91
116
5
157
45
20
42
104
96
40
80
151
130
252
22
35
138
6
97
71
25
22
110
11
232
13
91
60
43
67
6
69
32
15
84
59
121
75
151
61
7
166
102
116
121
125
97
97
15
71
13
119
116
24
16
42
56
95
45
7
68
108
21
57
43
35
31
63
25
2
2
22
162
18
19
2
87
78
86
106
20
248
6
146
25
291
65
36
105
20
72
176
41
63
43
121
22
283
3
121
46
332
101
3
9
21
53
91
38
1
259
239
71
32
2
141
224
7
74
11
45
34
142
59
84
31
18
14
121
19
373
154
53
23
43
34
13
35
215
133
22
22
66
59
24
118
1
27
32
55
151
43
302
7
98
105
76
7
25
52
106
114
206
140
58
177
76
7
98
62
20
61
129
53
81
33
46
20
123
30
21
162
166
9
24
168
168
91
12
59
15
43
124
22
54
1
11
73
2
151
191
16
49
167
173
27
8
21
88
153
47
1
64
141
201
42
103
49
169
136
134
84
93
15
17
57
232
18
50
92
17
57
103
84
61
374
104
354
26
37
179
16
192
25
70
51
1
57
74
22
280
12
113
5
11
51
19
101
4
90
14
15
34
18
67
150
58
71
100
169
4
37
6
48
109
67
100
142
7
16
20
118
36
104
47
12
214
109
95
42
364
195
29
77
7
65
95
16
101
168
6
300
92
59
135
50
225
24
35
86
18
238
264
25
52
23
7
167
51
56
57
71
50
11
182
2
48
56
12
115
147
19
14
87
18
114
31
2
19
87
234
38
96
26
25
20
45
139
1
66
184
17
66
136
67
42
19
93
275
18
78
92
148
61
5
91
6
128
64
147
81
92
23
112
161
109
114
5
9
16
101
49
2
45
51
8
129
19
30
128
126
107
41
35
234
19
112
2
45
59
28
11
4
30
31
173
436
44
24
179
57
86
19
21
94
35
36
95
109
9
165
225
17
135
272
6
334
61
51
32
115
64
32
1
149
20
25
16
53
36
2
53
22
29
13
5
111
27
49
160
38
48
195
31
34
28
143
25
191
21
99
203
105
86
123
64
104
76
45
9
58
179
11
121
25
52
379
251
113
226
20
12
61
72
17
18
158
67
65
40
27
122
144
8
72
5
34
10
19
49
22
57
57
67
104
140
43
196
64
9
14
102
206
23
98
323
30
105
24
19
7
141
128
137
79
3
60
213
51
36
25
18
16
64
38
58
51
55
59
7
47
26
33
190
15
112
94
260
50
23
101
179
49
591
13
152
278
84
97
47
342
230
106
68
22
103
149
78
299
40
139
225
137
121
183
317
208
62
125
204
55
11
89
52
298
52
56
39
74
18
128
148
61
91
19
45
58
59
141
116
304
14
183
237
300
9
19
109
48
27
20
29
122
2
33
8
67
92
112
9
64
90
23
48
58
16
59
17
55
330
84
31
11
108
48
51
35
37
14
57
169
9
81
164
52
9
9
138
5
20
32
54
60
37
184
235
28
27
48
270
36
56
130
10
68
210
11
409
23
84
45
30
133
22
56
251
94
88
66
2
79
46
1
171
69
16
34
21
29
14
15
129
38
135
3
3
29
30
5
81
49
271
56
34
138
12
194
159
9
61
29
126
102
230
54
191
110
179
129
196
69
79
31
149
4
14
28
297
42
32
99
28
7
44
118
77
94
61
310
13
75
50
50
39
60
17
226
5
87
141
52
87
178
180
3
104
240
2
7
161
10
28
28
27
217
118
88
95
28
38
16
23
167
122
170
44
20
14
46
59
144
29
12
504
21
191
52
50
1
169
3
107
16
7
82
6
3
97
30
55
3
13
7
264
52
69
88
18
49
11
8
146
17
131
150
16
137
57
169
44
54
192
177
81
25
220
32
108
221
61
88
43
218
112
271
17
276
41
32
58
2
74
130
72
30
146
26
30
288
34
22
83
179
4
8
54
57
4
58
65
51
13
73
6
4
119
29
77
109
26
57
6
3
18
15
136
104
74
386
6
11
143
43
15
20
22
84
149
243
206
38
11
78
120
6
49
105
64
219
14
16
56
18
159
24
19
53
150
120
26
69
90
11
136
14
2
7
242
6
22
15
4
214
154
33
243
216
76
13
6
3
155
44
54
32
54
144
128
66
136
125
2
29
1
73
107
13
51
68
24
18
42
43
6
14
74
29
24
368
95
56
80
201
40
57
157
131
165
29
37
1
71
19
58
25
47
144
10
33
55
137
39
44
74
25
109
49
149
106
83
86
306
68
110
48
58
213
515
20
3
118
167
175
4
43
145
55
186
480
140
193
30
33
127
99
67
51
202
28
18
171
199
15
3
62
185
519
351
2
40
36
161
37
74
389
46
116
56
65
284
93
24
126
29
32
77
101
14
47
75
85
43
87
4
41
23
164
34
107
64
30
94
59
10
128
40
66
45
71
35
85
71
331
177
168
28
95
183
38
47
108
28
59
23
233
24
86
59
11
42
47
3
89
18
142
56
28
28
87
82
56
112
6
30
115
5
125
16
76
105
37
138
149
23
99
37
23
46
1
175
141
88
63
53
24
98
279
34
416
31
98
12
114
59
9
49
68
42
264
63
12
128
46
19
25
25
3
188
53
48
51
5
35
18
20
208
78
60
65
75
115
58
45
155
113
234
38
5
49
9
59
120
197
4
15
52
274
90
44
248
73
150
22
36
32
75
6
11
185
116
3
40
97
107
35
13
20
71
152
85
45
125
224
156
175
82
13
230
98
86
194
72
39
42
103
22
98
103
14
78
174
13
268
71
137
98
114
136
78
7
73
82
155
27
397
24
57
64
10
22
12
140
13
100
19
43
19
48
22
65
140
9
91
233
124
6
59
40
99
61
10
88
16
20
6
57
36
26
15
4
119
62
109
72
68
74
131
49
16
88
90
180
73
29
61
14
11
38
39
48
53
38
144
5
125
111
38
20
39
32
126
358
100
38
90
9
143
3
83
158
257
11
78
7
140
21
30
21
71
62
77
9
78
83
12
3
584
83
41
10
19
217
6
41
246
413
80
243
65
50
3
7
55
79
104
69
254
148
62
57
40
5
45
104
6
8
41
48
235
180
143
142
10
232
7
152
46
73
43
27
38
67
20
108
86
42
48
727
27
281
82
96
19
48
79
14
327
206
49
92
1
4
250
43
71
88
193
152
34
57
44
104
51
152
17
17
34
13
101
126
4
215
5
74
5
72
144
122
6
3
72
22
69
107
66
50
327
22
20
106
103
356
59
270
154
30
24
265
51
8
36
59
31
113
198
216
54
195
54
84
145
45
348
3
13
74
93
44
115
105
13
24
4
192
64
38
78
42
27
40
136
152
51
15
204
95
52
219
71
24
77
32
21
23
13
20
20
16
103
59
49
5
139
38
23
56
29
64
104
272
116
312
72
24
92
36
9
50
118
47
115
54
111
86
11
118
94
160
13
2
117
6
12
132
69
74
31
50
6
34
186
440
23
103
103
24
31
12
63
108
45
113
110
34
43
7
69
121
118
72
58
184
31
13
12
42
91
52
36
53
63
403
4
89
11
24
25
4
28
7
89
7
120
93
40
28
78
26
170
44
9
54
171
7
78
35
37
21
57
197
20
40
27
124
217
12
23
158
70
15
46
50
13
2
58
13
58
43
11
53
31
31
194
14
47
5
58
4
39
29
19
95
119
79
12
120
26
44
13
126
3
81
20
162
22
161
41
32
93
12
93
14
9
3
7
21
149
177
42
78
10
173
107
7
5
31
431
45
4
3
194
186
46
32
82
5
117
447
152
130
82
53
22
100
23
103
49
161
63
56
92
92
11
32
26
48
58
267
19
18
19
112
23
61
103
176
122
84
97
2
19
25
75
116
12
261
12
38
94
145
83
11
19
17
41
57
204
53
13
44
65
31
12
75
40
61
218
74
412
104
265
27
25
229
64
172
178
22
172
35
6
24
46
41
54
4
9
79
92
24
210
8
171
9
35
41
80
90
97
26
199
52
117
61
60
48
108
231
158
90
56
142
67
32
185
28
219
86
61
10
4
8
43
57
15
60
19
10
30
41
4
16
17
47
54
112
27
185
6
34
5
53
92
135
5
85
70
52
64
9
28
10
32
215
79
151
202
37
12
269
25
6
144
45
59
104
210
220
195
107
312
8
167
129
177
64
37
36
12
19
50
5
8
25
29
66
32
232
68
7
39
5
30
127
57
1
107
11
307
41
155
123
29
94
109
9
48
32
51
32
72
25
172
57
256
29
257
76
9
96
10
99
1
6
1
36
218
28
99
16
72
113
67
122
184
33
69
18
55
74
86
65
6
65
165
29
34
8
58
171
46
59
259
134
52
38
48
200
7
3
8
160
52
11
51
150
52
161
171
102
6
30
82
92
102
6
145
54
23
39
80
11
35
112
6
149
37
374
72
19
35
120
29
19
13
63
79
3
46
28
79
65
20
4
62
52
30
180
22
80
1
169
39
48
24
97
91
26
27
172
191
88
311
235
50
128
25
4
1
3
73
17
74
10
32
147
14
488
182
68
28
38
12
49
134
8
19
32
153
56
69
28
31
53
257
46
193
301
11
5
100
283
5
171
14
71
33
32
41
191
9
74
14
92
30
456
257
187
40
128
138
40
84
31
48
78
11
16
233
15
19
60
159
12
53
74
25
94
405
96
106
52
69
154
45
73
21
5
1
35
67
83
231
34
6
46
87
152
135
325
29
1
172
205
91
119
228
35
59
111
201
1
9
53
13
38
53
29
161
14
12
19
61
84
153
189
147
19
142
31
162
37
74
178
9
83
7
122
70
5
17
57
387
125
63
108
88
88
129
50
109
53
46
13
39
16
8
60
207
50
27
140
39
131
230
54
171
17
38
273
10
28
422
27
10
41
61
145
9
8
1
119
141
4
28
77
32
8
35
35
39
89
21
166
1
6
227
3
88
111
3
48
42
107
46
88
13
85
174
67
2
20
2
44
66
133
30
191
181
23
30
14
92
146
4
39
20
1
113
9
162
156
14
27
64
19
129
3
101
119
77
64
63
2
6
98
147
137
61
152
81
190
8
189
40
62
84
1
35
8
30
102
155
53
146
188
361
70
2
78
12
190
87
49
1
70
112
29
8
7
42
20
24
53
34
23
25
78
58
61
43
54
163
111
32
17
39
26
2
47
3
40
326
56
79
10
50
77
56
14
18
1
124
11
101
19
58
97
111
38
12
18
16
143
119
66
83
232
27
171
52
27
30
3
109
58
28
3
109
39
104
97
48
73
106
151
46
134
282
72
167
6
157
4
163
152
45
26
8
39
10
43
3
108
144
21
364
94
37
145
14
59
74
82
38
51
43
88
248
92
21
176
49
8
21
81
50
73
122
66
18
176
92
14
66
42
297
246
17
241
26
52
16
15
92
388
7
17
25
25
118
64
60
28
109
30
63
42
43
40
84
44
35
4
25
96
129
49
15
53
15
45
198
173
151
107
71
101
69
23
19
31
104
112
122
48
122
2
13
81
66
98
29
112
218
116
49
76
139
106
41
58
161
106
132
30
76
12
322
113
399
24
33
49
58
43
116
38
307
75
165
160
36
71
103
26
31
16
38
172
109
111
64
3
36
87
109
242
146
1
43
51
170
170
63
26
162
107
123
105
123
36
14
4
101
85
43
86
157
2
66
128
7
111
41
267
103
68
151
189
115
244
248
18
225
77
6
41
102
36
189
182
11
211
59
113
164
11
20
3
8
33
29
11
78
98
4
34
174
4
93
56
2
119
105
23
16
45
53
33
115
34
69
51
58
33
18
71
3
66
82
108
78
190
132
193
10
51
147
14
7
60
4
185
26
5
235
50
56
87
222
2
35
355
162
9
16
17
185
52
15
76
185
18
50
183
377
200
13
3
66
112
37
18
271
59
73
48
67
73
57
5
94
113
37
118
77
9
31
12
12
18
18
146
14
287
125
23
56
125
3
100
18
239
32
202
75
7
16
203
48
18
86
61
16
146
9
66
97
128
4
156
29
127
20
76
82
48
12
18
1
97
10
101
37
17
63
170
53
3
55
25
146
18
24
64
114
70
178
55
83
54
95
112
24
32
29
134
93
6
23
3
69
75
161
174
378
2
119
44
134
134
90
50
119
192
5
34
14
60
35
45
27
92
33
20
43
72
280
100
10
158
23
77
119
4
143
84
4
144
7
44
77
40
89
23
1
149
15
25
99
70
80
64
162
58
256
24
3
18
34
103
19
117
9
36
90
157
92
53
124
38
75
95
176
14
60
60
39
23
19
95
101
12
99
59
212
7
55
45
174
29
150
1
14
295
27
47
302
260
54
19
66
7
29
4
271
62
40
77
195
57
23
41
72
6
49
113
27
36
17
101
76
12
29
1
182
163
145
3
38
58
8
6
13
159
188
32
478
89
28
23
26
48
18
9
11
71
58
121
87
94
20
20
15
32
83
28
55
11
253
117
71
68
87
8
87
166
91
49
107
187
165
7
155
183
87
60
39
108
164
24
102
19
6
198
34
124
7
113
26
10
50
13
220
37
38
526
103
14
65
52
66
23
29
136
2
30
154
7
10
3
145
124
12
242
6
41
34
76
41
7
29
20
134
58
200
76
44
239
48
32
217
39
72
66
11
11
74
97
16
136
49
56
68
53
241
42
29
136
28
11
116
49
146
43
14
30
95
80
39
11
123
151
25
204
180
78
67
60
7
32
79
7
25
53
17
180
29
238
1
3
24
133
19
55
85
6
71
4
36
49
79
168
12
23
9
26
11
31
17
219
84
101
104
175
67
4
83
25
102
40
91
86
261
63
359
82
2
27
133
21
109
10
10
43
138
135
34
123
48
30
57
18
45
87
121
56
16
170
22
37
107
48
73
22
27
16
151
50
149
44
7
8
123
32
12
102
59
55
127
87
230
127
105
42
4
91
138
45
77
20
91
24
150
136
18
89
9
248
30
202
87
10
1
43
201
101
5
11
66
13
1
25
65
18
52
5
123
153
158
352
1
5
32
49
21
43
1
26
25
36
293
135
86
28
29
30
73
189
62
18
56
90
6
48
68
81
42
74
47
15
60
186
12
91
12
10
54
70
31
189
34
88
79
49
96
19
46
13
43
113
142
19
78
201
23
112
42
16
162
281
16
124
87
186
372
24
104
25
161
82
164
1
56
18
86
66
141
209
21
97
138
27
11
92
24
124
94
35
41
11
57
113
13
56
9
148
55
101
13
41
53
41
1
45
62
14
41
155
131
13
27
57
60
88
345
2
73
12
57
9
118
67
68
52
65
32
1
85
143
21
18
94
113
69
59
18
24
78
107
23
167
7
38
3
71
101
262
41
12
16
8
36
40
80
61
7
11
53
31
204
234
67
210
8
77
167
432
23
20
76
252
20
95
99
214
44
21
24
344
26
33
29
6
59
18
29
92
20
31
131
101
13
94
29
146
180
32
17
2
1
81
41
17
95
51
135
27
39
22
38
169
85
7
172
93
17
26
189
46
4
108
75
98
55
46
52
35
6
112
104
120
7
40
131
47
10
10
31
196
92
41
38
88
8
41
144
20
41
74
45
249
88
67
31
96
35
46
138
13
98
46
16
133
399
61
9
67
47
54
164
74
118
266
76
41
24
29
1
86
59
44
61
89
16
91
26
18
91
17
43
22
35
31
73
6
81
15
26
115
10
65
201
27
207
147
179
303
76
184
4
153
108
151
28
58
49
40
93
21
8
11
18
34
39
85
91
5
97
286
18
166
7
165
12
37
72
59
789
43
48
47
176
156
29
38
23
22
51
89
84
127
97
14
19
42
265
54
117
41
21
18
87
72
197
149
129
1
110
70
129
63
67
122
10
126
145
7
8
47
204
102
59
126
2
284
104
48
39
21
80
51
25
4
3
141
60
61
206
147
187
11
151
37
93
45
50
10
44
13
137
92
227
139
17
111
30
133
196
212
15
13
56
84
151
23
119
86
121
47
9
119
108
535
61
127
8
21
7
72
52
148
48
167
85
2
45
52
88
3
84
183
17
137
128
2
235
9
26
32
84
38
270
57
27
77
130
64
24
35
28
1
98
136
104
30
192
11
60
66
9
69
184
102
25
13
51
225
46
28
5
23
86
89
59
49
75
6
44
215
161
38
78
19
10
23
4
23
305
33
93
9
33
159
70
222
74
23
52
61
178
76
35
25
10
191
150
38
37
80
16
3
98
6
280
61
69
19
6
92
96
163
381
12
109
12
1
138
178
211
4
116
45
184
13
64
8
130
273
35
51
77
15
102
11
7
218
173
54
76
55
18
20
72
130
19
17
26
41
9
170
113
281
24
199
134
62
57
28
197
31
23
40
22
44
2
60
14
94
34
55
70
60
140
11
29
33
198
2
223
28
201
114
73
169
2
239
309
74
78
27
27
32
92
107
20
76
97
130
77
94
31
12
59
104
137
43
7
43
36
154
35
71
3
3
132
200
10
191
14
58
104
117
64
58
69
72
6
25
58
17
41
117
59
10
50
37
2
8
9
46
35
108
95
306
61
291
33
51
25
26
1
47
30
98
20
10
30
71
1
4
53
80
130
135
34
135
83
65
219
97
69
47
193
85
136
301
56
21
2
93
49
48
637
81
106
20
9
140
11
52
4
19
44
168
25
147
341
100
13
27
189
64
93
87
8
211
69
70
71
89
436
9
5
9
3
33
115
86
9
56
16
253
72
101
41
9
52
16
16
27
116
4
72
142
136
99
38
79
20
31
65
203
14
138
20
29
94
3
9
35
18
67
72
1
5
127
11
80
6
53
49
147
221
23
11
1
123
23
216
4
75
143
253
62
71
51
394
316
2
110
58
43
15
165
3
257
174
47
234
57
2
96
69
54
104
130
88
25
21
129
169
69
50
2
162
116
33
64
35
245
141
44
11
55
163
95
20
24
50
389
72
188
17
135
60
60
48
78
69
6
54
120
61
85
17
18
4
18
261
63
333
15
3
53
4
36
10
37
21
10
8
157
104
101
16
1
6
28
18
29
20
27
16
21
216
365
57
1
3
42
135
34
33
121
268
21
13
76
56
185
58
86
8
24
53
72
80
67
108
4
47
55
58
90
84
79
173
47
9
14
3
107
152
38
83
125
310
168
144
5
25
323
147
174
23
115
118
88
18
41
10
30
301
26
61
26
16
20
169
4
59
71
116
408
3
67
6
107
169
57
24
19
37
16
80
224
209
90
155
7
207
298
21
71
4
8
41
22
58
212
122
112
61
15
36
34
51
127
14
27
56
162
34
48
3
101
174
57
35
13
80
73
9
18
46
8
108
59
330
34
39
78
57
6
49
72
102
1
169
7
152
54
78
137
13
81
84
3
124
109
66
32
74
3
24
21
44
210
81
17
146
73
49
79
24
48
36
43
131
5
138
199
29
10
87
47
23
54
39
32
137
111
43
92
56
71
108
69
158
23
2
95
23
73
44
187
159
95
2
75
34
34
15
218
125
7
31
23
10
3
147
102
149
8
3
226
2
121
6
15
101
92
128
106
22
32
50
49
6
125
11
20
61
82
74
12
21
10
239
204
107
16
9
85
42
41
8
351
140
26
254
91
337
14
10
4
310
124
140
36
13
64
54
108
15
90
90
55
205
91
121
34
106
95
73
9
72
5
87
72
39
158
25
84
85
6
5
28
150
112
25
1
52
11
11
53
2
281
23
164
91
52
69
175
19
23
27
1
74
34
194
100
62
59
48
10
41
68
77
71
90
103
26
4
46
41
24
114
60
41
108
64
158
16
50
227
169
162
36
146
18
137
28
117
32
177
2
215
16
51
169
117
261
139
29
70
14
80
4
26
108
21
26
171
126
108
56
64
38
58
33
12
36
26
2
31
156
16
7
171
307
75
125
82
56
19
198
208
65
3
30
5
391
37
27
14
128
12
65
142
54
39
14
47
95
94
42
46
67
29
17
25
144
10
26
2
63
75
49
11
47
206
58
14
31
573
48
60
37
63
29
31
202
37
174
44
43
105
347
350
79
43
297
37
191
14
75
27
46
82
66
40
132
99
565
14
216
54
44
4
74
139
318
155
47
110
20
9
2
79
88
7
4
181
89
11
62
6
186
278
133
7
1
36
24
103
11
50
78
69
27
20
55
138
211
253
12
20
36
275
7
70
16
93
133
91
133
55
108
72
51
1
249
222
51
20
83
109
12
46
26
63
25
23
26
39
151
75
122
2
2
25
112
92
122
63
22
95
37
23
6
232
169
9
13
24
18
37
481
6
22
2
5
48
147
159
74
2
72
79
22
25
58
14
7
1
21
78
78
320
44
9
201
50
11
107
113
221
6
55
4
115
34
131
49
86
56
67
13
57
46
33
86
3
86
131
19
115
25
138
63
32
35
31
14
1
116
19
121
1
15
134
113
28
9
112
217
72
88
99
59
3
31
22
236
80
29
299
189
40
286
145
192
46
87
75
110
198
50
108
8
56
10
91
79
4
85
159
51
88
4
105
92
327
12
6
94
32
41
102
6
127
25
98
122
128
19
42
108
16
13
23
18
49
96
44
11
153
58
12
15
25
35
24
107
195
49
57
97
55
188
32
63
24
14
59
146
15
89
72
241
98
3
178
137
65
7
10
260
179
12
93
16
19
7
159
10
175
230
33
122
12
15
91
7
113
177
42
357
14
73
83
28
37
85
86
232
117
46
81
14
15
2
42
38
11
133
1
16
163
7
20
5
135
13
7
63
1
74
21
235
63
140
105
255
20
100
193
108
208
4
88
86
49
354
85
1
105
9
232
38
47
104
19
24
72
79
64
63
9
161
56
66
15
51
75
86
30
169
45
181
37
142
127
31
62
113
79
3
65
11
64
84
164
12
111
222
4
7
47
1
15
5
83
146
30
16
47
8
69
124
72
184
24
28
10
27
19
38
122
25
78
547
42
157
126
184
118
12
41
1
29
20
110
13
114
38
5
328
8
246
118
114
26
5
33
14
98
203
104
103
36
51
107
46
61
143
41
18
37
158
10
75
127
72
56
166
34
55
44
59
1
27
14
75
22
392
64
192
43
313
1
90
17
78
11
35
216
2
75
209
392
62
64
177
76
4
9
28
156
107
35
63
391
127
69
3
75
9
72
43
32
7
58
23
34
106
157
37
11
144
26
59
38
27
94
63
14
8
11
106
153
44
77
11
61
36
33
34
36
15
49
144
90
34
62
143
111
19
40
272
8
8
19
148
199
57
1
152
20
33
131
125
121
110
38
25
25
27
15
30
117
18
40
22
108
10
8
116
54
68
166
8
2
15
13
13
61
261
41
168
91
266
9
32
134
121
81
28
14
38
90
69
28
51
7
174
112
4
42
250
8
28
4
41
40
41
58
83
54
38
50
38
10
39
218
47
7
14
55
34
9
327
299
93
68
52
25
1
190
3
55
15
10
5
40
150
40
149
27
104
127
1
334
134
72
20
51
82
25
31
16
25
242
182
263
40
55
326
22
50
52
165
36
81
194
52
10
83
107
139
25
47
214
108
71
161
280
57
12
125
14
4
129
15
5
141
152
155
101
150
14
2
16
152
12
6
224
57
4
274
233
67
187
210
2
50
209
40
250
67
122
30
8
14
27
45
12
60
413
24
79
24
41
1
22
212
18
6
22
125
33
160
118
17
153
10
4
115
25
100
200
7
32
130
104
132
9
117
42
26
11
144
83
68
142
74
44
43
49
74
100
173
10
74
195
7
62
43
174
138
80
48
8
22
78
27
35
14
12
33
50
6
7
83
139
85
5
204
43
19
309
48
31
50
4
12
63
299
89
120
172
12
6
67
8
203
94
31
12
124
42
115
165
2
42
38
66
105
29
91
68
26
57
146
78
28
68
21
26
76
41
10
161
89
25
13
64
72
58
9
2
87
153
60
1
154
32
45
273
41
255
61
204
77
92
97
78
86
20
277
48
26
2
37
6
95
26
48
217
10
115
45
26
24
28
4
103
7
14
300
137
81
12
38
182
73
59
98
120
50
96
105
138
11
299
7
116
22
2
233
121
103
105
18
10
7
99
89
159
208
47
35
209
53
122
39
205
117
72
1
7
210
383
66
41
12
61
21
66
54
17
12
23
15
8
117
13
67
57
189
117
97
28
114
64
115
113
16
40
20
17
74
59
63
137
14
331
101
17
10
12
218
137
54
24
58
13
18
23
97
15
54
12
14
111
214
1
40
264
18
156
140
51
47
64
78
212
17
55
4
13
28
75
63
82
15
6
55
58
148
141
3
50
242
23
28
306
101
42
1
22
70
16
16
27
67
65
98
196
3
135
76
81
32
94
19
176
150
56
239
38
6
13
88
114
300
65
62
167
15
240
127
17
109
15
210
36
85
5
4
90
61
114
21
8
4
181
98
98
38
5
55
20
25
82
54
27
76
148
17
6
20
109
351
70
3
64
3
6
24
222
89
75
178
36
27
119
42
42
21
12
3
48
133
54
121
25
120
34
25
29
133
199
54
17
116
10
44
5
7
27
248
82
67
1
111
76
90
60
69
21
61
5
6
91
13
32
59
50
85
23
63
13
121
175
99
42
58
8
46
11
46
186
21
32
72
39
16
20
39
104
253
100
70
79
17
16
44
113
43
61
15
8
3
90
58
16
23
59
126
21
247
47
146
75
252
60
82
57
3
26
46
29
267
24
52
277
21
31
121
7
7
89
166
2
11
199
88
8
34
22
41
199
6
47
2
118
14
49
83
56
108
128
105
7
128
72
16
26
4
17
3
35
151
7
26
32
108
3
99
52
30
47
51
9
83
110
90
24
53
28
277
259
87
126
142
354
37
9
106
11
170
140
18
64
40
116
66
26
23
130
117
25
82
8
241
57
250
37
118
12
108
135
79
64
11
30
184
171
2
21
28
140
59
47
43
143
137
109
19
28
19
114
123
7
97
76
27
33
34
51
135
16
86
222
1
102
18
94
15
1
93
110
48
2
77
15
43
22
4
64
34
31
24
230
81
50
5
113
58
61
6
177
33
62
21
24
33
23
114
65
3
44
136
111
89
49
58
12
18
56
16
93
159
244
121
12
