670
396
696
265
838
1715
1105
41
485
1777
32
640
1105
2415
384
2231
983
1372
2324
1559
134
464
1066
5691
3872
96
274
338
375
179
1306
855
597
210
489
785
311
4884
1827
3576
733
596
1244
292
686
805
72
949
525
831
2
140
1119
500
247
471
540
1841
813
1564
102
590
1165
820
354
571
119
753
1876
928
710
3
124
344
3556
185
472
1353
630
1135
1148
2179
965
424
224
3443
3557
6738
2500
607
775
4674
2530
334
2220
433
1051
1218
576
292
1811
508
490
806
54
29
1316
1033
790
1184
34
966
808
731
836
1774
1056
896
29
480
40
1580
1035
689
117
605
324
1844
376
151
862
2447
556
2390
485
3073
67
831
178
472
758
947
1276
862
3002
4990
1051
80
3499
2564
87
26
474
1596
303
1102
1207
568
389
61
754
982
2907
178
1160
1352
42
320
411
413
235
621
3975
27
2796
1269
1290
292
232
1495
936
2387
535
3089
1524
64
1076
9
2186
1371
248
936
611
729
772
573
1723
521
166
567
921
622
1675
1047
1339
645
891
172
27
2
1901
720
260
415
3671
131
1235
963
420
477
351
186
1418
232
1989
942
2183
526
147
1062
200
18
16
1904
784
961
526
71
1030
247
1250
469
2235
231
77
25
335
4064
970
775
1976
1567
588
910
1542
743
1069
840
854
1159
1053
938
471
2754
411
870
749
133
615
785
708
2738
541
775
13
2431
4994
342
361
1431
1180
78
1429
678
81
598
2632
2672
1
2274
1559
2623
166
143
280
486
333
188
266
800
705
759
281
1660
2090
3381
384
2286
1583
3759
2551
312
276
1431
3602
560
3523
1472
330
2210
269
1075
2334
85
727
1270
1877
26
8
702
1287
895
1663
2371
400
714
418
808
40
964
4163
856
1297
555
480
435
541
410
154
947
630
840
45
261
215
1795
650
403
2621
2830
1397
283
30
2016
2672
1799
2872
769
822
46
644
661
1431
387
2077
24
52
2482
1633
296
2196
583
409
277
910
2340
2182
894
1949
69
738
100
1592
1370
882
374
100
774
191
21
458
587
941
1022
4744
37
192
253
1704
1278
1151
435
1877
60
798
935
687
2141
1586
4405
628
308
1388
756
2163
383
3101
1527
1594
729
770
1162
140
803
237
1909
1694
3070
1045
280
1191
221
713
1520
74
595
322
972
67
1363
977
952
2060
738
1679
353
55
259
5226
134
527
2990
3102
1613
3108
3363
208
1614
548
421
783
1789
307
400
827
157
4021
55
140
239
1597
1037
1571
581
226
1564
448
2280
327
1257
880
622
204
1585
591
80
1162
2886
367
277
1450
232
517
494
766
787
297
919
152
999
81
9
1704
824
187
44
362
612
159
287
965
154
342
411
11
534
2975
876
2457
226
1021
304
1092
4334
722
173
121
1045
256
160
1463
611
1139
1909
1036
1524
817
1725
1890
93
164
802
284
575
715
1098
7
809
988
853
48
1674
1492
119
714
252
1181
30
171
576
551
55
3041
2014
1114
290
489
198
382
35
159
1593
403
237
880
1798
1863
325
1983
1439
291
1456
1034
1789
520
604
1460
320
2468
2393
1159
1804
106
886
245
149
1258
509
1888
2365
452
741
702
485
2702
2516
2944
1614
187
1924
165
717
440
2598
3139
2049
1016
311
618
22
559
455
514
268
452
1876
1265
254
2387
280
4642
2733
1104
2548
550
1042
4019
2153
1973
2446
2370
716
1641
269
836
218
712
467
46
1120
857
285
444
8
1665
505
560
93
960
786
1777
248
898
194
2060
2950
2180
1357
1414
114
1810
2675
500
1673
906
43
575
3427
1779
2573
108
23
322
403
672
1087
3166
1477
481
50
399
1034
552
1256
188
1678
2766
53
1140
1326
1809
639
1859
150
879
145
2650
1244
253
678
211
3174
1097
1192
1132
552
2869
61
705
932
255
790
547
572
1191
2294
13
527
221
2168
489
1614
1706
2510
1533
1761
3651
1905
1533
402
3187
168
382
1100
688
1621
427
449
2360
638
504
608
1023
252
951
284
1328
2363
736
1802
2620
935
474
960
865
1327
684
555
3254
987
817
415
678
521
2099
1267
228
2479
2299
684
1295
2267
1215
242
1626
951
644
65
317
777
2001
77
299
2092
2070
449
2247
266
17
568
325
64
407
1402
2229
805
1322
960
75
520
2062
1082
1508
416
725
1627
496
694
3955
1987
337
582
205
199
197
411
2469
1351
19
1295
138
925
1353
3457
510
1981
1673
615
163
470
1072
1392
628
112
31
288
1332
1113
259
40
1095
11
178
1296
212
1715
353
167
116
1085
246
469
450
981
1393
149
81
1395
518
423
362
1
715
230
135
158
294
331
1346
1131
140
55
651
1376
1745
2712
1689
349
117
1056
480
2602
1602
431
1911
570
1723
1047
767
2847
957
1062
801
787
1253
1247
2153
208
1073
664
1803
160
421
1176
3167
455
1011
615
382
845
1337
3090
338
255
37
136
1356
589
337
567
531
733
373
28
114
35
174
390
1201
261
76
367
103
235
5714
1091
151
472
199
655
302
793
114
332
1239
1189
29
992
1750
2051
738
246
26
802
1698
341
2229
195
6
546
293
53
1644
400
1990
707
854
2050
29
1250
691
480
692
212
2013
1645
716
1952
1836
212
494
553
1746
591
544
1160
1106
4059
2463
51
830
2075
123
143
916
1124
90
284
245
1041
3410
1957
4515
3073
2536
1849
72
1035
105
3528
447
698
665
1004
176
276
1726
1033
675
692
738
1207
179
1643
1108
619
1917
261
1693
116
761
525
52
168
776
846
486
1700
4603
1313
2282
1005
127
1726
487
450
1637
257
910
2439
183
650
1703
59
703
206
88
945
541
868
534
872
273
402
4338
2957
1343
224
980
798
206
1199
40
1121
2782
2058
728
183
558
1143
88
2726
2257
1142
398
1012
481
3767
472
354
667
3965
80
1032
803
2461
2676
1872
282
2655
894
941
612
142
1256
275
77
2155
566
804
55
339
669
1690
3883
691
837
1676
241
1149
3
262
1373
587
509
1101
100
57
45
388
169
296
1125
1220
1551
229
852
667
1088
2169
771
2651
4632
1213
1990
1628
573
2591
341
408
2316
4700
700
1271
2158
171
722
298
112
105
1314
290
1935
621
517
93
2095
3837
462
703
229
882
1693
835
505
1816
612
133
1473
2245
1514
666
995
1196
1157
617
1077
2130
885
30
1006
44
132
1448
1506
4063
137
51
1425
351
256
723
554
236
948
925
585
1310
2158
84
1201
423
530
242
2768
1791
259
685
4436
1259
612
3568
83
449
246
872
297
899
852
2291
70
1102
858
914
1460
426
1918
2637
1172
344
837
585
507
2093
455
1379
2642
255
836
751
574
2503
627
353
950
57
24
225
227
262
610
774
1708
341
540
3921
2772
2987
1620
741
1768
105
374
927
120
855
21
806
4841
950
957
860
510
453
306
298
325
760
188
256
2970
1292
2018
1026
1095
2965
152
399
2
174
122
1053
493
151
1666
786
258
99
195
778
69
4383
396
1248
706
399
764
284
168
590
932
1490
598
408
33
329
3397
1841
20
125
1368
157
397
229
1037
1965
962
27
206
109
3820
144
1622
2474
176
310
198
2488
1003
524
833
1694
2092
1084
1647
3652
1383
144
453
660
1451
246
645
846
125
109
1131
250
460
1838
745
469
166
450
192
358
490
71
938
613
3985
150
217
52
394
311
806
201
1529
1875
1379
408
144
1379
1510
2177
317
1641
5149
319
1548
547
2804
1850
446
693
529
379
421
571
319
2027
288
409
535
1088
1918
776
148
92
645
776
1639
656
1403
919
185
189
653
463
114
881
606
3365
163
1145
28
421
410
1606
2688
3058
1791
982
15
1
2013
463
1057
967
1140
395
1448
662
318
463
126
484
851
93
429
596
361
110
34
1654
2216
2561
437
613
1278
3
577
685
2317
198
499
542
881
878
634
1476
621
55
1100
19
978
4903
435
283
515
1758
1335
1234
449
114
3836
119
543
399
514
2247
262
65
910
1245
1316
1300
603
188
763
2219
390
190
191
2098
520
344
1264
336
725
3127
1626
2227
968
846
105
3055
515
944
288
244
836
66
561
951
187
1350
637
2851
741
2114
2495
345
206
1548
1901
1775
343
534
386
1858
1156
1167
1288
2302
27
553
646
231
1189
1710
826
359
111
255
280
300
491
1553
378
277
706
34
1222
637
360
720
87
701
357
166
779
1464
13
1475
634
1792
469
867
428
857
71
1726
903
880
1706
736
87
1943
126
344
471
3574
614
811
895
273
299
1246
1233
758
381
3205
129
611
4268
1152
1058
2669
80
281
1020
498
35
2061
909
570
227
538
695
775
1081
315
655
3032
623
1076
372
205
2083
995
829
20
517
83
5
3044
839
712
941
1034
2925
12
891
4719
426
101
1497
1579
573
868
2007
408
932
806
80
813
2202
102
489
182
538
1714
315
596
300
360
1231
527
3412
322
2975
2316
4588
1015
199
2063
1879
963
192
400
193
1027
407
968
22
1669
1112
1423
493
1707
921
87
2225
954
1644
338
1488
306
3506
764
939
91
800
91
762
10
314
178
874
1286
2519
349
311
2251
408
889
829
1899
824
1296
1204
196
5
1817
333
2298
163
851
512
34
1303
2955
487
835
1025
1117
613
811
861
26
957
44
27
2978
1217
2211
473
49
1045
1578
1683
788
588
31
3760
180
835
395
208
88
990
65
680
746
1219
1005
765
599
1113
994
164
1087
1305
60
2540
309
1373
1235
381
271
467
299
820
435
1339
2068
2354
284
2364
70
630
1652
291
1448
580
784
3603
1157
1225
1554
1111
2889
1253
1046
765
2317
2559
463
142
651
380
3005
1233
9
209
44
31
37
944
1051
476
356
3596
10
540
2103
976
1195
1842
1527
680
395
1005
937
323
1825
3586
492
503
654
483
1536
38
1301
326
125
1068
278
127
775
2125
994
1212
548
368
902
662
24
1092
1310
611
829
1744
119
1038
2766
409
2358
692
296
826
480
616
573
179
688
1219
24
2865
187
1114
1226
551
746
304
241
535
2018
1571
366
1003
101
1054
976
70
1046
236
574
988
718
480
86
753
543
107
1645
988
376
1910
1501
258
481
426
1301
3648
1199
1799
253
176
189
335
839
312
1483
207
435
3049
446
816
1228
236
595
3458
1206
1562
710
88
4501
627
188
733
72
1031
125
1506
475
762
43
86
928
280
1375
1962
1343
593
470
324
1490
2342
1982
745
33
1006
162
2427
1740
1176
143
944
1465
244
308
2725
189
2060
112
130
1435
527
2514
2863
111
650
225
110
1987
86
766
265
273
589
1820
984
1018
156
3739
1011
456
559
2741
347
259
914
1419
540
938
1138
1185
779
2560
1347
166
420
377
1038
365
177
1282
2130
277
151
1083
1359
379
2127
3619
962
108
430
1173
433
205
3341
2058
3061
179
93
1785
408
49
55
16
1703
3076
4031
338
38
79
2559
213
2156
1147
2635
1304
7
184
816
1406
186
153
2754
322
562
3071
3206
39
206
58
86
432
1410
339
334
478
1762
2265
160
182
131
318
2227
88
545
2561
351
165
626
156
571
212
1534
94
491
247
53
836
1042
2897
97
403
272
1005
209
49
598
243
1132
815
252
168
1249
785
469
1078
1978
355
1117
272
375
3254
591
707
3
1109
107
615
470
180
570
2836
581
966
603
528
880
270
402
972
1609
1468
475
1741
211
1161
646
823
3371
965
154
2853
1896
555
489
465
250
522
372
1352
1590
454
443
69
736
898
144
2376
2098
1553
1234
1962
1643
1320
542
1053
1186
403
888
197
1128
2098
288
131
24
324
250
452
750
146
279
2562
47
873
970
477
699
240
1348
683
963
614
382
1656
2638
1685
2169
278
6
626
272
1243
75
2036
248
874
2702
496
1609
573
660
504
991
2266
308
2908
42
372
1149
1234
423
1033
2053
231
196
723
232
424
390
1335
1561
83
1193
374
348
66
205
2572
794
980
240
1581
66
964
116
1714
72
649
1490
557
770
369
916
201
1703
276
100
281
1737
50
1525
153
1410
127
515
1066
3363
121
710
586
737
365
1362
2305
277
350
124
98
1645
553
22
298
857
1920
13
297
363
1430
303
2796
1786
142
63
504
944
3111
1059
1250
631
617
1674
50
636
236
241
137
799
93
823
260
288
376
1813
1578
1547
934
1421
240
1394
2286
258
95
955
188
1114
1210
1516
3160
5165
441
487
777
1095
235
1461
92
1397
486
1177
735
869
1349
616
680
41
447
2574
1806
1894
171
355
487
700
474
2169
4284
631
2350
1959
77
434
174
1373
18
1304
1002
115
1816
693
973
1753
564
256
114
169
889
1568
514
883
548
2483
187
1468
856
1753
1210
196
46
1179
163
652
317
739
491
1011
8
2022
391
1335
383
1057
248
1156
1343
3193
770
232
1089
899
681
26
944
121
482
1169
173
739
2372
3704
682
1304
1129
396
189
322
1913
330
155
371
382
2012
79
2268
52
139
1505
386
136
531
176
506
210
411
557
519
2648
1075
438
452
813
1159
1115
463
504
178
1187
5069
359
2301
2399
311
1765
348
498
365
1325
826
1899
1232
420
215
1314
165
304
1257
281
336
641
28
3185
1561
261
119
706
1881
522
2348
494
712
1139
2909
1647
1553
118
1531
31
1759
4271
931
20
723
411
5690
1681
1228
1053
47
156
2836
1061
274
900
300
1582
545
115
38
264
165
736
22
34
1236
932
483
1369
726
884
607
214
1027
1189
723
1159
65
130
511
674
2256
2244
458
1113
352
659
355
244
1349
274
2551
376
2036
723
992
1239
3323
1315
3350
535
40
799
1703
13
2096
754
851
1798
904
2641
1504
737
70
723
157
1933
1177
973
59
164
1667
327
366
200
629
1135
2775
234
1896
174
77
432
2501
429
752
635
1133
598
232
149
748
1517
1569
2003
582
2218
1311
689
60
648
289
453
1660
296
343
216
125
3121
2185
481
469
727
175
627
1263
255
376
361
87
440
654
205
2471
33
1060
1450
248
737
830
22
53
514
944
60
34
106
3128
27
859
1007
2030
1418
11
499
57
617
786
410
367
396
238
364
368
108
1445
1280
123
1225
849
318
2495
1489
1207
592
1306
494
1392
99
1937
1172
2936
765
868
223
1535
374
4764
272
937
406
58
73
523
1494
624
3156
906
304
796
238
400
40
492
9
342
504
651
699
1321
294
93
283
447
1283
130
1094
253
2160
559
194
960
3536
82
1512
1758
27
532
449
42
1038
119
1638
3076
822
1402
128
1110
1376
660
1815
543
2154
1020
407
1398
624
133
734
1891
549
1689
1796
1707
1170
61
468
198
520
58
104
2718
9
95
2014
74
82
1137
1278
29
2405
215
683
1693
14
118
407
839
3072
154
1829
1025
1096
763
534
1096
2203
1108
503
432
1249
482
606
4550
2238
166
464
487
842
867
444
292
2415
226
263
358
165
530
1105
661
1414
1928
2106
32
80
1833
835
3207
719
408
219
30
2705
172
1154
1424
3788
922
250
474
334
422
43
30
2179
265
2423
366
845
1341
1082
4356
980
32
1306
312
620
848
1526
1624
1148
417
205
2030
1651
429
1011
1714
3169
414
86
2573
161
1477
435
1438
75
16
186
624
928
1241
2918
1426
499
179
1021
931
1315
190
254
35
1980
1930
539
67
1320
727
2951
870
1776
168
349
1521
599
2370
779
110
550
87
919
126
222
117
1561
1350
352
515
2637
154
648
1562
464
724
158
670
1328
2269
2784
84
142
350
1054
601
1247
213
1241
1024
461
2009
1063
189
4277
113
586
794
5112
871
628
2124
1262
1041
3394
63
1571
1267
4150
1015
64
1253
857
302
37
773
56
515
160
4697
687
1568
801
60
808
1031
224
862
114
956
560
278
4070
907
1160
162
466
208
191
1911
74
98
88
126
239
2996
430
2275
941
1053
303
416
295
285
2055
50
1822
283
476
988
583
5
1348
2859
2068
185
581
482
305
3971
768
485
456
714
950
731
598
33
450
340
1275
801
2066
2371
3240
293
1107
183
251
2677
2612
174
21
462
1155
1319
291
327
1198
321
1267
123
91
4
411
4954
271
298
897
705
62
1581
1138
7
577
1060
345
805
1252
175
452
2973
426
44
1528
344
1783
1657
2651
96
119
2447
554
1916
1584
274
1902
1863
1679
561
284
90
1513
1406
346
817
933
4262
418
645
265
1275
226
1854
312
1
70
753
98
487
280
817
404
1744
939
3573
1576
544
208
390
1
1986
369
2671
523
224
427
753
3041
2932
907
1446
1377
366
3660
160
1079
3568
1598
428
2905
846
499
1709
1200
508
553
65
773
2580
1166
1716
1818
56
1464
887
4842
99
485
224
1521
956
560
806
1096
630
1096
1356
457
966
1187
694
26
583
765
208
1563
1924
821
1566
459
805
188
213
652
2504
275
312
1869
1225
1162
398
295
144
1498
486
361
500
494
45
1243
7571
36
386
2373
929
2154
750
242
280
600
1228
3055
335
542
2238
55
428
618
1206
1812
3117
240
1393
732
39
303
1562
836
708
232
1591
1112
343
2037
74
147
274
137
756
289
153
2987
2597
682
61
542
1315
1305
1892
511
114
306
1533
1071
1407
2489
810
1912
2711
466
4942
443
64
2375
700
303
594
137
233
756
1999
2182
487
237
681
113
3436
695
118
348
3523
1253
217
1555
471
2036
60
3251
382
603
1276
1222
849
3
108
632
198
879
1
937
202
343
2436
398
237
114
2271
321
1461
330
429
733
353
3406
1007
1731
699
506
1892
1698
167
1072
1331
250
433
134
1059
94
1023
814
559
705
39
912
228
170
459
1169
645
1061
2605
889
1089
844
406
616
752
1751
1445
1694
2244
856
1404
1265
90
949
2563
162
838
2523
45
378
26
537
2572
616
169
4490
535
782
506
106
804
2309
681
2196
579
2210
160
2901
185
9
1930
201
22
51
916
962
422
207
1768
626
887
893
2798
690
3481
877
870
411
1838
6387
238
446
739
2928
1264
327
29
223
1021
168
89
2683
516
41
535
100
140
804
1112
651
2512
2681
1377
2145
2532
1053
1596
1635
1013
424
1048
44
1780
420
170
5059
400
522
2553
849
860
1851
174
189
1197
417
2043
235
174
754
644
1426
851
3569
120
710
63
734
2327
326
1090
415
394
712
982
77
51
3220
2
168
1349
557
2687
135
1057
174
493
1001
1383
101
463
9
512
833
290
151
1017
164
640
1778
178
444
514
648
1025
310
1238
120
212
557
516
2390
1877
77
214
4854
152
356
1670
14
4003
543
634
791
3230
496
1501
1024
1333
1330
548
2107
1001
2880
461
559
281
1634
2772
1610
1064
781
576
2253
141
98
550
964
463
3204
304
452
502
1987
1481
91
598
2669
1449
98
649
538
1599
2219
254
18
1179
475
611
28
708
26
1878
615
75
83
269
400
51
1530
1965
700
304
359
1884
67
407
972
408
448
83
429
243
35
989
1083
940
747
964
56
633
434
1321
1423
3088
1150
229
1050
1247
368
2188
57
1764
1035
822
2683
1869
212
1053
423
513
459
404
20
1921
157
726
243
650
3469
1191
661
28
369
3673
701
1010
387
190
1279
73
29
365
2810
439
1231
19
1074
630
1854
833
216
794
2057
848
953
1966
138
98
60
473
405
312
48
189
99
2250
1351
3041
2516
1067
1281
2192
1824
254
206
629
550
700
3406
352
456
638
23
156
1140
1146
1251
1352
40
127
500
236
2088
949
351
68
3081
1080
3022
824
471
1208
2510
149
342
1235
206
1959
643
1594
362
90
276
899
3143
1456
78
3
2014
115
1919
1501
96
697
5709
193
109
1346
1674
991
1757
86
2479
1993
395
248
2239
829
645
973
249
597
1469
1808
365
1200
203
1086
886
3
119
684
292
386
110
242
556
654
398
1213
384
478
83
297
556
1126
519
6251
786
812
614
1515
1335
169
2092
4670
2650
1127
682
3121
246
469
95
1073
1274
3502
815
623
239
929
2014
1843
2098
1152
1074
2160
700
2444
748
141
752
250
111
607
144
260
252
1653
3422
34
2802
590
913
294
189
1252
3147
141
376
2674
298
990
606
280
7
2239
1065
1074
110
370
229
969
432
2045
1342
749
1493
477
5
344
977
1295
1653
2641
1362
156
646
333
159
287
909
1204
2372
245
1543
292
112
72
865
661
435
23
211
1058
669
23
1143
689
488
244
64
652
3046
664
125
1648
186
36
9
2174
732
3042
1220
1081
626
738
145
137
627
3478
674
220
1300
251
738
717
695
872
139
1922
1604
223
2548
1081
3562
1622
152
4411
978
609
1527
163
524
302
576
36
228
65
402
418
942
1346
277
1461
3420
172
310
286
1381
1111
411
1066
1167
2362
129
175
406
1878
233
4773
1943
494
1319
624
1759
746
1576
273
702
1924
5625
912
881
2218
322
169
2628
134
3332
3118
4184
598
2785
1011
680
2814
1452
5488
3006
971
482
66
871
1640
1860
832
793
679
1347
727
572
873
86
2565
48
1165
2144
1536
2959
104
1253
3667
2142
1968
1566
3469
525
232
1896
3095
386
857
110
922
155
1498
428
537
271
1778
1056
1161
1851
562
1352
539
194
3671
181
306
630
1306
2948
199
276
1843
74
121
157
2835
167
645
350
1543
1712
1317
371
172
648
286
500
645
2305
229
844
991
222
441
89
584
3558
365
829
1568
985
75
2145
1605
644
348
3387
114
954
35
1205
1145
1196
126
706
2198
744
514
1630
18
1938
1572
569
985
181
617
612
961
4736
1550
297
575
3602
49
1492
657
1935
1827
5
206
322
801
203
3744
3149
521
2026
4060
1364
4777
433
780
1888
3899
657
708
58
4823
3658
32
1106
868
1189
1534
684
2081
831
387
1779
374
312
217
555
1883
623
3223
707
1405
2569
200
1362
435
30
442
323
1605
2080
192
233
314
1553
28
66
2378
182
1916
99
828
489
421
145
616
2511
988
1666
2714
2607
199
3200
1461
649
34
1082
1597
1185
68
980
461
191
2137
200
361
2654
84
86
23
358
834
294
1167
670
1132
2073
2300
266
1422
682
422
542
2718
373
152
18
973
1807
124
35
244
224
151
728
1203
497
66
93
76
519
1195
2984
9
1450
503
48
1061
74
278
1828
1224
2317
685
452
710
736
2836
250
259
247
1309
1304
733
359
192
1535
2046
1170
3771
1734
89
3334
1013
2456
1199
980
1275
435
37
2801
552
1598
5613
2398
210
237
3215
2159
116
600
772
2258
186
2965
3711
1849
498
267
158
45
1339
1609
564
574
542
20
544
1204
241
18
939
241
3369
142
23
234
915
2856
1787
2738
1598
222
588
534
589
468
357
711
111
21
2614
742
2231
1212
434
78
124
219
3291
1939
3672
442
2292
513
344
160
123
3347
880
35
1234
734
331
1819
209
264
787
2101
718
1555
86
235
3062
638
1162
877
2369
1990
1104
328
76
543
672
936
2538
195
272
3060
1320
550
3024
6115
845
1125
1848
288
178
833
999
794
323
415
468
1026
1497
1226
971
417
3079
1348
1302
804
2519
1849
877
1645
739
2029
232
563
1115
244
656
45
397
1807
1526
31
2692
1001
590
85
1188
366
1343
233
3225
681
267
1917
259
211
56
267
2278
684
1039
2894
3909
456
1931
1086
530
887
426
342
318
589
2432
1456
985
1474
292
1313
1095
1494
62
831
467
4676
292
565
647
762
2295
1036
3618
1734
47
3506
288
999
281
401
741
636
3119
967
389
2683
264
741
949
1550
7137
1207
1979
1539
196
462
476
2946
18
2017
1251
1448
1093
19
878
1098
1442
1147
171
1274
371
16
1041
645
225
96
483
339
1176
67
1711
281
462
2267
930
126
27
2485
1442
415
1380
601
462
2735
1328
162
852
343
2134
2304
718
957
60
2760
1152
2349
645
1050
1654
974
1415
1744
291
1732
1935
85
422
1962
1119
438
1622
1757
34
348
1753
422
67
262
961
153
1538
423
23
3169
1239
568
375
328
2255
1500
1366
2266
1301
1836
219
451
335
996
1145
572
1929
557
952
3849
2460
1180
82
1525
874
1314
753
1568
2025
290
842
62
1433
64
632
2423
1370
279
915
323
2252
23
305
274
3328
201
2113
710
423
2112
1547
236
657
535
465
1909
1089
286
731
1496
5308
170
2298
104
1026
335
2087
871
533
1021
2213
876
185
2367
110
775
1055
1798
178
5625
388
575
291
2069
501
20
352
737
600
832
180
397
528
1691
3303
4030
171
990
190
788
334
1464
2456
255
361
1061
1412
744
442
12
135
3166
1422
1895
630
2165
4623
13
244
1704
106
2361
473
284
2023
245
3244
504
3441
1928
123
1624
1770
629
578
773
963
437
232
548
1713
496
543
1032
2284
338
444
581
450
1261
2355
178
1530
287
364
1103
1333
1395
4753
1311
587
1911
374
554
742
6344
325
3902
403
56
1060
1852
713
290
1471
4
411
269
1010
445
108
389
516
370
2114
1716
523
4580
201
3650
2394
630
609
552
74
1011
260
1594
45
795
696
954
1796
1472
78
5
3720
688
313
1092
1062
1797
130
183
658
125
2542
3962
316
691
143
120
1559
3670
4169
2451
1378
1239
1613
2762
952
494
614
797
1901
2139
43
151
715
478
97
274
423
162
3122
8086
576
28
1137
1578
279
4101
950
665
428
234
460
196
518
2126
44
1065
84
2092
2055
3209
669
1917
1033
1150
824
219
1432
244
1478
128
66
1031
41
703
83
7274
301
920
462
589
196
471
1025
1309
1038
2579
2488
314
95
392
255
303
180
790
1323
1800
915
1085
729
1320
321
2194
459
1100
328
1234
1625
759
662
749
893
884
136
1425
917
3591
673
1174
617
846
1050
178
240
388
600
50
21
808
2182
344
257
1192
40
219
1627
10
1199
698
1097
1626
504
856
2177
333
475
6
2073
422
1299
324
1303
1536
1980
446
204
883
1107
1254
577
4003
5373
737
1962
485
459
226
417
160
344
89
191
614
291
1358
474
1110
426
1
2728
608
830
1301
3608
993
1229
268
3186
889
2150
2277
78
1445
457
870
1628
385
401
3025
222
1545
55
52
774
1774
988
593
131
3027
1405
364
1612
1446
293
619
465
491
1095
581
129
311
76
1274
499
1090
990
1344
423
630
849
743
680
1138
1097
2051
1054
434
