148
43
1410
134
479
1436
157
81
1352
343
224
953
199
209
34
401
184
1068
152
443
792
1343
218
271
696
1241
806
516
749
294
12
1319
367
122
268
194
88
1034
755
776
826
159
651
734
437
316
636
517
323
590
600
234
162
644
3
516
46
2345
365
740
289
152
5
262
253
319
9
191
62
6
1002
297
303
2129
397
240
178
597
605
329
565
1449
98
373
520
42
685
196
664
220
208
94
36
561
839
63
1725
347
718
3633
100
540
185
396
565
106
87
81
437
431
1017
633
162
276
464
562
516
130
428
283
55
27
119
250
1437
277
277
1262
60
241
594
1045
567
241
64
335
245
465
90
1116
437
226
117
803
358
398
617
1175
84
253
225
225
837
1236
366
1042
310
154
406
494
594
70
85
208
267
2540
586
271
526
584
194
597
294
61
1700
232
63
186
289
355
48
906
27
956
159
25
805
50
116
1853
416
516
115
235
82
628
6
2057
889
230
235
1301
261
717
121
1075
516
80
1231
91
4
267
135
14
418
217
1068
302
371
556
110
63
783
3064
203
308
953
189
517
14
713
175
54
146
540
332
356
528
831
314
199
1003
535
313
187
256
1190
17
201
242
611
808
288
45
620
402
424
773
519
410
813
79
278
370
373
118
153
300
99
585
29
290
348
312
117
219
315
560
1874
452
508
105
151
23
274
343
220
567
113
681
16
119
133
459
398
168
479
343
191
170
172
104
614
600
459
301
698
357
176
74
497
620
234
71
843
376
130
432
870
2106
1017
366
370
144
302
339
72
585
102
366
72
706
1057
132
379
196
4
17
324
490
592
1847
437
376
384
323
197
193
635
117
361
604
198
45
1693
181
215
263
130
928
851
2440
2615
962
307
328
327
508
459
74
899
3733
579
332
807
1025
862
185
88
138
173
332
298
507
1148
395
531
149
186
183
561
398
613
903
2435
475
515
29
144
60
522
36
266
894
826
85
495
2072
572
507
633
1013
504
839
213
347
37
1222
92
26
536
985
140
125
392
638
124
542
90
939
1564
464
746
1040
443
1676
382
545
28
14
486
93
392
12
73
22
202
2016
1309
263
85
35
192
247
611
117
577
717
623
626
303
710
554
1492
1103
287
564
778
108
24
67
542
439
7
381
414
398
484
2666
239
874
377
405
219
19
132
566
100
393
93
947
6
950
585
67
328
865
227
823
247
698
107
506
679
133
94
2
151
1465
758
62
309
383
264
183
112
353
1584
1758
674
161
258
310
312
131
156
90
314
43
37
207
1483
35
130
20
192
369
272
244
10
107
1549
210
67
2
348
18
32
233
591
807
70
186
205
165
1577
93
168
477
413
573
1579
485
369
757
360
331
992
345
59
576
513
190
412
111
307
361
1068
181
143
535
280
150
179
894
41
282
384
946
58
546
472
143
646
387
12
493
168
23
237
22
587
217
333
1677
643
546
442
1066
184
32
149
136
73
581
182
560
10
1328
460
410
551
116
742
1409
542
1018
44
112
329
1138
91
1300
424
501
303
94
2426
1052
399
42
1649
741
427
419
47
314
1250
476
63
133
175
815
503
373
171
1386
2
15
131
113
50
133
132
46
282
598
91
320
63
287
846
185
346
103
571
33
1226
1125
49
720
168
151
129
316
63
33
179
234
20
238
628
579
169
192
465
42
653
262
122
881
846
620
583
108
215
22
82
647
317
267
337
145
202
1035
2760
36
222
614
700
703
92
765
1607
274
304
401
65
561
383
203
34
798
214
330
135
338
32
62
893
271
1376
296
52
702
113
251
68
78
365
104
565
119
461
321
298
979
98
369
511
126
231
273
1872
105
660
1087
392
31
724
1806
125
69
1119
620
394
1540
34
205
902
134
335
647
134
87
1978
238
149
1226
295
933
1064
70
750
436
730
1134
98
217
748
783
281
107
151
236
42
196
267
80
262
103
416
187
180
146
578
95
54
341
2
333
755
678
115
176
297
1943
124
722
5431
299
279
182
326
411
918
43
1203
109
381
377
636
9
604
264
268
735
11
346
201
419
50
216
1485
450
1899
463
196
166
2245
132
526
395
444
746
1253
2153
178
65
342
541
451
504
92
249
7
95
392
197
45
639
882
183
457
21
125
316
90
272
665
1094
314
792
286
59
750
595
585
217
1363
361
664
242
249
383
768
246
497
9
250
65
223
105
631
60
627
284
13
80
1064
516
63
955
186
565
638
244
98
1027
574
326
25
241
465
1177
290
437
37
35
316
618
47
1246
425
1083
346
198
41
950
21
207
688
1228
678
1283
326
771
424
159
268
183
209
508
74
878
85
819
79
142
289
372
294
225
1075
13
647
468
1013
340
102
157
407
106
302
222
2319
754
466
47
60
103
372
446
267
433
9
468
231
1698
353
372
635
80
1440
36
66
1635
1970
1526
20
439
1413
2396
896
92
65
252
1303
128
547
163
816
770
303
192
44
102
138
165
178
315
519
48
846
244
428
574
335
24
281
22
962
136
431
436
154
1353
677
193
36
251
144
75
172
697
16
245
806
528
149
12
7
255
685
1701
586
196
16
796
1542
807
647
404
19
32
330
360
292
314
954
492
1041
684
39
353
558
264
924
262
904
883
50
1076
7
1093
297
444
195
59
716
623
1896
365
2079
845
440
67
332
300
36
1767
102
13
61
875
559
312
401
1690
44
694
25
219
672
188
77
213
120
665
28
266
406
331
210
279
380
646
1553
184
511
254
281
244
641
95
204
1745
506
315
414
201
1497
388
136
85
329
230
146
237
113
98
215
2147
315
218
1678
238
1
174
316
194
856
210
395
178
563
322
71
94
269
703
214
56
70
1281
57
389
6
34
405
752
800
144
300
683
41
713
279
14
398
703
159
543
720
46
238
206
542
546
77
345
226
183
149
562
274
337
106
77
8
52
510
340
48
572
286
586
791
165
226
258
780
751
1344
160
761
48
1071
148
1399
79
711
952
979
622
23
299
536
141
1065
110
100
221
189
363
275
1304
1025
483
315
332
2568
176
174
7
61
8
272
466
2586
270
507
186
449
543
267
111
1729
555
1104
218
677
1229
1100
207
675
763
50
749
161
635
37
598
664
1292
618
273
319
600
192
206
41
5949
462
297
5
158
1193
18
206
65
133
1095
739
920
145
148
401
801
812
181
1305
7
339
710
1403
552
314
214
514
653
68
106
250
126
375
618
720
113
130
1464
216
340
63
285
259
10
91
84
150
462
1498
760
843
775
232
160
23
192
74
858
111
768
932
717
64
252
355
400
189
1371
1709
144
693
4091
300
795
1536
833
747
75
208
150
88
112
547
792
648
33
128
628
711
657
59
353
598
2536
203
475
487
290
91
1391
170
185
556
447
187
205
863
294
58
341
309
882
495
70
64
380
118
297
251
324
313
507
189
130
212
57
1899
212
1545
679
61
46
692
379
7
124
145
346
660
63
15
2738
190
888
76
123
353
1022
33
385
135
76
263
79
160
189
577
34
5
898
276
1374
488
241
1115
349
682
192
823
728
1448
1650
334
391
91
676
1204
18
445
126
1058
77
121
374
217
250
186
634
10
6
104
344
459
547
67
205
255
970
959
1416
345
364
306
856
797
2222
1944
274
212
901
163
1523
847
514
603
45
112
41
696
172
608
324
343
242
780
13
1784
1149
279
1607
580
938
1188
132
753
68
2955
948
401
923
178
1115
1331
266
1065
637
295
353
41
13
851
1429
918
439
1242
597
184
50
549
568
1436
470
369
20
1063
3
445
27
544
145
886
1361
117
272
242
36
287
283
417
218
508
15
2440
804
256
774
113
135
226
1157
859
8
367
554
819
798
85
918
190
10
200
361
216
43
719
145
903
255
51
975
296
220
52
616
671
666
445
789
1998
114
565
20
1062
38
14
1367
172
256
131
473
133
142
309
577
61
295
201
685
267
700
227
68
231
129
147
145
1076
606
266
72
890
1289
110
17
2080
586
10
528
783
375
374
742
275
1708
51
113
72
387
345
412
387
156
1976
1247
2744
1486
138
102
32
515
244
592
126
1003
117
135
210
475
1021
279
349
296
84
467
377
435
121
327
106
728
143
245
1786
134
133
455
51
1140
368
1025
446
578
149
492
764
269
1434
235
860
198
999
675
117
977
113
417
323
457
271
31
794
447
327
632
159
1431
186
306
331
90
6
51
176
497
525
107
679
92
543
118
252
271
207
180
83
346
6
159
242
174
273
361
158
329
1469
23
80
924
120
1875
542
354
461
421
43
1094
72
189
1530
167
707
306
1382
631
332
69
297
405
407
149
73
279
1196
1570
401
43
64
1045
191
359
99
240
491
328
1390
398
2497
1115
392
333
24
540
167
271
284
550
237
408
510
303
234
60
54
217
974
15
95
1775
129
1070
1405
74
101
1211
3117
1000
497
13
1173
183
784
283
222
630
229
742
1263
226
438
148
213
82
229
998
357
1047
1380
167
506
1458
808
1330
532
959
577
57
795
245
65
1728
622
1362
37
1189
889
536
1766
386
517
301
464
216
422
941
94
683
57
28
655
3299
1430
426
83
185
70
83
437
698
886
335
16
975
186
46
386
486
236
105
2070
217
1516
612
268
2430
102
134
666
746
463
549
301
598
279
1994
175
433
35
281
424
639
1273
82
461
111
388
38
1243
442
179
972
113
1221
95
637
5
943
425
142
235
488
1086
510
1014
173
566
957
281
103
1351
354
768
45
345
40
198
78
59
17
133
147
728
692
378
73
567
48
75
24
331
107
76
86
465
929
632
614
2105
320
137
526
155
156
554
124
342
42
57
88
445
291
948
155
1123
321
1034
639
739
705
308
351
161
677
250
11
723
504
663
529
54
136
1079
49
68
525
177
200
253
421
566
31
540
79
1028
312
1477
4463
113
100
226
217
468
417
381
7
1575
42
558
698
953
306
700
115
401
451
115
514
325
249
294
406
148
626
336
97
405
259
180
612
314
1441
147
332
1001
563
1298
686
27
229
204
359
753
83
1249
1544
797
118
1011
1001
441
739
2437
24
1246
219
77
23
332
395
3
299
167
104
889
35
642
943
430
85
320
84
196
418
1891
728
306
606
104
48
515
643
914
744
214
573
981
42
80
84
439
188
751
79
671
715
188
584
127
556
587
14
446
444
838
139
265
655
324
274
113
79
509
56
70
1305
583
348
181
111
393
242
136
369
122
203
917
459
988
901
238
709
544
261
1389
1013
175
29
313
170
5
630
898
7
12
14
389
2
625
143
292
1963
311
291
306
526
257
153
705
896
1690
327
300
246
78
1417
187
65
28
1432
297
13
628
113
1
89
462
353
779
77
486
497
64
194
1287
1102
730
110
681
205
244
201
10
1491
687
157
174
45
825
1107
189
410
371
266
400
393
924
319
203
509
258
382
969
436
1439
1034
800
146
429
1234
905
47
263
3046
226
177
843
605
870
397
146
222
141
296
939
1550
683
240
50
493
83
73
497
121
963
324
12
293
320
296
56
32
56
274
322
172
277
391
771
114
193
415
194
159
172
126
192
122
296
32
277
749
594
665
483
651
1222
170
2057
492
756
75
644
1380
1036
39
613
779
344
454
427
753
985
185
1123
130
138
587
316
148
68
662
1350
28
309
348
1739
310
394
200
349
1896
116
34
497
521
1044
385
18
553
61
7
4326
753
1381
1362
400
50
75
195
103
465
889
565
989
1542
475
360
384
126
8
482
141
23
13
462
464
45
123
517
949
267
547
774
138
558
156
23
798
179
222
70
546
516
145
941
320
446
528
30
167
31
788
4
488
109
205
139
56
454
834
153
1055
329
174
865
242
420
570
1154
1272
79
31
2127
91
252
390
36
1114
840
352
614
419
392
1958
212
158
212
569
372
47
296
4079
505
458
153
222
144
175
15
140
521
91
404
104
505
551
308
772
255
421
313
175
136
150
38
195
47
893
583
66
349
542
141
22
895
716
346
443
539
367
149
697
681
418
58
3
135
1020
198
1417
309
283
113
887
22
148
932
470
228
626
1428
9
507
161
25
1636
793
409
985
1556
741
77
414
68
815
343
488
143
894
272
406
1215
133
11
412
405
2219
332
2716
157
366
599
46
333
3079
419
62
393
1582
59
211
2282
113
180
118
533
177
7
335
360
77
503
837
229
403
125
34
449
1086
40
232
66
464
2017
756
291
643
23
29
1496
241
1052
385
248
632
214
543
228
720
418
151
428
776
227
1505
1268
79
549
3766
843
346
250
424
1956
422
340
311
737
71
129
222
20
28
305
302
948
470
254
1614
432
925
144
3
787
116
920
688
19
424
759
276
74
253
438
1278
1277
1452
174
288
410
398
1446
178
472
261
381
524
439
11
87
418
184
502
918
440
1008
225
178
604
479
108
172
301
36
117
335
245
119
1929
11
454
192
1201
454
2203
484
786
41
34
248
327
372
82
267
102
164
245
13
118
20
849
688
160
217
44
93
532
621
276
224
92
1006
259
17
279
1948
11
90
488
7
130
1105
605
578
768
1714
60
119
482
202
855
285
876
334
601
899
1880
387
1435
449
139
19
142
1044
526
542
797
878
1070
761
1177
47
646
668
361
223
3
379
327
106
11
792
1
1010
67
69
1557
5
434
402
2391
93
446
443
2207
325
696
644
182
368
782
256
891
354
252
203
127
585
1258
28
1624
1225
555
66
1672
175
39
859
541
1389
369
456
722
521
434
550
100
217
597
238
366
68
1787
537
70
330
132
378
210
221
295
614
7
1412
519
955
949
73
26
103
59
42
360
953
14
1072
502
545
57
1022
133
62
196
447
292
243
30
136
384
815
760
618
281
18
269
67
586
187
1443
75
177
307
1330
1
253
2899
250
444
104
86
260
607
287
560
654
1042
720
1
341
1009
631
660
262
177
881
317
471
897
701
118
436
151
468
43
441
214
649
189
149
183
230
1052
244
1215
800
22
148
100
87
635
390
81
155
64
695
294
179
2769
135
1029
68
797
1419
762
2374
467
1496
420
520
196
724
94
1393
190
296
365
507
108
844
103
63
199
397
349
911
564
243
123
58
51
114
3606
545
329
8
180
542
117
301
735
768
633
75
1635
13
107
46
136
232
158
154
1848
440
1174
631
466
318
543
1098
565
113
361
56
545
248
278
16
157
2456
648
583
602
639
123
43
506
677
1197
423
287
171
311
672
647
82
301
218
199
734
1340
29
75
151
75
189
341
174
28
528
1120
1489
845
303
312
49
128
452
864
143
64
89
103
151
81
463
526
413
156
669
523
237
374
123
476
231
167
126
394
593
1636
278
577
24
890
4
355
137
720
61
62
1257
719
209
176
666
105
264
294
267
220
490
226
41
89
223
14
210
417
473
153
96
1108
17
458
791
324
90
444
219
261
17
78
340
375
386
1024
469
486
199
719
262
496
126
343
484
1769
730
831
531
951
23
552
78
597
349
780
316
1271
598
32
2
124
28
491
416
177
324
532
128
319
265
909
269
347
104
240
350
578
337
816
600
1356
169
206
885
183
446
31
247
974
191
689
131
1114
141
167
185
523
679
177
199
189
35
450
367
188
552
138
129
1347
9
318
266
51
159
63
158
1221
6
80
498
541
256
243
165
652
493
172
675
421
189
351
295
149
228
1418
76
414
168
8
54
174
615
745
719
4570
321
213
229
707
857
833
384
513
1235
884
1149
146
133
1133
648
121
375
1360
1128
83
710
445
926
693
292
1546
116
1721
20
725
519
28
462
458
313
386
215
477
285
2049
830
255
181
1942
210
54
1017
150
83
17
143
32
618
795
179
1425
73
248
372
713
759
265
1197
2111
1197
186
623
153
181
1612
282
373
88
440
537
54
146
137
260
370
83
19
1286
360
172
177
5
40
184
249
413
123
303
103
130
663
699
369
665
11
1459
634
372
261
445
144
552
296
727
28
23
828
44
57
904
105
1583
354
2270
121
716
204
59
218
585
13
719
290
165
317
470
55
132
317
80
228
622
49
541
185
562
519
471
215
122
39
618
391
183
368
889
49
101
411
130
172
315
292
202
202
726
167
198
75
268
489
72
202
281
77
1415
66
275
2485
379
134
793
577
139
126
885
27
1244
85
552
87
147
40
329
494
239
254
194
104
989
154
422
1437
273
1097
892
919
659
383
490
137
232
824
1293
686
69
229
11
843
534
234
359
1350
134
725
106
317
314
707
254
41
574
366
346
729
239
218
194
751
445
445
37
1352
316
571
172
495
95
2513
2039
176
129
465
164
120
827
70
697
1685
662
130
277
886
141
189
474
2534
344
305
228
422
253
719
385
408
713
151
438
277
680
238
587
159
310
212
895
2041
240
764
376
116
163
299
846
97
189
46
988
455
231
33
394
222
57
1340
183
159
16
1319
329
256
12
591
246
1356
175
309
231
1532
601
4
198
514
520
493
50
321
349
682
110
130
490
202
1045
1595
160
246
141
81
103
846
1033
39
57
389
520
534
510
1035
286
783
16
104
486
93
532
77
29
680
259
180
392
74
1008
525
471
307
102
157
402
767
209
957
665
170
576
1379
124
33
462
364
561
85
524
318
625
169
137
915
714
1007
181
167
393
33
954
673
119
31
512
101
450
359
120
300
434
761
65
480
290
11
78
134
436
3345
1594
432
660
1002
64
564
207
420
483
826
364
554
410
474
1083
420
44
709
190
183
561
151
410
211
2410
108
236
1453
324
1273
780
17
419
345
125
38
105
457
239
244
781
377
2070
442
1071
197
430
528
364
1117
100
2664
2000
486
102
375
695
1307
586
50
856
386
98
310
897
1083
229
308
765
83
1628
827
555
771
415
1110
80
1305
626
295
90
238
1375
589
691
434
219
552
200
1390
386
637
2604
1029
131
97
73
938
20
161
234
367
660
433
939
497
408
488
73
860
143
706
373
719
399
381
175
891
39
11
1046
799
618
197
55
26
1528
23
750
266
81
836
256
1194
1523
380
226
2632
39
21
436
496
265
72
431
76
5
1499
176
143
623
706
1320
265
330
306
362
1204
582
607
77
517
1390
204
330
160
83
528
144
930
50
1282
746
2266
250
21
373
319
160
492
535
786
1006
19
295
7
511
27
88
43
343
278
121
734
369
211
16
876
2965
48
259
31
1635
1104
378
309
271
1039
966
48
389
147
931
91
16
507
312
119
328
1825
69
216
33
173
813
1302
476
937
394
35
404
429
487
47
139
73
502
229
840
283
1021
705
193
137
18
153
203
336
355
1174
203
1491
1046
131
720
456
101
193
740
152
170
71
38
305
1319
463
784
55
499
98
2399
23
363
227
490
1419
168
683
23
312
680
355
87
713
660
125
67
123
541
882
665
131
197
125
174
10
497
116
852
266
1980
38
719
1295
571
164
281
572
109
791
1215
205
1040
116
697
1229
1040
15
1121
451
501
177
454
159
294
346
972
1585
782
177
126
348
329
527
343
126
1211
929
80
135
565
191
269
382
75
188
1929
45
231
35
265
403
517
760
647
122
238
1330
437
1270
1075
347
186
88
734
185
791
89
783
1137
605
1015
220
191
29
109
392
680
273
1008
985
7
1533
623
689
721
134
296
29
804
305
1076
2
475
494
437
1928
88
577
854
576
626
115
88
44
473
169
509
772
946
383
450
109
294
1937
222
1162
809
42
560
648
126
18
166
140
598
321
1547
191
219
338
276
75
256
72
204
545
632
291
252
1972
1526
421
556
656
734
2631
34
377
796
1053
252
501
480
174
460
10
63
679
238
670
497
1345
491
2020
600
146
647
697
168
826
397
326
214
48
145
430
127
279
258
214
355
853
28
1006
376
686
392
339
462
510
503
115
213
28
312
30
127
64
1006
270
149
87
1232
1195
3181
184
257
333
145
304
98
172
186
1022
11
571
45
561
502
648
467
542
393
48
333
517
348
991
846
16
404
157
964
186
53
262
81
591
200
250
169
1724
283
345
410
161
407
95
785
218
63
390
201
149
408
607
299
120
451
461
19
427
9
317
146
406
332
34
189
487
317
3091
62
860
7
592
1660
503
152
143
660
537
610
921
168
424
414
577
235
5
722
455
923
35
136
503
119
410
18
429
135
153
1178
282
564
251
491
20
356
241
192
332
13
754
2202
583
319
407
764
86
220
271
64
1136
291
161
880
421
206
547
363
262
468
501
184
77
976
96
10
35
107
393
210
221
232
1339
17
586
802
224
53
168
2241
440
1168
434
615
157
312
184
1064
192
192
169
193
671
1244
159
45
167
512
474
1093
474
407
144
39
923
906
315
599
1148
100
57
114
104
475
601
549
2716
809
921
882
471
673
272
1113
853
965
1152
273
252
120
210
55
85
70
274
611
108
478
95
465
273
151
228
255
601
351
126
616
1042
356
71
632
268
194
482
83
311
362
1009
424
470
379
806
221
346
230
411
88
113
984
871
402
138
1079
773
52
1153
62
61
911
1243
672
154
180
171
227
2650
995
511
109
11
102
1092
82
133
98
269
286
48
602
122
160
329
21
105
79
706
70
194
98
8
723
1120
229
1286
680
1182
46
835
1476
215
906
289
94
123
701
392
311
510
512
130
944
905
31
510
81
43
225
28
33
1091
368
1410
277
231
823
594
4
25
232
179
795
411
2011
172
521
40
303
34
246
136
85
44
1142
767
816
954
206
306
390
468
3
39
607
375
164
487
551
186
311
517
1251
428
1817
46
878
158
1008
89
162
1075
418
237
1273
746
773
106
571
1061
1092
818
836
186
362
427
151
587
212
289
439
780
75
613
433
871
560
519
278
352
151
111
191
64
1144
632
266
149
2017
460
209
131
471
481
1531
1858
188
41
247
398
643
572
149
806
128
397
497
953
185
17
244
208
101
68
521
408
171
274
1033
483
404
116
1623
1137
845
470
204
28
385
1730
617
687
397
992
1580
133
16
33
29
594
270
73
534
349
898
1302
1784
463
814
7
469
379
9
269
329
890
1286
547
20
3492
90
1579
273
505
38
1351
458
401
814
489
100
309
155
22
416
566
504
419
863
460
796
30
264
133
284
158
691
84
523
540
692
1369
356
122
243
336
769
830
12
741
752
1102
276
689
369
7
433
566
457
120
1504
181
260
35
968
803
504
3
944
313
633
247
697
1258
151
1134
9
323
445
385
72
663
1009
1113
95
354
597
104
29
22
949
980
252
108
596
468
64
2346
2
1002
114
2375
663
361
315
822
821
521
905
5
59
1240
315
80
1093
288
186
591
296
122
593
398
102
434
722
955
270
583
488
441
489
1666
266
181
647
406
346
450
493
1569
265
3
17
488
807
117
1576
293
966
285
299
88
993
314
64
175
84
127
58
305
204
765
1414
198
54
246
72
239
12
881
206
587
178
862
447
1130
101
556
164
327
241
733
404
2
95
150
1004
182
62
820
43
43
1647
109
1690
110
1001
21
255
21
672
273
335
114
107
37
476
490
324
71
456
66
57
298
563
318
482
407
544
961
161
1094
524
179
795
312
40
223
64
1689
96
690
834
889
1492
805
107
128
355
392
29
181
1149
1170
550
431
53
86
239
592
1778
163
371
1792
457
99
18
354
704
477
771
163
629
42
120
555
37
1145
293
3050
310
458
2
170
569
243
529
127
295
309
28
285
1717
246
207
275
79
197
382
82
340
921
143
786
228
30
256
876
14
196
372
113
757
445
128
763
257
454
1360
2283
82
133
178
1715
38
109
712
269
740
637
74
1051
228
366
108
157
220
563
1077
12
1526
406
877
600
350
364
208
125
184
8
937
229
4953
405
558
412
418
568
31
1014
180
495
951
274
408
195
2751
165
90
479
421
316
423
1202
171
567
393
761
566
96
132
48
187
979
799
102
127
61
1069
294
1479
295
13
131
472
534
404
1733
279
473
283
105
427
182
857
663
748
20
1302
744
120
47
135
123
531
27
267
128
3
144
286
12
672
483
327
288
1393
46
2
1401
85
1075
475
333
34
283
130
1147
439
208
128
192
25
244
1585
66
901
533
323
713
327
1642
514
55
744
476
23
1264
265
670
303
95
539
3024
50
411
781
392
220
265
826
52
857
374
846
239
140
625
161
697
110
154
403
206
543
1099
313
431
684
56
43
28
521
566
654
24
4
48
248
43
251
29
1083
853
874
709
399
138
1166
340
891
396
424
1146
636
130
38
159
23
80
1631
372
294
568
342
487
1398
195
571
63
460
1037
473
41
72
58
47
522
496
142
498
106
867
393
1393
214
241
333
342
146
360
24
305
3
516
87
573
305
274
698
14
518
345
39
776
53
2
296
561
335
198
17
425
840
47
274
131
19
60
137
221
2061
46
101
1060
26
592
32
277
138
8
663
499
309
412
292
383
676
404
907
887
128
258
1105
1057
2003
894
500
352
304
429
156
17
1233
24
348
203
42
104
345
378
374
139
765
993
17
409
822
277
707
60
434
45
8
1130
348
201
944
36
152
400
245
100
942
51
36
295
1109
1219
338
535
722
28
338
584
639
1238
75
501
178
188
113
138
75
2248
555
525
369
3358
136
578
409
803
121
577
789
450
891
537
1003
71
340
534
2277
546
426
83
778
405
1890
3
222
464
205
112
212
443
460
116
67
435
315
315
70
1840
25
483
717
434
340
166
319
377
1761
328
754
18
15
380
109
1240
154
253
223
48
52
523
395
677
741
795
551
336
174
770
35
1242
56
4232
494
350
1092
298
679
1027
680
14
218
199
491
316
64
192
1492
208
248
374
44
414
47
1032
1537
1568
188
494
208
83
512
133
242
1390
588
477
30
676
74
165
133
39
183
505
329
82
589
265
274
267
736
468
54
45
299
135
37
39
149
587
99
1409
326
456
192
106
391
586
86
379
785
238
179
2418
1572
552
143
72
299
191
2762
45
367
380
1565
320
414
339
955
151
142
72
540
547
67
8
612
275
429
421
644
75
1769
7
340
578
446
11
1298
102
448
247
612
76
571
685
42
74
784
106
193
430
307
22
26
168
107
846
30
1491
38
466
645
639
565
416
282
90
460
108
196
426
415
155
167
183
827
827
1428
130
99
686
34
483
97
112
117
341
384
1184
130
274
577
460
916
379
227
5226
287
901
505
456
246
357
1229
2
195
51
919
73
54
39
1248
179
46
908
781
342
102
360
1051
816
121
306
63
111
1171
1617
9
103
133
222
287
132
178
940
375
130
1144
345
1631
1495
327
587
192
261
325
549
482
164
127
100
506
769
61
76
428
1072
363
947
212
213
1035
102
122
260
8
405
820
83
559
74
139
725
64
128
445
1558
856
100
894
698
11
955
509
780
110
313
192
154
333
129
358
1362
15
312
254
248
597
373
775
15
104
178
193
197
246
458
500
1257
214
403
1505
320
61
754
1307
811
255
1668
38
231
248
305
28
779
974
152
537
523
463
1358
1552
916
27
339
1825
1
169
815
979
403
75
571
275
575
458
1727
292
739
52
118
257
523
344
271
307
316
153
6
347
992
401
115
1108
400
15
326
650
27
739
1370
29
1740
53
350
75
2346
1077
554
24
1157
587
538
150
149
298
968
471
177
268
122
823
166
159
30
220
534
1324
311
414
902
313
283
40
86
141
103
422
109
192
193
172
991
46
8
398
17
1238
569
205
133
77
257
431
233
17
595
423
505
46
758
459
679
86
694
272
36
911
62
1914
37
204
477
56
688
295
22
769
760
464
1
125
220
496
26
788
30
511
534
345
232
75
774
355
87
169
581
660
1246
460
245
164
1214
147
363
15
311
661
26
4
255
18
31
955
501
885
198
1420
1176
1424
416
200
98
177
597
361
48
313
189
318
687
1241
407
328
113
55
641
137
60
751
676
1661
35
1282
2412
197
1242
729
1423
324
91
215
757
45
1045
361
109
409
663
1173
448
1227
1384
2329
52
1049
448
450
318
60
59
525
45
13
894
81
286
16
302
385
1202
362
312
4
185
1554
1096
157
289
268
244
583
460
287
288
515
1328
387
369
1480
236
1791
1223
309
175
7
295
42
46
447
1449
804
1037
249
170
569
168
720
584
727
1091
466
280
406
306
477
367
477
2
10
258
248
197
2732
198
222
191
355
54
76
311
63
1009
513
216
186
719
636
112
60
1239
48
143
916
641
755
281
313
695
48
190
231
455
598
988
437
62
949
449
684
69
595
1374
200
179
24
238
1906
672
101
14
1198
521
396
339
18
720
87
51
730
21
378
178
760
40
1496
359
1127
131
574
142
116
48
450
217
1036
400
82
162
523
93
151
903
101
152
434
77
460
1939
259
234
88
866
583
1264
716
73
214
55
982
89
2204
54
923
591
537
975
1062
99
427
1465
649
227
12
241
366
1198
689
189
319
126
3620
173
516
117
407
800
858
576
3152
116
2003
471
67
157
814
120
361
796
511
41
266
203
199
790
1213
1137
308
450
2118
573
509
1059
345
517
660
670
313
44
13
60
330
321
1573
373
342
43
529
258
96
293
377
340
1341
358
18
222
303
335
185
785
884
422
108
1350
579
17
1689
892
72
1
467
556
287
259
182
350
110
522
319
290
117
185
626
119
572
818
352
844
49
378
705
94
62
81
1522
482
566
208
301
339
651
1004
24
239
183
189
231
53
338
70
691
474
203
880
515
488
768
404
107
49
50
73
557
849
248
179
559
269
199
700
728
81
506
21
26
76
403
522
32
337
1146
247
197
1245
416
2393
90
244
417
381
68
127
754
1064
278
162
351
5
185
165
472
505
247
758
591
305
371
658
83
68
170
1070
529
489
949
22
176
766
198
114
483
383
152
185
344
52
852
77
851
33
996
560
231
2038
268
252
292
102
618
351
57
348
351
394
163
135
902
109
1839
166
1943
951
7
388
350
1221
98
122
95
131
286
9
360
13
1270
591
1133
500
53
488
1152
395
327
323
76
405
214
476
891
307
17
425
133
361
28
45
69
74
164
33
26
221
235
34
83
412
175
1091
48
385
462
26
103
917
1014
153
377
339
517
298
19
581
1132
182
159
1277
106
380
1241
938
215
19
82
200
222
520
652
289
217
839
566
503
220
52
1005
25
806
757
259
532
563
355
889
49
612
3
460
512
88
51
618
314
74
92
85
642
808
240
487
637
440
713
36
238
965
343
9
510
71
1
324
142
122
69
1699
653
301
38
881
457
445
253
738
233
177
204
1150
532
1207
194
1512
1333
1434
524
430
840
620
322
167
722
277
791
818
54
15
608
1301
613
172
186
328
73
300
1357
506
1012
1175
564
33
170
1018
86
370
27
55
181
82
371
1402
60
622
879
40
214
106
18
118
589
338
872
476
397
671
531
18
1047
815
647
535
182
1071
117
77
147
293
332
216
666
929
142
46
329
935
50
1193
46
230
80
273
299
17
101
306
745
493
476
233
196
339
259
122
243
1130
290
184
423
415
1602
68
649
89
206
499
42
274
953
316
104
1224
86
1188
50
223
51
80
287
273
1512
136
153
417
470
128
117
126
301
245
762
464
5
158
490
595
334
870
567
766
419
479
118
140
783
26
318
850
1535
200
286
763
181
1126
578
31
131
525
360
165
259
76
657
165
864
1152
721
598
8
233
298
731
180
42
359
172
692
229
386
494
194
735
312
136
212
482
453
179
122
799
292
111
248
973
224
369
123
757
528
1022
14
608
42
5
150
425
1405
46
3
117
23
85
208
2549
639
240
377
804
632
608
654
446
691
443
194
1328
577
406
222
484
490
240
87
57
636
81
584
37
2186
994
21
72
1479
3
384
396
283
435
353
1095
117
76
598
1017
262
376
263
366
284
70
24
345
460
24
397
867
830
74
24
119
75
428
567
211
45
211
749
818
43
275
85
148
565
665
1767
1910
48
1323
666
1045
37
436
47
530
141
80
65
782
458
683
698
1193
401
343
6
576
988
49
1040
320
396
10
99
620
367
928
811
155
453
224
65
381
549
190
1081
229
201
112
462
363
424
244
122
574
679
465
1568
268
283
1129
757
62
635
935
696
44
333
841
836
354
1523
266
125
225
63
188
304
1287
117
367
912
187
155
118
103
761
211
49
2386
4
75
784
238
476
18
455
534
285
193
1538
109
104
1086
4
134
706
1257
53
949
249
40
1032
24
922
495
111
47
61
554
987
526
343
633
113
66
275
126
110
755
417
594
606
1034
1292
659
455
496
407
399
16
257
75
471
332
1288
732
346
190
179
1042
1291
53
589
415
1620
137
378
35
341
545
607
218
730
599
244
784
295
95
207
805
1
577
564
417
242
986
44
729
396
1386
346
466
789
158
343
599
50
39
962
230
361
942
105
1152
332
287
199
1388
412
342
351
429
125
514
70
382
40
364
122
90
169
35
1423
242
1148
55
434
811
21
409
501
1288
189
135
625
149
96
256
1709
110
29
710
1035
694
384
80
199
534
1008
17
229
623
759
758
1
227
381
2705
579
947
690
413
132
471
2133
1
48
487
572
711
360
900
384
361
994
717
67
39
268
1144
225
1945
210
752
120
1260
831
246
982
318
340
13
1087
816
10
675
28
443
525
82
305
929
1064
446
725
131
59
634
513
160
343
947
509
170
603
377
1794
20
752
23
1013
160
774
162
1137
611
609
960
275
790
409
232
251
1581
113
643
374
372
86
1009
439
358
1609
13
339
1014
256
304
144
317
288
1931
305
144
259
57
313
999
603
267
609
303
914
118
271
400
948
618
1714
88
174
109
273
952
399
141
145
156
635
636
557
682
10
405
367
49
622
320
44
1094
969
505
247
594
95
69
932
660
565
246
457
59
1786
227
362
411
44
1283
484
46
94
36
118
791
77
916
895
50
182
152
23
1816
59
507
86
1163
982
225
607
386
310
895
110
16
862
128
63
200
143
1042
865
794
150
322
261
403
14
228
756
783
1580
169
615
246
977
29
246
388
108
223
637
591
2201
68
346
301
510
88
157
682
2341
342
134
552
345
1474
191
312
1302
134
1027
777
552
20
1017
1178
1218
82
750
9
225
251
718
1223
1765
699
42
1322
96
1318
121
119
475
278
97
842
80
1237
315
846
1345
457
174
437
2980
85
1537
194
207
261
385
258
114
108
2378
990
42
172
3525
344
1443
242
637
1051
485
177
850
186
838
371
81
75
33
66
597
237
441
12
37
149
291
73
235
569
66
528
521
233
89
22
614
109
131
154
217
1186
887
215
1314
556
596
446
22
324
29
79
40
10
442
900
1473
426
363
778
122
253
206
8
95
10
1416
272
106
398
240
83
160
1043
229
771
208
119
667
883
150
45
370
538
142
155
188
70
153
433
641
797
165
308
954
1384
25
338
455
613
399
649
323
967
509
241
278
42
969
609
1081
47
125
1577
1540
341
138
150
85
51
84
36
1155
878
608
251
409
638
248
343
126
242
1062
482
418
290
406
37
228
59
198
539
161
154
935
677
124
676
152
775
268
254
103
4
32
700
135
706
254
900
175
287
1399
391
593
196
20
623
519
381
38
660
147
1591
52
382
126
426
43
598
12
533
598
132
1409
49
1438
932
128
364
3
460
233
160
737
930
80
559
482
414
107
2810
136
466
756
44
61
585
294
173
1674
367
353
434
103
715
597
810
1090
113
81
117
106
161
943
354
461
2253
277
912
852
364
22
1626
13
196
1144
115
3199
508
1413
223
1020
304
670
710
258
358
401
120
433
202
9
44
483
128
364
315
210
2550
77
242
443
455
377
1086
161
464
697
959
588
590
73
375
88
754
2047
612
54
25
945
1346
385
46
794
249
1208
1963
75
148
763
712
844
1223
209
633
71
562
269
407
530
70
325
588
12
35
535
200
404
1080
30
182
200
75
714
1137
1
2286
436
964
44
414
807
415
695
107
284
250
222
112
53
105
323
834
114
783
371
683
179
82
728
1049
404
541
711
832
609
1300
150
1743
168
1248
407
386
311
81
411
1309
7
531
42
237
209
913
132
395
673
427
128
573
457
1142
103
1433
456
173
114
619
676
889
92
12
865
700
101
1082
310
33
1223
717
230
218
132
123
408
123
442
341
1379
230
1282
116
296
948
592
683
22
310
422
638
1985
1013
154
248
305
271
112
315
151
915
488
962
3100
2132
243
501
668
133
267
167
45
491
163
656
288
626
385
377
95
86
803
72
165
188
267
20
75
130
239
76
426
89
566
6731
609
821
382
152
150
856
1584
147
2233
298
670
65
111
398
144
74
693
33
135
1092
232
81
340
653
21
41
701
561
62
345
344
259
222
918
967
73
123
165
191
311
433
133
132
384
138
290
20
564
1717
555
871
837
905
181
105
101
999
330
1979
76
1006
326
541
292
367
35
74
340
198
337
235
174
542
60
174
831
1231
856
774
493
265
194
5
132
318
847
129
567
623
847
338
1682
196
228
125
326
41
210
850
71
143
1605
1
1513
583
304
64
465
2
42
17
398
640
78
853
365
701
104
308
415
223
335
69
186
546
326
475
5
106
447
1050
1116
314
887
615
72
151
2497
1187
42
98
175
921
448
192
54
268
286
340
855
11
274
119
355
85
12
447
499
114
139
1186
1431
680
1019
61
427
778
255
303
66
25
23
290
1120
301
646
404
1091
300
12
157
432
129
262
405
112
442
1265
247
443
313
211
29
1050
335
1997
661
248
312
294
200
499
129
58
136
1400
1283
220
29
97
106
498
1628
1257
380
327
536
2019
585
456
1062
1749
596
19
25
18
154
300
1336
371
897
654
917
294
529
503
92
420
100
236
655
58
552
202
129
573
394
1097
807
1317
15
699
1334
341
672
350
757
276
1029
2538
122
645
281
609
1565
118
228
646
84
503
2161
29
1523
303
574
648
491
262
650
1681
16
591
2053
427
90
714
897
828
80
255
563
197
78
29
62
1246
273
23
218
161
1350
334
216
244
1537
1391
468
169
207
1073
50
46
147
209
1436
473
71
457
173
178
145
632
83
515
265
820
87
988
189
246
532
82
1583
533
996
41
750
250
312
271
197
862
321
303
744
322
85
252
135
105
763
227
178
362
937
1
14
797
204
110
219
28
17
549
378
255
152
448
246
28
202
65
413
128
37
499
87
55
424
331
408
1893
539
333
312
298
241
243
206
556
164
168
204
1618
552
968
343
106
87
1231
54
293
648
357
246
747
161
331
620
104
64
25
1792
203
218
111
447
518
208
677
82
162
146
619
169
84
977
280
1648
312
522
498
498
639
978
407
61
728
266
226
694
193
89
399
1430
93
639
525
240
2565
395
820
433
88
27
1
7
112
627
797
88
180
632
1
361
10
299
1264
2439
138
253
900
1766
187
17
941
346
593
397
535
25
800
627
324
343
670
264
507
589
441
221
4958
286
673
538
765
528
238
598
1428
253
278
2385
246
488
123
173
153
28
383
1126
283
181
348
225
423
768
647
892
74
227
121
775
129
675
712
556
1085
152
675
1116
331
85
159
531
595
314
694
630
854
114
768
407
222
205
1182
986
335
30
209
772
332
1715
164
707
2703
737
141
719
564
95
164
607
346
193
8
427
1000
59
420
396
208
170
183
314
282
1975
929
173
424
184
291
284
86
1373
1236
420
45
468
87
515
333
247
128
199
128
177
973
271
772
209
372
474
936
400
785
1812
129
403
622
204
402
824
1791
1485
100
1168
265
571
234
57
388
9
630
163
393
1861
1093
1008
1168
488
1295
41
326
330
285
770
555
40
891
376
35
719
155
958
74
1760
154
163
2045
291
185
373
850
9
873
442
793
496
19
223
968
94
237
376
369
1465
115
650
87
130
670
135
447
218
60
48
983
2132
2211
161
112
153
631
327
123
510
115
183
493
170
298
324
415
361
128
815
156
120
1450
369
556
167
1372
189
52
192
963
862
568
552
26
382
26
123
135
193
24
972
129
517
1141
932
436
150
146
470
2986
159
9
667
22
301
1614
339
96
723
626
1351
931
304
637
335
871
566
1337
115
628
43
2463
49
92
1565
230
13
164
150
1729
594
653
851
105
277
577
1677
209
83
757
725
46
656
230
1159
581
319
765
359
125
824
27
37
885
281
102
679
1672
254
476
293
355
626
171
762
315
897
405
222
180
485
503
953
100
138
99
895
376
1258
238
1204
723
98
89
343
567
131
301
1316
756
264
214
62
144
82
337
35
533
7861
42
281
91
18
358
254
630
1225
743
282
127
570
48
156
254
615
811
100
154
210
810
811
693
96
319
425
7
112
15
604
106
245
331
103
1052
223
1325
137
52
626
311
400
112
8
845
117
320
315
152
57
489
40
1042
369
414
88
32
54
153
411
589
423
149
352
1687
710
191
96
737
560
567
253
952
185
419
2628
810
660
291
154
223
294
768
258
196
33
936
2150
540
90
824
99
106
291
178
818
155
1394
208
100
605
386
272
423
344
608
140
90
140
205
744
562
1654
84
116
316
78
159
204
417
239
136
114
124
28
765
1
172
629
1237
123
148
142
2513
54
167
109
347
487
31
1474
163
668
1426
42
676
806
7
529
122
280
921
853
841
678
1823
237
110
52
19
714
643
805
411
498
85
544
421
1038
358
167
255
517
845
800
1035
53
1134
40
455
255
155
47
215
565
207
330
113
140
63
32
453
393
221
378
96
50
347
185
13
1569
204
235
67
107
337
75
469
793
380
181
687
488
239
436
137
717
638
588
325
587
412
154
2008
30
22
713
27
42
1428
532
98
603
153
185
162
97
977
316
527
319
298
329
266
183
1512
797
440
12
492
10
82
131
829
112
78
27
626
8
945
429
424
253
332
315
2857
11
61
48
461
712
74
1066
138
215
730
14
139
9
313
642
602
47
658
480
206
343
118
501
564
1255
332
424
9
117
519
624
316
682
429
125
97
512
120
604
142
724
464
814
85
396
78
682
442
230
544
489
542
91
387
82
235
284
280
670
1168
480
545
413
446
336
120
30
69
375
131
259
1980
23
730
2064
18
746
490
219
324
89
417
66
345
1466
254
868
490
523
484
279
843
207
469
82
270
404
105
264
820
37
370
2668
113
905
549
26
1291
486
574
98
553
714
663
410
16
153
733
159
137
344
14
287
273
522
578
763
983
1072
221
201
1270
11
371
92
1292
164
17
314
362
180
134
498
1509
231
122
1636
849
113
322
523
98
148
50
142
379
418
62
58
196
3054
565
151
1109
363
276
253
98
869
266
115
1347
110
238
366
147
367
241
999
74
266
2611
93
5
785
529
1203
91
5
35
509
336
130
446
1141
246
547
1349
250
256
35
190
726
1565
99
146
1038
235
299
243
164
1266
202
803
696
5307
380
205
234
855
8
583
157
25
65
128
317
249
565
1012
176
327
434
1766
697
175
238
1354
20
411
774
482
241
954
211
202
78
465
1197
46
176
521
241
127
1396
268
944
84
133
1
347
920
370
317
457
477
1209
374
422
249
1068
32
259
403
127
351
564
398
68
137
497
760
134
176
370
5
4
18
86
398
790
519
22
127
2
842
1229
83
228
119
144
251
277
171
684
182
1130
292
63
574
817
49
379
800
93
339
209
133
419
237
408
349
373
282
49
474
518
105
1524
519
270
62
31
1217
24
186
627
379
1
271
2807
330
483
6
292
773
722
112
264
914
1165
265
82
150
106
4
417
363
526
143
70
2
673
386
27
599
194
366
354
304
144
538
448
180
44
454
34
209
164
532
487
1014
614
342
1275
493
44
129
1149
578
1580
18
91
87
63
315
901
581
359
253
940
117
742
39
579
489
690
85
1418
2831
271
810
847
1965
202
415
359
391
1281
8
228
35
1003
840
622
20
150
19
1150
200
69
152
459
240
149
389
708
74
720
67
716
434
23
494
597
95
205
461
383
68
31
208
694
417
2373
536
96
471
155
474
128
1001
387
323
409
1065
121
408
596
185
495
86
700
323
522
253
773
137
64
458
69
337
140
364
1282
118
206
1036
10
537
740
270
365
191
426
268
213
410
150
390
323
775
752
360
523
39
39
85
415
891
51
242
266
134
117
976
303
74
132
236
415
866
242
1220
441
197
713
230
104
925
142
241
218
330
479
96
397
1223
782
144
349
885
708
1558
24
202
1124
813
1070
133
1269
143
28
58
1852
538
1042
95
50
297
1249
422
24
50
367
70
358
927
709
38
482
469
371
191
580
1180
1222
224
222
722
189
96
426
78
491
759
65
425
211
169
815
242
353
660
40
64
900
458
79
66
1955
978
31
585
63
159
66
1089
452
951
954
230
64
1387
120
230
416
164
372
976
49
765
321
107
167
820
2021
214
70
317
1427
263
686
629
247
1128
940
44
1004
117
33
320
79
214
25
1508
322
434
499
7
210
338
583
233
176
8
133
173
355
643
810
158
65
231
596
43
102
568
267
556
1894
490
241
11
610
123
13
670
171
638
470
1461
104
111
276
381
322
772
146
1146
496
974
1073
1360
1367
550
20
1752
2013
185
744
326
155
225
635
329
507
655
9
86
90
293
403
345
39
74
1203
1553
419
134
485
401
464
324
145
310
990
202
65
55
59
622
183
345
1245
51
655
93
105
162
534
69
335
961
525
113
633
466
231
324
398
117
117
503
413
334
939
8
308
1560
302
107
107
421
36
409
55
11
312
1290
141
306
222
521
648
595
1243
14
571
57
85
195
262
859
462
85
160
574
691
95
32
228
541
11
1275
311
1375
87
178
737
783
564
321
90
252
421
1582
1066
1764
4
67
158
255
240
234
1083
34
53
220
32
313
466
367
358
132
517
414
24
211
682
97
453
417
200
50
181
50
15
459
52
163
78
21
612
721
117
780
3
93
269
613
1203
239
791
939
162
53
559
236
513
320
396
403
676
1013
659
387
543
251
306
50
126
1009
2276
663
2219
493
919
420
741
618
1653
514
726
2578
92
340
608
219
561
726
485
102
1147
787
308
463
825
107
1483
6
95
1417
1565
296
52
178
922
815
564
595
2009
45
461
485
996
401
215
14
362
11
503
867
896
445
91
1286
107
1438
113
810
3124
2633
681
370
333
710
79
377
469
426
138
314
596
95
87
139
178
239
433
19
583
1382
554
974
1059
541
302
782
149
10
378
944
354
1182
1425
133
336
265
675
1724
147
833
502
250
192
126
1629
72
590
705
16
364
583
193
191
610
484
117
1663
183
89
3325
1255
112
152
948
282
345
939
55
1216
204
21
1325
69
68
28
338
315
392
52
384
1417
80
90
100
17
14
3073
1020
60
111
34
59
522
456
66
701
842
74
573
78
336
64
176
1031
192
455
332
521
768
585
345
8
110
994
346
92
273
790
183
100
18
2377
188
15
16
385
820
586
108
802
403
140
115
938
1528
348
411
276
88
491
943
528
7
973
600
240
676
576
390
7
196
124
197
100
474
78
140
300
155
232
174
759
16
1740
349
2
16
771
216
1914
9
29
58
51
596
217
118
499
1339
3818
312
3781
418
547
260
165
32
291
768
116
182
58
370
15
105
113
2135
1687
51
559
978
518
67
1449
439
1488
1050
267
992
1994
132
85
276
1106
126
1529
1080
63
180
18
39
369
108
122
1319
226
511
466
199
367
409
115
45
505
171
213
378
867
153
579
12
441
11
1105
775
385
356
1457
321
352
15
943
725
1445
1028
243
601
736
119
548
168
88
220
36
1099
528
797
1031
504
164
59
158
230
915
515
145
195
970
576
10
508
91
16
1313
364
674
362
51
214
23
554
599
800
366
367
944
451
992
249
277
20
851
371
721
177
98
180
283
207
610
90
603
222
104
326
622
758
281
490
296
758
373
106
174
736
395
1342
741
90
301
1219
35
861
1054
190
449
2161
52
171
136
533
110
79
790
697
83
1861
106
888
422
181
45
522
69
398
346
40
344
1038
366
88
378
837
482
371
157
589
111
98
1169
730
1686
53
18
51
225
244
277
788
979
1109
618
177
244
2958
517
951
109
1009
