98
126
151
184
228
495
172
2
286
10
148
26
43
89
4
15
226
87
636
39
16
1117
143
78
89
47
28
27
539
95
41
235
464
3
90
10
167
622
591
137
166
675
237
244
110
90
145
169
87
117
579
76
256
262
615
263
16
175
85
33
139
202
24
183
21
20
87
6
89
485
3
18
127
53
92
90
17
141
233
9
124
28
508
425
33
251
222
213
241
66
907
443
133
50
16
245
96
93
128
512
1319
152
84
191
69
307
13
55
433
30
8
882
248
168
255
70
30
16
455
108
428
603
422
284
159
117
214
661
178
139
27
123
109
57
150
11
60
42
62
241
695
954
77
209
37
880
7
36
703
267
847
303
186
58
415
422
167
16
437
188
886
509
8
64
515
2
85
76
92
869
68
265
8
41
40
78
531
91
455
3
24
2
42
236
1114
299
93
649
163
189
161
208
184
237
90
146
131
215
39
139
33
60
93
216
28
133
141
73
51
182
37
213
119
39
233
418
204
1046
83
54
117
29
18
142
87
54
587
149
529
5
97
204
109
37
638
431
247
3
249
46
18
74
217
85
5
109
182
77
230
13476
269
129
59
100
8
96
289
96
30
69
236
628
136
708
521
156
143
13
105
829
42
956
37
8
584
87
73
276
101
161
203
456
565
117
715
182
84
483
307
695
65
95
135
80
3
33
56
576
122
111
231
111
303
833
118
59
86
226
226
64
472
949
110
60
451
33
585
301
499
484
217
479
179
138
244
108
289
204
87
1101
61
578
37
74
106
1006
43
644
47
472
57
4
271
18
32
87
232
966
163
842
104
277
525
303
288
881
157
162
68
95
944
59
78
632
12
129
635
839
669
18
227
38
162
65
76
66
1393
14
154
73
25
3
850
863
269
592
174
62
1444
30
96
80
6
172
163
245
637
228
159
45
141
116
145
62
421
107
42
188
86
115
570
475
41
207
91
106
153
261
74
57
143
12
103
40
185
39
20
53
443
44
247
489
1025
113
107
498
36
162
12
509
7
113
198
209
681
207
149
499
28
620
1515
63
657
171
97
159
415
107
147
106
60
96
43
166
461
91
182
34
148
20
289
215
288
440
236
108
520
107
166
103
259
94
136
77
291
278
129
715
6
157
1077
230
113
157
34
84
163
266
5
46
66
466
63
524
83
139
123
45
591
12
34
33
24
120
7
680
10
167
120
24
58
204
27
127
36
67
522
810
473
864
126
834
466
1243
131
411
82
186
292
91
431
290
716
565
444
90
71
25
40
456
528
167
279
281
95
104
137
72
31
92
159
266
131
20
70
142
982
124
238
272
233
546
26
284
900
186
117
124
145
34
25
156
236
408
173
110
104
415
21
49
35
489
96
257
292
257
80
162
43
239
137
55
582
6
483
17
55
37
458
452
60
19
1323
202
14
95
1083
59
61
455
112
65
8
135
163
144
662
42
253
41
128
129
63
57
1
5
20
61
130
278
299
39
36
234
157
99
37
172
144
26
35
48
306
91
168
296
141
247
251
298
407
67
91
658
1899
244
89
28
24
410
129
263
111
1246
23
588
131
16
35
186
560
24
482
567
172
559
14
2
36
172
24
22
75
121
824
101
44
3
417
2
299
64
128
229
482
294
137
1104
575
92
115
213
35
31
45
463
19
280
276
149
11
282
53
817
191
124
94
64
191
190
79
407
832
83
167
106
506
27
414
139
56
593
63
43
150
219
102
56
181
83
49
183
693
5
424
57
428
679
255
108
101
832
61
41
143
20
630
883
283
71
102
165
52
285
38
429
64
19
50
437
924
49
80
10
564
199
231
149
45
813
613
84
262
120
84
66
78
14
240
14
48
51
36
112
111
6
64
17
597
280
89
306
95
184
261
232
70
270
216
1043
107
253
144
287
39
591
187
77
44
93
426
133
821
157
12
888
92
473
496
138
188
163
195
675
310
83
409
7
24
494
151
293
548
494
20
93
49
12
10
1
25
174
51
260
459
92
142
2
138
829
23
304
255
64
28
123
68
267
420
151
1099
67
475
454
150
301
418
889
39
39
5
7
222
96
413
125
161
71
138
30
212
82
11
157
49
104
68
292
234
157
228
41
596
12
607
281
129
472
79
16
12
57
76
105
74
1271
68
408
65
554
226
25
10
73
84
236
682
295
20
174
70
105
69
247
12
674
127
170
31
88
598
90
155
73
111
27
189
109
49
22
161
45
276
129
123
1820
41
71
451
233
9
24
294
111
555
231
286
9
41
921
205
24
429
39
144
69
599
5
682
85
103
280
128
154
31
153
80
288
37
458
7
181
42
829
145
91
608
181
267
2
39
251
481
67
1048
84
31
6
55
82
34
125
76
52
147
71
19
242
95
407
303
75
86
46
170
411
472
21
21
85
16
124
257
264
281
50
282
68
76
58
150
11
290
57
104
410
87
50
11
61
156
53
168
304
29
497
161
179
970
175
203
150
194
20
88
126
186
138
34
50
63
4
47
105
103
241
405
38
125
664
683
488
63
50
704
24
475
285
454
286
437
278
580
422
96
79
413
61
408
192
40
265
1
253
51
261
61
36
20
26
7
43
279
133
53
1077
101
574
439
37
481
184
442
81
647
199
706
132
80
95
106
38
34
84
33
426
107
505
198
1115
99
55
77
133
66
191
680
76
257
243
95
130
110
254
209
170
136
286
244
77
278
32
12
155
170
420
111
13
74
63
30
291
674
79
76
72
128
157
54
14
719
71
89
438
525
12
16
132
303
266
29
24
197
23
439
161
299
25
175
183
176
76
103
83
18
74
96
414
2
200
248
185
2
139
415
448
152
123
489
196
4
270
159
917
109
2037
44
417
160
590
174
170
110
188
70
222
529
20
17
157
298
303
253
681
9
308
15
86
5
307
279
238
169
22
219
3
177
189
5
20
487
27
63
35
76
248
550
142
184
8
49
556
133
111
235
146
44
74
5
48
63
52
167
15
191
553
8
63
621
134
471
210
73
101
185
170
224
218
146
251
37
110
538
155
30
60
282
98
114
41
1414
457
169
23
47
16
180
85
32
408
30
91
65
300
592
50
48
108
259
68
297
104
84
542
251
462
138
50
477
76
218
41
227
107
82
49
3
202
7
133
120
41
131
57
94
66
644
583
3
605
173
666
304
2879
695
44
31
287
8
159
210
1038
195
816
42
114
97
167
665
31
544
106
193
864
126
126
694
86
50
51
99
257
31
96
94
16
267
132
151
304
637
44
93
558
183
155
885
19
86
61
602
197
565
69
60
147
10
708
582
203
149
717
424
94
128
627
1215
923
291
462
235
7
137
148
511
135
77
88
825
121
223
1233
603
504
140
1
65
102
113
81
95
75
135
523
206
176
26
466
293
22
36
36
210
139
157
124
61
50
32
281
33
555
34
842
165
126
134
184
1027
6
31
192
23
16
254
25
226
192
242
439
98
250
11
34
176
419
126
125
232
31
194
132
935
430
497
259
82
70
108
119
493
20
144
6
4
55
51
34
278
80
174
60
171
112
539
77
203
449
75
457
28
230
282
4
168
74
478
62
464
165
29
1057
63
79
86
15
256
993
513
97
471
35
74
409
4
118
274
423
115
276
98
233
62
266
44
136
2
73
278
107
124
247
27
618
69
147
185
50
1762
111
452
1
217
193
119
25
253
138
53
17
108
648
123
209
269
109
31
98
420
446
67
8
49
157
66
46
12
51
46
50
109
197
83
1007
59
413
11
25
34
64
45
63
34
602
45
57
163
178
93
100
16
25
42
25
14
206
100
874
51
1540
427
34
1232
26
67
42
32
895
11
659
417
39
674
76
40
535
22
120
141
15
91
163
591
850
92
675
515
73
56
1843
305
831
208
84
80
195
213
77
201
96
25
225
26
8
253
53
242
253
157
4
111
19
157
71
306
627
108
82
1679
63
87
28
133
17
704
102
245
59
151
493
18
93
248
232
64
74
220
533
205
52
35
78
664
11
66
414
486
289
126
5
115
18
20
136
266
9
483
42
143
55
250
248
665
109
136
203
66
24
542
427
191
35
46
540
32
603
44
109
616
17
185
110
229
222
211
1257
513
156
83
128
455
85
234
188
50
212
490
27
188
189
22
244
19
32
108
52
7
35
457
225
304
147
499
38
591
432
58
889
240
145
65
189
192
899
4
166
215
62
4
35
426
144
216
167
134
210
164
265
434
12
274
1086
201
66
234
78
853
280
90
201
466
130
488
112
9
178
288
63
15
271
690
124
444
28
107
8
164
191
21
5
128
82
910
23
34
303
128
418
49
92
273
419
11
141
30
124
21
68
256
168
105
236
98
188
871
51
175
8
26
718
405
53
127
419
415
243
82
616
274
176
854
261
30
112
73
159
1
151
230
242
136
124
175
422
235
2437
288
234
158
100
853
63
55
481
235
151
20
3
166
257
158
287
143
439
87
153
25
255
178
482
88
122
106
158
149
4
114
238
79
195
297
6
174
833
60
164
139
203
61
562
211
66
118
154
414
62
110
54
96
238
883
100
120
57
202
920
38
8
97
214
63
178
222
563
289
1
39
66
185
60
187
464
187
632
565
15
487
33
136
76
13
37
71
126
533
193
517
47
414
76
2
225
8
67
53
42
270
22
577
430
447
483
406
7
89
500
90
553
471
114
120
72
140
3
107
164
503
197
262
121
4
17
432
215
237
78
1258
44
24
129
649
282
41
142
11
28
126
238
1353
53
95
24
148
514
67
75
929
412
687
190
125
116
11
20
101
96
463
87
93
109
37
119
289
966
40
7
17
91
38
22
75
175
50
151
469
190
144
63
296
233
185
64
253
236
170
204
52
291
36
54
18
42
36
31
207
43
454
3
574
1219
1887
150
222
53
454
138
575
32
114
207
173
135
110
88
31
56
175
154
151
30
618
236
5
190
285
174
84
570
20
232
110
139
238
81
98
50
47
87
641
68
7
675
196
29
79
264
12
50
188
641
508
164
156
7
494
159
236
105
36
58
24
5
87
214
255
71
106
203
13
131
526
517
248
82
56
111
173
25
211
28
75
214
65
56
226
568
426
486
186
24
145
433
184
578
446
129
159
224
257
585
121
19
167
472
121
4
59
189
71
833
263
66
1
32
164
219
116
276
234
248
66
144
1454
70
225
467
287
874
166
48
501
41
138
21
141
34
1129
196
239
570
12
117
169
423
262
85
118
508
270
148
21
47
23
254
644
8
134
436
1316
439
11
32
195
50
79
105
27
50
421
538
105
217
57
30
5
254
138
21
201
26
254
132
429
571
9
419
975
7
423
411
534
288
297
158
224
170
41
109
16
279
189
65
276
827
217
812
64
51
85
43
84
95
208
546
656
44
4
40
33
205
538
51
20
441
77
32
155
142
19
68
6
875
577
145
238
130
248
272
426
96
204
66
266
142
82
190
405
1042
41
16
84
211
20
143
641
124
28
77
512
43
631
443
6
13
30
146
95
491
109
108
176
124
604
206
552
162
65
118
221
75
58
493
518
205
168
33
568
41
40
49
54
184
61
111
659
143
265
33
581
103
267
1543
68
53
47
286
1
417
88
519
18
14
16
52
11
122
138
133
25
925
3
45
887
57
409
693
258
38
14
405
415
150
10
496
211
14
107
93
34
49
240
108
45
221
145
169
10
210
547
108
143
89
77
473
553
26
49
492
64
610
211
178
201
108
294
56
238
95
52
812
24
190
199
1393
40
131
120
463
17
52
110
418
19
182
69
606
102
48
41
295
17
94
180
266
114
50
15
7
437
483
83
441
54
79
87
200
51
33
613
251
162
36
281
127
49
85
213
21
532
552
49
550
91
75
63
437
46
277
46
235
2
241
99
68
234
9
130
40
65
284
80
122
410
418
687
31
142
677
447
145
85
174
10
127
7
225
104
9
92
102
42
825
264
126
32
579
57
29
49
174
24
42
41
248
23
60
428
75
43
1338
654
129
87
49
68
1022
12
140
43
56
98
457
814
12
160
178
158
709
124
239
6
186
175
664
134
107
307
4
6
215
1626
270
271
276
212
13
42
426
98
249
154
131
254
582
421
118
9
72
463
62
249
199
291
301
1337
177
160
27
15
52
152
209
584
73
550
86
137
19
163
234
419
14
427
76
7
117
74
218
38
130
592
144
51
1932
129
68
11
224
11
24
3
176
269
73
245
718
108
619
550
131
17
15
25
424
237
69
181
9
447
13
7
76
265
111
26
266
77
482
74
241
413
208
506
62
480
1225
21
99
245
213
159
99
105
63
41
152
31
165
16
89
82
148
253
53
435
178
49
72
456
67
49
146
134
132
64
168
64
63
521
258
533
661
250
14
107
136
17
248
814
1055
268
425
240
124
14
129
406
121
108
955
472
227
189
147
22
405
85
281
505
276
506
87
34
131
279
155
66
589
35
34
468
228
55
274
51
12
668
73
1418
877
270
201
105
158
113
231
49
99
199
203
25
706
79
44
112
89
308
218
47
25
93
91
1216
267
84
80
433
263
163
614
49
8
417
827
23
587
292
1
105
1223
177
32
26
14
8
309
509
115
50
440
1216
161
492
131
117
83
623
41
35
94
119
49
445
42
68
1
39
106
207
3
121
534
118
77
27
55
282
40
22
155
73
475
54
857
92
526
33
225
1
2360
270
109
460
811
653
1
144
36
86
257
24
9
77
121
99
435
287
287
129
306
112
143
65
267
38
57
119
45
515
113
195
101
51
41
470
81
199
562
514
196
415
570
24
90
206
40
606
624
17
6
36
165
99
16
124
14
68
108
224
2
91
438
172
43
8
265
22
159
943
132
214
304
112
283
179
169
553
35
185
629
7
859
40
29
270
28
419
103
54
13
48
36
10
88
117
29
164
103
33
88
202
476
88
165
71
39
4
250
478
827
9
89
577
235
31
262
21
69
972
160
2
215
185
44
245
76
56
212
139
256
163
100
173
172
87
109
79
515
239
543
121
522
15
62
631
53
72
118
529
81
48
24
99
22
20
670
122
510
2
126
664
410
73
1056
26
31
109
289
40
12
505
117
931
234
20
33
34
250
185
10
20
467
510
34
141
45
32
441
236
109
30
2
74
452
51
109
103
412
85
43
199
89
582
120
112
243
48
98
985
150
708
10
189
187
615
37
204
280
7
230
174
118
50
512
286
92
289
109
170
67
174
88
427
30
8
410
838
12
268
282
102
608
45
127
206
58
14
279
618
447
19
286
532
608
7
499
263
1771
815
22
125
3
17
12
173
107
588
135
498
127
103
71
258
72
873
251
827
449
520
159
26
542
6
19
1050
509
136
56
5
116
242
238
552
154
63
7
308
135
158
14
990
7
2667
209
414
489
507
41
55
486
613
452
156
145
496
17
310
7
207
271
175
265
1476
37
156
65
28
203
283
178
204
69
190
93
235
226
107
198
408
687
86
41
38
23
604
185
149
23
217
73
163
229
307
204
8
238
160
134
494
200
437
2
84
8
104
36
35
16
663
35
149
229
114
20
111
27
125
90
99
538
1016
256
38
174
31
185
35
589
432
29
480
42
42
42
592
120
200
10
945
430
75
413
2
421
111
61
21
80
53
97
5
31
197
137
172
104
156
73
299
10
34
294
34
50
96
255
219
109
1353
198
33
561
75
53
299
217
524
93
55
27
955
49
698
102
708
260
99
218
459
198
233
1
10
52
3
426
33
102
90
525
89
459
98
631
151
662
664
66
150
306
56
65
61
220
36
15
256
214
57
475
12
72
435
48
244
512
199
215
137
174
55
241
46
185
69
10
273
409
92
414
129
250
101
475
71
235
553
450
27
36
26
81
463
80
69
265
42
710
39
202
92
82
193
463
48
3
90
2
71
165
989
88
25
480
619
60
614
516
216
668
9
98
54
685
48
535
442
28
29
60
406
113
19
219
211
479
35
60
243
642
168
104
1507
450
71
118
128
58
22
189
22
507
1
55
39
199
179
413
107
151
161
153
98
99
196
62
865
569
56
172
279
32
26
309
56
662
6
250
218
209
681
49
293
238
492
206
18
142
38
27
186
7
248
102
194
167
210
75
74
488
72
632
214
1066
122
248
67
71
78
128
177
489
36
72
468
120
417
197
60
34
1105
166
20
152
925
33
106
119
70
129
33
519
164
620
194
222
38
225
79
19
172
181
25
159
78
625
96
162
52
89
167
64
144
80
226
577
420
229
45
16
122
150
621
613
592
17
439
79
122
90
227
266
306
25
94
298
83
204
272
153
164
133
177
888
111
95
66
177
254
183
24
192
881
102
652
43
15
851
406
551
87
106
19
140
47
156
18
176
586
603
695
32
159
188
78
1108
49
138
558
186
530
80
36
132
926
202
114
693
89
709
573
4
469
119
247
12
3
645
37
123
11
38
408
536
17
30
12
114
3646
129
16
3
41
77
201
623
435
450
457
290
219
203
178
433
51
163
48
64
24
129
105
218
10
73
43
115
118
177
17
31
87
593
50
437
114
127
267
220
159
916
49
80
19
68
58
122
145
296
3
173
500
124
470
474
29
239
34
247
12
200
181
260
61
526
85
210
531
173
44
182
162
19
509
138
721
499
97
248
243
66
84
54
291
85
18
217
818
115
29
81
77
86
46
546
128
220
231
75
273
64
162
613
62
454
272
257
9
194
175
281
155
64
502
206
569
1
65
191
261
148
204
30
24
113
684
123
105
169
303
814
140
480
170
139
18
202
825
1884
256
25
9
56
123
71
33
200
90
73
434
42
16
78
560
220
180
202
96
434
574
299
147
245
240
508
71
153
107
704
424
173
144
64
187
6
240
222
201
6
50
461
525
103
653
223
87
121
199
229
76
43
194
526
10
426
220
977
75
87
280
67
58
64
646
22
485
123
437
152
180
427
226
190
272
135
626
428
174
54
30
569
73
209
170
453
60
4
11
626
29
184
36
124
83
48
100
635
259
506
67
673
146
503
47
31
636
120
77
694
97
79
529
94
189
14
296
82
286
816
149
411
61
55
101
41
148
304
236
29
172
264
79
58
15
74
15
182
441
16
52
5
273
7
148
43
821
149
73
13
620
148
27
4
278
1019
210
6
11
143
112
86
9
599
38
155
79
615
303
1822
175
46
231
303
66
19
452
719
1127
16
590
35
250
288
310
86
619
79
427
140
450
114
225
84
55
128
417
269
12
202
553
19
282
169
11
532
90
554
302
29
103
189
496
544
92
644
97
147
212
28
62
491
120
210
32
48
139
72
238
8
183
209
87
26
56
48
63
196
32
150
308
3
49
125
507
191
62
1338
17
114
96
144
308
103
278
25
237
233
202
78
36
143
46
240
49
156
1017
577
116
461
135
48
58
15
590
436
78
191
895
7
37
31
493
37
179
116
3188
52
25
306
63
539
117
49
63
437
303
69
551
236
694
54
16
40
1455
48
233
435
168
20
490
43
222
42
26
155
233
91
597
6
453
42
1472
81
97
194
689
176
434
408
102
64
25
157
44
39
59
437
1633
100
282
109
10
49
592
3
93
169
46
61
503
295
82
87
24
544
37
26
641
78
38
165
300
78
708
100
813
145
60
76
194
137
663
235
118
26
489
419
230
426
261
115
497
101
51
19
125
39
252
143
255
17
244
221
209
20
143
420
437
186
854
506
154
245
198
181
275
412
30
11
51
871
55
48
137
24
81
4
104
296
469
490
126
5
118
237
185
77
549
113
632
25
185
21
890
215
169
46
586
235
26
51
19
461
59
111
281
77
50
167
159
133
126
832
36
695
473
83
518
1
210
61
197
75
139
47
288
26
8
473
28
219
501
119
62
111
185
57
143
57
144
7
20
605
174
203
54
186
30
496
295
139
451
451
827
147
75
69
433
167
160
85
923
1286
31
86
415
190
411
105
105
185
45
263
212
91
66
604
87
240
88
11
305
38
146
480
51
44
9
96
580
168
304
215
414
863
13
72
105
422
12
51
82
1
139
34
179
58
88
64
305
235
440
123
82
444
50
99
194
653
66
279
298
596
702
59
46
198
25
170
97
814
291
205
120
171
149
201
413
203
411
162
28
886
68
613
214
462
7
866
143
105
147
235
417
668
107
7
93
63
113
133
125
94
243
2181
180
248
123
127
556
26
1035
73
415
436
276
54
61
1090
6
180
252
12
56
153
575
429
229
454
473
3
38
18
126
162
104
306
513
1
194
490
18
22
974
241
206
68
24
12
470
92
91
136
160
61
30
527
286
45
3
103
41
192
133
191
1058
9
178
202
123
211
39
869
176
177
884
91
202
67
141
179
54
107
91
168
485
151
109
591
24
201
275
13
25
500
420
495
42
557
191
73
300
85
172
29
93
3770
517
527
145
548
872
247
161
91
827
44
169
183
74
238
616
166
287
11
233
654
55
142
91
308
150
468
96
8
21
417
148
671
36
53
23
12
46
86
69
135
43
233
124
71
21
131
71
109
3
98
260
54
497
195
13
87
307
14
250
72
78
110
707
171
264
162
1216
89
51
438
8
407
694
55
482
251
105
61
175
127
30
36
7
120
209
231
62
211
454
88
39
139
112
561
188
51
20
50
92
24
286
124
486
217
427
434
67
1
29
6
27
98
598
135
10
64
72
46
36
41
306
71
63
26
94
20
659
448
467
109
127
53
11
77
127
108
815
79
39
235
218
431
11
14
187
84
233
82
52
144
410
68
423
123
196
167
4
27
34
64
110
224
656
6
134
33
55
83
632
247
67
146
200
1027
84
132
115
219
32
42
555
264
85
238
233
298
3
555
459
17
49
8
50
170
2
159
71
1063
11
256
483
137
116
25
674
13
33
420
65
167
202
11
186
197
22
35
20
112
1
57
282
618
80
690
82
17
125
504
41
2
171
47
546
18
1484
180
570
81
44
714
432
170
77
884
557
24
120
110
310
106
163
48
150
1036
198
203
238
470
256
421
219
278
174
37
65
59
187
305
7
67
247
185
408
222
254
120
111
58
962
95
36
269
435
82
134
170
147
943
661
56
46
440
46
4
213
121
32
60
26
102
51
627
72
186
476
109
193
134
40
24
242
79
92
36
537
235
195
228
120
41
2
148
62
156
19
184
150
118
173
59
86
667
151
36
459
55
9
103
222
443
503
161
227
119
76
41
409
11
248
522
199
266
225
100
128
545
279
35
17
89
242
270
136
131
15
264
86
477
1219
638
9
490
140
110
92
433
250
46
458
306
147
177
72
176
239
54
36
59
239
494
27
11
639
5
190
104
310
120
472
286
429
145
107
56
58
497
991
35
1057
4
298
22
125
62
54
174
85
179
217
36
41
227
159
67
18
2
18
83
981
164
73
94
928
912
216
453
1
5
237
689
1491
131
436
254
439
203
13
151
1
74
32
223
541
102
507
95
57
99
95
208
35
249
11
227
295
176
43
92
92
837
487
242
16
77
34
178
186
457
455
98
47
29
132
256
83
61
608
116
457
153
46
41
287
603
65
10
484
15
533
535
73
69
108
16
35
161
79
45
88
72
608
233
17
14
89
686
56
124
82
105
410
207
237
228
47
143
92
261
67
96
191
161
24
464
27
459
87
1101
220
46
638
690
18
510
183
34
174
196
235
270
105
80
126
158
63
215
485
120
423
112
44
1120
30
179
407
247
424
302
181
129
15
154
189
211
74
13
463
100
280
540
195
83
8
218
248
193
427
208
168
198
135
167
41
61
11
220
80
49
156
81
630
275
161
191
303
55
176
1215
183
93
32
169
113
49
411
157
200
78
44
411
265
1524
415
232
63
9
96
39
116
12
174
29
297
35
149
85
248
1
78
107
412
134
185
124
431
218
115
108
414
898
524
540
8
587
22
504
409
20
105
9
61
277
306
129
78
86
7
93
106
9
11
74
693
80
594
65
204
44
124
555
96
643
498
276
191
121
100
105
699
34
99
227
496
171
26
174
178
540
43
277
29
49
10
49
9
1067
15
167
3
689
33
44
123
75
22
119
63
13
192
82
36
11
897
146
86
71
280
12
173
705
432
75
607
815
116
18
232
43
204
147
150
222
202
10
166
1
149
104
233
78
168
64
32
22
65
134
70
530
88
185
258
151
499
71
67
36
213
56
288
27
33
478
155
90
145
301
24
94
50
92
946
969
69
246
76
151
34
125
146
220
154
190
60
844
38
301
415
92
257
25
581
30
26
33
97
115
114
123
19
118
668
109
32
281
33
149
49
3
675
159
8
437
204
104
58
101
38
78
211
105
13
88
562
103
60
73
173
525
86
84
47
129
653
69
5
202
176
473
269
63
57
231
145
18
165
719
186
133
452
464
824
869
80
228
22
258
147
245
2
868
568
61
2
154
610
220
246
109
121
136
583
704
36
122
69
6
128
113
100
144
223
201
289
98
506
87
169
188
75
170
87
104
37
198
225
163
302
209
55
450
70
95
198
75
897
569
245
10
99
247
272
60
150
581
11
88
1
998
66
64
247
201
251
70
40
24
843
282
95
122
533
231
654
42
237
92
297
851
121
210
62
16
111
212
8
25
193
39
119
103
64
94
496
34
649
66
240
1005
38
659
91
36
955
690
71
10
230
254
142
112
121
38
201
33
288
46
91
290
77
3
263
682
660
295
4
596
512
454
261
72
75
198
72
141
9
115
131
19
1420
825
153
629
71
119
103
5
43
263
551
11
60
299
276
256
18
835
2
24
584
170
124
283
131
418
587
266
67
152
16
16
37
690
6
197
100
25
166
256
171
41
876
284
105
252
105
33
157
190
160
204
224
71
599
159
227
31
670
48
222
415
209
49
448
4
2
174
117
169
238
304
600
614
303
230
145
25
207
556
15
37
251
546
117
247
288
82
143
308
294
109
124
631
257
293
262
120
18
586
45
5
92
118
100
37
25
224
207
266
195
106
266
133
599
217
144
16
43
183
436
271
118
232
228
206
144
179
102
123
841
234
80
2643
511
198
192
204
59
89
170
590
14
175
113
113
410
56
151
6
199
126
60
27
127
408
6
223
676
119
181
4
670
53
188
266
90
952
592
551
251
1
132
165
429
152
215
16
647
240
38
440
305
495
1036
28
104
6
490
224
138
228
179
27
69
206
54
14
73
76
1015
536
30
93
44
18
238
68
92
695
168
965
71
46
34
53
34
73
35
17
170
677
486
43
147
100
223
236
8
140
125
76
904
50
1350
21
57
5
526
296
59
165
227
718
54
466
644
175
521
113
99
24
427
657
159
40
13
16
99
11
98
3
36
7
112
155
54
222
206
67
66
109
67
3
79
140
76
70
194
678
575
1
82
479
111
30
78
69
98
513
37
93
490
652
92
9
217
198
472
9
116
634
9
140
153
423
50
251
419
55
18
44
132
78
964
16
454
152
434
434
155
49
32
4
598
168
63
28
104
82
198
135
28
41
20
306
491
462
827
112
71
106
15
226
61
582
407
179
190
154
185
198
15
129
48
57
46
248
23
2
482
14
73
76
252
103
458
215
78
477
186
257
202
720
20
157
305
99
26
147
1366
167
19
44
126
128
259
61
408
714
86
203
11
96
109
440
9
562
138
61
111
4
28
28
433
606
234
156
249
139
171
156
127
88
823
217
115
142
287
223
257
660
55
78
106
187
37
201
259
59
4
125
76
152
46
37
149
29
426
60
98
135
62
565
289
280
152
153
489
2486
249
280
615
74
256
718
434
45
93
152
198
115
122
303
182
448
23
415
85
418
142
256
275
864
133
91
243
134
51
904
310
233
217
209
202
150
16
123
163
265
236
203
146
565
454
250
15
58
213
117
696
464
26
85
148
17
511
186
490
305
147
490
16
18
472
11
11
70
138
292
96
13
183
2295
136
23
58
449
274
447
119
15
90
64
190
48
194
234
87
152
51
489
190
247
38
543
86
214
34
883
247
143
81
462
167
31
131
119
131
466
123
26
494
23
242
52
109
14
47
27
217
60
147
32
235
71
243
453
282
229
94
91
844
126
39
91
99
523
74
97
194
558
42
152
71
37
419
127
109
667
19
238
52
41
1084
2
37
447
634
417
257
984
40
261
12
613
31
220
485
159
216
408
74
47
3
300
449
231
538
100
198
210
85
90
1074
65
27
272
288
276
156
155
202
195
23
143
114
17
59
112
65
87
9
185
125
4
139
863
1123
118
148
541
102
137
220
179
91
126
74
70
103
184
464
133
1676
102
59
117
165
29
952
141
214
50
180
161
28
495
23
95
155
203
77
937
236
22
20
57
121
72
212
292
585
413
141
95
198
586
55
90
208
5
410
709
52
67
27
851
106
124
48
70
75
140
279
247
163
247
410
589
160
116
20
1066
47
491
487
160
34
111
60
547
432
189
51
100
244
267
15
453
25
281
48
247
118
33
50
41
104
174
12
495
284
70
3
139
223
465
506
293
298
103
2
6
132
272
308
93
60
259
164
43
102
59
56
438
217
170
19
71
103
289
636
170
302
644
220
98
76
175
22
481
37
835
90
607
309
230
68
15
48
539
435
255
24
712
569
1077
476
145
620
102
24
80
158
711
148
227
432
121
301
83
175
422
1111
91
120
126
85
188
40
114
482
186
61
291
24
46
287
199
938
1315
76
203
117
615
71
604
507
580
128
11
177
40
482
234
104
53
82
126
165
81
91
10
601
260
162
76
117
923
494
24
6
55
139
153
168
103
8
5
165
39
20
209
945
250
222
39
59
283
250
306
10
460
157
150
176
99
16
116
19
237
35
74
251
124
277
276
245
973
3
238
6
9
240
945
36
178
53
408
184
405
230
92
1215
76
205
37
6
293
28
57
6
302
161
74
132
213
26
228
148
192
199
198
123
280
10
479
19
525
17
42
255
151
123
48
85
7
509
663
18
544
224
6
260
563
141
165
6
229
21
62
134
101
666
976
15
46
45
135
85
13
502
488
189
203
37
51
11
125
261
481
640
54
408
109
286
125
34
424
8
8
86
36
172
76
408
85
63
231
132
43
829
542
110
78
60
18
98
4
113
1497
95
129
45
299
43
123
151
234
898
6
44
60
250
125
34
92
68
78
146
186
59
4
191
115
243
58
833
1779
303
68
35
72
276
175
260
428
296
83
9
275
26
128
223
79
101
586
10
37
27
130
59
18
81
427
417
966
66
34
78
179
253
225
56
159
108
18
448
153
251
25
68
150
35
117
130
280
960
197
262
439
46
9
74
160
172
61
3
14
51
51
14
180
115
490
104
125
436
13
681
167
926
467
488
43
59
110
33
93
124
268
16
657
12
557
217
1067
141
550
99
7
8
47
598
69
176
44
293
146
508
613
78
1344
14
23
68
512
69
196
288
687
41
79
36
173
87
12
219
87
641
139
86
90
113
55
68
20
6
39
164
670
106
196
45
512
39
5
6
110
476
129
493
103
114
72
197
86
139
75
65
12
74
1123
466
116
33
1364
666
104
81
517
666
270
181
43
916
141
140
154
927
212
1068
35
54
40
11
80
211
458
864
513
640
134
174
604
205
80
73
66
56
28
3
305
235
90
122
156
124
62
843
4
98
166
582
39
43
12
484
179
430
122
199
136
67
425
486
129
192
88
188
23
304
66
439
692
94
108
504
39
210
103
273
35
260
271
488
971
77
2
473
66
526
174
130
49
43
89
122
112
475
3
1061
217
21
156
17
221
145
207
216
19
249
200
12
145
419
127
49
147
257
124
204
1534
1052
162
283
284
468
217
72
21
119
163
214
10
67
4
54
488
96
992
156
525
177
113
480
11
107
14
213
620
91
107
63
432
38
152
907
94
406
26
97
190
124
14
495
553
152
89
485
166
74
123
183
57
407
176
475
299
83
521
102
112
20
60
48
23
203
99
616
1088
166
588
423
258
128
54
286
852
193
97
283
893
137
432
468
176
262
431
140
283
622
128
108
5
79
251
273
278
487
567
37
164
27
137
106
653
92
54
56
600
77
40
116
112
181
89
529
82
189
199
1041
108
254
299
591
198
516
116
463
35
496
55
286
455
440
565
17
89
24
639
105
148
72
18
457
966
27
66
174
108
89
6
506
424
525
87
147
118
967
63
160
30
33
148
286
107
859
113
84
92
142
192
23
59
117
43
76
291
973
94
28
46
74
61
439
99
150
34
171
130
277
265
406
218
484
93
112
17
149
993
435
92
41
249
1121
156
76
174
129
79
127
3
484
1125
686
12
16
84
188
85
237
300
37
40
164
130
161
183
301
415
71
90
61
227
674
11
644
228
41
65
280
264
130
487
305
498
79
13
229
181
206
66
42
43
13
112
421
91
256
290
4
26
4
467
51
42
128
409
19
40
254
13
538
616
64
302
37
179
926
47
26
44
439
24
249
40
539
46
284
25
524
192
198
306
104
53
96
95
19
487
7
161
151
176
60
428
450
576
74
55
99
104
206
693
47
289
247
143
459
24
60
80
146
52
164
185
76
452
100
55
294
40
34
20
2
75
133
64
101
73
1647
634
2
295
121
189
61
31
159
507
3
295
157
620
168
48
84
459
266
127
85
151
1090
104
508
604
104
134
30
421
21
160
91
6
108
652
649
866
482
114
7
65
95
59
82
106
293
46
17
20
422
62
82
449
83
207
203
40
134
247
46
55
15
193
4
95
156
153
257
76
64
82
123
625
257
512
271
75
247
995
264
94
221
48
34
170
152
90
22
58
446
199
90
18
130
221
170
477
855
700
45
109
635
498
84
81
476
306
123
414
438
7
239
176
9
39
170
863
285
177
188
122
128
32
236
305
1529
19
175
308
196
140
85
12
115
51
174
197
637
709
111
66
466
14
252
184
639
248
290
18
135
1078
55
543
108
185
238
35
25
36
28
129
100
252
197
2
576
428
97
143
112
38
541
240
148
147
70
896
20
59
93
271
160
268
61
203
59
112
155
126
47
80
25
24
91
114
270
173
310
19
91
201
136
188
30
141
4
6
19
257
20
533
1
1731
13
229
256
86
105
488
178
185
581
485
671
9
22
227
62
208
52
102
236
173
18
123
485
164
278
229
81
135
116
124
31
441
86
114
483
221
157
53
193
34
58
605
302
5
142
223
306
12
307
48
115
239
23
598
875
35
213
57
111
188
266
5
251
245
694
257
45
9
99
254
29
59
85
65
113
480
950
32
498
293
175
116
63
130
482
303
213
303
71
13
148
23
73
78
167
149
485
236
703
305
46
55
80
60
140
105
624
287
97
11
80
411
11
59
278
418
299
232
133
164
564
29
1545
110
25
481
489
508
518
423
273
162
273
469
226
32
9
283
53
179
192
463
486
184
28
144
619
120
158
172
844
4
191
121
454
36
107
115
139
407
583
17
45
1391
156
130
187
121
32
700
522
99
20
182
26
54
577
165
2
298
186
308
5
35
2063
646
10
156
33
70
97
490
307
26
100
47
96
445
458
28
6
825
131
1449
75
475
438
192
434
227
688
221
159
527
163
170
2
104
197
8
138
414
173
122
31
15
2
664
840
10
28
10
134
44
113
228
28
239
1
16
284
79
266
243
478
187
107
456
26
965
25
263
184
18
163
306
243
42
458
138
194
114
95
112
44
32
493
68
159
188
171
10
446
14
659
264
171
1
62
85
23
99
37
168
30
23
1022
77
101
155
23
99
187
50
85
220
296
528
101
143
221
58
195
8
149
6
77
105
654
292
67
98
219
61
7
716
182
83
204
29
102
579
72
11
176
206
13
203
827
45
71
1655
109
232
14
24
6
134
68
32
1064
496
10
481
44
216
57
69
183
165
1766
55
53
464
152
531
251
693
202
117
434
418
223
82
51
111
46
480
65
9
177
95
180
126
154
35
67
459
827
142
482
199
52
10
166
9
4
37
197
482
824
85
53
80
670
38
172
270
90
57
52
5
12
11
14
54
659
58
226
258
69
811
245
196
260
244
112
70
88
159
285
478
164
88
15
28
140
31
122
116
585
36
26
63
245
158
682
113
226
231
1
514
430
129
267
258
410
32
74
4
8
161
6
546
86
56
277
616
196
239
695
80
60
287
276
8
119
1038
140
453
253
118
476
27
192
115
281
154
98
901
16
97
20
407
299
237
482
133
1309
88
196
518
76
7
226
259
64
121
183
114
196
20
567
28
64
60
3
123
89
55
94
74
529
415
74
63
173
157
149
498
230
38
432
1052
1367
54
564
121
412
66
406
189
92
430
56
282
18
165
218
147
84
443
24
8
183
489
235
69
478
101
57
666
883
51
10
310
54
26
12
289
130
26
224
522
107
483
220
8
193
502
55
181
138
150
91
639
719
206
24
168
132
27
157
2
108
211
165
108
827
238
62
71
97
264
100
465
13
159
133
58
203
122
14
78
122
618
205
52
55
227
1080
73
209
98
21
203
492
310
302
669
171
16
45
54
276
36
440
47
271
460
66
174
224
174
460
276
471
44
2
78
52
966
148
233
31
123
92
251
148
232
155
164
155
13
137
60
609
432
475
47
190
39
217
47
137
11
240
117
189
37
715
529
100
90
59
12
123
23
110
179
815
564
133
865
49
102
62
191
55
157
885
19
78
28
605
619
16
95
414
982
148
522
67
548
32
102
204
19
28
68
2
248
25
14
33
45
148
135
235
28
195
92
160
10
680
100
54
989
8
514
77
59
537
52
79
444
50
448
32
139
588
617
130
183
1489
265
688
204
262
1214
456
5
108
209
169
123
3
9
5
149
33
54
53
11
70
498
198
109
407
77
209
5
247
98
456
46
130
8
294
80
127
124
883
15
248
247
12
826
47
42
418
407
133
922
42
43
1057
147
653
192
164
525
216
210
107
268
85
302
152
44
453
608
115
76
44
204
23
29
439
168
103
4
306
43
23
310
407
98
153
33
173
43
41
30
60
77
218
73
15
6
70
209
81
20
478
242
225
120
171
155
66
125
119
189
94
95
455
244
53
1034
570
810
280
219
131
92
1128
299
71
269
36
255
871
14
85
196
4
293
23
511
138
141
193
1
29
161
101
218
40
412
80
56
120
74
939
22
13
139
139
1078
22
7
125
186
601
213
50
68
216
70
705
887
218
174
81
14
413
464
713
277
63
93
105
188
118
235
28
28
99
52
3
306
14
108
12
55
13
186
21
58
1242
73
8
186
38
144
158
95
632
410
123
125
638
140
692
64
64
134
172
515
1
254
39
78
77
236
210
444
224
7
113
23
127
98
176
130
71
94
439
238
19
492
276
229
103
219
52
80
161
67
461
218
51
43
8
676
68
144
30
146
145
3
69
440
109
246
182
27
30
32
17
1289
134
79
6
67
117
104
116
238
92
39
247
228
1065
78
121
73
182
170
840
142
260
498
408
309
656
46
256
144
260
34
168
41
167
272
82
78
126
534
34
16
141
58
99
17
225
530
24
138
93
136
285
120
214
46
75
856
434
45
252
286
93
169
84
162
40
464
13
23
234
59
102
57
3
36
95
46
70
149
85
102
112
280
190
223
147
467
122
166
165
645
63
169
491
848
170
3
713
294
2
600
106
239
150
38
680
300
176
240
152
224
652
40
131
160
533
141
856
143
96
125
154
840
185
553
716
195
80
93
145
591
232
661
47
2192
84
237
503
141
74
109
84
285
48
76
241
409
134
66
237
308
85
296
518
15
575
412
122
662
23
94
6
200
474
98
18
44
72
174
79
419
84
147
66
113
207
1
33
141
1453
218
123
227
106
151
201
491
478
826
49
65
534
103
31
433
259
223
71
191
188
208
62
524
295
85
220
121
70
16
534
2
7
201
219
2
116
93
24
274
46
111
67
97
406
442
59
308
46
172
67
525
821
950
58
18
185
167
164
681
2
235
31
39
148
87
436
483
41
874
561
136
23
671
424
25
177
438
140
38
508
31
518
258
291
140
69
474
85
77
111
178
222
621
516
234
197
143
61
230
10
689
128
42
203
1363
116
179
45
6
504
24
463
54
412
663
180
160
36
265
105
146
194
1500
181
272
27
476
499
310
123
60
7
66
43
206
31
133
900
102
139
581
127
296
152
170
427
78
138
285
198
636
49
62
171
303
264
33
53
38
256
1239
9
169
92
107
274
108
471
39
438
8
72
271
37
533
127
66
891
244
6
242
858
491
145
632
62
201
216
20
56
816
279
171
129
1336
25
126
87
423
48
51
36
61
299
408
458
153
935
433
452
53
5
13
28
178
35
405
7
46
91
19
191
5
263
114
36
106
198
115
73
668
21
599
226
66
587
213
123
5
40
38
297
416
201
214
108
178
111
120
616
214
188
181
35
437
239
273
70
31
59
458
13
112
71
8
59
223
22
413
438
232
95
33
18
23
46
223
63
27
48
133
95
165
66
634
89
27
703
628
159
208
217
187
54
27
186
9
564
14
290
180
69
35
75
257
307
104
55
165
45
206
154
64
37
189
60
208
907
499
4
30
566
264
97
73
7
115
458
249
86
169
41
650
73
136
26
157
118
44
87
204
46
42
171
190
125
21
73
207
19
37
88
236
294
107
89
181
44
60
413
224
308
86
519
51
82
61
301
19
216
64
71
102
54
12
68
859
26
10
284
544
201
149
508
464
286
197
139
9
245
217
426
165
164
491
150
41
165
209
408
863
506
967
409
98
294
81
1222
507
12
102
593
629
645
232
545
80
510
1048
471
4
189
66
489
28
68
52
105
547
81
70
416
295
74
193
25
18
143
83
8
59
172
243
58
15
102
122
92
170
262
152
104
197
210
6
47
308
46
662
146
195
306
186
75
43
40
244
5
69
164
416
60
184
17
28
11
142
480
649
4
135
170
514
285
2
105
543
15
93
301
457
177
111
57
269
240
83
825
152
132
284
592
60
79
217
430
128
1
214
242
205
80
240
183
44
46
213
266
27
257
70
547
51
23
173
78
112
70
67
34
122
134
188
67
11
76
456
235
192
209
460
138
22
176
215
229
254
64
224
419
142
200
31
125
464
90
73
15
36
255
225
417
490
412
7
153
990
50
196
548
701
94
69
83
218
843
171
290
105
207
255
10
104
134
24
10
505
23
53
50
116
941
84
83
74
3
33
128
19
92
498
491
186
102
419
101
247
18
437
644
84
211
57
32
149
256
80
240
48
42
83
405
960
174
413
260
10
488
503
631
71
298
54
71
709
309
34
36
62
427
258
269
114
87
23
534
462
64
190
243
981
100
210
167
83
269
110
150
136
1052
133
79
181
49
430
27
56
452
86
61
297
297
517
148
304
111
92
122
111
139
197
92
28
258
20
7433
49
717
26
62
408
18
290
144
1922
274
112
475
78
429
147
193
269
39
109
237
50
111
26
180
221
206
709
191
238
32
141
93
14
46
103
529
495
62
237
961
46
91
286
411
479
104
149
275
106
36
191
973
653
43
34
111
59
1
117
77
699
870
88
160
15
33
51
193
91
38
103
12
192
494
292
119
34
3
433
183
283
263
44
436
40
26
26
284
38
641
61
43
195
645
1123
457
88
11
106
474
446
83
536
283
456
152
217
66
612
37
25
604
79
109
561
80
183
76
1364
165
960
98
111
18
200
28
90
553
867
117
197
2
169
406
144
134
23
55
414
4
26
195
117
114
140
172
932
63
296
48
62
165
281
141
71
224
39
38
439
287
47
157
159
876
35
68
810
43
648
24
878
267
10
185
164
411
110
107
170
84
3
110
599
143
661
213
78
68
175
214
301
296
949
23
1125
63
581
668
18
176
295
28
142
34
18
21
73
587
578
151
37
307
222
95
88
32
31
202
60
21
9
39
429
714
34
119
499
612
517
115
195
581
150
255
514
210
66
150
30
135
209
294
60
13
538
188
405
108
42
50
18
613
165
223
457
134
59
16
68
153
28
39
620
46
64
15
93
3
80
910
283
293
41
124
232
257
219
86
63
246
62
103
103
18
160
6
308
22
17
64
90
185
82
88
255
1008
66
425
5
29
26
456
259
25
64
219
13
197
479
169
540
448
22
12
235
614
487
260
594
145
34
29
29
474
55
198
196
69
178
2
133
128
219
161
243
156
9
204
41
246
236
1
78
138
644
171
99
51
99
41
82
152
476
200
64
53
177
129
106
126
237
628
681
38
102
989
117
126
6
145
110
106
134
96
196
439
36
11
208
10
102
720
126
158
513
226
140
266
27
290
14
448
260
109
198
144
816
67
138
129
77
140
103
249
641
410
690
95
114
23
34
626
218
209
177
3
180
124
150
197
33
112
243
472
429
48
50
295
131
698
664
77
120
124
1
85
36
226
256
248
484
82
252
664
83
12
13
109
47
558
830
434
88
27
567
487
98
64
146
303
32
264
52
180
129
185
25
213
42
29
14
917
549
460
201
137
176
192
492
138
22
465
148
53
103
104
167
118
218
83
179
529
278
219
41
203
846
42
55
13
30
34
519
64
86
160
208
22
142
94
76
261
462
282
47
187
439
152
75
138
131
18
64
232
282
4
13
75
874
42
181
218
1703
630
840
145
17
178
1
40
61
32
151
173
157
151
165
175
6
34
122
12
96
27
144
52
124
992
234
30
55
65
165
443
97
281
3
601
480
166
195
837
73
35
628
219
308
23
7
136
80
98
139
266
144
177
58
186
178
191
3
196
134
414
702
449
500
200
205
46
61
240
191
24
153
674
681
484
128
14
983
157
265
106
1399
484
216
36
38
130
37
235
183
26
17
16
14
920
50
182
70
35
148
183
922
1
57
503
556
142
1
77
121
716
62
26
7
406
9
828
114
46
203
90
151
101
33
99
184
163
62
708
89
446
67
455
139
104
428
184
57
461
292
99
63
66
9
206
4
177
127
68
114
109
157
4
279
427
4
110
69
29
227
45
117
10
88
85
78
40
77
260
83
291
227
93
35
156
190
2
52
30
22
