1187
448
253
661
509
792
241
124
352
313
196
206
430
678
939
266
305
147
146
245
443
63
1855
368
71
23
507
703
804
230
608
1192
438
120
469
809
535
78
1179
352
437
153
359
1561
654
688
672
438
104
913
205
886
48
185
339
93
270
60
462
206
594
683
248
160
413
505
116
724
390
101
133
24
66
232
376
715
591
64
433
214
549
1078
1022
1324
376
74
384
68
225
22
151
1011
1214
267
126
369
306
92
522
433
34
301
336
192
1563
517
1069
280
211
653
344
107
1741
2030
290
23
528
801
63
252
251
132
645
606
154
26
1021
425
188
213
31
552
1294
500
1171
1059
1476
462
178
207
949
217
343
119
709
3239
441
829
38
354
1357
270
980
310
58
877
40
1037
64
439
145
219
1701
750
1172
729
514
919
648
236
252
298
23
49
90
199
542
1055
297
198
1070
560
1876
164
71
120
683
1928
277
675
328
214
400
605
192
1017
394
918
177
393
377
1734
99
1150
124
75
492
202
337
441
43
1350
1472
104
1
924
303
345
1457
30
445
305
161
1001
531
419
55
204
1
262
448
1014
67
711
341
139
252
13
458
388
5
337
72
591
56
758
345
293
225
549
379
444
523
38
12
111
889
641
193
391
207
177
807
539
227
192
370
307
2830
704
558
533
285
363
204
506
663
843
952
306
864
191
855
394
594
719
720
215
269
365
113
319
132
331
239
182
3204
1764
236
215
461
588
217
223
343
191
158
384
346
77
105
80
1496
641
118
436
278
393
43
71
25
1086
162
6610
227
749
751
2197
283
846
1777
430
1243
1003
363
496
67
237
576
809
1435
493
130
316
203
63
467
475
30
143
1322
56
354
385
921
22
355
438
169
235
133
115
358
472
891
1625
2946
123
315
56
307
530
987
262
61
126
201
267
117
109
383
982
1817
712
53
486
745
1482
1052
1665
50
518
424
360
87
22
227
1149
173
1100
183
744
569
472
967
1454
80
194
179
102
93
363
90
438
120
1387
18
1174
291
577
711
51
421
1018
106
158
426
183
1026
437
1160
18
206
104
325
569
775
54
441
52
24
880
339
1960
145
418
137
218
563
162
205
1483
103
717
370
172
64
367
311
435
1911
258
269
650
631
2399
698
4
561
140
941
586
511
1220
10
12
1105
783
864
239
854
229
586
305
17
173
85
947
160
355
219
256
119
575
57
659
462
127
506
1309
319
1525
234
1157
80
73
490
1051
2645
579
104
64
172
1046
376
1459
942
824
44
240
395
29
620
116
85
857
688
385
18
426
368
426
2428
1808
47
1179
2309
87
21
133
459
342
124
360
17
152
304
67
1327
202
316
175
354
1596
816
37
453
861
301
463
394
773
325
621
82
341
746
289
62
52
55
446
78
809
250
263
608
674
435
253
163
253
304
239
27
44
607
153
39
226
340
366
457
536
637
3
321
759
575
567
178
1086
225
1251
136
48
466
420
11
448
122
624
1485
320
35
130
114
1459
295
252
284
1005
347
20
327
579
24
649
109
81
458
1172
267
62
1
718
24
237
1378
160
584
107
160
194
153
312
73
198
455
739
214
245
417
119
359
994
114
391
177
5
54
432
194
482
17
678
2938
195
166
348
111
22
906
34
147
330
64
322
36
213
198
316
374
152
115
14
35
1270
1048
424
948
16
174
553
6
628
122
991
24
410
27
286
50
49
453
163
716
91
217
6
505
462
276
338
540
413
39
133
542
86
582
200
460
320
330
385
636
261
203
530
201
83
317
717
233
550
115
80
85
570
661
290
194
256
924
203
54
288
101
48
185
104
332
465
867
419
1892
178
66
594
904
265
484
576
787
1118
1058
46
168
696
115
743
79
237
850
563
811
239
345
194
262
1229
74
50
121
756
647
39
29
565
334
396
143
396
492
102
271
246
162
70
396
108
103
1007
221
224
688
578
646
46
17
1670
768
40
113
221
351
10119
156
614
241
44
467
5
1248
656
139
11
108
337
803
9
919
889
1313
287
237
617
91
39
530
406
320
605
237
479
679
179
491
1325
227
214
20
323
430
86
146
468
33
131
493
1153
349
894
55
1115
180
837
301
1030
806
62
38
194
18
918
586
1092
57
353
2072
233
679
982
65
201
568
715
8
222
55
1989
454
1564
1021
152
33
419
637
208
554
454
1364
3374
662
1767
124
14
736
1186
514
421
186
890
34
839
1052
869
788
1791
198
347
85
268
209
125
179
484
822
38
495
417
211
56
388
192
410
1623
124
392
634
541
78
1066
5
512
154
886
511
692
111
492
2170
674
133
769
2454
314
1097
58
182
316
643
765
793
206
569
64
524
232
125
1209
420
866
243
548
182
1018
1187
1098
354
129
1122
78
736
218
324
914
875
571
404
1585
798
18
1658
77
121
299
58
936
263
789
58
485
86
16
122
1106
287
96
403
363
71
1488
574
68
1126
71
515
554
365
328
2106
244
962
56
1474
632
338
156
494
640
81
82
43
2272
336
1678
880
394
1446
424
191
202
333
620
14
1893
554
775
1465
716
871
11
393
233
810
1242
831
3010
272
215
225
8
146
395
552
185
66
440
413
249
1112
162
82
36
52
214
340
329
265
644
167
931
265
91
2563
327
320
168
1555
854
485
385
931
459
358
85
83
833
80
672
272
333
88
156
56
499
84
397
1363
306
72
201
1886
317
520
243
179
1734
857
90
602
114
43
364
656
657
637
267
236
393
683
203
130
133
575
2779
664
122
13
42
1407
3744
35
254
264
562
247
742
308
108
293
46
110
42
561
1095
122
500
1110
489
597
25
960
197
740
402
100
69
135
202
184
6
327
311
611
8
288
73
383
339
1138
549
839
322
6
121
518
37
581
402
582
221
477
57
371
1015
346
745
94
2549
587
841
121
208
7
113
130
2470
80
10
446
34
670
2827
56
641
1474
224
55
497
640
110
732
102
377
417
7
735
428
166
77
100
405
411
981
260
435
188
822
195
806
392
155
720
120
29
36
1669
495
95
17
62
139
165
23
822
37
540
373
240
151
489
1107
66
2386
198
15
1235
312
7
1585
303
35
889
440
6
15
81
182
1249
44
262
273
161
279
295
203
418
659
179
129
69
23
531
1991
913
732
19
752
703
43
701
453
17
1010
72
590
337
412
102
40
89
492
1599
2
1480
361
41
1150
389
501
576
126
561
291
452
136
14
3
890
471
580
203
322
155
781
70
857
217
220
125
1181
104
578
332
301
228
1284
167
1233
449
595
157
1544
56
73
355
296
50
1426
1678
228
34
544
121
738
238
181
1116
681
67
535
750
67
852
434
305
216
212
175
2628
323
506
612
168
33
443
422
168
134
716
4
76
1422
840
452
1385
11
350
433
1326
30
35
6
427
158
840
82
368
30
239
153
364
1231
262
2209
571
392
70
99
1487
2616
736
768
292
752
998
61
358
919
202
430
888
11
1468
708
1039
1559
814
600
408
760
433
349
73
401
270
567
354
108
498
449
559
180
394
442
855
139
919
579
76
140
306
1221
114
194
739
41
18
1547
37
53
511
126
56
1118
942
423
213
493
76
770
298
317
561
796
14
585
70
1165
355
435
266
372
1103
857
141
1171
40
860
166
173
784
525
19
185
132
252
134
240
213
169
878
1461
104
153
639
176
81
199
1449
551
742
652
238
256
841
18
163
2832
2088
21
250
7
202
150
90
105
208
622
402
57
123
331
253
738
19
263
504
21
2277
966
82
213
3052
704
628
284
100001
173
117
130
7
376
329
1468
88
394
27
224
686
189
214
167
350
93
277
1411
236
465
173
659
863
743
1236
700
50
604
1242
778
545
270
208
294
594
65
118
317
39
1725
711
78
158
32
547
28
95
107
1934
430
98
900
70
75
389
16
407
189
6
114
736
340
104
775
1001
695
391
78
407
1164
1689
203
310
401
54
1511
1668
544
508
1414
638
287
678
1672
263
383
925
492
95
312
336
118
270
683
424
91
430
101
1511
490
1456
804
164
93
268
165
323
1497
8
377
145
44
185
722
925
70
94
156
19
1016
90
396
259
1529
249
91
97
360
7509
36
1233
232
1055
610
424
2
542
153
86
771
177
115
567
713
161
152
11
680
7
491
585
396
312
2091
258
531
210
12
449
484
440
338
2517
51
103
580
225
119
239
919
406
114
58
976
395
135
490
628
323
50
473
756
431
80
159
37
115
237
1135
416
277
254
940
148
119
1649
770
43
327
739
986
289
147
193
15
246
194
280
180
339
576
437
154
98
326
280
1184
276
14
350
128
371
767
1246
393
103
3
511
309
783
122
275
222
1276
273
133
262
91
823
302
466
214
181
601
1526
898
938
98
807
86
686
53
1241
429
230
439
325
1584
647
95
604
520
740
382
970
293
223
282
323
626
14
184
483
24
696
910
1013
623
255
464
220
2617
282
909
685
452
204
239
641
846
84
1518
253
1455
386
73
30
205
140
134
96
371
600
270
449
566
767
81
311
12
904
521
273
666
275
258
309
176
442
291
128
400
69
609
112
191
193
43
1734
24
195
796
157
7
553
907
436
1790
496
298
379
1512
2179
437
1367
268
613
377
540
325
3
1245
80
109
186
111
78
801
419
1391
327
198
142
25
249
253
373
13
204
703
2081
225
168
508
125
2113
222
189
10
162
329
97
464
132
283
60
443
679
461
972
698
701
788
187
610
803
1069
48
1043
101
637
516
193
85
626
1234
682
605
107
272
1365
110
407
47
1055
985
1413
412
1268
190
892
238
231
479
1513
150
256
285
554
426
92
40
19
122
114
27
85
395
258
53
514
899
193
487
963
407
53
36
1422
150
223
635
510
2749
132
381
138
7
50
628
190
639
28
16
436
169
129
2004
1914
221
259
200
136
1469
79
35
299
281
256
399
510
265
251
602
815
56
202
932
664
408
8
12
927
94
901
196
226
39
1873
859
108
34
402
551
467
376
91
358
218
150
550
130
1943
230
856
555
485
2601
106
330
298
184
110
1406
549
646
379
82
1339
233
72
649
134
181
105
214
22
1908
1403
24
491
234
570
882
1184
134
53
197
465
642
1982
144
146
50
255
945
863
204
395
577
46
139
462
539
92
728
416
263
545
519
1049
171
1103
228
13
582
1182
1710
25
641
277
1066
230
936
423
401
1584
174
3842
243
569
1899
65
168
444
128
286
355
104
4
415
502
236
181
2160
24
2228
170
1210
780
252
903
144
205
156
621
93
311
72
998
220
606
112
87
565
1182
600
97
207
339
458
105
928
196
1485
436
1519
130
145
1196
705
75
21
616
51
75
97
112
678
521
232
107
25
1817
527
962
841
448
243
199
37
720
610
109
597
16
563
353
469
396
154
76
198
179
176
202
108
308
530
25
381
674
168
120
450
821
570
1926
554
72
1665
30
93
105
35
22
1195
1285
619
44
1187
272
162
40
223
467
1310
759
93
2160
79
24
173
752
1335
98
406
1594
5
74
549
127
150
1058
1330
244
622
332
55
50
250
962
2207
129
745
853
307
1007
160
374
337
26
556
210
771
486
110
1431
2160
735
2204
5
935
121
368
298
435
20
873
892
153
655
53
245
293
238
607
481
615
2872
335
4269
954
537
27
112
687
126
372
5
840
104
116
140
417
167
351
21
33
66
40
237
288
788
497
127
605
325
337
263
369
451
15
352
75
1448
189
44
2
405
68
677
46
149
550
671
395
83
1388
2147
787
626
181
870
572
183
82
623
260
344
928
216
371
197
684
42
739
12
206
273
105
73
364
643
568
1703
293
446
814
15
117
988
250
662
604
243
1
296
1182
191
365
2667
221
242
1562
263
22
5
68
91
623
579
1273
1062
602
396
73
52
537
88
640
599
230
1241
907
220
590
2131
507
308
1712
784
321
143
340
350
795
484
499
635
161
145
333
210
1354
220
940
252
3
21
465
211
31
1114
105
668
749
836
77
1169
456
1
139
17
310
275
41
907
217
588
153
803
245
644
977
61
266
399
696
143
109
144
2060
14
556
817
2037
278
196
476
85
171
434
13
624
323
338
313
226
421
115
1071
291
44
196
238
751
371
26
8
536
472
669
303
702
1264
785
134
259
343
599
665
942
53
1910
189
14
222
459
460
191
1259
241
349
339
221
903
555
503
1327
773
550
620
130
527
71
273
74
47
399
500
343
688
522
865
38
52
121
212
1261
57
154
358
508
714
172
138
273
377
356
673
203
7
59
555
37225
87
97
603
68
968
1321
3
151
787
428
899
79
44
362
19
1813
117
33
1442
234
975
1022
2
308
456
815
569
418
519
488
215
351
533
131
566
626
42
388
1280
224
1473
1067
857
136
752
621
259
1275
509
546
2105
57
1215
402
94
468
426
1049
614
489
1709
886
310
33
136
75
802
1015
283
35
50
161
299
345
159
1307
191
284
1068
2
90
317
979
223
448
1022
129
205
245
98
499
352
320
39
420
353
982
600
121
9
482
97
76
1005
2822
878
175
158
90
684
517
74
112
35
1779
361
223
780
207
637
1075
782
142
1139
27
378
114
391
343
2484
273
114
201
444
738
1098
63
351
30
168
231
233
207
364
60
112
455
1238
95
670
641
368
130
295
310
237
26
20
378
902
2342
1181
583
269
7
73
471
641
592
941
237
402
8
495
21
238
108
136
178
293
293
296
203
361
119
164
362
678
397
472
290
1648
223
878
402
18
173
227
141
54
138
148
309
163
33
751
1097
9
1092
128
460
237
26
124
1297
714
37
1159
339
307
460
743
530
489
606
2
212
5
315
212
181
320
614
447
160
159
458
1333
2196
549
2147
1961
1815
800
361
112
1599
250
250
173
451
3075
473
8
3298
531
15
488
1101
351
1232
176
801
280
572
1327
26
218
1572
225
313
1369
661
797
37
378
43
574
879
2
402
1136
129
2620
1248
346
1426
417
57
944
1097
239
428
92
1307
528
965
1427
677
221
184
1166
1945
219
235
726
915
1067
47
730
739
642
790
116
877
237
86
192
107
761
246
399
287
614
166
1926
663
251
1278
545
11
45
679
338
234
284
1089
580
2491
547
74
609
1674
37
235
501
430
378
139
653
341
907
61
362
302
1088
1874
825
444
508
435
234
644
267
1038
858
43
1398
344
26
1426
525
380
230
289
408
148
364
58
16
50
910
529
1278
499
1222
556
244
1326
297
215
464
572
209
213
220
1068
383
1114
1081
1179
20
106
840
50
108
1591
294
408
2020
1332
1465
264
981
503
144
509
414
611
306
2520
634
879
1668
1215
1470
603
571
601
2142
1507
631
941
615
12
2072
383
179
1224
161
254
1222
518
745
1200
263
363
469
238
8
553
276
767
358
1837
454
194
1480
340
4
177
1212
311
1063
255
1421
1101
1
224
71
46
791
233
835
2150
376
518
42
871
1493
50
167
300
401
838
422
435
39
39
1014
111
349
603
204
656
34
280
1456
10
105
189
1956
286
666
609
111
1070
162
42
871
718
283
249
71
399
755
171
920
91
21
565
91
430
592
821
352
649
88
487
374
1022
759
16
405
1310
474
141
68
447
221
533
178
410
492
899
1090
379
123
27
902
663
477
425
286
310
1439
1376
37
56
154
1007
124
125
497
114
967
213
1018
820
119
286
688
1832
877
711
421
297
1837
74
2594
1355
747
384
279
599
818
1069
441
633
235
198
256
396
73
564
1264
123
134
98
442
107
2855
190
159
866
282
42
498
2084
535
541
198
474
239
431
38
18
271
826
170
227
709
1265
517
208
1926
781
234
533
70
822
323
226
732
1410
837
893
1405
215
39
277
141
1052
901
154
282
342
1130
76
101
190
1310
892
1328
24
58
150
73
210
2629
47
578
146
432
111
613
35
354
115
19
126
1353
661
765
1000
201
957
109
83
2504
37
771
646
1054
593
247
646
824
79
167
848
41
170
374
37
529
1147
51
338
214
1635
145
314
847
596
603
228
339
2063
26
644
535
177
363
414
1156
116
747
177
134
81
2
129
715
351
789
351
897
250
1376
266
36
1612
132
581
119
144
421
433
52
793
251
510
348
60
142
207
2785
89
210
14
373
152
14
1213
300
1178
1377
83
61
77
129
358
300
1030
829
1684
477
128
298
419
485
281
549
166
261
634
39
213
229
246
1635
207
34
60
92
77
1255
773
337
822
321
803
1302
523
366
1196
384
184
1391
220
164
601
470
24
191
1425
631
765
1752
262
252
309
182
1641
257
1887
6
162
14
49
121
706
1012
1250
620
1585
623
705
309
1632
10
213
761
138
68
421
156
1018
350
310
268
26
87
745
2919
22
276
5
974
401
235
211
97
1951
306
581
16
273
567
138
1259
60
275
192
274
234
1184
265
220
328
655
213
493
226
146
356
1078
1036
460
224
498
1939
2534
397
517
305
588
690
125
422
1009
98
172
50
269
503
521
1219
1016
387
221
173
234
591
846
1231
2066
73
36
559
209
126
41
421
1280
1030
334
824
254
229
390
11
1122
1216
462
95
96
1578
793
694
86
46
252
156
1073
11
132
345
250
36
462
1020
265
396
512
246
1105
597
118
129
43
26
1874
865
934
188
67
280
295
559
151
87
962
643
327
79
1375
172
36
487
688
326
2277
232
143
970
645
197
991
470
374
360
939
1407
145
221
47
81
566
934
174
158
187
196
1810
267
179
750
105
313
3427
509
82
593
1
2090
99
659
698
442
232
116
689
15
245
611
570
248
138
294
49
107
20
437
163
423
439
44
137
342
416
146
2120
548
549
1799
25
642
355
91
35
130
110
251
61
11
1500
106
45
3427
231
115
54
1003
758
1241
1205
353
94
76
100
610
162
470
280
86
173
1310
1045
391
410
104
2602
302
454
241
1425
605
966
678
272
181
410
156
176
15
431
264
14
85
725
39
96
479
1322
112
376
172
355
402
91
80
108
729
184
23
856
428
602
169
859
295
2390
413
573
10
345
39
237
381
140
166
223
1892
588
228
6
106
1126
599
7
1431
393
298
63
666
542
93
1072
319
461
1192
458
5
217
53
97
125
209
460
1207
3
3
345
1170
251
375
123
251
122
2095
136
174
1349
146
1439
375
1862
78
1046
6
416
1579
489
533
31
326
676
539
97
492
398
158
17
1103
2
366
750
84
162
1553
200
1656
1300
875
6
27
1039
403
1700
254
626
635
178
117
120
510
415
449
498
46
714
381
64
458
177
748
329
140
243
166
888
912
499
429
121
23
2051
461
1260
101
1924
13
1609
669
7
98
621
223
401
596
2270
657
839
107
193
54
345
294
542
174
29
216
127
85
944
237
1074
1810
114
1038
661
142
235
674
418
286
95
280
252
9
50
101
413
93
868
757
864
67
451
17
259
993
463
167
582
138
1456
234
229
349
939
865
377
120
2973
543
607
715
199
174
701
111
469
550
323
8
368
31
458
39
13
241
307
330
91
278
19
340
112
165
899
53
301
534
1096
988
347
507
292
954
2
249
708
1774
287
2128
496
122
222
405
841
610
816
281
525
1329
572
422
35
38
21
104
52
889
241
3136
274
645
23
748
152
381
316
443
160
1215
1
258
230
1194
136
445
164
233
1322
1596
656
182
312
861
47
646
654
670
182
601
39
19
198
40
128
251
32
730
614
615
89
503
105
5
46
16
18
484
42
194
457
1456
255
1273
55
39
88
5
268
724
456
268
241
371
150
203
1418
450
1214
583
66
230
2110
999
1202
1060
56
455
193
59
403
64
639
159
192
459
787
484
163
234
580
229
561
174
480
97
752
1276
111
61
200
51
116
97
48
321
906
226
426
387
192
136
644
1754
1191
775
125
1459
968
366
635
1251
333
598
595
352
601
394
832
393
201
746
446
1328
2414
2452
102
374
2
919
225
1091
687
452
281
604
1183
131
197
27
287
43
231
68
103
352
290
10
604
389
1016
637
25
1006
449
595
753
110
728
683
1294
122
285
283
413
50
241
83
1598
60
23208
70
547
924
119
335
20
429
5
68
92
1909
514
213
57
685
717
18
253
388
421
619
1605
299
248
993
210
569
453
139
228
729
74
52
575
415
15
357
139
295
94
525
1156
361
440
1065
374
469
122
2152
130
173
321
297
522
155
639
588
977
155
964
2225
508
583
536
524
322
108
493
375
35
69
920
253
239
785
700
212
555
111
1963
355
1024
31
870
634
639
73
187
1104
113
1179
297
521
193
1695
878
372
180
642
869
880
217
471
384
478
3185
1279
582
380
375
266
696
56
1621
551
186
591
1160
209
1517
140
79
52
256
248
87
18
408
846
953
182
750
550
64
289
146
23
363
21
315
59
34
226
333
251
2385
370
577
237
413
1938
1349
686
752
617
310
83
78
774
400
484
77
968
637
548
469
570
499
2026
509
197
381
927
1495
744
296
305
100
146
1296
599
96
291
812
62
591
574
109
74
207
444
90
859
46
230
77
1468
185
779
734
466
401
223
4
981
1506
171
596
226
977
351
196
284
196
430
981
2082
141
618
87
144
722
127
118
1640
100
1196
1090
138
881
142
704
762
674
476
377
468
456
264
1222
108
1804
65
1131
1132
496
179
3135
441
677
1732
241
48
459
426
477
299
887
351
456
193
647
330
413
273
885
143
331
707
132
224
29
1067
4
534
488
1757
379
619
347
356
361
160
1030
620
729
56
524
1246
357
365
1080
765
1569
195
220
360
1677
410
27
90
318
438
99
2312
60
147
426
242
1277
611
663
572
387
939
576
535
561
670
511
454
773
715
320
119
926
922
1002
77
231
196
1049
1126
772
745
528
98
130
525
724
29
417
1202
84
272
260
1659
81
393
12
290
7
92
457
389
214
239
141
568
870
328
595
265
22
10
36
71
1422
129
1212
92
427
3
234
155
441
1004
363
189
673
55
724
77
501
1141
191
376
230
344
335
268
663
20
1078
353
104
1312
23
67
136
652
14
256
266
191
230
599
612
329
288
113
254
57
866
363
403
755
1059
149
17
50
3
211
1480
393
245
169
285
97
825
118
103
371
88
68
2163
124
676
2
1942
1520
1031
751
320
670
693
297
541
218
737
580
322
18
893
94
970
1142
1015
432
159
227
41
7
200
334
742
18
360
340
966
253
481
884
187
350
403
1468
19
760
453
2539
5
1266
617
307
520
1417
794
1252
97
403
1393
510
1585
301
144
138
534
211
138
87
1456
157
153
12
298
1382
364
668
994
55
387
630
637
169
224
622
678
1118
957
589
1390
233
205
260
636
127
562
123
47
625
127
664
697
536
129
81
1240
877
958
142
746
218
600
359
310
61
317
318
22
5
236
133
160
66
447
383
457
411
1203
125
66
948
386
273
107
33
400
152
455
632
524
113
1123
314
1340
749
1202
365
295
766
531
138
179
55
282
586
1602
238
414
695
538
373
150
729
1132
170
379
1236
261
60
2833
2284
500
1192
219
930
82
44
1234
307
317
1371
64
996
570
1032
69
66
1434
190
844
831
805
1422
594
215
43
801
331
486
780
347
284
251
1041
698
1391
1423
1401
2011
141
367
436
19
21
191
14
246
488
314
2067
156
105
401
264
2092
129
414
365
784
1267
721
489
191
124
266
333
69
501
32
238
1297
44
517
1134
238
310
144
109
383
1288
50
183
223
326
712
132
549
79
24
4167
207
653
201
84
108
2294
885
634
360
501
701
1644
235
134
640
220
777
609
1272
25
915
44
284
241
126
98
4108
172
213
842
1375
1125
12
1526
222
262
174
245
263
530
285
892
244
99
753
682
283
77
199
1159
35
878
397
177
22
458
55
946
6
111
200
288
703
502
104
88
30
1061
2
591
200
222
126
23
756
75
237
47
9
84
238
184
55
219
892
281
555
242
388
311
475
315
306
335
499
800
95
505
556
390
124
22
352
468
665
965
1036
509
490
1011
22
1468
64
157
874
67
406
1259
1874
1398
402
542
170
528
134
1071
1259
251
728
28
480
397
975
3616
433
370
91
536
81
510
1181
399
2206
231
243
583
402
108
38
578
1019
1259
252
527
264
168
83
40
51
1257
261
2015
799
412
1413
538
30
6
137
534
1307
135
200
10
843
330
532
2405
857
167
2093
1280
545
436
496
512
856
1480
156
221
81
252
316
390
922
178
1355
102
875
1
391
902
596
177
1255
349
106
84
448
528
939
2022
104
275
24
745
1642
403
252
163
1576
820
134
808
155
43
127
741
213
162
82
118
642
111
1056
11
48
245
63
48
119
83
1334
262
121
10
522
568
185
168
977
233
1194
623
149
671
164
209
604
260
2629
628
277
427
743
194
183
679
214
52
1271
70
310
1432
112
1018
418
190
63
173
978
176
354
24
307
362
446
71
734
1172
462
399
65
906
569
1382
50
28
178
22
297
488
500
493
80
773
2634
8
292
131
326
585
76
378
198
1259
50
1063
14
22
158
431
630
153
396
497
255
328
534
71
680
509
1690
745
654
1425
441
51
269
491
694
113
331
839
113
202
18128
181
166
97
1849
234
12
454
11
259
1118
303
191
962
1099
1492
1
182
259
591
248
97
159
191
59
709
957
297
45
1423
155
170
366
381
555
333
320
277
534
253
416
877
245
91
414
20
1024
260
548
1300
96
331
363
252
144
173
763
79
136
1142
1475
132
493
80
453
667
10
46
42
875
749
74
90
39
398
144
44
121
149
1128
292
2118
641
971
3473
114
532
168
278
270
1784
348
812
90
315
513
76
32
1154
774
195
504
446
144
133
44
649
577
424
148
391
1399
528
185
866
263
354
104
136
24
468
308
55
1362
93
199
21
316
83
250
88
885
10
241
864
298
188
162
52
197
123
349
56
476
353
40
26
494
739
4
158
826
2
147
488
1001
194
39
265
663
1065
380
210
355
613
503
963
240
69
795
107
290
443
45
427
92
36
631
508
1048
507
39
321
692
87
532
109
9
377
522
257
668
195
224
1348
36
531
845
761
378
244
35
277
65
906
2
870
159
203
736
1367
733
180
1265
543
1021
602
456
1235
60
309
112
422
1966
451
231
779
735
273
178
1144
386
262
1625
656
251
398
263
1176
597
825
111
735
1870
1678
441
378
68
188
779
857
418
429
128
816
191
802
452
480
104
92
1256
124
338
237
67
107
2111
461
97
572
205
651
751
747
657
687
1265
233
556
22
1311
366
33
105
464
1498
343
356
440
42
89
133
57
2073
406
365
230
323
257
320
885
35
2917
198
1001
1700
31
1157
9
173
482
925
286
1477
270
167
64
259
1279
116
337
102
706
636
1222
717
6
1007
718
66
621
336
874
71
843
482
1840
255
863
750
201
82
66
376
124
150
247
95
199
561
1060
28
9
81
466
365
404
1607
639
366
949
136
337
115
35
196
1142
59
1271
710
444
604
1251
123
699
39
244
38
740
153
646
508
1510
1610
422
352
39
63
338
482
1781
4
1165
1395
39
443
150
86
218
482
177
37
207
760
10
1212
182
923
272
7
147
19
330
414
73
64
7
622
597
562
1576
305
585
366
17
178
18
730
15
785
668
628
140
155
343
312
419
1077
84
21
346
258
1255
1038
368
126
324
377
298
158
911
705
33
930
12
212
89
509
220
252
623
982
134
1213
304
810
310
79
44
1206
328
2204
54
915
173
161
453
179
132
51
271
82
661
517
1183
723
67
407
306
374
586
84
674
841
679
498
418
228
21
1832
342
68
1302
401
73
407
1300
600
543
637
1652
208
582
98
1449
1183
118
1068
57
374
81
749
35
1001
334
602
306
140
3089
1145
648
227
339
2226
1577
44
344
310
86
296
366
113
27
743
232
976
120
862
279
1436
315
183
365
45
162
923
224
332
175
1044
248
595
209
255
192
313
6
14
542
383
1339
415
242
34
612
797
979
542
173
452
188
78
975
1772
152
574
823
665
3
407
297
1479
59
551
41
419
20
13
296
222
1076
798
717
898
125
34
379
190
93
89
161
167
227
55
246
61
343
852
527
870
458
11
33
483
554
201
571
590
205
268
90
211
415
805
265
640
2027
1383
1281
35
1124
89
90
315
15
1112
456
982
162
623
829
718
916
126
47
68
584
314
818
3340
878
481
540
962
713
105
472
475
745
519
263
815
168
1302
606
74
34
435
1963
28
208
256
1380
279
3222
39
630
1702
52
338
705
450
684
1413
201
753
1320
361
1713
1302
1098
790
44
49
438
630
104
24
14
1403
56
18
530
748
719
1952
369
924
158
4068
779
808
15
132
20
13
784
457
201
1294
221
194
94
759
156
813
1341
203
1559
1260
638
693
239
591
1315
725
104
119
457
769
132
165
1269
498
166
440
419
498
93
963
593
360
459
260
69
109
378
73
441
99
606
33
1304
418
39
414
537
479
185
178
148
294
532
50
533
475
247
17
42
42
336
399
690
2316
301
123
630
432
155
465
606
686
412
565
161
134
199
119
507
554
2028
444
528
357
664
224
200
394
358
1151
11
922
154
397
90
41
235
593
653
326
54
609
976
503
53
52
415
1028
32
143
159
98
18
483
127
99
2
291
119
231
457
166
1273
115
450
313
634
281
882
496
1106
304
56
212
764
1233
600
403
256
168
61
586
64
224
146
298
257
213
821
903
1059
163
41
592
1141
64
1687
416
533
23
195
707
736
915
344
1915
600
83
41
711
1147
115
72
236
168
402
184
103
493
317
276
646
529
1000
777
135
153
447
229
448
696
68
1037
1519
132
66
1362
167
133
262
472
1137
140
712
15
192
973
360
404
317
353
552
491
180
44
231
996
87
619
258
578
2
1196
600
223
1249
633
669
79
74
1121
413
58
399
467
120
506
1030
479
58
567
51
287
5
54
1890
951
1042
1016
524
40
762
619
477
78
275
43
940
26
529
103
232
768
216
902
369
14
98
388
368
183
418
45
190
1600
277
886
937
93
142
579
369
650
785
555
109
531
94
190
418
267
136
159
334
60
153
1732
272
785
1841
142
554
583
7923
160
103
1552
2
764
958
30
783
7
27
347
394
509
764
180
710
16
1899
485
233
179
324
45
702
245
113
1124
628
481
321
941
342
346
208
404
504
379
144
184
293
935
549
943
267
310
572
28
321
691
103
68
55
9
73
354
269
396
169
343
1011
1048
302
188
266
274
1
1240
973
1912
207
97
759
136
258
39
553
187
419
227
1247
223
344
666
372
667
383
1984
142
1269
45
8
205
1333
187
547
1484
1387
111
372
145
618
361
61
742
164
818
144
663
600
188
36
183
412
146
54
876
979
1054
412
409
371
11
641
644
162
13
414
393
1651
208
948
771
228
234
967
662
327
1843
430
380
2421
3
382
607
621
467
1868
523
1054
192
148
343
887
254
755
343
78
393
559
287
310
12
792
46
414
184
1016
64
91
54
131
348
200
587
166
83
45
162
301
104
125
52
790
526
77
413
537
700
180
985
157
1704
197
466
231
26
358
552
495
220
538
436
130
160
1087
7
385
340
659
269
47
369
283
1729
432
672
57
48
561
348
762
670
35
12
207
133
527
927
98
246
196
150
156
1982
418
266
22
566
379
497
155
1278
346
169
157
675
398
885
508
256
244
457
786
226
132
227
102
327
357
85
313
983
1447
547
900
289
339
1938
362
23
1649
116
187
21
1204
200
470
532
643
248
1099
805
524
67
198
204
377
123
131
67
604
875
121
421
1697
127
753
336
354
54
317
585
576
6
49
81
140
236
76
300
37
70
587
872
478
475
1483
329
339
220
5
664
134
296
663
915
86
778
47
735
318
117
53
62
192
63
576
13
305
406
26
977
21
414
358
1178
51
292
48
742
90
102
287
972
236
899
129
1
70
618
45
407
419
37
219
167
112
38
1352
1456
259
192
126
89
257
1702
1978
22
26
899
14
173
527
98
106
512
753
186
375
49
107
361
185
111
355
494
338
720
101
1097
375
81
48
39
452
865
387
372
733
795
108
777
682
696
131
312
270
68
492
90
197
84
129
491
152
1133
1551
272
431
468
1055
807
241
362
447
290
246
104
257
114
475
889
1037
358
104
132
107
178
459
1316
428
689
704
1041
593
1600
1381
1551
454
355
749
83
83
12
184
9
1059
89
1209
1125
276
474
175
109
461
139
96
755
522
208
109
38
621
6
616
83
482
595
31
667
710
515
113
834
1950
42
1206
244
109
1
827
297
249
780
169
53
201
180
212
129
370
42
298
526
272
649
141
324
552
66
20
173
199
389
152
2
1101
600
267
232
251
2716
980
623
584
1459
320
362
95
766
51
352
33
24
578
1903
1395
494
62
3
469
44
691
161
481
105
57
252
332
459
77
93
149
977
169
467
74
902
534
2133
62
257
149
199
25
535
1405
3
299
442
993
94
320
1470
27
569
582
984
39
565
981
178
2637
1085
820
23
140
339
195
1206
541
142
840
182
618
163
80
34
891
577
12
364
1807
705
606
231
528
422
317
1870
259
1135
728
1741
324
630
1150
372
228
362
1309
78
159
675
1566
749
162
970
95
900
961
219
138
368
525
217
26
192
160
88
485
748
9
79
199
162
117
732
391
598
102
585
210
1433
546
1069
362
318
746
58
482
686
31
221
144
1776
99
306
395
359
2318
177
79
319
356
401
593
651
205
19
123
567
345
79
60
192
337
387
820
937
90
827
72
356
335
339
162
145
31
1
451
1009
1763
123
324
444
771
104
670
294
728
40
174
696
78
597
1234
59
300
241
399
28
637
690
976
520
212
571
102
1148
1939
317
899
897
357
779
300
160
692
140
625
433
542
649
6
339
3
784
646
276
1073
740
95
291
56
781
566
245
405
123
227
24
295
288
624
1262
512
404
829
472
1421
140
84
1250
176
125
35
238
867
513
63
348
145
813
687
799
15
84
288
703
13
79
110
165
732
328
272
1117
306
498
89
31
362
238
99
750
783
349
137
31
1375
276
649
51
862
24
1170
851
129
502
94
1254
130
406
161
572
534
101
1254
960
2461
628
122
192
307
847
333
155
204
292
771
293
1267
466
1985
1488
93
1203
618
977
307
792
245
264
503
130
187
192
1373
46
878
39
1469
516
185
1488
76
319
30
17
606
87
33
772
240
21
864
6
755
603
1287
259
357
46
64
213
70
42
649
81
229
273
347
492
1392
968
948
570
270
744
549
508
52
256
115
457
955
17
239
782
735
341
725
241
136
349
442
904
333
9582
439
542
652
651
374
473
18
164
281
924
25
39
113
923
1020
161
887
2639
601
2423
765
453
222
29
400
144
1231
14
513
419
893
3330
337
127
65
1349
753
661
544
1140
403
1582
857
499
186
1157
1416
870
3530
365
229
339
93
333
684
134
347
253
565
1214
315
434
1686
80
1062
1200
661
102
25
140
252
494
417
52
285
443
141
597
65
1576
1737
310
145
1286
359
275
315
193
473
238
1003
87
743
1049
637
341
1767
609
285
632
288
246
168
680
1089
443
248
722
632
419
126
525
773
233
95
708
909
170
5200
603
402
1166
2950
613
168
181
353
146
835
573
703
1002
247
201
131
591
219
89
122
39
168
62
623
1111
32
10
219
373
67
434
344
7
124
15
194
242
209
592
13
84
717
3040
265
202
943
211
274
134
11
70
2287
558
2114
747
2686
377
495
67
722
75
126
461
324
657
175
554
208
1162
141
56
410
12
567
332
568
514
133
2822
462
58
165
111
297
650
56
1325
888
219
145
325
1105
84
174
440
1027
72
97
30
320
412
439
153
15
148
523
777
2171
467
166
1
976
72
1348
218
406
1050
431
152
1104
110
220
324
47
313
12
586
483
2269
624
113
198
37
827
1383
938
955
84
330
83
161
536
569
837
527
138
366
910
224
664
534
766
974
402
257
497
826
748
922
33
245
406
40
505
991
834
81
735
28
889
78
856
552
1202
176
86
376
260
676
728
892
549
3169
709
1044
2017
203
1013
1606
407
44
354
315
342
609
262
958
614
70
251
61
661
1012
2276
2758
217
78
446
238
317
359
167
313
567
1540
460
74
366
454
416
875
155
127
933
902
940
494
658
59
1507
351
131
344
809
11
137
292
266
2
40
1257
683
692
299
208
793
1646
112
375
166
790
70
429
37
650
100
418
1127
92
432
490
1801
340
221
799
135
1430
711
130
633
1278
43
246
433
188
893
1792
543
382
157
777
194
41
1467
647
972
209
283
384
119
909
240
686
1298
123
114
572
335
267
625
9
57
1647
200
180
940
25
97
194
162
924
306
131
113
627
1334
141
265
461
118
167
3187
273
186
163
461
566
154
591
1377
296
562
936
438
672
498
1491
113
853
587
105
330
715
145
216
694
67
428
22
289
823
1165
248
1256
233
689
67
139
374
475
69
41
2281
119
803
300
376
514
110
693
655
852
183
241
243
817
599
1577
290
79
25
473
468
274
139
848
120
464
40
263
47
323
684
1439
1936
1235
55
194
471
646
505
123
13
385
108
25
778
381
60
1276
621
466
414
127
698
970
1063
181
296
738
195
33
93
1337
389
194
88
121
316
15
745
692
242
256
108
260
2
2011
69
13
195
1588
186
727
1425
384
375
49
525
67
358
623
324
889
87
2
45
188
283
1112
20
262
984
491
43
810
316
729
62
54
857
5
49
127
797
1023
982
111
189
261
42
559
1233
397
179
2528
68
138
52
115
807
508
141
304
209
380
238
1283
119
84
385
168
1082
172
522
241
27
12
207
525
197
1267
220
143
1778
417
774
1564
187
355
487
116
634
120
320
164
367
24
70
790
1030
2128
210
357
429
1573
366
335
191
326
469
759
195
1436
186
4
196
4
274
508
439
123
752
645
573
205
220
286
584
214
71
191
1114
1283
339
626
995
158
1225
167
178
1209
476
7
1152
250
128
708
102
353
1014
457
169
49
163
49
15
533
54
426
1899
649
700
959
1403
462
17
152
324
99
71
123
74
2131
176
191
162
195
105
160
227
642
1536
33
125
435
201
1155
2049
32
67
66
166
403
397
53
11
508
546
497
170
887
249
1754
631
823
387
1509
97
732
446
634
257
129
24
87
1236
249
209
250
1720
593
132
272
28
165
107
454
9
789
178
84
1
177
1289
200
707
134
228
276
616
157
1030
1104
267
94
882
2168
98
747
1765
327
29
344
333
1146
87
894
5
945
257
595
203
572
91
18
1426
83
81
7
114
88
428
119
1578
384
148
367
276
171
271
495
69
237
83
400
288
865
363
38
423
170
1811
158
55
96
128
168
241
219
76
418
26
17
380
559
1235
45
676
152
671
578
64
634
39
388
732
298
80
1032
313
112
169
585
330
533
469
707
360
68
97
1661
34
135
232
479
206
63
947
236
679
4214
490
456
737
1266
611
119
371
572
25
155
230
721
152
122
146
341
310
16
580
1037
527
180
222
1
745
4
306
292
279
102
782
36
276
418
258
984
236
171
1543
206
713
912
1217
161
1867
452
77
31
130
93
39
1184
239
163
4
490
571
83
510
151
89
123
2688
487
27
1235
328
232
492
1103
431
34
310
193
501
92
956
664
598
2560
140
274
4
26
157
8
2562
420
99
590
298
9
352
199
514
804
234
1339
54
240
197
905
26
17
390
725
122
334
20
48
111
82
401
389
1136
257
227
165
280
784
433
240
383
78
1985
434
1160
1644
568
265
680
972
209
13
811
396
455
123
31
223
95
1002
239
568
606
244
986
131
151
228
1116
82
78
348
406
270
596
600
909
825
197
551
167
429
28
750
431
187
770
63
28
396
943
364
349
602
946
113
1306
174
806
589
283
681
473
101
967
125
2374
568
559
397
568
415
12
678
34
64
1586
93
228
131
256
39
202
955
1379
184
265
327
143
102
552
460
132
400
933
762
717
488
92
725
208
650
22
671
1056
54
388
2948
449
2209
383
1616
429
193
687
200
416
64
1000
365
263
172
418
364
121
2171
52
243
1639
641
45
983
171
284
326
219
222
355
407
140
181
553
551
378
428
60
42
344
863
36
99
764
983
385
878
49
850
557
989
364
512
117
1342
349
221
831
1563
22
164
1058
439
208
1815
828
88
224
357
97
96
109
266
436
1142
237
349
645
553
667
255
759
1599
241
67
19
88
160
600
142
662
755
450
1104
578
494
391
94
31
103
837
426
534
56
848
78
46
334
560
223
63
589
543
1294
1644
712
762
732
551
33
728
419
44
1428
481
401
181
260
420
306
32
1023
702
97
1022
893
281
91
92
122
138
164
282
111
364
707
309
15
259
738
46
755
429
6
562
442
924
91
23
224
709
432
964
639
613
17
422
417
254
1497
655
146
72
22
85
367
150
524
768
73
27
136
324
1590
284
567
1007
1087
453
178
207
198
1608
200
709
88
155
176
385
113
463
1177
65
735
142
889
879
337
1718
319
70
25
679
317
1793
24
854
33
294
28
78
447
292
207
985
548
923
565
128
190
701
32
580
211
72
1523
54
534
181
45
349
1899
439
952
542
109
1290
73
124
174
183
646
400
224
124
750
2061
377
536
1200
325
602
33
795
537
213
725
991
885
1031
358
465
664
105
371
74
80
369
420
801
137
187
290
269
221
109
1870
299
762
53
445
371
863
97
78
547
1852
76
291
498
1843
1424
244
151
535
818
270
546
60
1471
218
530
113
111
526
69
71
414
310
29
209
309
35
293
178
835
449
1279
300
1195
591
277
1247
438
758
3459
845
83
43
80
384
1288
311
1937
612
61
441
231
21
329
22
462
643
268
139
1160
952
806
67
14
1217
308
300
27
159
71
30
69
7
631
398
123
344
936
497
222
208
181
281
723
1726
28
76
75
1138
260
296
521
728
574
59
757
846
1053
515
90
1561
851
569
400
9
183
461
567
168
565
75
1201
97
128
365
592
283
596
306
553
1039
369
557
877
316
1063
179
9
57
1109
1085
197
200
1930
160
1396
390
182
1243
42
78
150
677
464
99
83
162
550
930
765
451
29
512
64
1847
146
502
882
402
303
2075
51
1449
382
976
172
281
141
551
503
1362
976
230
75
512
219
656
323
37
1151
621
2027
69
1555
104
98
1211
957
651
437
119
827
156
219
60
397
584
91
679
217
994
180
854
63
177
104
152
877
38
342
105
220
236
24
463
60
1468
43
40
239
514
611
1022
69
90
13
1826
354
178
991
1030
213
1954
570
228
386
418
182
124
13
155
425
140
773
517
521
11
6
237
329
401
258
231
1019
614
266
2452
513
671
439
610
590
99
130
424
319
130
228
687
134
180
35
298
109
214
316
1465
305
198
115
1288
105
633
1113
277
884
406
204
112
368
179
273
511
96
328
19
197
25
398
1024
1204
32
175
396
1500
553
249
70
324
642
1186
497
452
5
96
306
123
354
57
933
151
294
156
555
313
164
42
3534
73
1110
688
29
67
2074
181
4
4
42
981
1183
2467
81
1580
634
514
526
796
712
67
1230
528
265
942
125
1072
130
191
120
172
888
751
34
498
67
348
1291
671
157
20
31
1181
210
145
125
183
791
1001
600
286
418
538
779
70
231
1
75
38
619
454
108
319
601
331
310
644
330
685
406
83
216
93
892
103
3156
1031
128
595
127
798
22
112
514
409
1012
1190
412
432
319
22
296
187
177
855
321
265
39
109
392
267
277
188
400
49
1260
49
369
1078
600
766
636
215
147
46
250
26
1013
221
356
457
482
340
179
1758
1120
606
677
703
1111
955
614
665
60
371
51
1395
431
426
207
782
378
32
636
406
978
81
757
271
728
91
21
258
160
28
365
341
82
35
905
327
86
39
229
469
898
162
94
704
79
703
408
123
475
523
885
371
15
283
397
368
282
1023
18
558
36
615
285
366
2
268
160
1790
694
505
618
1267
580
450
354
707
88
460
774
32
1773
146
1190
145
664
1388
274
33
979
196
1568
573
32
118
2784
176
10
35
416
239
919
845
140
102
318
158
1578
191
1105
140
13
24
585
826
627
245
233
265
1635
218
526
1266
47
780
46
824
257
634
1906
1006
338
18
803
145
185
479
285
725
311
21
334
169
638
80
119
103
56
1572
516
693
11
120
79
807
505
417
140
500
252
222
1175
66
254
1681
363
347
323
135
736
385
1920
16
134
208
277
98
367
162
465
375
1221
18
1
684
125
18
1450
28
97
563
2575
103
406
1897
947
761
226
106
1901
731
639
2475
1188
341
506
391
121
784
1589
809
89
46
368
1544
1253
2418
796
581
1136
1584
149
791
291
1173
58
2199
817
54
146
359
17
332
933
17
1243
368
916
60
1277
421
1463
601
908
813
1024
56
4
799
1008
34
1682
554
170
558
280
1162
622
87
769
570
338
88
246
838
702
256
295
152
342
380
30329
341
1146
504
282
174
118
577
1661
543
262
1421
94
591
541
415
118
375
68
490
148
208
46
210
855
276
1238
1016
257
38
361
507
3843
59
310
63
435
403
417
883
83
94
702
1398
916
531
60
770
81
276
368
149
31
83
527
589
522
978
2058
1243
2
1
80
554
665
644
1080
599
21
644
870
657
213
964
240
122
461
577
11
1252
1411
775
209
704
508
628
469
1587
752
682
124
435
13
76
906
747
114
100
323
166
214
16
354
1343
83
891
85
810
1599
788
258
1583
752
435
1210
287
583
204
15
1101
146
509
1175
48
176
164
2017
692
362
490
236
208
72
1130
7
534
21
150
979
126
208
560
132
802
246
1557
661
1116
377
341
584
466
19
143
191
635
91
607
1064
882
183
93
627
38
483
18
42
345
901
847
2316
2487
39
109
207
169
53
8
139
79
827
357
684
161
273
564
230
482
288
579
106
38
562
305
392
944
368
55
711
580
95
501
64
374
645
304
23
348
1144
429
886
29
65
169
2
1943
62
724
25
1104
387
671
347
77
234
728
802
923
123
364
1579
399
1529
38
212
37
863
50
626
1012
887
172
1619
154
185
890
69
197
152
639
194
257
847
136
1121
9
124
1074
562
513
311
398
203
702
1043
193
277
222
172
723
302
367
491
7
613
323
718
228
126
72
404
160
239
534
417
251
62
39
110
262
46
336
1113
120
1687
948
865
267
854
522
41
107
556
406
665
492
118
425
36
397
454
229
94
757
103
102
1519
245
486
1085
320
480
211
414
24
363
132
371
927
401
955
688
43
267
448
156
173
856
361
1117
570
127
467
267
611
370
147
96
849
306
845
705
281
261
217
564
849
832
1188
914
1949
149
46
283
445
230
750
59
220
355
1027
3
124
1394
541
416
293
429
881
9
330
1294
557
154
336
226
59
184
14
1154
433
32
259
1394
816
441
390
328
506
487
350
951
220
9
1710
1312
1044
712
112
1065
129
947
71
996
635
214
1006
581
782
1463
349
99
313
255
296
196
555
540
10
1252
418
1199
1070
867
170
191
147
96
3395
459
375
198
452
46
143
529
363
76
1417
62
78
189
727
145
1422
44
762
425
477
1604
3
702
268
501
695
190
1110
358
239
550
421
93
203
184
827
198
363
1063
180
25
168
814
167
187
161
433
1514
93
478
1532
115
868
22
15
186
1798
115
1174
994
405
131
643
435
1328
797
205
1321
61
394
314
200
27
175
710
413
352
108
196
159
67
114
1476
641
905
569
727
34
366
2585
1022
1406
429
344
107
143
580
779
1691
721
46
86
116
250
101
811
1500
309
585
217
124
113
156
650
178
223
372
19
781
458
780
1022
326
1756
1457
91
124
19
420
1492
79
545
891
131
90
369
2091
258
1046
425
153
732
10
163
403
129
542
42
25
1087
184
2970
220
70
1222
504
499
153
179
392
797
33
591
35
1446
287
406
37
895
234
980
538
690
45
185
393
1002
648
180
583
591
439
438
117
374
226
659
1064
236
83
569
1059
581
8
367
2135
280
47
195
163
166
448
130
541
1061
330
459
541
237
1060
154
400
365
1519
392
47
747
368
97
115
1840
106
237
671
216
460
327
31
143
27
81
225
2001
84
1028
127
660
16
381
1019
640
981
126
71
188
312
56
328
183
156
962
85
71
29
529
520
14
156
1226
978
599
176
1005
265
1042
813
33
164
306
97
46
541
564
469
553
891
16
349
198
192
809
