110
46
16
150
34
68
274
110
66
659
13
87
305
37
38
4
21
29
146
525
8
396
59
10
57
24
272
100
6
301
58
105
165
7
157
24
124
30
4
87
48
29
411
175
27
134
429
46
18
272
65
187
158
159
252
189
45
62
23
50
133
47
61
73
72
249
323
18
105
44
47
129
87
54
187
167
62
18
103
114
306
123
91
30
14
4
17
110
155
60
60
356
162
131
117
148
69
20
102
26
94
156
711
111
600
66
113
377
71
490
21
351
35
12
2
47
50
308
12
343
50
39
292
101
459
251
9
3
179
341
15
72
385
853
58
40
1
265
78
301
116
5
58
16
922
461
104
18
73
78
41
345
42
104
157
10
92
57
678
107
266
13
111
29
306
100
11
143
7
84
81
153
71
18
129
302
11
52
153
51
64
110
35
101
33
41
6
4
253
97
47
75
7
5
169
86
39
33
23
50
95
22
87
42
64
94
289
290
46
18
69
95
605
94
67
120
195
1
126
91
65
6
44
292
298
193
18
33
48
9
3
103
99
149
5
35
440
189
21
36
140
346
8
277
457
41
112
38
16
61
56
20
74
153
21
171
37
125
375
50
148
10
98
15
149
21
36
119
299
139
129
99
77
87
50
88
13
36
180
141
98
82
92
84
76
618
9
56
102
132
25
182
298
141
420
27
100
5
65
86
88
68
3
17
78
62
191
267
410
54
1
22
2
61
114
55
311
619
21
60
38
181
359
94
159
185
76
287
183
117
57
84
2
112
125
284
305
88
41
30
80
34
117
136
88
33
49
83
196
769
16
113
667
509
387
123
41
399
24
178
120
177
53
732
50
50
178
31
43
125
15
287
4
112
74
467
5
57
36
42
441
652
38
68
130
98
61
8
16
124
37
121
265
48
177
81
74
19
40
26
255
83
72
264
57
30
51
45
272
135
260
125
13
70
43
41
3
279
307
105
55
91
299
109
276
41
37
33
24
31
24
52
31
26
57
76
48
75
15
100
93
65
4
144
25
60
163
44
45
570
69
64
41
8
429
450
44
26
4
41
68
20
165
97
85
176
5
78
119
125
22
16
298
47
119
35
115
119
36
112
37
129
6
89
329
257
41
189
2
25
100
117
512
66
32
316
142
93
140
71
160
124
132
10
328
6
56
19
135
10
64
299
366
328
10
59
32
189
26
95
32
17
25
51
68
32
148
7
141
52
73
29
174
356
33
40
33
21
76
319
68
66
54
175
124
105
3
97
52
404
89
72
94
38
10
199
51
7
339
377
80
332
46
103
39
96
120
77
92
116
163
369
11
262
98
285
190
143
72
296
116
60
150
61
7
31
98
27
4
200
15
97
91
85
143
178
27
132
104
37
6
28
53
330
90
143
496
185
63
134
123
37
138
169
297
28
10
73
180
19
25
55
59
282
113
20
6
553
38
10
384
4
72
5
262
51
272
142
39
97
183
5
8
31
336
57
27
97
30
13
51
40
330
121
109
53
13
47
10
109
21
266
2
3
297
544
45
3
146
57
8
30
89
39
88
3
29
140
114
361
33
122
14
10
109
101
68
128
5
120
138
49
107
159
43
138
339
131
19
20
30
552
441
120
93
251
30
187
26
99
54
63
135
64
297
18
143
286
73
201
279
165
55
43
365
102
160
19
81
65
16
64
82
42
53
5
107
201
692
12
56
22
42
29
54
356
39
22
55
82
100
40
354
57
32
1
91
250
50
170
57
249
166
166
10
127
47
20
83
2
121
54
1
352
47
78
65
430
30
96
251
193
131
195
81
16
316
103
112
389
96
63
250
404
55
406
165
102
145
194
531
84
78
6
20
57
22
18
33
17
30
264
141
51
4
60
50
13
1
304
491
375
127
412
497
2
95
95
127
79
59
93
36
63
147
507
47
200
277
103
6
35
14
16
135
310
128
27
21
143
106
122
14
629
122
172
306
53
44
11
161
162
27
6
273
102
22
76
260
280
39
27
39
310
63
191
23
256
72
1154
68
35
356
6
61
100
116
92
4
88
20
67
91
74
264
4
76
33
29
248
60
126
296
6
80
101
28
261
195
93
10
68
38
57
196
149
858
171
68
264
11
136
84
279
15
618
40
112
97
3
52
86
100
128
60
31
80
272
49
17
128
279
36
190
140
2
152
274
11
57
84
33
167
88
93
3
334
29
14
341
303
72
182
152
167
26
365
131
14
73
73
169
2
75
110
491
259
179
70
114
3
400
67
143
13
80
355
265
74
352
158
258
19
57
4
40
54
11
69
110
190
102
146
130
51
100
39
119
35
66
99
124
18
16
164
15
36
48
46
44
172
46
96
50
167
389
90
196
192
170
24
140
62
68
23
269
10
72
158
97
10
72
2
28
48
180
115
35
141
34
12
587
83
97
103
29
35
66
76
111
46
154
17
162
49
61
134
37
144
79
17
188
145
247
2
80
255
16
68
14
265
353
4
140
101
127
47
133
71
82
345
102
544
200
6
511
22
32
78
21
2
145
56
82
66
146
7
30
1
16
122
324
707
19
20
307
184
124
22
18
134
309
44
67
65
132
16
20
12
43
155
34
305
43
39
9
14
156
43
601
79
6
8
104
87
44
400
129
30
352
18
310
142
122
92
301
55
52
72
48
55
84
131
59
52
128
162
143
644
18
16
55
543
192
157
299
312
128
146
401
20
56
56
1
415
66
198
151
49
47
45
89
259
256
158
6
80
299
2
282
295
1
61
44
99
68
83
31
598
70
185
263
460
48
14
370
41
103
357
27
285
56
19
182
816
24
153
35
106
71
284
68
63
145
1
293
79
416
47
11
20
175
672
17
29
914
34
11
17
49
124
179
104
63
178
36
125
101
15
10
53
85
94
176
189
112
40
99
20
20
116
66
73
12
42
72
40
70
48
88
7
32
142
169
63
1
496
134
56
179
285
382
458
64
269
176
59
146
119
70
53
121
78
38
28
73
39
126
162
5
11
245
106
156
69
11
308
12
162
250
27
122
2
7
53
73
52
90
29
19
124
192
101
172
523
276
73
189
21
56
36
44
131
7
268
546
159
100
122
74
338
27
92
376
50
307
28
186
109
134
38
53
11
82
322
81
44
262
15
129
467
13
256
53
20
127
101
115
34
100
3
147
11
3
110
63
64
289
8
100
22
36
326
291
83
13
4
13
32
80
73
76
34
35
64
12
7
38
176
119
151
94
538
3
465
18
75
160
107
502
197
379
363
159
70
412
43
86
2
61
80
11
5
87
115
53
144
291
126
19
45
9
123
335
168
58
119
99
47
318
60
48
73
124
38
6
12
174
19
274
252
80
180
64
187
50
107
90
148
441
31
18
12
97
74
2
580
7
434
159
393
17
102
26
120
10
51
82
69
5
187
260
5
22
32
6
89
69
15
18
51
43
182
148
35
349
17
84
297
146
135
91
304
64
560
1
41
169
5
83
101
74
318
49
50
40
153
155
56
76
263
3
57
25
1
6
46
137
13
195
134
137
42
62
187
10
28
23
55
29
295
82
144
388
16
55
16
261
5
19
393
65
3
42
133
81
23
71
42
174
182
37
66
125
12
20
28
99
184
84
56
252
104
23
90
38
84
246
157
138
262
112
38
266
90
91
94
41
14
81
490
309
253
134
40
40
49
199
56
72
255
258
42
155
374
44
326
146
247
348
38
68
176
58
46
71
41
157
151
256
152
37
27
50
98
149
86
43
74
16
619
16
349
36
245
349
196
17
163
9
180
151
115
81
37
26
21
23
113
53
17
114
68
329
68
8
73
65
127
1
78
36
107
2
33
52
16
47
289
11
28
159
162
55
56
10
73
25
392
46
36
100
254
329
60
66
33
21
47
268
130
9
4
38
83
151
155
77
93
341
14
141
326
93
68
581
62
9
34
7
357
39
298
263
15
43
30
139
185
51
38
132
127
882
75
79
25
39
137
12
131
397
131
22
130
71
9
4
116
37
431
141
126
23
13
100
123
124
33
10
6
4
105
129
48
34
149
721
61
305
29
162
62
48
154
57
4
310
20
63
99
81
63
14
15
34
5
50
273
99
2
131
15
21
98
265
13
38
39
61
148
22
118
88
15
96
58
7
39
79
513
281
22
18
174
163
27
40
187
42
130
41
128
62
106
179
64
52
66
152
362
34
293
132
17
100
5
344
371
247
181
145
30
79
138
98
5
409
96
41
33
71
264
1
304
14
20
59
41
162
164
447
348
463
33
111
30
131
280
72
3
20
9
4
61
120
142
130
318
154
71
4
200
18
104
34
286
13
103
81
20
2
5
176
454
76
31
170
70
625
50
119
32
77
107
67
34
3
148
105
250
33
587
321
468
7
56
181
110
49
106
32
252
136
26
2
363
15
292
67
109
353
3
102
30
39
31
162
183
71
75
49
30
86
20
161
613
51
176
429
115
178
147
12
328
125
165
8
295
121
6
366
1
456
67
74
64
433
122
44
35
248
3
119
31
41
49
66
303
448
135
4
153
369
30
385
265
86
44
197
24
156
44
50
31
49
32
369
92
82
997
405
9
5
83
92
405
34
45
114
44
145
32
65
127
291
8
11
132
201
62
80
34
159
105
4
63
123
13
22
24
76
312
262
155
34
46
19
196
78
17
34
16
50
16
157
7
83
82
85
175
131
98
116
68
68
10
126
156
114
22
49
47
40
19
114
188
109
669
304
159
37
162
8
368
47
339
93
179
170
126
9
110
20
113
84
159
305
47
107
114
16
21
127
12
19
21
13
317
25
101
378
139
30
1
446
38
56
53
382
3
44
52
550
417
359
30
133
57
72
14
300
385
52
101
5
15
145
9
121
44
911
60
165
293
29
27
198
57
40
108
75
35
34
66
36
32
422
60
327
169
69
130
325
34
16
66
400
32
60
60
53
378
81
144
139
17
434
2
33
58
433
30
58
282
249
32
32
143
47
8
71
613
313
42
168
5
12
111
23
24
41
857
1
176
147
191
52
25
44
1251
12
14
159
92
1
368
493
113
145
171
116
29
3
73
139
6
9
250
136
305
36
29
34
307
44
55
190
159
130
19
129
38
4
38
84
31
74
137
124
333
278
157
12
51
186
128
5
76
325
1
346
118
182
78
33
50
105
3
199
67
68
335
29
15
4
273
119
354
24
8
99
10
65
15
24
35
308
98
72
29
94
2
70
525
59
7
426
68
93
37
75
60
405
467
303
7
161
74
148
177
57
55
73
11
261
1005
61
81
22
168
12
509
300
45
58
4
158
117
117
405
22
14
35
35
127
15
14
67
200
149
148
37
97
12
183
17
5
260
805
81
273
47
36
19
15
4
53
148
600
147
354
37
93
23
361
188
88
139
76
306
153
167
198
156
32
27
51
91
149
68
10
68
81
27
2
303
127
275
79
186
37
76
403
366
114
56
381
517
28
58
304
153
310
282
173
40
71
258
114
81
389
14
44
11
55
327
144
145
245
75
95
13
128
30
86
201
10
79
85
99
21
4
310
261
63
18
259
137
22
68
202
2
89
152
62
258
57
80
22
6
255
18
198
49
123
17
107
172
11
39
24
13
75
1
16
374
170
173
50
433
151
314
148
34
366
305
106
79
163
74
51
71
57
1
90
198
69
276
98
158
12
6
90
71
11
317
255
165
3
84
178
3
65
137
62
53
123
149
10
87
17
43
175
31
93
578
10
9
26
87
59
34
75
72
117
67
257
121
302
31
2
2
96
108
36
90
326
42
7
3
370
351
43
108
166
11
328
111
8
201
195
180
119
9
62
268
394
160
59
165
158
37
382
51
188
22
117
325
152
193
83
4
121
191
712
291
376
133
37
144
26
454
19
184
66
28
8
571
155
30
61
21
21
166
73
1534
34
122
186
16
76
258
94
373
105
123
39
40
18
43
7
191
24
119
61
54
92
75
43
10
4
331
26
57
96
165
20
42
88
87
77
15
340
62
10
87
180
83
76
26
107
78
130
15
27
8
545
55
150
79
35
66
53
145
109
41
156
53
255
24
547
5
104
157
47
32
57
291
35
88
376
307
106
19
101
405
93
105
163
75
89
164
81
29
31
115
4
53
202
62
29
168
909
9
163
62
126
192
119
278
17
414
14
29
58
179
23
120
77
191
160
75
37
9
85
37
557
348
73
44
530
10
44
41
75
1
131
155
26
109
413
56
17
175
59
323
180
14
255
127
126
173
45
65
156
89
150
59
3
284
89
338
278
38
93
63
130
77
430
556
91
28
292
47
173
153
155
67
8
97
107
76
86
172
116
36
59
68
16
122
294
131
139
132
283
247
4
64
246
549
284
201
8
130
22
406
196
21
87
48
72
1
262
96
157
415
108
565
26
738
21
519
40
10
2
80
6
89
37
112
126
8
13
81
183
53
46
6
40
52
161
38
25
39
94
157
267
735
112
13
15
44
14
34
47
345
26
11
87
6
74
120
274
305
23
11
68
391
143
83
129
263
419
71
11
200
90
111
124
19
2
10
97
139
2
110
85
40
299
132
151
456
141
55
28
78
21
29
47
67
31
136
45
89
15
14
361
78
379
59
324
94
197
12
48
379
121
266
182
351
54
71
151
3
513
87
58
342
7
74
19
46
145
186
297
85
125
32
65
73
65
58
33
156
311
574
69
709
34
603
23
119
318
19
53
28
90
127
163
64
47
100
48
121
159
291
34
148
309
16
5
187
23
78
176
137
69
20
57
331
110
141
17
16
64
16
83
200
115
89
263
95
12
273
27
94
109
61
75
84
323
77
120
7
48
88
627
46
58
15
2
247
124
504
41
78
62
30
128
6
42
37
95
84
332
173
364
59
247
98
10
90
180
171
51
70
21
143
158
360
9
196
332
168
71
10
39
341
24
267
174
199
155
379
320
20
2
158
52
4
64
854
303
17
35
88
280
125
144
22
7
5
327
359
294
12
255
177
53
52
24
13
49
251
59
40
358
21
9
271
180
116
6
39
47
377
285
30
260
167
8
274
81
275
49
23
85
82
78
71
191
291
116
322
334
52
9
252
2
164
48
251
65
266
72
72
246
117
138
123
192
8
102
6
167
335
156
47
151
24
260
53
12
38
54
146
148
36
21
48
2015
41
53
65
28
114
21
147
12
5
339
181
14
152
116
51
72
180
85
150
280
538
174
42
40
74
282
99
77
151
15
119
88
102
41
72
102
36
338
87
154
5
186
171
23
560
61
38
24
85
173
97
99
45
48
282
287
118
121
31
10
321
70
79
10
198
62
20
65
71
107
140
81
107
256
78
94
67
35
18
96
73
4
54
140
153
28
4
46
152
39
69
259
173
56
71
8
65
41
498
306
77
9
107
39
368
53
124
425
82
25
173
49
92
19
154
24
72
49
467
106
192
43
101
186
46
35
60
86
43
98
37
451
112
12
1
26
37
39
515
332
85
171
173
397
156
125
100
37
82
9
70
50
127
7
160
156
11
163
15
88
147
70
167
362
51
33
110
18
44
47
30
20
287
66
114
357
186
55
271
49
122
264
14
42
21
65
9
4
259
21
9
72
71
43
27
170
274
15
317
80
294
29
301
119
33
256
154
116
178
127
146
38
60
18
25
78
177
361
63
161
91
278
79
202
182
42
522
65
49
35
25
379
20
20
42
79
16
254
28
265
18
6
534
200
51
12
70
108
16
107
70
172
421
9
385
70
92
183
9
132
63
191
37
352
344
126
20
17
69
45
403
67
199
21
349
51
6
76
98
8
28
108
37
65
9
105
320
156
141
4
182
37
71
2
18
108
61
44
18
32
25
33
10
67
191
52
19
125
44
129
276
256
41
246
44
64
67
64
6
391
28
25
2
45
153
55
27
129
249
56
94
289
59
312
179
29
137
150
367
123
85
8
57
283
65
112
51
306
345
167
78
59
270
270
94
6
70
43
38
42
83
35
19
33
23
92
122
120
86
186
55
18
91
26
96
27
21
187
179
23
17
47
57
28
4
41
22
29
8
285
304
127
147
162
141
60
152
44
162
89
6
17
34
97
130
67
37
270
51
11
66
33
329
827
283
92
62
254
35
382
97
89
12
1
74
17
96
543
9
7
66
10
162
19
23
286
42
828
3
146
52
1
118
257
409
160
27
138
26
125
259
11
1
198
74
146
63
47
40
15
157
420
42
58
92
76
75
133
372
90
11
108
123
39
47
20
253
103
337
266
320
56
98
146
65
307
87
188
54
166
48
127
174
126
80
66
319
100
41
69
94
168
196
32
282
71
4
378
151
4
54
37
327
38
122
189
286
166
20
101
30
338
54
43
28
310
166
285
62
177
29
247
125
367
36
118
10
63
56
60
1
123
12
18
3
416
41
120
29
12
5
129
46
35
138
104
47
676
354
43
18
54
75
156
115
180
37
66
42
151
44
41
185
305
58
44
317
63
101
358
112
26
77
356
65
10
68
18
268
627
127
56
140
74
8
55
135
60
6
314
40
441
4
128
60
413
36
55
123
300
251
40
74
44
105
26
139
391
260
316
140
139
91
56
92
135
345
25
96
176
780
44
431
72
112
61
98
68
447
3
34
170
69
26
127
40
164
75
44
253
45
421
21
426
447
5
388
49
139
136
61
155
8
79
160
2
115
282
62
193
62
97
115
22
107
45
251
869
459
44
73
91
697
10
15
345
37
22
135
105
4
47
741
143
136
29
25
62
154
10
175
6
364
53
696
8
39
46
14
27
120
14
39
17
2
23
103
43
55
37
89
273
22
30
23
57
34
131
85
121
12
89
564
123
5
372
111
67
28
80
100
130
20
161
197
45
83
114
314
65
19
115
30
26
98
168
139
18
33
93
79
54
370
4
79
99
33
70
62
260
1
64
43
163
68
34
64
158
34
131
95
29
17
84
504
19
257
35
2
1
104
25
27
53
1
289
340
117
142
277
140
149
11
141
84
115
262
36
2
177
35
182
126
53
151
163
62
31
664
39
47
122
27
148
38
55
316
2
118
23
29
27
7
276
108
126
113
31
55
131
279
258
25
338
12
9
17
266
16
150
166
91
85
129
87
3
3
44
79
179
678
5
6
69
34
99
144
73
55
124
163
292
36
2
10
134
67
189
326
24
82
247
95
113
76
154
65
323
314
56
87
407
33
118
15
18
270
168
28
14
531
110
292
78
171
92
21
33
28
40
2
38
5
105
61
301
192
8
84
17
91
66
73
105
27
272
10
250
54
169
25
7
71
36
58
352
16
165
63
29
83
115
45
28
136
422
36
69
87
28
84
54
425
40
118
8
27
34
88
431
423
13
1772
73
94
448
151
81
116
75
23
7
20
293
81
12
102
27
123
72
107
75
273
162
164
148
64
163
89
22
9
31
30
365
130
24
334
184
77
341
68
1
49
15
82
153
199
78
131
5
569
78
17
121
35
8
142
348
164
143
130
49
28
6
65
285
30
158
42
16
39
46
17
72
95
33
58
61
246
16
125
338
20
11
352
20
23
53
1
324
404
34
336
15
2
180
122
52
34
40
91
124
614
644
164
59
19
20
326
53
26
158
39
1732
52
90
84
94
171
74
262
96
70
170
104
1
39
50
37
69
81
1
287
573
23
427
87
29
38
7
94
4
76
17
39
22
245
105
160
5
327
57
1
126
738
101
258
12
74
117
5
50
68
339
172
253
7
201
165
186
63
17
513
56
68
9
25
257
21
95
27
51
11
296
5
352
354
60
394
6
28
82
113
250
33
359
48
68
33
123
185
24
560
48
45
20
25
60
185
39
246
304
32
7
120
81
546
19
23
173
180
734
532
356
633
144
84
67
286
133
33
13
33
84
278
64
266
9
98
104
29
32
6
16
121
375
3
74
380
64
511
133
12
35
191
142
10
29
50
28
173
309
100
325
22
27
18
42
54
12
160
182
42
22
70
39
92
187
39
27
7
295
169
273
188
135
94
40
75
114
181
287
64
13
35
93
70
106
155
160
72
5
38
40
66
72
70
132
553
14
192
28
26
516
46
331
22
103
21
15
189
570
142
154
191
60
45
63
142
58
10
145
35
57
200
123
315
60
94
291
165
165
103
335
331
177
292
70
98
146
38
5
113
516
101
54
33
6
423
145
120
32
245
141
38
311
14
640
19
60
139
90
153
67
66
16
519
72
50
366
321
261
48
60
714
86
109
89
20
22
107
92
276
17
265
326
152
20
77
151
45
368
107
46
60
160
202
32
453
118
35
133
8
73
112
169
184
14
36
89
94
26
33
185
2
20
15
61
284
111
281
93
28
135
10
25
12
94
103
15
19
5
196
65
14
8
84
38
14
187
115
401
4
37
245
140
84
110
67
73
145
294
21
91
17
47
128
48
375
56
60
32
369
194
14
250
7
82
388
14
53
58
9
178
96
120
67
165
31
17
595
30
134
97
82
56
4
86
311
48
1126
373
489
88
44
105
146
184
45
19
80
4
86
40
189
1
61
81
61
2
50
8
248
47
27
116
57
176
15
82
8
525
153
33
20
58
53
82
12
60
39
168
366
120
22
176
15
94
35
159
60
709
75
159
107
50
71
85
180
30
71
15
14
54
114
35
55
267
60
457
344
134
13
30
246
64
87
300
42
45
1
86
245
293
1
49
34
84
358
25
83
268
282
52
49
557
59
30
26
63
59
265
161
446
76
36
153
42
79
35
56
2
45
128
174
60
115
276
60
121
25
7
52
15
2
367
51
143
103
55
87
57
114
31
78
16
23
17
92
267
7
30
15
403
74
294
513
80
144
11
200
32
108
22
106
180
106
87
50
148
61
369
54
54
73
376
177
154
364
696
36
102
14
27
424
9
14
308
74
9
52
171
370
533
32
76
36
83
16
64
391
343
38
43
180
123
73
187
29
363
12
179
45
74
258
14
105
94
345
11
99
22
10
28
162
44
284
247
2
38
498
10
7
2
194
144
86
36
162
33
4
16
12
24
135
61
149
29
15
332
57
397
90
17
113
8
55
187
31
34
24
169
28
99
135
17
71
2
9
324
49
253
86
103
24
522
32
142
104
36
131
172
42
293
85
97
22
155
68
67
336
68
156
9
22
26
27
3
124
67
262
146
74
133
254
442
48
12
346
18
292
192
66
158
1
86
5
105
263
146
7
69
3
142
420
270
32
562
283
58
55
83
289
61
67
142
106
109
46
195
15
105
51
60
82
32
399
300
329
7
30
15
401
41
322
41
199
193
376
57
56
359
81
163
57
623
80
84
41
13
25
43
281
191
63
34
56
361
380
276
76
46
54
101
82
110
293
50
60
428
29
161
48
294
41
68
112
154
157
44
5
86
73
75
156
21
51
6
337
36
8
283
364
113
289
321
174
108
166
133
330
25
170
49
145
28
100
264
121
49
9
52
149
158
17
78
146
19
283
125
54
47
59
560
5
4
147
81
96
92
189
132
274
292
54
44
187
332
119
122
396
9
62
106
47
14
89
8
28
5
256
59
5
102
529
17
462
31
53
102
32
48
279
135
6
585
112
95
1
278
30
137
120
3
71
103
123
197
63
49
20
96
26
319
15
125
118
90
27
31
13
1
73
151
94
15
6
96
93
141
7
91
29
7
343
32
129
33
36
83
266
145
94
77
25
78
302
259
92
20
7
60
9
183
65
279
192
46
129
55
6
331
148
4
358
85
8
110
5
23
43
18
21
398
114
136
30
109
102
36
81
301
447
86
72
148
57
321
31
51
18
31
114
387
94
457
263
43
103
121
18
45
42
44
322
22
535
136
36
605
265
51
18
113
27
815
112
139
154
147
53
167
25
112
333
63
16
87
449
282
57
24
44
54
305
327
112
19
1
20
110
69
40
159
1769
10
119
9
21
18
126
113
8
87
76
149
132
107
23
81
3
34
39
120
182
21
54
329
355
140
285
101
99
51
28
145
5
183
94
86
295
99
157
383
8
435
118
16
1
27
63
11
270
94
293
117
100
91
357
4
13
183
140
122
15
16
17
347
508
96
117
156
38
109
135
5
165
376
108
46
353
55
46
120
84
28
81
186
95
20
73
383
68
469
136
3
302
42
247
60
132
7
267
181
34
119
132
90
166
68
101
162
9
358
16
53
11
95
55
78
52
18
8
367
1
169
325
71
83
344
104
129
84
104
58
29
6
94
131
6
34
419
52
46
10
141
91
14
34
178
394
12
196
113
10
125
10
41
14
753
129
133
30
38
351
28
131
282
21
114
130
76
345
69
388
198
23
368
72
111
180
37
50
259
1
35
129
159
137
35
114
128
187
71
73
112
492
134
337
171
170
16
275
130
23
62
97
83
148
33
6
94
65
106
47
56
90
44
173
132
68
150
202
13
56
21
184
35
528
115
170
6
24
28
81
16
23
56
20
28
56
169
27
21
282
54
191
8
57
37
72
330
47
49
28
107
131
122
47
90
45
26
124
347
10
11
98
12
152
19
9
271
30
453
59
150
63
154
28
73
162
116
41
42
44
261
15
87
22
51
19
6
34
20
19
78
58
70
143
142
295
145
157
30
53
15
17
11
98
13
172
348
193
303
296
157
51
126
61
106
74
125
2
66
118
22
5
41
178
6
93
45
127
324
30
53
85
607
18
372
8
19
25
461
147
111
286
143
88
135
168
160
112
162
166
640
96
17
106
90
413
51
13
47
263
28
130
26
177
251
84
61
83
104
285
12
84
366
54
58
61
146
190
126
46
84
22
45
166
163
43
31
61
28
5
34
42
121
1
165
43
197
131
43
343
117
98
27
28
28
351
15
106
21
509
55
134
320
49
11
143
60
6
110
88
98
52
344
112
33
19
17
11
81
42
180
49
34
119
20
47
192
155
514
58
182
28
129
75
11
13
5
111
168
32
291
41
279
34
21
329
88
164
72
184
30
201
74
142
29
4
372
152
518
22
130
569
84
33
14
252
24
13
83
16
91
11
3
168
57
113
30
329
69
46
413
303
149
366
51
110
57
831
102
117
25
88
9
77
28
507
42
53
252
365
18
97
10
47
263
88
70
7
70
194
88
503
3
52
34
338
1
57
6
119
289
81
72
80
102
75
33
194
41
7
113
45
445
129
52
47
80
158
31
15
124
7
91
164
131
261
42
151
341
67
137
176
11
79
136
88
55
5
54
49
123
11
59
113
25
32
4
53
59
27
122
341
79
6
8
7
21
29
1
27
155
39
81
42
66
147
24
82
1
20
1
116
255
21
157
123
15
2
47
167
17
93
270
78
62
195
112
70
27
22
56
164
282
169
4
456
27
68
56
63
419
16
41
17
74
48
403
71
34
249
53
10
41
65
4
4
8
39
116
115
14
3
49
351
131
249
84
6
102
69
117
372
132
25
251
61
52
170
63
341
73
77
2
42
18
14
270
93
4
45
857
140
12
139
93
20
166
48
30
119
122
147
17
8
1
35
176
278
15
75
275
133
39
107
149
118
74
307
6
123
71
29
110
246
39
76
27
39
23
4
50
88
328
14
2
422
68
178
302
24
74
60
197
24
58
22
21
68
71
137
5
122
107
8
381
61
51
21
29
160
69
247
48
103
110
19
173
3
34
128
42
42
136
47
16
23
79
74
532
100
9
149
28
31
2
109
14
193
24
32
329
14
263
61
8
85
111
48
107
276
73
9
353
23
131
157
5
135
72
50
129
21
51
76
187
161
32
14
406
5
181
90
3
109
139
15
96
12
152
62
58
327
184
95
123
17
24
53
161
277
132
264
120
268
123
47
156
166
1
397
91
152
279
161
41
77
18
2
274
91
96
178
23
93
38
15
67
24
7
36
32
148
460
78
138
9
259
142
37
36
60
73
96
68
56
50
98
363
148
71
126
20
66
147
608
35
71
179
8
39
535
346
389
132
127
144
18
159
255
52
22
94
169
39
313
15
96
96
114
26
516
145
10
50
5
105
361
82
147
10
362
44
10
15
12
175
66
77
330
50
185
56
94
52
3
74
177
73
147
83
54
96
99
66
61
30
6
25
101
367
119
53
10
63
165
5
189
61
61
74
24
36
1
95
134
190
16
146
2
24
5
24
111
7
19
267
70
174
15
141
24
75
46
558
25
45
270
277
263
136
341
36
164
57
9
35
387
260
58
320
4
56
99
15
70
11
34
268
65
127
28
113
21
136
8
62
268
43
129
30
7
1
29
132
166
368
119
256
4
21
73
186
92
7
110
76
46
98
25
9
188
1082
29
129
419
30
61
75
153
5
12
77
49
150
59
38
164
266
1000
99
330
156
120
159
29
108
30
166
158
38
52
329
333
117
1
29
259
44
254
11
43
7
38
246
6
49
136
56
173
15
91
63
23
361
8
167
5
42
51
67
87
6
20
53
43
63
162
29
130
31
2
2
73
60
254
65
110
107
18
22
55
20
17
155
7
40
31
5
96
11
245
49
266
95
60
68
121
11
31
158
2
47
258
55
114
18
65
41
23
156
10
141
361
22
350
108
42
26
281
130
57
401
87
32
188
22
69
169
13
46
41
95
127
28
175
5
386
119
95
8
4
96
118
373
282
18
303
23
78
74
8
277
42
14
26
57
116
35
69
11
54
10
423
69
109
6
32
300
168
54
11
87
5
30
5
60
48
291
361
92
21
280
66
10
23
256
128
98
90
24
133
18
77
604
43
25
15
148
35
32
146
123
61
22
70
8
36
81
112
65
69
61
83
172
8
57
99
88
3
20
423
88
272
10
152
17
44
199
308
250
179
67
2
93
22
91
16
12
117
67
38
108
130
276
4
43
76
51
4
131
13
190
142
261
47
88
9
33
333
54
41
193
3
165
56
292
28
9
18
65
121
304
59
373
22
32
31
260
51
54
64
57
111
271
143
66
30
96
27
20
122
106
74
155
128
98
99
2
115
17
56
425
379
14
145
58
10
668
174
57
3
105
7
15
40
196
144
14
49
19
90
4
181
245
31
54
61
27
37
491
197
37
133
314
10
7
37
98
45
101
270
385
197
423
73
31
133
12
15
118
69
29
47
62
161
24
197
55
184
54
12
2
93
73
114
92
52
104
190
31
84
170
42
121
6
5
37
125
36
31
1100
16
141
32
16
79
285
38
46
117
73
53
32
161
294
276
343
167
349
139
53
92
26
7
91
853
86
110
39
156
171
37
67
38
1
178
106
105
79
12
138
438
151
2
141
58
93
4
4
118
55
149
114
110
49
75
14
150
347
162
446
10
20
3
39
65
76
23
136
145
1392
10
143
116
153
94
70
51
431
376
70
48
77
103
154
24
126
77
68
51
21
24
153
82
193
97
141
36
117
6
129
253
120
91
131
53
89
38
20
162
29
9
58
130
130
180
109
342
326
95
123
8
49
24
57
160
181
314
74
1
127
47
45
74
454
35
11
64
1
5
130
256
40
53
85
63
2
24
148
145
69
25
165
93
79
116
33
35
79
81
6
53
388
11
310
261
155
1
125
180
196
74
61
454
125
60
10
72
96
248
12
164
87
256
114
199
16
104
252
290
6
325
29
68
15
68
15
302
58
116
86
126
110
115
260
20
114
250
135
114
289
27
87
177
398
549
6
2743
99
405
268
11
85
25
184
270
17
33
17
548
187
171
53
36
83
174
380
56
73
15
62
43
35
142
114
140
159
43
14
173
120
40
23
157
25
111
287
26
170
84
83
107
67
116
4
48
6
71
24
11
107
28
162
159
55
17
70
284
431
28
545
261
107
63
252
36
372
16
15
20
111
29
105
30
119
180
364
166
167
198
246
7
1156
89
61
105
66
10
62
38
18
109
13
29
9
111
26
39
62
15
185
8
94
4
63
73
88
130
177
45
33
11
61
53
24
85
158
335
178
105
144
66
266
177
86
10
190
64
269
50
105
14
67
185
19
428
105
56
34
43
74
5
20
317
123
189
16
89
123
3
25
50
6
400
179
3
72
8
65
105
117
30
7
87
37
120
145
57
1
137
190
84
49
66
14
120
97
592
178
15
80
69
282
48
288
20
90
101
195
79
88
302
249
168
188
180
144
43
38
60
85
160
14
38
42
116
256
94
23
75
22
36
67
292
66
132
500
12
351
79
55
17
52
257
343
41
104
80
46
92
68
40
32
95
12
492
25
11
91
25
179
31
178
4
5
256
62
432
361
11
148
291
588
11
2
18
29
97
89
5
103
14
48
61
12
77
152
15
8
406
5
187
88
117
68
408
123
93
133
82
42
82
126
388
81
11
53
142
325
59
25
4
13
60
55
260
126
71
57
62
142
271
10
102
347
116
111
360
264
99
72
451
5
16
33
175
107
1
15
345
100
13
56
137
131
85
95
48
142
335
104
23
185
95
10
47
5
326
36
20
279
23
119
36
269
461
22
152
113
124
55
33
149
30
304
189
132
9
92
11
77
109
88
16
258
29
403
347
28
357
111
40
103
265
185
331
71
36
285
262
84
73
125
81
67
83
14
72
258
93
60
105
95
78
290
35
19
431
267
53
151
38
29
118
114
31
13
1
371
91
73
28
198
55
372
89
183
71
96
47
363
165
74
150
122
335
24
9
2
183
150
136
76
9
36
255
37
70
328
50
191
18
38
3
41
104
53
84
108
13
48
158
11
559
67
52
87
80
123
84
169
56
99
51
334
170
314
59
21
363
183
60
32
875
48
561
126
340
38
7
50
54
178
68
55
354
19
34
171
80
274
24
45
41
34
136
193
60
5
60
145
37
24
182
4
23
120
84
112
177
72
93
32
177
191
11
52
33
195
129
11
24
140
16
12
37
353
319
16
19
12
14
271
121
34
102
443
89
139
325
66
296
319
76
20
2
258
65
44
77
40
28
122
9
166
195
6
46
145
84
249
43
33
202
125
47
253
65
56
22
88
135
133
45
99
48
75
26
87
115
185
6
257
28
151
84
1392
245
64
14
14
506
3
9
125
33
182
140
38
167
252
10
75
16
51
76
7
8
3
281
167
45
354
13
60
78
13
71
78
170
122
20
1
271
7
248
19
133
9
39
49
35
84
36
167
10
73
103
64
175
137
17
76
41
62
65
58
83
147
180
100
98
245
157
135
820
139
30
128
143
11
87
107
85
263
3
147
22
288
59
47
1
49
284
47
183
100
99
37
133
10
338
116
55
62
40
2
103
15
56
45
160
156
111
616
321
443
14
51
309
136
539
47
55
5
35
41
170
24
251
1
43
9
137
653
10
43
120
21
1
108
104
10
38
4
46
30
111
70
59
10
142
76
152
92
59
172
125
36
21
72
191
1
372
3
52
48
56
47
187
262
132
85
86
43
29
296
247
263
140
326
41
62
40
521
33
50
9
81
54
338
393
129
73
74
37
197
99
2
184
18
142
53
24
99
290
194
336
99
318
454
19
55
21
143
26
149
11
357
128
171
81
35
17
20
327
36
92
330
268
366
132
8
300
161
156
129
93
371
270
45
148
68
111
176
89
48
430
32
289
45
271
7
68
409
17
248
103
293
246
57
52
138
182
47
7
127
123
302
95
83
144
81
80
54
20
4
23
35
106
126
21
262
89
160
421
201
54
56
44
43
49
366
159
46
38
100
180
60
2
12
53
255
33
107
404
350
33
468
37
19
176
525
98
151
22
105
399
85
149
41
988
114
177
13
89
3
37
92
65
19
283
70
1
127
9
52
7
159
40
307
76
151
34
310
16
55
113
126
60
126
168
91
311
48
32
263
251
28
17
18
19
97
82
29
73
61
96
99
34
154
506
159
192
69
389
375
46
95
156
86
16
18
65
81
139
161
401
195
86
98
61
188
78
1083
84
49
161
54
44
173
54
33
88
397
70
13
420
32
71
31
140
82
324
28
377
59
54
181
136
7
67
7
170
135
47
398
56
63
151
88
263
278
379
184
10
153
41
95
106
58
139
132
64
552
11
9
311
130
4
41
127
14
44
305
116
142
45
13
373
66
112
360
362
325
28
98
133
25
154
8
135
14
140
143
304
133
249
16
2
247
14
135
38
40
7
66
377
151
130
61
74
154
32
32
180
49
1085
122
172
20
116
105
18
64
295
278
20
110
47
255
64
9
34
112
30
303
46
56
136
30
164
117
10
88
98
21
131
139
13
52
15
1
48
329
66
1
33
146
80
60
144
101
40
8
2
30
97
173
135
5
151
133
169
59
63
115
323
59
357
39
293
295
5
96
56
27
77
1526
8
49
111
22
124
2
13
65
56
17
47
38
265
55
161
76
62
183
330
22
5
166
136
271
84
17
282
78
172
22
67
45
125
119
18
131
16
1
37
174
57
65
251
86
57
5
552
532
317
44
73
113
145
305
118
171
159
491
251
246
134
160
62
58
2
23
18
14
20
126
61
3
290
201
67
438
69
2
81
70
140
287
13
69
158
391
48
85
280
8
45
50
131
74
173
53
54
277
95
12
133
163
28
366
202
82
30
6
33
36
174
29
132
131
183
262
45
368
91
26
137
76
331
33
6
99
117
61
135
89
140
177
73
109
293
186
25
123
291
19
21
55
95
28
67
17
104
45
47
26
14
18
173
29
3
69
48
86
124
271
462
80
56
46
108
117
16
146
176
173
19
13
35
409
108
354
130
66
25
99
88
364
257
52
2
27
154
176
384
117
72
19
61
4
45
158
574
53
73
140
109
75
77
34
11
44
14
86
168
19
20
288
199
126
95
11
60
552
86
27
304
494
417
48
323
137
115
11
18
281
170
275
73
272
83
100
20
4
21
614
17
47
26
49
97
131
66
92
429
123
166
8
848
154
312
39
26
296
262
11
163
92
44
49
134
19
67
335
14
310
66
575
172
187
54
43
130
15
277
30
94
96
31
59
14
85
17
4
126
153
1
27
77
49
13
20
3
276
339
38
116
65
52
51
49
108
148
165
93
68
314
4
26
4
251
147
22
18
648
4
10
154
7
14
1
298
92
69
307
142
147
30
55
117
54
106
94
93
335
62
1
111
95
174
333
40
25
160
111
107
61
5
110
30
119
271
312
65
148
67
58
373
333
18
350
374
29
15
83
87
2
436
16
97
142
162
23
52
254
51
16
192
80
40
88
185
272
144
65
19
24
189
39
101
258
160
131
61
79
50
408
54
794
122
47
436
90
401
49
10
89
286
99
23
71
93
33
144
129
94
28
32
202
55
81
156
70
21
22
627
85
5
118
250
144
42
435
80
528
45
16
21
71
169
101
62
175
31
291
107
79
8
12
21
19
99
5
277
542
116
151
82
125
447
91
276
81
54
25
42
297
3
21
104
136
7
83
51
16
256
88
43
28
172
51
29
81
127
170
164
195
135
389
13
130
3
261
21
42
134
69
184
87
29
79
140
2
74
278
18
20
109
365
44
114
15
1
40
15
703
66
75
38
87
116
50
66
122
421
275
3
25
54
59
82
404
10
99
73
69
30
135
47
90
270
57
174
134
196
387
99
393
38
126
10
27
134
48
275
152
77
100
183
90
80
187
66
51
415
262
40
75
119
77
44
61
29
79
15
12
10
251
14
38
30
67
2
109
23
76
84
144
2
91
41
42
1
245
137
66
261
87
19
29
75
326
11
82
446
134
420
110
316
59
31
29
27
258
27
28
87
57
87
32
26
39
5
123
107
64
61
287
56
245
188
276
66
10
13
139
7
50
12
176
49
294
373
159
377
45
454
127
9
268
45
189
82
43
132
546
33
18
131
248
123
165
85
66
184
65
35
192
35
19
161
26
72
375
105
165
280
122
249
281
27
301
116
58
184
396
181
297
82
70
46
18
112
20
152
22
14
80
177
118
171
98
7
33
38
18
75
30
2
297
303
185
121
276
89
87
94
3
53
373
11
374
112
37
6
509
38
107
334
21
6
16
129
12
80
19
76
130
63
13
30
111
4
3
22
122
91
247
134
61
89
103
21
52
84
47
15
322
39
54
151
37
117
81
195
43
84
343
21
64
139
3
98
31
96
6
9
66
86
67
181
43
4
262
96
90
137
75
160
144
183
3
1
256
34
29
14
30
65
8
1
105
287
66
42
52
18
2
391
3
22
189
62
49
280
298
116
41
33
162
361
187
1
96
156
90
258
44
694
175
8
177
168
100
55
69
289
116
898
182
47
26
61
26
96
118
83
12
18
100
85
123
282
26
197
190
32
24
153
82
390
142
270
262
163
61
129
69
63
80
128
28
66
98
128
255
74
44
79
423
27
141
155
54
135
410
66
48
17
9
4
111
3
7
61
124
49
248
4
90
4
41
77
87
316
303
34
125
128
127
504
131
148
23
28
57
28
116
29
98
17
295
96
23
130
42
66
114
42
27
271
47
271
10
139
94
8
262
406
442
66
129
48
14
75
61
54
253
67
335
72
194
10
504
194
287
10
62
80
39
165
5
7
133
317
104
47
116
14
24
13
1515
120
21
296
36
299
353
54
12
96
48
127
376
160
257
83
132
17
287
8
72
256
149
195
59
1
127
172
138
19
168
187
172
78
199
38
345
56
62
137
393
82
104
46
96
40
158
34
358
193
389
31
9
158
167
140
24
175
24
138
46
56
174
68
93
67
362
126
541
67
3
340
147
78
119
255
5
54
23
194
96
13
71
434
109
7
344
6
117
24
117
57
115
20
312
21
356
260
187
22
62
194
187
2
253
438
49
80
174
32
94
23
105
21
20
77
70
157
53
165
150
168
124
297
183
89
112
284
152
30
459
111
4
180
2
270
77
18
43
169
33
338
177
94
578
111
9
180
86
62
248
48
96
291
128
118
104
113
135
85
46
121
48
20
2
104
2
23
46
54
58
17
66
26
64
196
370
58
40
15
97
64
144
602
7
53
124
13
129
142
89
8
28
16
1
85
103
50
131
136
60
148
73
24
146
75
52
20
14
7
31
10
143
139
41
164
192
130
22
51
37
2
108
59
157
528
293
116
81
1127
13
18
107
41
51
32
57
109
370
50
173
147
43
166
82
48
612
5
262
47
43
414
93
187
295
99
23
173
533
261
100
168
282
100
273
178
395
77
249
81
188
193
158
2
149
103
17
31
299
23
2
353
71
75
29
21
25
48
161
85
79
6
31
18
59
69
96
50
93
45
152
35
2
104
51
156
276
246
170
282
35
93
431
264
344
59
9
13
279
367
37
48
2
24
262
74
69
51
89
31
38
39
46
3
19
81
16
199
155
157
92
113
507
104
9
78
40
122
30
294
39
45
424
102
56
53
54
27
43
17
68
170
72
154
36
304
115
82
7
115
73
89
9
22
3
10
374
12
278
42
90
76
163
25
262
122
26
74
382
179
72
1
66
148
149
10
21
13
90
74
151
187
401
178
17
80
127
390
13
275
15
71
48
54
38
169
29
7
125
460
17
246
18
29
30
408
1
98
11
5
18
9
23
98
37
397
9
135
95
46
18
391
805
27
64
46
39
49
5
104
38
19
25
176
65
37
1
120
137
48
154
427
193
46
661
86
633
43
13
67
392
180
161
40
291
46
186
67
22
107
74
41
108
127
339
9
324
27
26
294
58
86
32
92
114
263
45
18
50
245
599
301
338
10
143
306
123
46
48
159
111
54
26
46
92
18
95
135
58
8
385
158
88
39
6
175
24
50
253
511
194
41
15
67
11
378
13
82
47
156
6
92
539
122
42
296
63
1
2
252
43
89
357
52
104
138
15
27
70
536
4
308
1
28
39
68
65
16
62
113
34
145
154
30
135
62
155
737
132
136
63
302
117
92
40
50
536
530
24
13
19
102
147
41
3
49
62
16
73
8
321
52
86
131
106
66
118
12
272
129
182
38
100
4
267
7
387
145
84
29
95
118
49
181
387
307
649
111
91
32
80
70
63
252
109
64
67
122
31
141
25
281
96
133
9
19
44
287
25
1
6
11
138
71
12
109
142
131
45
266
83
5
166
94
119
287
347
150
245
24
28
24
192
128
23
141
40
273
11
36
48
377
105
89
75
10
19
51
167
67
328
430
109
76
103
74
37
134
39
37
169
129
120
272
45
47
9
50
95
200
117
76
107
290
86
383
28
54
100
262
134
63
21
138
529
358
72
201
104
58
137
1
116
138
20
2
44
38
18
55
312
74
59
11
71
2
15
21
131
49
529
83
313
3
246
51
22
249
104
39
88
23
19
12
137
20
134
64
61
26
138
376
7
122
9
139
29
183
50
132
250
27
82
96
111
1
165
9
408
261
61
68
130
63
105
128
16
29
129
574
41
104
25
63
338
313
89
93
67
52
99
265
73
97
177
7
80
163
6
15
70
54
15
5
79
66
63
24
154
164
40
104
66
145
248
5
71
11
76
261
121
59
18
135
31
67
52
40
144
317
389
31
374
10
9
287
64
56
95
169
7
372
257
93
86
13
71
3
42
172
147
76
68
169
274
111
52
181
375
37
123
289
346
3
74
286
49
465
1
72
8
89
23
42
61
2
25
113
13
157
27
15
4
198
141
50
2
266
69
60
169
19
45
171
55
276
116
46
25
1
108
145
10
794
103
25
67
571
22
259
53
100
102
14
274
53
23
104
106
10
54
19
80
249
12
267
68
46
57
118
94
285
517
540
9
60
50
130
28
113
95
3
28
95
511
40
144
83
91
96
140
140
125
144
43
38
162
129
85
277
148
389
92
372
78
120
60
177
165
28
4
279
694
99
99
71
295
168
273
36
371
33
56
57
93
50
127
371
36
182
118
31
1
151
65
128
404
66
324
