15
59
64
136
79
17
85
31
93
159
189
28
58
134
95
246
107
66
292
3
33
9
2
50
1
101
1
205
65
54
37
110
31
21
31
14
75
34
87
70
8
116
103
25
60
73
86
35
81
4
18
44
58
177
43
50
206
2
17
22
134
83
114
14
84
36
4
62
264
33
99
83
168
35
82
129
34
45
45
52
65
39
67
151
219
276
42
105
16
2
86
3
104
38
211
100
33
20
29
77
123
15
41
45
92
44
246
34
1
42
58
7
34
48
227
113
56
13
223
127
30
198
25
35
184
268
118
139
49
63
22
26
59
10
22
125
31
1
119
288
50
118
62
47
31
101
7
5
4
266
42
73
9
19
32
33
544
90
41
9
33
106
241
61
11
86
2
132
46
183
80
168
111
17
1
191
43
99
196
152
67
244
45
28
96
87
78
55
26
67
44
85
23
17
9
6
150
5
59
20
88
2
96
15
25
24
563
16
21
34
147
63
61
86
119
277
85
57
77
19
68
78
82
8
42
94
101
85
90
74
39
157
154
84
8
20
95
15
117
37
18
110
91
50
94
105
83
175
29
121
86
27
128
13
8
89
111
90
70
41
89
37
137
12
42
80
32
90
93
10
16
33
13
95
215
55
70
61
9
133
14
17
11
4
137
34
72
12
148
74
60
3
141
73
4
129
162
78
2
286
72
36
56
167
52
214
24
3
79
39
41
187
13
48
217
67
21
92
115
19
11
74
93
65
138
284
145
10
90
30
99
52
111
73
99
101
23
105
62
163
163
112
181
20
77
41
93
185
43
91
71
125
23
170
32
316
126
37
119
17
25
14
150
170
195
61
37
2
36
82
94
5
1
212
8
51
55
12
305
48
20
250
151
195
5
10
43
11
82
43
9
106
52
19
67
273
413
546
3
3
12
115
532
48
59
3
38
27
85
33
22
162
142
5
55
54
254
15
36
68
53
16
168
209
47
99
9
26
131
6
16
15
50
68
281
240
111
87
94
19
3
15
26
365
15
111
100
160
56
118
111
173
6
248
78
90
38
104
26
54
99
149
63
25
128
18
6
81
46
104
186
27
1
42
7
42
327
35
89
2
275
16
45
6
68
13
23
152
45
55
163
68
27
108
9
81
26
43
8
20
143
3
47
62
67
31
13
23
46
13
101
22
94
242
103
9
116
35
66
77
11
132
139
11
36
35
85
157
7
86
95
63
3
62
83
41
70
93
41
8
71
65
1
31
31
9
61
81
57
55
103
39
48
196
89
138
28
26
28
4
12
29
80
78
45
119
53
11
82
20
17
17
52
251
12
53
99
93
12
74
139
54
27
39
85
199
21
72
146
45
37
6
54
132
166
140
50
59
206
364
147
131
15
23
323
20
81
84
72
114
156
2
8
50
27
320
5
31
254
24
47
136
267
21
2
44
91
102
54
125
46
14
67
18
118
20
87
5
48
63
123
109
64
75
83
2
251
37
33
10
215
69
145
100
39
158
15
94
91
107
20
106
138
34
93
172
28
106
28
180
5
60
101
44
21
101
14
36
1
125
44
143
37
36
446
216
117
129
257
166
225
91
89
93
16
95
39
173
240
281
48
27
62
51
34
132
132
99
158
28
93
26
8
94
55
64
65
197
155
727
11
36
72
35
83
125
130
103
176
45
9
39
86
170
80
48
39
55
71
112
18
102
86
60
150
315
36
225
136
154
134
10
58
198
6
203
59
19
182
61
211
190
16
146
77
151
8
28
451
120
64
42
25
46
141
36
15
96
41
195
59
134
27
15
94
186
94
43
86
446
11
92
151
91
52
13
52
27
126
58
59
45
53
62
15
126
20
24
25
155
5
13
6
3
109
112
29
126
108
38
2716
76
36
44
302
119
26
199
1
123
92
65
99
191
2
81
2
24
37
142
45
21
30
22
4
239
75
36
173
16
13
54
112
9
42
102
23
64
38
45
13
81
19
5
11
14
104
52
72
117
74
400
21
25
19
52
185
109
151
28
111
74
30
43
354
37
61
87
49
23
91
46
56
42
310
11
273
44
67
3
50
171
55
18
26
76
23
27
45
28
247
316
41
304
5
142
100
29
24
15
175
143
24
47
55
99
117
77
218
56
126
86
210
36
33
6
27
45
92
145
99
17
177
68
4
27
50
264
26
91
103
173
40
75
4
19
8
124
181
29
101
9
20
392
129
58
135
41
23
31
7
60
55
53
70
22
26
108
161
74
141
2
11
37
35
114
1
110
54
112
180
25
98
45
149
35
5
72
58
217
58
178
2
24
91
4
10
97
3
49
228
62
60
91
11
13
25
209
30
37
19
120
21
51
103
3
11
94
143
13
48
95
54
147
323
55
63
145
425
95
15
73
96
5
191
58
198
6
91
72
136
68
203
35
19
90
1
8
330
190
103
48
32
38
676
64
125
102
42
1
41
58
24
64
33
209
66
69
16
24
111
136
32
233
48
3
16
37
83
154
15
97
83
62
97
11
120
10
175
4
3
84
30
8
23
56
25
73
146
272
46
209
7
52
69
91
83
156
13
28
19
38
186
174
19
1103
109
128
73
137
50
33
135
13
84
55
35
176
3
69
103
33
47
99
100
110
81
33
12
8
26
15
83
116
88
64
27
96
44
51
35
160
88
36
96
49
64
71
7
138
32
68
112
69
463
91
30
48
34
74
20
52
251
53
23
37
133
38
123
100
90
115
153
117
5
125
41
225
32
89
107
76
3
23
176
79
78
55
1
35
90
49
126
432
166
60
242
109
25
47
72
35
145
75
127
36
45
85
331
7
46
138
31
131
156
323
123
130
33
114
272
355
7
292
39
197
73
10
12
22
99
37
35
31
198
104
72
48
283
58
121
15
26
44
3
27
17
174
44
281
99
32
41
17
22
176
120
88
2
97
39
140
90
11
82
48
121
99
5
82
18
97
33
192
4
45
103
19
75
208
118
280
1
19
19
287
22
95
39
2
19
93
39
10
7
50
34
44
63
17
212
140
17
173
69
27
153
1
68
27
46
28
45
105
38
51
54
46
40
42
52
82
150
137
17
109
18
20
2
5
31
36
122
76
58
6
37
6
76
27
58
126
174
39
43
28
22
29
19
106
12
398
243
126
94
28
121
120
77
48
33
30
149
5
78
59
156
82
414
2
14
79
134
25
5
10
12
167
617
58
69
122
150
94
78
9
27
89
466
167
35
37
153
53
80
33
120
12
74
59
36
124
56
4
1
44
122
27
5
74
44
110
159
107
94
18
75
62
105
83
25
85
8
25
123
99
19
140
14
142
52
162
90
6
142
3
25
180
80
98
135
52
38
49
79
38
74
108
16
35
78
34
82
146
182
42
77
75
135
1
19
55
136
69
125
71
129
19
4
50
18
38
22
29
188
16
36
275
84
36
40
19
87
216
74
2
135
196
80
442
22
81
12
11
72
13
186
54
202
26
289
4
48
19
14
79
178
39
12
88
20
6
60
125
48
63
32
128
7
82
51
283
315
23
27
107
28
112
28
46
107
88
162
88
128
35
15
102
92
113
87
61
280
26
11
14
579
68
62
62
48
56
8
169
270
151
82
67
31
28
18
129
17
32
38
234
503
239
104
100
140
62
28
10
13
24
95
17
14
14
38
17
133
233
117
12
10
85
115
37
125
86
105
18
61
233
26
175
138
51
12
1
148
196
16
4
5
5
10
273
88
6
120
29
46
251
94
145
28
28
36
30
49
35
188
50
116
171
7
5
146
156
222
19
162
22
256
93
150
12
158
5
114
34
22
66
126
75
12
45
20
29
261
50
281
396
105
116
130
203
38
58
96
12
86
162
116
456
78
107
2
111
121
109
1
37
37
205
111
12
258
41
99
154
60
2
10
289
10
49
167
96
146
43
82
67
55
119
2
72
83
58
171
83
3
36
144
12
34
11
47
79
18
36
20
83
5
36
216
37
163
12
60
87
81
125
34
121
165
114
92
2
43
225
18
38
421
158
265
16
131
36
76
132
64
12
100
42
17
96
17
2
3
21
38
30
164
6
77
32
117
34
257
9
93
131
48
48
25
245
39
14
158
149
99
268
16
99
109
180
145
356
4
102
96
128
117
10
31
70
100
61
75
99
5
280
45
147
130
25
479
25
2
120
202
149
56
64
116
48
12
304
54
41
12
179
82
7
320
42
59
34
32
61
38
285
291
56
134
19
136
2
45
53
43
8
47
101
27
32
61
71
2
31
140
1
15
12
26
46
5
86
86
28
26
80
118
15
151
268
446
123
40
10
173
140
51
34
65
41
320
157
129
90
16
20
206
58
6
68
130
13
69
65
24
201
150
39
23
90
23
15
21
1
160
226
73
88
36
28
96
3
162
94
7
148
78
32
197
49
138
32
283
36
50
113
11
193
247
190
47
17
25
14
32
13
9
54
10
12
204
319
159
83
327
5
36
113
131
46
298
24
159
81
34
26
48
86
98
11
133
228
32
161
134
43
23
120
120
45
93
39
4
293
123
30
45
61
3
94
296
60
113
12
72
170
6
25
61
62
10
28
46
69
116
105
66
6
216
60
33
32
19
148
240
26
10
1
2
20
163
121
224
22
52
34
15
11
1
24
47
234
120
7
11
24
11
29
52
122
163
27
2
19
25
87
171
2
112
7
112
89
22
76
72
5
211
33
87
152
100
74
511
5
48
46
46
306
28
15
26
13
115
148
123
115
78
117
52
110
178
246
124
95
18
47
1
1
11
77
37
135
75
6
24
35
67
46
138
58
8
88
6
3
44
54
6
195
195
139
243
65
44
162
51
199
6
251
124
1
10
9
21
44
25
2
52
139
160
101
100
76
46
176
133
39
18
17
14
14
62
95
65
36
171
24
116
22
233
7
46
93
58
15
55
3
27
56
41
60
8
78
87
60
53
112
58
68
6
330
88
46
120
262
65
62
33
8
37
321
20
13
2
313
121
289
112
69
31
73
97
71
74
43
706
53
202
47
47
48
19
83
85
54
36
209
56
38
188
110
1
305
44
161
231
158
60
115
31
154
115
20
206
10
19
160
168
29
125
19
48
16
14
96
6
325
8
90
16
83
126
110
70
92
98
86
37
136
19
53
17
61
20
89
385
2
5
1
6
154
17
332
17
54
8
11
29
83
53
87
127
195
17
181
44
222
266
70
104
75
44
13
114
103
297
63
4
87
5
249
79
70
56
80
42
144
42
10
126
19
118
67
92
92
83
15
3
38
25
33
34
63
22
166
109
39
25
20
42
91
6
47
455
123
18
138
64
209
145
193
27
2
115
20
283
48
86
103
113
43
117
23
3
48
169
18
167
1034
52
70
72
2
91
43
73
17
19
291
71
15
166
111
60
73
72
55
161
102
297
98
169
91
2
78
123
42
4
76
497
222
2
7
4
452
32
10
2
20
18
50
170
85
222
92
36
117
122
30
6
109
15
105
43
5
36
199
70
22
177
81
119
23
143
26
368
191
62
43
6
13
1
3
291
1
321
126
136
8
72
5
33
14
4
32
43
64
79
37
58
63
168
59
190
87
171
28
591
21
6
10
46
22
14
92
223
81
101
18
97
16
135
79
158
120
1
44
43
496
11
222
191
33
305
137
20
27
12
59
4
72
105
159
36
35
2
35
170
186
86
14
52
44
141
116
9
239
409
76
121
41
81
5
7
19
29
206
86
59
211
7
7
177
170
9
73
68
95
192
3
14
103
138
73
47
77
121
125
50
33
182
13
144
152
116
24
1
75
59
28
45
1
3
51
107
17
116
111
122
42
17
149
89
63
10
53
212
80
184
139
235
46
225
21
75
87
7
37
35
83
7
68
106
34
112
175
386
17
170
158
18
59
8
48
27
114
109
265
30
50
72
172
26
126
57
141
38
41
55
169
67
40
26
72
73
7
15
214
176
80
57
79
2
55
202
15
18
90
5
4
59
108
22
19
17
73
43
1
1
151
203
149
41
32
132
14
4
28
86
68
44
49
124
27
77
5
51
15
134
21
15
171
401
52
28
100
37
41
266
115
32
14
136
212
44
32
120
82
114
132
42
61
2
187
50
37
12
76
41
65
74
75
22
17
93
150
60
16
9
101
29
92
20
26
151
49
74
25
117
42
10
68
269
150
160
34
119
5
59
41
158
24
75
73
39
18
83
4
266
561
23
31
114
76
15
39
71
29
66
6
79
359
171
155
130
15
244
80
181
3
190
58
31
7
4
103
299
83
81
171
264
53
1049
228
225
56
109
154
14
7
20
83
287
53
43
74
190
187
158
11
16
36
89
197
114
32
6
50
8
12
101
157
4
7
32
104
112
35
22
116
39
89
37
57
176
69
121
73
213
35
9
45
17
39
37
94
118
250
15
109
354
101
45
45
47
32
66
19
55
7
15
44
42
26
79
114
237
68
58
198
8
96
96
198
61
33
5
7
92
95
161
3
63
75
215
222
100
45
539
160
49
16
9
57
65
66
33
242
60
43
58
21
221
47
27
69
26
92
41
42
70
21
463
67
90
47
64
59
62
42
1
34
135
64
13
59
45
166
85
43
236
32
67
177
34
49
110
122
190
66
5
87
51
11
141
51
180
17
71
26
112
57
301
136
15
236
57
469
75
287
48
54
257
13
10
27
68
7
6
67
9
88
274
50
71
17
15
59
129
190
29
76
12
80
152
8
184
175
63
92
22
146
42
6
130
93
15
26
21
109
86
40
11
31
5
107
161
20
56
88
156
456
259
14
207
18
8
102
13
81
120
208
24
30
202
18
34
235
59
220
12
54
93
41
60
59
828
127
11
8
146
207
103
44
189
176
190
5
135
66
108
107
15
300
24
64
9
215
34
111
18
39
200
95
108
7
22
62
3
6
72
75
31
261
29
9
89
28
230
1
170
2
75
22
76
16
112
19
49
23
9
56
41
23
1
9
157
11
85
166
78
14
27
165
96
31
8
281
48
158
11
101
7
160
75
6
87
24
110
114
6
125
99
161
14
40
34
35
87
104
37
41
43
47
195
95
38
144
238
481
102
7
137
1
34
43
6
53
51
88
13
6
174
143
162
5
37
147
10
12
84
203
93
6
3
156
47
33
29
614
160
31
262
57
2
132
41
94
226
384
1
14
118
58
175
182
35
33
25
1
82
43
165
71
25
46
5
20
48
135
79
361
143
72
51
18
16
204
28
116
185
118
3
24
7
15
121
13
77
134
28
226
147
155
101
8
92
49
127
74
221
55
52
68
28
45
99
19
91
53
7
33
13
202
8
60
90
2
116
118
36
32
184
107
77
45
26
10
106
121
163
156
19
183
75
31
40
208
66
165
118
27
74
182
54
5
122
88
167
177
65
19
31
7
4
1
1
14
101
127
80
29
91
68
78
96
43
147
138
154
25
80
217
57
19
66
21
186
16
24
102
116
177
245
241
25
190
163
168
98
198
32
24
289
403
20
70
81
477
43
99
136
32
39
125
119
52
81
57
7
71
71
72
150
8
240
155
43
229
58
1
96
86
15
114
13
2
12
144
23
25
49
41
176
32
556
236
67
78
171
55
63
182
1
35
21
33
71
99
88
97
34
96
8
167
200
196
11
20
138
69
43
66
33
80
96
8
59
47
146
55
75
12
26
228
40
44
28
67
4
92
45
375
105
76
102
75
185
475
36
134
40
62
44
76
1
15
91
37
21
10
11
94
66
61
17
54
25
87
78
74
60
127
43
55
4
43
153
78
88
21
62
18
13
102
60
17
66
126
20
97
13
2
176
12
133
43
9
77
1
63
182
6
26
44
54
55
28
32
24
45
10
76
2
63
234
49
135
136
118
69
22
13
157
166
30
36
169
408
95
181
202
56
60
413
74
141
151
22
64
144
155
48
44
124
33
30
81
20
98
164
7
125
87
14
23
1
122
10
52
67
48
127
152
1
78
1
74
67
102
128
11
64
38
267
44
21
10
78
26
51
78
720
40
62
121
96
19
326
216
14
74
16
26
53
153
10
38
103
18
59
52
7
3
245
30
145
87
2
121
21
9
118
96
9
67
58
40
4
10
55
103
16
31
73
69
27
22
30
13
66
154
16
35
157
74
115
47
277
75
99
318
49
8
97
98
27
202
11
4
31
53
197
40
23
247
9
21
28
3
94
50
23
13
106
25
3
60
6
35
8
35
253
98
45
116
36
58
67
10
95
71
16
37
313
8
51
261
74
56
198
1
42
124
98
22
17
30
31
22
4
68
10
81
119
111
229
15
41
30
313
58
31
8
83
13
38
67
14
53
16
93
25
7
38
57
65
23
31
6
120
48
52
42
136
7
166
36
49
15
17
22
70
136
112
112
76
33
175
11
27
432
63
10
30
42
16
61
298
362
200
129
100
85
50
1
36
88
22
62
39
786
76
11
163
36
140
160
5
34
24
21
343
247
1
20
103
61
91
191
65
43
91
2
225
49
27
19
24
87
141
76
33
117
35
154
69
67
91
17
76
153
233
63
81
136
133
23
12
46
4
24
86
163
70
45
28
320
38
382
144
141
64
78
2
32
20
144
68
2
9
22
84
33
16
63
84
18
24
46
120
126
6
319
72
9
62
48
53
58
40
33
89
5
67
138
243
275
49
138
103
155
88
27
2
294
33
43
73
16
26
86
44
206
63
147
152
17
245
30
182
7
182
3
68
161
59
169
93
42
57
12
63
62
281
57
62
12
213
63
90
66
24
23
22
93
44
14
38
18
121
36
113
123
67
28
99
73
77
123
133
1
34
203
62
7
93
89
60
124
87
9
134
56
49
83
4
124
176
2
15
52
11
303
16
60
51
181
20
46
232
78
5
46
105
58
8
51
28
580
104
30
28
12
22
68
59
16
136
20
160
118
10
44
86
202
291
9
43
4
506
5
39
29
1
74
126
144
113
57
107
125
79
141
14
65
10
202
50
8
31
97
183
106
123
2
21
23
32
60
12
123
78
72
7
257
31
51
68
41
85
63
93
19
86
156
40
244
1
216
59
107
85
7
38
15
37
159
43
206
92
18
52
2
94
253
26
92
359
170
86
7
59
28
207
106
85
38
57
86
93
95
105
88
40
91
230
15
200
29
43
47
74
146
33
19
50
53
103
113
48
104
24
11
33
219
86
198
2
101
279
129
7
55
157
100
14
112
111
104
44
32
72
43
91
153
321
30
48
25
27
7
10
29
28
181
8
4
19
124
153
449
137
136
62
244
29
78
157
208
74
127
126
146
179
119
17
1
16
40
42
35
16
1
11
44
61
28
16
47
176
6
254
40
56
49
29
32
255
274
178
200
149
17
70
8
99
74
3
10
874
41
6
193
48
236
20
226
22
78
111
240
114
64
139
55
14
53
19
224
57
4
92
10
148
4
75
361
66
28
34
4
127
210
106
107
14
35
8
39
65
29
19
41
25
354
3
179
121
67
1
75
91
367
36
138
20
221
21
128
81
267
59
144
87
95
6
140
1
224
97
275
5
90
80
166
14
76
32
38
10
115
65
107
123
81
14
202
59
12
16
107
57
10
187
107
52
86
108
66
148
77
9
10
5
154
102
93
99
20
54
138
58
51
18
34
55
10
29
74
75
94
32
278
7
30
170
100
99
47
3
34
79
4
46
57
8
166
52
33
51
10
145
213
112
148
113
65
24
98
25
63
137
30
51
192
255
3
23
29
100
17
67
11
159
130
79
154
4
72
73
44
78
115
56
21
54
56
124
51
41
32
59
184
16
1
68
8
424
126
251
38
61
149
48
36
98
94
217
66
83
64
51
19
58
85
74
122
23
168
14
330
186
8
62
36
35
121
89
23
41
12
72
37
48
60
112
154
99
21
39
104
68
50
13
41
31
198
3
44
9
68
95
95
30
137
68
79
66
127
43
159
293
147
59
7
56
16
228
15
90
33
80
1
19
51
89
39
24
49
113
97
153
12
31
35
102
33
121
69
42
120
142
15
113
28
20
197
90
35
75
74
45
137
29
110
7
27
2
14
133
136
77
23
195
84
48
149
5
27
123
170
341
28
233
170
76
118
2
26
54
41
174
87
127
64
29
77
42
264
198
144
50
85
101
40
59
30
123
45
33
73
44
156
16
25
64
47
114
64
3
120
42
193
82
14
40
27
52
41
37
62
4
85
198
40
311
219
219
119
24
44
3
60
5
87
13
4
7
10
126
124
56
30
3
15
77
137
47
152
77
131
204
14
34
44
36
19
79
91
37
111
2
2
115
5
102
74
524
38
61
90
66
664
35
68
33
10
1
70
13
150
37
253
77
186
102
187
232
80
162
46
181
15
110
1
4
3
34
14
46
39
34
247
88
53
76
140
19
3
109
102
18
15
124
11
32
69
122
165
105
46
195
116
87
39
112
63
48
29
25
55
3
134
64
25
55
95
84
101
3
151
3
168
154
34
135
138
71
33
132
18
144
5
30
51
166
50
9
30
61
32
7
65
53
28
108
14
26
16
1
56
4
50
122
45
114
14
8
3
35
92
42
60
58
73
109
57
77
96
92
64
61
48
26
18
6
61
17
20
67
97
83
78
206
16
15
78
18
53
163
98
129
12
54
118
52
214
214
82
215
113
18
65
6
19
53
70
38
110
26
276
68
96
92
19
256
237
51
16
140
65
3
212
140
48
50
19
2
90
10
191
4
101
10
59
31
35
486
8
103
64
197
136
24
261
23
77
81
88
26
120
19
81
46
25
19
11
302
252
54
34
252
111
50
46
147
30
20
364
80
4
78
8
128
69
56
649
102
69
21
14
204
59
25
91
183
98
117
63
231
12
80
138
94
5
73
48
67
163
73
31
27
75
101
169
190
284
424
12
27
112
17
111
12
237
26
60
112
112
168
5
20
47
8
172
44
5
69
2
24
75
48
145
94
57
40
66
74
19
32
33
83
28
6
3
108
36
220
203
42
69
5
166
46
94
8
42
54
11
35
42
126
50
86
28
12
25
69
370
42
433
37
49
764
2
112
11
78
128
169
62
60
25
100
16
8
32
442
243
12
74
64
7
76
93
8
171
61
12
24
131
65
37
17
51
26
29
52
81
53
37
86
6
68
18
109
117
125
76
286
42
17
43
78
8
280
111
227
20
36
46
29
77
118
82
32
33
83
29
30
138
40
223
94
186
7
11
52
26
109
1
172
85
80
49
45
1
158
22
12
82
109
159
8
81
55
9
74
129
68
71
38
22
109
21
29
28
140
58
194
62
12
11
20
96
60
211
9
7
118
81
23
162
17
106
15
10
23
156
18
131
76
63
128
15
57
44
244
116
124
8
88
46
294
225
19
14
77
4
1
794
77
98
120
11
16
80
126
192
46
318
52
198
23
167
12
92
90
8
70
47
102
88
43
65
52
17
2
9
97
139
69
97
397
32
124
19
48
38
49
96
39
112
4
16
64
36
30
177
1060
124
92
17
31
139
129
301
169
171
79
6
61
64
107
325
65
89
130
31
244
8
56
131
53
122
16
93
24
180
127
142
42
16
126
188
118
35
16
24
25
82
233
88
2
172
66
38
28
66
66
33
44
12
90
188
233
105
120
224
14
5
12
140
164
11
60
14
25
12
1
19
66
239
130
20
101
103
44
99
35
180
162
53
14
2
77
190
56
134
88
85
111
127
54
22
113
110
55
111
24
72
42
11
100
16
47
112
11
26
7
24
53
2
57
9
144
19
141
39
38
11
115
11
205
35
94
34
12
11
73
66
88
33
207
18
66
76
7
46
137
61
249
146
72
62
69
72
145
737
92
54
31
18
190
45
344
75
96
51
48
419
141
146
66
69
7
16
52
16
48
102
8
14
108
88
56
102
3
81
4
466
30
26
83
7
32
108
81
122
78
176
283
95
8
133
162
191
24
524
5
12
53
39
42
86
8
31
101
85
17
63
96
51
58
50
6
320
11
103
65
8
40
64
20
239
17
144
128
139
14
22
15
94
180
148
44
11
53
25
5
151
27
66
50
223
19
80
226
27
73
21
30
445
166
10
78
23
311
114
63
83
45
74
117
297
44
167
6
3
120
6
33
164
153
27
71
27
17
310
60
85
68
41
29
24
60
122
68
71
59
4
86
5
31
240
7
55
9
33
121
147
63
16
68
147
72
99
122
32
24
217
57
213
131
72
17
65
48
13
226
32
94
34
432
23
97
170
477
97
85
32
154
71
145
100
29
18
48
184
150
154
33
126
204
7
109
25
28
149
50
59
6
17
153
19
64
2
37
158
31
52
56
9
120
394
1
2
40
8
26
53
17
40
43
60
36
26
87
74
35
79
457
13
100
49
139
8
55
79
14
37
102
48
122
66
90
56
9
135
44
57
260
17
76
163
13
46
34
190
6
239
222
94
115
35
76
101
90
114
52
197
82
301
74
150
43
4
31
9
175
8
74
86
68
179
86
10
58
147
114
54
61
76
145
22
70
27
47
22
54
131
116
218
287
64
138
92
85
34
122
23
105
99
248
18
118
128
11
47
60
121
101
17
84
154
13
15
69
126
107
33
15
212
179
4
9
72
112
27
4
27
76
35
48
120
199
52
165
69
19
14
159
100
75
101
6
94
365
95
124
83
40
17
28
201
227
45
26
20
52
123
36
137
30
52
30
56
72
194
51
22
7
58
100
27
181
70
17
104
1
85
6
43
14
27
72
215
76
29
40
2
188
123
6
243
1
42
24
12
178
6
6
9
115
65
47
32
90
61
88
69
1
101
177
75
52
91
33
12
2
32
209
77
156
337
96
123
263
96
31
85
28
108
22
16
14
23
117
152
206
55
10
254
55
21
17
20
92
198
284
162
110
185
13
113
112
28
219
114
42
5
148
29
44
97
3
9
190
119
59
37
125
22
2
68
186
12
107
17
105
182
69
340
30
146
89
31
169
5
110
95
32
43
68
27
35
115
17
7
113
43
159
2
12
88
139
2
140
110
53
50
10
133
627
71
135
43
57
82
122
77
131
18
115
32
15
239
126
124
45
26
153
183
97
157
171
8
171
47
34
27
191
82
125
38
17
93
19
10
74
31
11
146
74
159
81
101
141
8
2
25
78
1
27
32
90
109
45
62
60
63
66
326
111
3
49
80
1
24
89
157
38
20
4
1
368
12
308
423
60
51
211
61
201
9
109
84
20
170
13
112
3
120
26
19
125
39
9
5
5
22
21
1
265
121
65
59
180
11
41
4
4
23
9
69
158
129
215
11
94
137
68
8
27
77
72
7
15
32
124
10
13
68
103
112
271
29
99
40
73
69
4
6
118
31
64
44
11
166
12
58
95
40
33
171
4
17
150
81
89
29
74
57
81
14
34
91
149
45
61
94
160
15
45
105
74
398
27
7
164
92
2
38
6
81
47
106
119
55
38
21
5
88
156
27
103
45
66
102
92
78
45
98
20
100
69
65
4
20
59
143
112
65
331
59
202
56
337
106
145
309
360
43
207
52
107
462
53
13
121
125
43
111
15
206
3
7
38
93
150
36
26
72
186
15
8
74
104
23
84
161
68
38
34
40
570
92
70
82
89
61
91
14
49
161
34
17
1
11
176
231
10
41
4
16
136
374
82
40
4
106
721
32
217
98
74
54
69
3
174
11
72
69
81
129
62
15
23
22
1
80
175
46
43
78
57
14
4
73
69
45
144
59
85
175
48
1
148
94
28
104
2
1
108
182
14
17
200
76
50
38
3
73
8
61
77
87
187
63
166
85
132
50
131
35
59
108
66
146
74
315
27
23
128
2
39
83
34
50
79
104
4
5
51
35
31
71
50
230
113
86
183
88
83
60
53
20
55
56
371
128
67
118
111
16
27
122
201
123
189
95
204
113
61
11
16
323
98
97
7
3
22
10
70
127
153
76
62
37
14
97
577
386
29
14
29
72
30
62
497
49
52
2
28
126
118
56
129
11
120
393
53
90
90
8
132
19
93
178
22
10
101
137
48
77
95
26
37
148
21
60
126
9
120
105
165
653
101
74
28
26
14
45
50
108
14
87
135
390
82
71
47
117
63
285
50
90
29
138
262
150
21
59
186
71
264
169
74
65
82
189
91
15
2
96
85
178
55
27
60
96
63
60
1
72
74
69
177
145
36
38
255
141
65
156
68
54
21
42
200
416
28
36
82
71
40
55
6
35
120
78
87
131
15
27
18
11
158
70
20
31
37
98
68
349
34
115
109
212
95
51
72
104
21
131
269
60
97
136
21
1
77
130
65
38
16
78
38
18
71
60
150
40
113
65
45
286
13
25
25
23
35
46
62
65
77
57
60
51
359
16
39
67
123
166
44
92
16
20
44
86
8
125
31
15
15
3
48
48
157
82
213
28
28
111
35
36
60
118
26
27
48
61
97
11
196
112
11
54
201
128
10
3
73
46
14
115
3
99
19
34
28
25
51
184
83
20
19
177
85
28
222
265
104
55
62
24
80
54
34
17
103
48
132
316
109
73
23
20
177
6
95
151
74
67
41
67
84
255
2
66
67
66
212
24
41
76
323
29
24
69
10
36
91
73
224
64
249
51
2
21
25
29
105
7
102
20
103
205
195
99
242
28
4
202
133
13
8
57
210
31
102
19
195
105
55
255
21
77
592
214
122
233
45
52
56
62
33
19
257
24
67
100
24
78
84
95
507
27
49
60
20
224
250
76
137
41
36
75
31
2
141
36
47
13
30
109
94
104
61
27
75
113
159
221
71
22
120
12
148
31
188
228
22
107
6
6
227
95
79
47
28
75
148
15
169
58
171
27
21
30
57
2
85
54
51
161
114
7
48
31
51
36
31
35
59
66
84
18
68
56
1
3
42
103
95
33
32
1
46
47
233
24
66
18
2
123
213
10
112
1
110
77
27
14
7
101
98
34
177
92
38
90
16
154
260
95
65
99
120
47
20
13
61
37
88
114
2
148
18
34
43
4
89
12
19
37
21
11
67
276
16
78
222
38
214
64
84
99
139
52
11
96
137
42
146
32
33
59
102
8
118
104
19
6
28
6
170
54
188
48
30
148
36
212
236
495
113
378
33
170
43
76
65
17
4
267
22
56
59
174
40
13
131
13
76
110
194
105
27
26
13
189
99
75
34
7
91
133
31
139
10
41
120
10
40
171
51
246
51
70
56
74
66
80
6
271
68
8
90
16
150
327
1
137
22
126
38
13
37
114
2
11
190
23
21
188
227
213
52
53
71
7
204
222
38
15
29
51
48
7
42
43
66
73
68
8
62
12
92
1
145
151
215
59
114
36
81
130
118
113
129
1
152
33
122
99
205
185
79
21
79
21
65
23
21
108
110
18
107
195
128
46
35
51
48
1
690
7
15
120
36
14
205
354
22
83
100
113
84
4
59
56
130
228
10
80
68
215
73
20
106
2
52
25
35
185
235
55
27
145
75
25
265
60
93
78
236
118
40
56
20
134
8
14
4
19
128
39
116
205
82
94
2
201
13
100
210
191
164
85
2
72
57
72
7
3
12
318
14
43
58
35
179
4
433
645
3
136
96
54
203
2
21
411
129
28
23
120
109
24
145
85
158
171
85
61
17
203
76
223
49
89
14
153
15
82
25
61
144
1
369
37
114
102
120
70
219
41
42
48
4
129
191
88
291
88
114
11
121
27
18
24
59
54
35
30
128
6
1
2
97
32
63
199
160
223
3
3
58
199
26
37
127
24
102
75
3
94
64
39
78
222
123
17
469
66
295
81
15
15
174
2
280
161
10
84
393
75
2
152
48
34
3
70
236
82
168
156
44
71
47
30
122
10
152
301
56
77
32
95
233
125
97
18
21
95
246
381
108
22
30
114
96
13
175
11
137
39
275
151
95
152
19
16
156
24
10
121
187
174
97
7
18
38
11
85
33
17
10
141
67
47
67
56
147
85
3
31
143
10
56
175
75
193
108
30
387
231
203
27
178
158
86
27
130
8
11
10
60
97
135
24
141
171
32
100
72
17
4
147
173
105
51
12
28
39
35
13
23
103
67
5
2
69
86
17
211
1
74
170
210
54
79
59
103
16
34
33
50
112
62
34
12
99
51
188
114
88
80
73
4
157
127
57
50
151
63
31
55
406
33
61
76
92
14
132
16
201
51
75
35
42
13
123
53
92
58
71
150
89
687
405
35
69
92
104
312
21
45
26
177
63
1
24
5
21
58
146
154
28
69
47
52
187
106
28
84
112
10
29
15
132
53
15
9
132
150
13
64
67
53
44
112
57
91
395
108
40
11
60
94
70
114
61
31
127
12
69
340
69
45
61
204
134
23
50
158
51
43
134
142
105
7
30
269
213
163
16
57
94
148
38
81
97
84
20
35
14
83
64
108
35
97
87
117
14
137
65
28
117
43
202
62
146
38
13
32
153
16
23
33
3
48
6
30
262
178
48
209
163
4
24
128
78
235
110
67
61
99
64
39
155
90
6
81
74
109
12
45
11
56
61
69
156
145
194
118
65
71
106
140
109
86
45
167
30
30
116
74
42
107
60
31
21
33
146
57
15
22
145
86
52
81
400
49
11
50
9
116
65
98
106
53
7
39
121
99
163
96
90
213
345
97
47
35
92
94
31
154
190
71
160
30
231
15
77
53
275
47
551
176
131
108
102
31
93
3
105
132
34
135
97
2
199
36
190
54
153
91
33
66
50
19
184
96
35
564
176
92
75
31
4
14
36
92
71
60
18
81
123
54
7
100
291
27
10
167
70
116
21
42
351
2
77
25
224
89
199
168
93
44
194
37
181
110
46
2
37
237
138
172
58
201
121
68
184
170
29
144
210
2
5
58
24
41
268
56
108
38
28
67
43
86
70
85
95
254
15
546
38
46
755
193
61
45
69
112
368
22
26
28
45
35
26
179
55
23
42
5
19
91
83
13
3
135
128
64
12
66
102
169
83
78
44
71
134
55
88
192
20
160
15
16
81
3
633
40
95
1
11
195
311
238
113
25
92
136
24
29
37
271
90
81
41
58
131
9
26
12
127
195
94
26
1
153
152
92
4
62
3
36
119
88
36
49
62
89
99
43
28
265
175
49
181
42
41
59
134
10
186
135
61
49
105
138
116
45
94
13
75
1
24
208
66
155
39
17
39
236
1
32
200
111
42
105
145
138
135
1
27
4
50
69
306
7
26
33
40
70
96
7
310
87
257
81
109
162
3
202
54
161
139
5
52
3
56
201
42
127
151
22
5
219
128
195
6
77
88
27
36
294
149
12
327
110
303
84
14
82
215
37
132
13
62
71
122
172
55
17
109
28
119
15
16
187
58
8
60
15
128
4
9
10
187
68
3
95
54
230
83
51
19
112
35
218
284
28
177
49
296
15
60
100
55
43
151
96
63
23
92
45
20
45
62
120
10
9
61
214
58
4
122
28
230
34
24
18
27
158
58
17
34
118
214
13
165
4
71
203
32
43
13
144
117
40
149
37
41
104
60
75
39
43
13
141
15
173
96
227
37
67
59
171
165
61
211
128
81
314
495
90
134
8
107
71
5
534
69
33
44
224
50
29
32
33
18
227
60
51
32
225
111
126
23
29
90
24
159
105
189
49
64
74
152
12
56
34
54
2
101
124
373
22
214
52
425
88
68
213
84
139
104
78
50
2
142
169
153
83
242
106
3
51
17
52
48
348
111
37
149
64
37
71
176
49
46
276
77
48
105
20
105
166
2
54
91
267
10
58
140
56
111
143
74
123
4
100
18
160
21
12
17
236
17
42
127
53
126
117
95
135
144
25
120
59
72
18
285
12
13
25
176
7
146
124
201
176
31
124
31
73
45
36
92
197
152
72
21
20
27
87
9
7
131
9
48
13
171
79
3
23
170
2
16
95
10
24
30
32
130
22
14
2
24
37
32
50
44
17
149
106
26
96
74
118
310
137
72
295
32
58
213
140
234
128
11
97
66
22
56
63
132
63
45
46
147
95
58
142
34
27
9
81
159
216
5
71
214
52
44
99
25
15
7
87
79
85
88
620
60
32
5
221
120
40
71
15
167
69
26
15
27
145
80
31
268
16
11
62
526
47
134
3
22
21
56
104
250
15
65
134
170
17
421
10
114
27
217
261
155
61
6
59
40
94
148
22
136
842
39
41
50
162
53
20
56
37
69
8
83
7
51
21
27
37
18
41
80
125
140
63
188
125
148
63
122
406
14
92
228
56
513
64
51
448
71
12
31
67
35
300
10
87
16
83
6
111
32
36
84
132
61
174
55
108
31
32
28
38
88
38
204
49
56
56
7
134
62
169
142
148
60
177
45
197
108
106
105
68
203
73
61
9
115
1
12
101
35
93
117
33
8
1
53
169
3
172
93
14
100
3
141
61
24
337
49
31
57
26
160
67
161
221
48
89
1
79
22
420
25
157
80
27
156
117
28
23
76
2
41
87
3
41
76
160
147
134
70
38
30
92
46
101
150
75
9
68
99
62
200
120
351
125
137
82
161
43
76
20
46
57
64
16
25
50
97
122
4
548
205
84
32
21
28
40
53
29
71
202
50
59
1
213
59
31
67
54
1
4
76
301
116
80
107
310
222
38
59
102
55
27
13
36
34
210
56
35
108
111
51
88
91
87
46
69
70
32
17
35
169
40
144
28
15
106
14
497
61
345
102
8
17
41
215
56
7
279
167
147
161
74
20
90
147
124
30
177
188
154
2
63
24
60
44
17
158
81
34
182
361
29
84
33
133
57
40
5
123
68
36
8
55
52
25
20
1
20
11
160
13
5
65
106
30
141
126
17
24
64
300
281
59
42
17
127
4
29
89
8
50
82
209
147
169
89
146
4
84
4
106
18
31
81
50
33
61
21
83
56
81
16
32
38
20
171
400
68
40
6
101
219
86
13
116
33
57
71
83
4
44
38
127
64
1
118
111
95
11
106
80
46
7
37
20
152
5
16
21
7
18
116
128
29
55
14
79
62
21
49
66
102
144
24
2
117
52
28
15
8
62
24
130
1
110
174
51
31
11
7
125
22
74
191
31
72
46
38
9
1
226
8
52
7
3
1
377
9
183
12
27
48
6
69
21
161
16
44
106
31
39
117
68
26
168
47
99
54
16
3
118
1
74
70
114
24
46
57
11
73
115
51
23
73
81
143
25
25
46
27
169
36
142
145
52
25
203
57
1
38
93
124
25
11
26
108
134
250
34
69
75
125
15
106
83
57
13
139
23
96
40
194
102
31
29
53
9
48
42
248
15
146
24
15
198
133
24
34
8
72
28
9
19
110
7
6
93
1
13
24
330
30
73
85
138
1
16
144
69
26
19
32
37
103
41
7
145
33
53
4
84
24
3
260
86
26
16
17
113
77
85
135
14
68
27
128
3
64
1
11
146
177
330
10
8
51
4
172
78
238
59
13
327
148
191
45
240
101
97
119
1
32
35
54
223
14
136
14
52
70
65
13
59
13
2
191
48
151
98
57
80
207
17
27
15
93
22
64
19
198
18
22
91
172
81
714
39
248
18
62
202
16
75
73
31
45
42
112
38
8
25
93
25
293
102
102
134
10
80
58
101
13
115
48
187
117
96
97
50
171
121
23
2
73
132
256
56
74
53
96
376
100
46
42
170
36
39
252
225
13
123
60
23
71
215
45
75
38
49
3
45
31
146
46
5
28
119
122
82
289
184
414
34
122
82
79
284
131
84
16
122
197
147
5
35
288
234
209
113
19
56
392
92
96
22
80
82
63
100
37
15
1
45
235
69
21
152
16
2
73
24
122
107
115
29
25
91
90
121
1
103
33
37
49
12
135
92
106
2
77
30
12
241
80
17
55
49
42
117
3
79
12
39
38
96
136
320
54
163
664
57
21
32
31
58
63
76
204
149
19
337
199
27
42
39
146
54
71
87
122
94
100
132
36
112
102
10
1
46
70
63
49
115
12
236
132
41
66
70
151
25
102
76
71
27
62
105
13
97
17
161
21
113
53
106
386
186
48
174
88
111
53
28
351
29
26
61
15
53
35
74
29
43
126
111
48
64
29
5
26
107
266
156
55
164
1
103
56
21
203
7
66
250
9
164
101
4
69
20
113
271
162
188
70
73
36
8
16
74
246
14
43
14
64
117
113
7
16
144
46
106
10
243
37
62
153
124
131
93
26
11
26
70
9
111
181
61
12
5
122
92
58
26
80
206
48
38
18
46
12
115
161
58
73
11
26
42
2
151
22
4
87
41
363
99
85
80
185
85
253
9
63
100
234
5
229
56
57
41
10
109
62
89
4
58
95
134
29
17
149
39
86
319
23
68
267
117
43
92
93
95
69
31
130
225
87
17
26
30
41
40
7
64
125
204
69
80
10
55
23
178
41
25
101
7
24
95
44
8
263
34
24
24
129
140
6
182
125
8
83
149
35
27
56
33
292
12
135
152
146
35
266
94
230
3
39
64
32
67
39
88
263
4
10
53
6
24
101
202
102
208
29
38
1
44
26
82
94
120
1
20
6
218
26
10
64
80
90
3
71
151
92
140
37
301
289
190
117
7
89
32
1
41
31
51
1
59
28
251
112
186
60
21
25
6
173
17
64
46
161
30
155
45
72
152
104
156
60
70
914
8
70
89
74
61
81
176
45
41
32
4
11
28
27
23
58
57
201
290
180
127
18
23
288
36
17
222
30
1
56
44
16
147
68
223
65
15
12
12
10
29
1
79
130
143
59
36
142
185
165
109
24
6
83
248
79
131
28
55
68
168
80
130
65
82
67
100
28
23
93
84
178
19
47
7
60
117
36
31
20
278
132
222
1
18
67
239
27
8
53
27
63
106
321
176
18
208
79
81
117
106
136
377
167
123
3
41
23
32
8
33
43
78
42
101
12
47
2
298
118
106
47
17
74
52
7
382
2
101
177
59
75
44
116
62
46
56
2
17
67
81
14
23
206
65
49
84
18
150
17
8
150
97
78
106
44
31
114
42
113
51
31
113
61
14
220
42
95
180
70
36
78
69
138
330
86
9
46
146
21
10
79
71
62
120
226
87
67
19
5
31
127
193
54
13
43
285
316
14
121
32
81
73
137
141
147
1
97
28
427
100
63
63
73
104
21
54
2
20
60
36
50
35
70
51
66
158
148
49
22
33
146
63
48
114
78
87
48
71
95
26
2
55
1
54
62
7
42
35
145
81
124
43
11
110
32
21
155
107
171
279
41
4
97
25
62
38
101
73
42
138
84
52
49
69
79
91
175
97
76
31
55
68
207
6
51
129
20
56
82
68
40
162
63
69
68
197
16
9
21
133
34
36
245
87
158
452
85
28
117
7
49
23
59
18
86
172
146
27
10
58
16
22
95
18
120
20
5
17
48
49
6
14
118
104
26
214
5
40
10
38
147
112
94
49
233
5
19
94
18
142
56
102
29
24
25
44
173
106
16
8
115
219
26
173
61
34
13
20
145
80
46
128
13
111
54
21
50
114
9
57
177
72
15
137
16
50
117
1
184
88
111
78
112
109
178
210
42
237
5
245
55
183
16
73
272
37
18
54
252
51
52
24
58
28
195
26
37
32
109
129
3
48
23
32
20
155
261
22
71
93
27
18
71
70
4
19
8
5
29
78
4
48
20
28
163
120
136
156
25
5
79
45
33
85
26
255
13
119
155
112
209
154
77
21
199
38
99
85
190
46
45
28
13
27
83
204
27
48
49
55
157
76
32
114
31
21
171
81
70
46
68
76
63
12
77
61
39
46
52
48
36
191
88
16
4
141
61
50
32
77
1
44
86
44
473
59
51
68
11
1
135
44
126
50
43
59
52
174
69
22
88
37
99
17
121
38
443
88
100
28
32
22
64
90
37
300
30
3
9
50
128
34
19
34
99
92
208
74
17
217
12
164
98
103
15
91
10
62
5
61
4
156
207
202
45
10
153
7
48
30
52
184
63
9
197
18
57
43
133
187
66
69
92
45
21
17
58
96
28
78
6
65
13
47
128
74
77
357
64
109
142
177
5
259
3
103
5
17
112
150
127
27
31
50
2
240
19
122
121
64
107
38
61
256
10
98
94
68
121
243
4
4
34
9
115
51
62
57
108
63
5
7
136
30
39
9
187
172
7
106
7
14
97
25
82
60
35
169
66
62
97
25
12
23
15
21
61
11
98
38
304
72
30
21
79
60
55
122
106
89
4
17
52
9
45
55
66
2
31
28
75
153
42
119
375
1
106
88
42
45
11
92
93
1
240
177
12
181
88
12
129
109
43
23
49
16
14
126
4
87
107
78
36
97
131
66
6
205
19
29
169
100
57
45
86
109
37
318
87
75
17
160
16
188
32
22
6
197
60
414
12
16
99
34
31
59
47
161
5
101
39
73
110
85
21
204
73
226
4
37
55
388
149
33
53
325
88
162
134
60
250
73
18
23
89
117
450
152
117
116
15
6
9
52
31
223
61
46
6
9
31
47
13
66
27
273
129
9
179
27
27
1
15
9
9
122
8
96
33
20
49
14
501
93
78
444
37
48
58
66
45
22
18
37
11
60
230
269
220
48
88
22
64
12
87
21
142
51
89
120
119
62
17
73
66
37
71
71
398
102
32
92
1
3
202
1
7
5
11
8
105
70
92
454
109
8
137
1
26
127
74
37
5
29
15
84
13
15
30
98
92
138
67
41
127
43
7
61
101
80
64
160
71
69
68
22
27
45
63
14
47
85
319
32
9
9
10
133
36
