704
339
154
593
372
212
613
236
72
107
334
176
201
718
283
395
194
341
270
563
371
250
576
127
328
412
110
296
505
44
122
14
313
722
356
327
306
204
339
40
357
750
136
619
487
169
379
503
290
350
322
590
296
112
195
2
318
179
200
707
449
449
244
531
406
12
614
740
595
213
506
144
78
113
145
204
688
716
514
456
576
62
651
517
489
68
347
117
96
584
146
434
177
498
744
484
7
589
429
633
336
542
593
706
365
371
262
415
161
614
425
36
215
699
41
38
237
747
706
151
354
480
404
583
441
102
235
635
190
42
438
264
16
120
561
365
681
663
471
49
96
703
528
307
375
376
282
613
737
618
552
126
27
726
297
629
489
135
315
398
366
695
732
235
571
450
43
115
574
540
644
486
69
7
252
507
196
115
565
483
724
323
229
639
390
326
556
628
78
680
63
283
290
588
72
675
719
410
311
505
139
560
168
307
283
608
486
329
545
316
99
394
606
93
292
570
618
650
450
171
297
463
625
22
684
172
681
183
372
206
246
423
612
740
43
602
436
41
163
70
336
165
622
447
279
704
130
687
329
630
584
655
696
510
33
517
719
134
742
38
501
168
208
306
318
150
628
502
273
653
451
42
149
321
646
2254
501
671
501
563
226
582
93
362
170
433
713
293
91
441
341
95
292
426
193
118
534
97
637
242
48
180
341
349
153
647
506
55
357
236
89
647
508
81
268
227
36
547
610
654
750
72
41
318
148
599
628
522
598
432
717
657
506
667
93
645
687
104
455
381
206
367
709
117
190
749
559
327
315
319
153
405
208
55
202
742
87
575
677
178
342
723
313
245
518
440
727
589
360
684
606
396
164
564
58
72
392
123
660
379
123
463
448
484
629
334
460
212
711
393
515
659
206
156
28
698
677
308
485
226
72
636
55
279
484
208
433
497
483
298
162
563
235
208
331
477
262
687
349
270
360
302
649
654
307
288
718
136
358
742
656
554
458
58
338
230
413
168
240
562
39
1
233
673
415
220
86
198
300
357
720
716
695
419
268
177
523
296
242
442
586
122
726
616
160
172
631
560
331
610
322
437
83
600
351
548
347
448
684
569
516
255
191
625
205
68
318
308
696
145
303
222
488
610
62
125
712
578
717
569
204
555
643
750
340
202
167
625
51
190
463
520
253
600
177
76
419
133
505
368
626
459
88
244
629
668
256
150
204
468
249
191
135
111
707
205
400
550
269
627
169
634
547
31
628
712
93
605
701
294
712
117
297
226
266
261
420
644
198
393
539
368
574
113
650
433
178
155
470
547
602
264
239
140
604
368
537
14
420
699
340
237
376
252
695
71
255
653
359
226
147
334
123
589
348
98
14
278
344
698
354
125
473
455
107
138
364
460
407
566
326
17
494
175
193
156
54
671
241
140
671
118
507
328
505
550
249
59
579
122
672
131
357
429
244
456
460
374
210
124
2254
167
680
166
189
582
393
205
741
684
335
116
120
305
628
266
529
378
393
102
446
309
331
256
296
366
608
376
205
406
564
659
514
608
337
216
462
131
276
16
92
163
137
144
438
155
260
399
259
439
15
456
280
395
345
415
485
394
45
613
122
660
63
254
454
692
748
342
610
550
708
121
117
639
297
376
306
223
269
66
700
504
272
43
244
244
461
189
556
286
456
208
535
28
137
80
547
579
572
357
517
64
532
501
347
403
102
708
232
119
175
393
245
555
89
664
165
632
374
497
182
156
384
56
238
32
724
414
45
187
154
456
531
499
519
628
569
137
379
242
3
285
67
430
106
96
209
534
354
681
228
424
407
389
614
433
151
352
345
236
92
337
571
648
413
211
477
14
90
134
205
633
220
356
132
619
475
579
391
263
589
724
588
676
713
614
174
743
184
338
167
294
693
494
614
197
459
701
256
120
573
575
89
485
489
591
614
48
1
176
220
272
724
593
527
149
716
355
2254
553
694
169
456
193
733
692
360
65
360
288
96
259
612
214
708
307
274
525
314
647
228
168
546
5
525
223
446
43
226
542
689
470
583
158
85
442
343
76
617
246
362
559
576
180
419
239
245
25
248
276
133
131
707
94
430
360
567
552
653
302
620
290
299
210
148
621
46
412
645
559
139
148
90
599
17
78
531
738
724
478
602
46
682
440
240
424
406
230
181
171
577
733
173
41
97
428
426
112
677
127
196
736
283
8
173
284
677
294
513
288
546
235
55
741
421
491
526
137
395
241
438
126
70
421
378
474
463
532
402
212
116
241
141
505
194
31
468
667
655
643
225
673
402
640
225
739
722
136
355
15
706
496
437
412
110
287
259
495
394
420
203
537
231
533
465
434
26
111
430
640
244
251
351
640
591
258
231
650
676
61
316
751
428
214
368
109
114
669
487
162
537
678
395
78
687
387
646
210
113
447
515
542
47
553
130
74
305
706
344
261
61
290
536
628
365
446
17
702
160
54
368
126
413
606
44
264
362
105
228
293
477
504
664
211
111
744
107
68
689
545
627
68
442
594
150
118
151
747
38
92
452
276
198
314
14
68
276
294
102
235
239
206
268
685
149
351
291
517
271
213
30
702
739
255
429
21
682
404
585
706
602
269
477
645
166
414
727
71
195
1
77
585
456
97
389
110
597
71
468
101
349
513
37
397
690
280
47
55
651
478
82
640
440
543
195
713
494
619
371
92
338
231
496
291
550
394
717
625
370
127
399
727
385
127
354
342
178
586
717
652
281
432
585
415
660
632
673
88
115
560
529
747
652
293
603
180
645
749
687
381
495
544
166
503
132
676
557
69
609
251
597
394
141
419
492
712
170
320
299
455
61
454
518
700
730
50
332
281
498
187
715
558
629
58
53
619
610
721
614
112
287
183
431
265
394
689
659
415
51
488
374
334
522
331
59
664
379
129
549
535
220
521
459
66
623
457
376
751
542
478
618
508
727
152
322
322
493
506
394
479
610
229
213
414
76
458
577
258
105
628
375
52
619
564
162
657
2
311
459
243
398
266
637
61
553
18
228
176
646
703
346
512
491
53
356
531
499
564
226
5
225
33
476
750
72
209
347
502
65
444
294
369
63
673
647
358
279
49
1
504
462
136
668
597
125
484
466
620
181
42
316
642
504
438
33
136
698
344
514
433
418
510
231
268
731
728
670
20
739
196
147
300
276
415
114
583
565
666
520
661
502
394
721
678
152
585
249
199
729
216
359
136
696
6
427
551
129
373
431
224
749
743
262
550
341
70
204
656
683
4
423
317
573
121
435
476
497
714
253
552
207
214
363
24
656
642
296
568
431
440
418
280
588
247
557
367
35
588
608
146
654
33
731
476
220
534
710
502
384
541
278
55
229
151
315
513
240
363
274
382
346
40
621
254
61
308
620
694
437
130
84
735
400
678
714
348
305
174
727
57
42
379
36
105
547
618
705
334
101
413
473
625
175
364
266
394
325
462
160
639
267
573
237
334
720
36
410
260
280
393
455
54
731
591
634
256
519
499
405
600
601
515
334
124
474
127
137
571
310
709
192
695
493
551
598
269
671
166
265
264
667
189
559
169
542
502
306
651
367
162
159
310
170
558
70
310
649
97
664
128
747
56
79
80
737
339
36
4
216
340
518
215
497
323
701
691
228
290
281
666
147
306
51
121
299
394
270
392
251
301
328
571
633
156
417
231
470
56
540
442
207
686
685
490
406
109
740
633
205
570
67
184
143
510
448
129
660
711
520
429
132
105
96
711
319
406
88
499
486
65
479
709
467
554
456
380
502
624
658
635
32
714
553
11
555
510
327
104
384
195
199
117
720
341
52
325
559
461
367
152
271
510
306
284
406
166
6
139
729
558
6
668
368
370
720
263
95
378
667
362
111
544
237
6
147
272
210
113
49
309
645
699
305
434
258
478
15
718
628
135
252
295
369
28
725
485
711
450
474
700
468
162
720
602
5
220
617
606
525
16
466
189
301
410
117
717
654
63
304
577
21
76
751
209
740
697
114
10
652
741
144
624
123
302
250
627
510
105
527
509
576
250
622
94
668
618
618
622
453
355
350
527
750
100
105
274
304
274
544
327
565
369
544
136
289
624
478
157
270
311
642
731
506
164
587
230
576
350
268
293
59
725
187
146
531
89
428
563
566
185
207
95
177
169
153
26
342
58
379
515
414
537
200
511
398
244
742
65
322
692
256
333
465
509
36
328
363
121
423
284
481
533
549
481
706
97
629
563
663
556
13
238
393
386
680
665
610
151
579
649
15
184
134
293
402
151
693
398
639
268
721
548
533
510
349
675
567
325
627
88
724
606
311
88
459
497
141
741
321
725
670
613
647
563
252
234
106
72
350
745
251
398
404
357
549
194
541
130
90
48
117
74
599
715
604
143
4
255
101
456
362
379
87
78
158
485
230
673
528
572
279
1
677
179
342
302
661
433
644
466
355
236
664
677
281
472
242
128
743
157
689
218
363
423
285
713
184
118
727
84
748
112
88
313
545
745
13
353
656
410
469
700
743
261
697
348
673
78
41
132
499
340
294
725
490
261
728
560
125
132
317
260
149
224
559
412
732
10
254
263
580
652
241
459
643
676
361
411
616
617
153
550
503
101
538
255
430
287
473
489
657
39
479
345
201
709
570
707
237
312
417
594
24
614
240
141
394
403
725
599
108
211
372
629
260
681
115
559
312
659
698
452
227
322
605
182
484
347
85
736
483
106
552
573
148
272
716
383
162
101
126
240
101
162
274
648
333
613
211
202
363
37
46
61
559
632
636
567
318
435
665
44
407
442
221
31
274
427
175
655
339
244
188
580
454
30
351
603
86
238
606
593
111
403
154
1
368
290
519
299
329
145
531
338
295
30
468
505
107
535
24
114
395
258
154
16
25
655
370
233
414
748
408
673
296
430
251
506
232
690
121
311
318
93
450
132
310
626
273
690
518
384
403
290
2254
674
264
442
563
694
389
20
96
121
696
536
680
485
472
358
522
676
691
385
257
82
415
298
388
308
142
685
226
747
423
592
335
210
308
76
381
76
443
242
627
263
265
368
115
360
576
232
672
30
445
41
195
698
213
74
58
530
576
573
272
413
118
342
274
675
538
480
56
720
101
197
338
568
702
358
189
410
3
282
281
539
293
297
735
489
537
80
277
588
322
24
588
340
136
630
80
169
617
416
235
45
140
202
59
330
480
196
715
100
43
317
8
668
266
543
468
288
98
318
594
98
102
454
353
188
479
298
384
480
102
501
12
272
499
712
2254
381
17
614
519
595
308
707
206
38
504
431
643
169
489
73
383
574
92
226
57
461
177
637
145
585
297
408
489
85
435
228
571
566
312
23
280
236
163
113
60
544
160
120
9
186
114
723
563
724
608
217
746
441
500
87
699
262
566
442
739
631
436
584
332
623
85
314
709
664
64
746
436
491
731
717
548
427
673
430
279
721
395
174
54
491
653
725
553
330
234
540
473
444
633
93
725
63
194
449
616
460
743
551
741
515
43
192
747
712
535
242
82
609
28
507
579
416
386
617
232
658
459
485
412
147
726
712
67
258
16
402
312
522
25
212
312
477
415
460
218
612
159
222
559
27
482
358
118
218
158
167
253
211
480
284
226
625
693
587
91
664
121
165
17
619
677
245
726
642
746
139
57
100
161
674
388
500
180
516
547
65
514
505
591
59
137
303
388
329
560
83
223
496
469
553
69
620
129
168
741
613
508
347
731
345
248
549
715
404
127
526
406
52
449
220
714
500
335
157
274
633
550
172
154
250
444
588
310
314
548
384
99
544
145
551
417
650
35
654
271
500
189
502
552
593
368
574
457
578
170
243
191
540
640
231
443
28
184
259
570
412
581
652
316
577
478
348
325
301
179
177
106
534
731
45
232
191
26
710
448
428
639
97
251
616
556
654
513
59
58
393
522
355
250
339
203
733
378
148
574
548
199
481
200
285
383
298
643
561
559
246
2254
200
409
698
456
171
740
412
647
253
605
236
145
285
36
447
136
653
658
391
613
157
7
410
576
12
657
227
415
116
343
144
496
696
440
214
672
564
113
357
235
276
332
608
141
253
532
564
388
125
328
338
688
300
618
674
228
261
162
172
315
202
218
273
423
433
265
745
81
448
483
514
404
150
328
6
488
279
367
511
194
681
511
498
616
662
433
682
175
108
364
202
280
262
276
403
241
636
315
564
400
431
268
583
342
284
385
73
56
314
170
456
399
21
576
307
618
120
325
614
105
26
529
737
688
471
743
199
562
69
18
619
287
18
383
60
382
43
506
451
55
658
137
717
271
52
370
573
580
259
197
453
433
206
283
428
639
712
538
693
622
682
733
428
514
742
131
106
618
733
706
682
31
496
81
515
177
440
545
365
349
157
303
317
570
723
340
148
252
515
295
660
657
484
392
103
198
737
236
584
609
240
82
316
694
290
613
88
174
104
312
401
394
747
361
312
112
534
477
695
214
533
364
635
696
404
101
511
276
61
563
550
104
635
471
332
274
698
20
708
280
675
435
161
636
305
751
379
690
272
362
16
69
576
41
568
306
642
45
581
306
418
400
325
418
631
276
717
352
251
491
551
610
294
535
442
245
37
187
480
627
291
300
501
577
648
203
117
187
635
586
50
511
234
459
353
618
211
455
494
634
156
421
437
489
74
569
555
244
217
283
615
645
689
594
351
140
602
426
399
292
663
423
694
557
437
399
647
429
317
331
562
591
500
270
743
541
404
459
470
90
655
4
339
302
319
401
494
530
21
304
459
681
143
37
389
25
632
677
461
678
555
192
388
507
731
503
75
334
308
100
116
184
581
367
479
427
207
193
20
641
689
472
120
632
114
21
245
583
22
359
113
93
440
296
187
239
615
76
254
357
300
181
95
312
263
144
631
558
403
584
715
515
9
497
383
306
111
660
237
609
482
536
143
579
54
72
468
257
45
42
136
176
173
531
148
248
409
19
675
203
146
575
69
391
177
675
381
199
750
231
303
490
712
74
694
730
188
232
576
209
108
495
385
609
184
503
87
475
234
366
35
297
304
619
140
109
174
253
658
407
601
210
359
632
83
264
540
687
265
195
85
41
191
509
745
527
143
711
451
124
317
137
656
126
253
413
595
220
78
606
342
737
309
414
5
184
257
490
5
455
666
638
519
733
750
120
357
548
89
198
313
130
77
515
633
661
253
184
431
549
101
307
484
67
651
425
743
88
542
732
746
540
592
559
728
742
573
188
641
538
459
301
116
58
726
32
690
147
659
507
269
452
724
642
7
46
719
233
37
734
243
690
557
170
550
255
187
4
451
484
310
48
30
527
593
455
77
744
413
194
500
127
117
40
409
720
587
62
425
728
423
83
343
721
512
41
217
553
274
674
557
534
51
707
46
693
705
58
705
52
473
114
222
729
417
210
281
559
298
286
623
191
740
745
684
66
495
119
571
12
193
141
666
426
61
96
547
313
673
161
540
605
511
118
561
17
434
354
274
477
441
487
138
439
181
215
599
586
511
629
311
147
706
471
189
560
71
728
554
514
319
553
1
388
389
35
264
474
319
263
214
53
747
204
519
173
31
648
476
322
55
621
220
490
187
309
594
309
100
108
646
362
413
40
117
492
424
683
697
384
405
154
416
227
326
29
100
148
622
532
403
482
689
167
68
153
92
596
345
459
308
63
213
38
281
460
359
602
624
204
702
609
123
570
156
318
77
675
465
700
554
699
90
157
30
645
229
21
356
54
581
601
136
424
41
352
695
230
366
296
700
574
210
404
675
462
576
54
661
282
364
16
546
346
323
46
334
533
312
431
268
62
5
74
109
489
460
409
672
83
739
176
612
115
114
500
298
651
216
593
750
5
655
373
655
82
19
162
239
119
114
248
436
496
298
339
270
590
649
306
563
625
453
218
504
559
595
550
643
361
142
554
124
745
59
39
633
216
693
641
219
364
738
28
469
17
420
587
37
617
565
117
373
12
186
692
541
564
620
44
657
668
522
409
292
467
317
479
750
710
528
699
174
23
512
294
351
381
326
54
282
544
608
643
702
350
50
48
20
355
405
729
280
538
327
610
460
333
148
655
198
210
287
15
87
267
706
388
221
332
167
152
265
369
539
469
291
325
700
299
328
607
246
356
8
267
210
667
407
309
629
573
391
142
577
685
213
192
304
381
655
430
40
31
397
98
627
734
568
351
251
305
97
227
689
735
609
285
179
347
706
50
651
91
283
735
289
524
597
204
302
344
92
308
106
681
266
395
691
612
163
343
304
350
544
233
319
98
1
746
406
728
249
607
186
392
708
148
516
54
337
744
435
251
425
317
475
457
275
540
659
190
65
27
443
206
284
584
579
252
95
699
153
625
243
333
486
721
259
331
148
204
62
685
411
413
397
660
716
475
272
570
177
336
223
705
700
728
42
324
138
573
619
73
35
618
719
491
259
305
598
561
476
603
742
560
438
104
38
714
315
76
260
720
464
412
447
231
140
621
83
675
567
478
75
525
1
674
685
490
448
460
351
481
408
689
112
123
711
270
737
231
641
734
398
440
405
466
224
125
390
72
463
207
339
58
414
63
600
473
10
548
537
200
558
439
642
718
723
582
242
522
6
711
37
232
106
107
543
285
578
225
534
499
354
623
411
2254
297
238
439
169
114
658
66
430
699
185
442
559
224
296
134
440
69
518
635
630
410
679
350
329
268
527
186
677
476
313
73
357
213
351
356
174
668
606
65
645
114
319
745
676
324
98
87
149
99
523
436
161
496
574
40
217
550
429
610
195
190
481
332
462
464
333
202
341
680
279
671
741
448
243
541
76
509
100
432
748
239
308
354
607
146
745
749
256
495
138
263
69
214
328
338
750
676
3
627
344
285
20
712
743
2
297
744
719
428
107
347
318
324
459
608
570
337
596
441
54
208
108
37
725
302
48
4
712
557
469
570
130
472
476
76
78
232
720
94
346
644
459
244
502
305
365
690
205
364
608
458
392
18
142
702
705
68
525
278
324
521
560
342
167
451
690
329
351
614
76
469
479
608
427
610
520
270
155
95
255
593
192
615
17
507
46
250
351
42
682
346
206
131
228
84
436
484
599
456
512
254
571
184
292
420
154
190
367
139
172
454
123
85
71
3
159
589
282
226
365
353
352
495
154
723
89
607
162
496
674
627
161
636
141
192
371
132
202
384
710
521
275
294
457
447
475
4
69
599
346
464
342
311
312
226
265
608
274
638
59
91
235
69
4
152
345
525
365
227
196
639
58
314
573
331
663
173
462
657
4
417
257
544
66
501
683
340
131
392
26
666
739
586
273
105
283
311
171
172
225
344
338
588
285
141
191
675
36
446
627
295
90
166
103
711
24
732
453
477
36
126
25
508
36
23
626
333
64
62
595
462
235
515
144
524
441
243
396
166
27
591
142
553
47
715
648
2254
352
726
517
280
283
554
343
215
317
650
483
227
206
46
184
311
746
386
389
459
459
432
445
411
560
602
326
44
519
428
408
172
729
572
557
365
282
510
134
215
433
245
47
275
593
183
740
362
452
61
405
234
488
289
308
639
264
10
278
570
340
331
433
82
300
171
238
521
662
686
40
675
563
58
492
327
188
510
176
461
332
117
226
750
125
176
263
397
409
489
633
550
16
489
393
2
697
682
40
593
187
680
682
552
185
359
747
350
251
344
667
463
374
344
652
71
640
744
189
227
663
137
264
715
450
513
75
256
662
507
100
125
433
72
497
214
230
535
666
267
584
740
666
394
38
517
554
543
121
10
113
581
384
180
404
316
152
337
309
633
610
281
409
680
130
388
469
176
181
28
133
111
413
29
695
463
274
608
11
238
451
388
623
318
393
446
298
278
741
216
253
154
463
416
331
431
97
184
98
462
325
354
30
350
125
625
398
714
640
247
371
573
389
666
746
468
140
740
46
557
556
16
703
313
281
437
537
399
446
470
58
298
736
147
565
680
584
367
539
65
678
101
737
310
677
497
308
335
203
354
180
423
146
338
184
323
711
112
109
645
482
92
440
140
699
317
259
286
370
554
386
441
364
273
118
291
89
626
714
556
327
385
287
580
238
591
670
629
530
431
707
700
556
277
649
454
461
223
580
66
350
370
550
309
208
208
292
740
476
525
402
533
440
429
687
587
343
556
143
289
504
27
142
246
415
504
398
332
294
243
677
59
499
74
403
40
163
208
62
313
253
64
742
612
701
530
638
485
450
415
144
745
642
487
462
331
287
27
222
583
556
130
624
160
580
113
561
676
422
379
514
695
401
327
479
50
107
394
334
598
678
333
664
82
465
279
438
173
414
388
510
24
38
745
535
42
439
31
54
740
189
247
434
742
590
6
658
346
333
555
726
178
223
405
312
150
27
679
187
204
447
215
78
215
355
698
143
258
749
729
105
524
116
648
83
3
34
542
683
18
112
689
360
16
207
657
438
522
565
76
410
626
739
115
608
335
729
669
313
101
225
733
648
461
410
564
469
434
127
602
708
712
304
307
525
103
413
452
202
590
182
627
649
125
157
171
37
306
336
618
507
244
623
188
161
566
64
233
577
240
714
576
112
586
371
343
568
641
355
10
488
507
377
740
588
723
531
669
150
279
216
709
352
564
122
17
236
72
734
179
684
405
728
618
499
402
634
524
2254
64
258
130
620
47
520
503
308
50
697
708
537
339
79
158
133
356
430
165
322
678
542
4
97
666
56
658
98
104
303
214
238
119
718
632
495
655
193
616
371
85
20
74
470
279
653
63
253
123
174
216
470
20
207
135
669
491
262
138
535
294
24
635
204
369
373
492
46
736
65
542
100
117
658
231
258
33
203
534
85
23
482
683
602
401
743
157
414
721
583
129
158
558
143
475
733
161
520
423
327
309
656
584
223
739
740
262
18
388
670
27
302
230
148
54
510
48
68
493
196
236
278
737
137
624
192
113
499
426
406
615
146
216
197
290
120
401
136
517
387
583
176
309
22
452
318
104
334
418
641
190
263
428
337
433
371
95
393
146
441
325
144
518
748
661
443
139
568
110
157
316
582
69
285
470
45
458
664
233
132
736
298
144
185
515
522
596
179
65
350
703
99
720
596
596
127
211
148
117
259
10
746
194
341
105
274
550
330
574
281
176
36
11
747
129
14
270
527
192
223
410
593
323
657
568
438
260
326
229
260
513
242
222
94
554
463
564
641
240
379
305
709
403
274
240
217
237
21
681
480
646
134
137
467
629
464
312
517
143
144
225
343
354
380
172
394
583
434
290
596
272
248
603
149
681
200
139
56
290
696
254
370
677
498
528
22
596
636
23
561
165
649
718
493
563
612
503
724
744
473
739
55
37
374
87
678
737
434
265
255
605
611
344
113
193
384
289
328
85
687
575
372
371
365
601
500
260
351
36
329
743
8
325
468
622
55
749
466
72
357
352
25
62
656
103
323
598
509
129
549
671
313
319
256
437
559
6
475
269
357
72
186
184
342
100
80
369
285
338
461
431
677
535
151
11
295
493
17
149
463
425
395
277
109
462
491
478
324
88
44
279
388
392
504
549
267
197
501
375
679
370
265
381
138
538
561
603
377
339
542
698
36
441
549
727
37
187
338
376
205
232
272
448
367
30
683
430
31
528
450
96
102
74
298
628
27
51
692
25
705
291
556
264
374
733
22
457
440
419
430
50
285
354
463
493
539
695
498
38
244
500
737
709
698
552
325
165
401
378
171
43
408
70
635
150
676
297
177
66
667
306
648
387
346
410
467
403
495
263
363
355
533
126
542
313
649
206
612
716
388
198
216
564
563
385
301
250
285
193
363
725
457
350
485
721
288
60
256
466
750
336
383
222
603
97
577
494
356
320
145
14
318
322
424
615
146
16
10
241
582
646
178
198
444
567
392
641
480
713
357
441
671
488
314
613
467
111
626
686
558
463
709
640
415
554
387
537
84
141
79
548
678
384
470
629
570
125
19
282
282
461
183
445
19
415
330
103
217
94
148
58
352
436
693
439
23
415
462
520
564
399
632
486
477
168
223
491
297
679
494
529
86
637
58
16
707
237
221
618
259
397
256
663
18
71
116
567
109
79
4
38
696
391
332
323
677
430
58
681
299
433
30
729
467
366
35
318
675
558
109
233
208
52
12
74
95
141
107
706
583
451
293
620
539
547
469
565
380
284
498
381
65
727
254
490
183
28
314
703
253
158
198
300
28
545
221
260
548
589
340
330
207
598
428
594
466
273
483
310
230
743
50
78
749
365
419
689
2254
718
515
136
605
188
629
722
368
117
266
530
121
273
94
356
526
449
48
74
728
37
619
368
698
44
654
201
66
732
501
241
743
596
547
408
59
456
181
45
123
314
159
572
533
470
14
572
553
80
650
482
42
474
470
215
673
145
457
105
221
489
374
701
671
131
238
386
343
593
580
546
372
473
371
266
109
460
515
409
187
633
734
109
573
48
258
690
698
290
329
686
290
197
528
321
192
690
331
567
667
428
286
668
133
603
2
316
567
672
747
409
487
751
371
217
750
413
252
379
392
103
713
722
587
728
431
357
512
479
567
21
744
97
652
46
317
510
416
252
334
178
518
29
670
484
83
442
510
205
153
266
422
313
639
622
154
611
31
400
253
430
500
214
458
326
330
150
158
80
594
289
622
597
740
711
214
407
749
261
452
284
157
440
143
350
408
458
726
453
731
704
623
149
375
636
469
295
304
644
8
632
180
527
389
400
81
456
336
267
710
158
86
696
580
544
402
407
395
360
487
524
419
238
266
196
593
29
623
211
207
192
399
390
462
177
441
740
715
541
637
624
533
524
323
33
14
424
123
729
541
353
416
501
259
603
110
159
102
82
92
411
176
3
466
262
228
84
620
558
504
302
550
226
183
424
521
572
125
244
609
89
282
482
486
557
128
278
513
108
72
174
152
634
518
142
476
210
283
122
150
707
487
225
620
559
199
627
287
413
707
721
396
250
310
604
723
147
553
338
614
680
60
468
455
350
315
370
551
101
228
608
490
675
56
422
122
109
50
332
631
684
76
38
505
150
56
661
267
249
217
60
733
235
261
52
558
144
688
751
4
602
151
405
229
472
359
701
646
150
530
231
299
327
687
231
661
139
343
704
74
448
314
446
173
173
467
416
591
704
143
46
734
44
709
309
211
453
69
608
666
56
358
52
285
125
63
346
145
593
722
257
113
592
353
426
243
731
503
505
170
495
603
2
25
190
425
514
686
696
103
738
393
364
321
367
427
491
508
152
595
327
381
117
181
491
101
603
346
298
263
493
394
198
639
401
328
517
252
647
373
110
138
70
186
50
299
194
460
610
339
746
159
439
426
606
557
417
139
398
472
338
447
508
327
230
733
620
149
621
504
681
339
266
670
187
666
447
242
221
166
647
405
592
461
280
340
345
738
309
104
232
413
53
322
417
455
140
325
283
32
476
692
293
95
111
206
72
299
47
45
364
742
436
29
502
609
479
377
82
94
15
434
599
742
688
722
24
316
436
407
181
29
374
62
68
101
442
527
233
655
113
244
318
125
713
507
348
349
586
657
663
321
501
706
149
290
408
64
165
91
537
5
116
15
39
296
310
379
530
557
136
484
15
24
517
245
648
374
724
541
431
299
22
531
552
656
632
738
274
533
69
653
371
509
374
356
347
469
667
729
486
614
692
749
361
482
517
734
245
655
722
192
174
602
492
467
25
714
162
290
712
705
509
473
418
601
591
171
261
439
456
284
569
424
116
205
425
458
450
469
40
157
119
483
338
455
330
733
624
18
489
378
60
258
710
43
461
381
53
547
48
327
411
13
288
680
68
607
682
295
292
648
429
660
193
601
158
114
317
82
431
365
33
577
345
523
59
596
409
239
55
422
199
518
343
706
523
390
420
401
728
258
307
278
539
169
237
202
566
385
713
112
514
618
700
153
342
652
317
751
410
194
722
433
510
721
487
446
727
268
95
649
697
538
523
174
708
87
257
625
160
141
348
143
735
373
175
377
12
716
210
361
675
384
542
412
375
742
587
236
204
506
100
597
75
717
144
173
246
422
684
404
689
750
64
556
623
379
296
604
704
245
226
166
724
731
399
328
606
643
531
331
39
571
396
473
6
146
430
35
476
26
365
428
489
609
719
334
452
370
398
635
162
501
428
715
719
179
198
630
499
699
243
106
573
453
528
535
78
688
730
166
352
278
396
275
130
88
356
353
541
249
330
473
117
339
606
476
193
578
153
53
464
590
400
378
681
437
412
505
345
90
259
423
491
335
6
102
28
245
504
600
667
574
20
419
502
24
643
460
641
296
134
80
204
480
217
32
570
498
332
562
316
644
183
228
68
332
169
31
575
594
746
589
542
349
661
352
146
92
450
305
57
574
740
237
42
379
330
703
28
520
558
665
655
373
366
585
250
150
35
396
246
397
604
628
361
55
743
583
664
427
748
348
500
687
232
524
273
719
214
250
452
503
211
511
303
467
664
302
150
61
68
500
414
208
703
93
49
13
679
577
265
415
6
726
38
513
370
622
383
679
275
207
657
620
719
356
699
70
677
516
164
438
346
420
197
301
576
592
244
160
173
576
239
471
78
542
285
468
71
568
11
301
303
580
644
481
402
545
628
63
745
212
546
641
175
164
127
545
726
493
574
465
513
673
533
300
292
695
259
562
216
712
450
477
393
342
21
364
696
412
520
347
256
190
206
290
132
326
589
326
525
676
698
299
672
338
347
330
50
303
523
628
467
613
599
214
344
265
340
633
67
229
156
616
621
543
75
328
101
388
85
64
639
478
406
35
667
411
659
582
722
349
335
557
187
248
199
682
176
486
364
28
307
37
165
206
199
720
607
318
466
665
410
459
432
647
408
13
17
474
536
739
289
221
144
63
351
383
131
744
228
137
2254
217
560
38
152
8
314
557
620
543
264
309
92
597
622
460
213
233
140
532
109
706
739
15
376
538
119
592
554
301
707
464
332
184
293
398
358
215
44
120
368
709
94
604
455
712
548
304
650
575
192
155
179
271
572
714
521
748
679
337
35
434
585
51
376
564
24
458
345
43
102
39
170
697
669
391
127
69
366
257
669
78
307
292
581
197
688
337
463
719
465
152
70
483
634
688
163
234
121
179
459
733
255
50
605
722
379
633
673
94
146
504
339
259
316
48
324
691
601
171
268
456
526
641
622
566
601
222
18
7
568
118
385
75
641
102
73
8
434
522
402
61
533
300
533
408
384
158
259
672
204
96
286
125
48
258
536
531
546
742
370
531
738
308
531
180
1
383
18
426
387
63
715
5
226
676
299
337
482
739
297
267
705
407
557
177
197
543
529
187
67
695
77
737
579
540
146
537
332
512
653
597
627
214
526
682
522
556
206
196
377
633
490
168
98
477
426
507
517
233
114
7
520
266
158
677
119
591
619
33
535
529
277
16
56
79
98
271
391
336
394
125
111
545
484
292
710
318
509
537
397
455
149
31
81
91
648
347
233
369
655
195
734
23
312
523
41
368
220
589
11
463
615
537
631
293
424
359
496
469
445
735
20
523
135
558
114
131
376
677
535
224
737
358
454
480
603
699
560
358
366
187
657
573
327
214
295
411
542
370
698
578
715
429
573
201
314
686
408
142
681
335
688
625
341
318
546
176
483
671
175
551
638
268
207
296
261
661
471
11
195
641
86
30
561
224
228
336
491
591
5
15
191
430
138
187
270
624
184
56
681
498
25
67
23
430
587
713
454
338
308
148
141
494
325
583
151
690
595
192
261
36
86
82
490
339
25
657
454
128
250
517
642
149
748
134
109
386
409
170
672
522
58
275
447
467
63
553
372
582
686
384
10
315
411
9
666
640
330
426
466
5
532
749
68
330
190
113
492
263
82
552
119
617
215
85
104
549
298
32
576
331
485
350
366
252
21
663
430
97
173
179
453
687
660
517
684
178
100
455
466
177
664
560
94
580
595
511
407
174
570
225
429
386
683
680
628
159
554
199
223
17
3
379
522
663
725
654
485
251
666
330
292
271
114
40
396
57
576
326
370
563
163
751
600
358
502
80
100
70
709
514
8
288
8
651
336
104
53
141
378
260
159
307
387
260
388
435
437
577
497
242
195
70
337
101
353
126
119
714
261
153
431
88
545
615
742
3
68
392
123
198
356
733
143
749
334
721
412
275
270
512
93
293
665
725
241
230
706
108
671
541
384
494
111
718
274
582
370
60
107
501
198
327
255
736
54
671
130
365
441
586
410
55
699
410
750
298
550
126
728
619
53
687
68
107
564
351
64
504
131
511
536
698
538
578
373
236
717
543
632
37
452
382
564
553
745
146
492
278
2
725
600
270
292
595
175
395
312
146
426
447
628
524
203
544
409
554
716
563
463
106
556
316
117
21
235
289
570
229
174
464
467
319
370
229
387
412
92
631
319
538
408
519
75
635
646
54
563
425
718
249
59
577
433
141
221
325
196
8
515
341
571
64
41
589
519
64
584
214
95
735
289
158
598
290
192
731
164
343
365
261
285
21
367
591
36
119
654
198
178
91
297
156
312
117
667
1
549
488
286
174
403
542
304
315
615
267
208
632
683
311
309
238
454
415
530
748
619
427
186
620
205
245
460
155
465
379
697
471
212
706
103
561
214
259
534
642
20
604
454
105
473
558
41
101
196
222
682
540
194
507
222
695
54
221
454
577
465
419
746
743
404
499
558
452
532
46
44
568
563
213
157
310
565
723
384
624
614
222
114
563
401
456
546
671
92
638
575
281
321
31
231
499
426
25
217
246
63
286
672
475
258
242
442
199
487
408
140
287
492
716
488
248
444
66
303
37
611
269
183
600
126
407
73
560
499
40
447
255
537
554
106
175
30
252
357
319
456
341
398
85
621
275
538
565
362
68
731
209
552
613
599
505
319
405
660
342
449
409
130
655
606
195
428
218
238
653
639
610
418
224
329
16
178
130
562
324
498
493
632
110
114
326
61
642
562
332
318
127
42
682
529
463
612
744
201
556
222
79
539
599
587
75
31
639
713
384
56
17
605
386
562
400
524
412
370
647
547
702
477
2
376
229
619
400
380
160
78
226
681
366
367
363
355
605
127
540
386
250
16
702
478
726
503
353
38
692
661
196
468
748
310
270
695
91
359
603
255
441
45
209
719
412
711
557
703
732
692
66
294
618
425
115
740
32
487
588
473
510
488
584
453
197
537
66
154
728
561
355
100
741
665
457
352
373
613
616
555
512
87
642
657
550
278
478
593
718
699
80
632
225
102
401
520
669
407
702
702
539
540
353
314
593
136
676
166
26
740
344
404
345
552
419
742
431
189
76
708
12
50
421
512
336
657
546
453
228
56
399
96
363
351
113
410
191
480
636
348
352
16
153
642
319
324
451
117
145
473
517
13
726
340
601
108
456
376
114
737
424
586
202
679
163
651
601
323
93
640
671
419
675
680
344
666
230
542
296
685
449
715
270
634
353
698
455
308
382
456
584
536
434
648
297
192
517
99
542
263
66
518
353
722
418
474
716
155
71
21
708
376
286
41
416
522
131
658
551
368
703
576
70
156
286
310
367
204
751
181
595
369
435
144
558
517
635
558
248
691
383
603
402
63
399
269
2
391
699
485
252
459
169
172
376
221
262
85
279
88
501
177
531
187
121
401
361
2
287
605
617
381
669
365
234
729
147
275
187
82
731
582
158
590
523
714
145
591
360
94
215
405
544
266
694
361
603
65
239
349
398
121
132
358
189
109
174
676
169
626
50
339
66
63
530
664
359
616
503
65
91
565
514
275
385
419
708
356
735
120
606
415
596
315
449
220
289
45
395
601
343
321
377
495
733
549
327
398
497
427
248
727
279
345
734
649
145
50
513
96
127
69
396
381
545
384
320
604
62
686
264
316
219
95
204
575
44
725
76
207
415
387
308
504
558
615
663
56
709
416
31
337
206
49
103
699
135
257
262
37
601
587
258
39
177
647
459
164
225
495
523
254
658
554
135
27
522
21
192
514
343
53
622
314
381
7
18
534
270
5
645
743
471
54
54
338
492
673
519
737
558
553
402
481
168
327
105
606
178
531
120
699
750
183
648
285
2
462
292
576
119
363
94
499
401
8
260
543
744
103
437
340
338
516
644
320
170
349
107
597
656
78
330
478
708
478
554
581
35
658
29
647
545
657
270
505
560
667
131
599
740
464
410
122
361
2254
611
664
424
468
235
540
310
346
608
153
243
349
34
640
154
130
669
541
515
722
414
710
509
438
409
269
712
492
442
470
341
63
559
169
612
675
483
514
477
398
485
407
751
607
12
583
623
300
388
249
368
748
373
665
618
451
432
454
564
162
150
387
64
628
470
726
700
496
661
308
191
211
543
639
617
341
675
537
740
647
165
18
186
490
531
693
194
178
290
368
18
650
486
392
200
579
223
475
420
250
573
538
156
325
175
280
78
529
173
33
337
246
523
664
33
85
623
11
675
356
412
187
669
496
383
519
438
354
640
669
227
149
28
104
433
153
705
722
439
326
34
352
425
300
153
456
291
340
527
284
157
252
53
438
483
43
142
299
638
716
383
62
491
49
391
464
193
658
493
653
526
689
71
257
135
660
181
460
612
461
397
589
514
466
527
205
344
446
532
284
206
419
108
14
466
215
385
379
198
17
693
220
162
724
18
518
590
217
660
410
497
264
481
508
208
23
206
627
417
346
300
187
653
571
209
448
685
409
395
597
257
95
402
723
282
630
92
554
464
445
247
59
214
693
79
96
563
140
534
526
645
313
378
703
347
49
407
602
78
625
1
220
540
358
685
293
376
740
214
284
737
48
95
212
564
263
733
219
525
645
629
51
97
318
687
395
318
177
2
462
670
175
33
97
586
370
345
184
349
575
255
182
739
220
39
50
13
121
575
243
660
15
275
711
57
17
232
110
601
700
208
742
337
53
624
428
304
487
320
437
26
271
461
185
391
202
683
196
666
40
108
517
106
735
473
376
31
528
611
553
419
499
293
378
719
186
87
584
391
454
298
667
437
374
179
687
31
61
24
738
307
27
419
249
158
593
24
402
548
75
599
601
659
578
528
718
76
92
70
369
183
188
270
329
299
56
486
720
433
476
326
407
731
143
675
339
473
395
466
264
375
5
402
168
662
315
247
468
380
572
456
164
206
349
741
729
687
736
485
297
715
291
189
333
107
619
393
661
203
125
267
209
476
9
528
395
343
447
377
340
538
442
645
303
576
365
442
83
626
394
302
88
92
558
613
380
199
481
682
184
103
1
280
480
562
84
428
543
177
612
354
119
605
533
651
681
296
433
463
371
263
376
645
422
488
376
408
174
620
17
260
657
303
309
667
249
166
447
212
381
369
55
720
309
291
364
51
486
481
166
99
76
210
357
334
166
22
645
749
421
615
479
482
136
28
658
292
231
592
654
628
424
124
595
111
314
534
96
418
548
383
463
269
336
209
652
183
504
253
435
36
94
234
63
585
409
631
31
590
501
278
218
644
261
111
563
667
86
240
174
744
348
652
307
400
517
728
148
430
141
51
495
54
644
359
207
349
545
619
345
581
460
350
311
61
557
514
534
457
392
586
748
48
596
108
505
148
305
545
190
490
191
424
732
473
21
236
454
501
413
702
549
420
261
209
574
136
209
119
32
730
254
514
305
456
164
203
30
243
330
145
12
670
390
590
664
22
195
386
374
674
607
401
293
128
58
368
494
648
330
377
153
211
52
122
654
235
395
3
639
641
452
382
217
450
154
304
314
106
262
472
313
675
529
560
113
347
47
226
212
348
742
653
37
739
503
429
88
411
705
190
332
658
196
307
202
651
351
310
336
50
671
649
653
224
598
624
277
702
571
207
580
115
163
168
250
504
328
298
287
51
494
735
72
324
111
431
85
730
739
317
281
401
282
399
629
121
408
193
156
359
589
181
333
472
663
240
175
595
323
726
90
239
417
649
347
334
190
749
476
716
714
27
425
161
379
143
363
292
230
33
398
24
728
193
102
265
240
350
566
638
393
155
53
436
745
68
723
707
737
162
458
111
433
413
120
45
680
154
715
325
409
103
561
86
316
528
583
550
55
2254
515
729
736
45
457
498
267
370
134
473
424
519
289
422
537
287
317
28
140
273
317
352
488
191
183
100
24
54
182
539
549
352
276
372
179
278
653
600
424
558
482
105
153
711
703
701
733
96
250
299
252
31
353
531
533
583
78
191
589
520
665
442
566
644
151
630
267
721
201
470
593
212
657
683
137
141
306
661
421
721
442
23
479
137
345
167
147
349
266
736
608
562
578
231
103
133
658
440
335
295
269
685
377
727
730
555
736
353
588
568
316
87
176
453
522
253
84
396
119
735
53
425
430
510
674
584
56
104
189
650
639
468
343
618
92
40
404
17
626
123
469
74
372
509
656
398
684
448
706
37
222
111
592
3
517
162
28
298
2254
594
385
534
619
521
74
440
92
97
306
318
485
12
695
723
7
149
742
436
633
743
537
516
244
254
410
153
279
466
397
561
457
615
288
81
645
644
617
272
663
683
186
352
570
396
23
332
67
2254
594
672
578
76
24
385
486
509
653
17
91
457
230
112
311
96
360
408
317
274
449
287
307
203
592
730
327
154
716
257
735
492
65
152
293
507
397
571
460
585
417
267
222
12
742
43
669
447
435
95
664
301
499
574
600
652
76
321
324
46
279
675
705
326
134
636
295
504
630
426
96
454
32
522
258
703
395
548
355
348
470
578
554
387
232
342
162
474
53
541
581
305
241
368
290
468
644
392
527
331
391
358
415
49
373
142
179
130
393
308
413
733
422
691
530
103
288
15
155
95
750
387
737
238
638
204
67
535
466
338
164
198
129
76
625
703
521
650
79
374
309
119
158
360
580
691
163
132
569
42
418
192
461
182
153
624
414
131
110
439
228
181
420
240
486
64
188
348
192
89
90
15
263
432
410
593
588
30
150
743
346
712
42
370
18
531
181
726
564
613
509
136
738
401
354
324
256
170
623
497
590
618
564
179
423
539
477
670
295
476
187
637
11
35
367
459
592
616
644
263
224
692
624
43
391
74
584
281
487
50
601
608
655
499
24
690
22
557
116
293
126
286
664
606
65
358
139
652
11
269
404
493
466
419
726
659
598
343
169
504
140
544
397
736
579
417
224
519
98
657
298
232
91
370
724
750
612
473
304
726
90
227
8
45
603
527
751
677
43
39
548
51
72
354
274
503
533
273
272
745
28
219
451
273
233
523
737
23
531
227
113
386
651
747
684
342
498
123
663
103
650
143
724
154
187
242
245
704
12
524
249
683
371
68
670
380
332
556
527
304
498
157
222
591
201
259
37
283
77
36
249
68
671
565
120
297
249
558
273
51
738
347
92
128
162
714
622
729
631
188
197
438
498
250
706
94
506
293
561
618
359
29
265
339
290
281
133
630
263
304
544
568
268
140
478
83
516
577
264
671
276
624
462
404
630
350
173
80
49
156
16
335
349
715
321
394
634
234
417
678
425
375
228
546
466
677
489
137
558
422
491
555
714
384
679
458
12
7
628
325
679
270
711
152
598
508
491
639
276
433
438
204
711
604
275
371
273
700
672
55
3
645
354
401
725
101
612
70
149
9
441
505
337
262
89
402
580
689
690
386
343
733
666
233
178
687
215
649
71
729
3
639
281
111
506
683
538
280
196
533
197
673
682
645
310
726
734
292
161
647
300
94
641
235
179
327
435
624
384
619
562
615
263
504
68
569
215
437
135
133
11
746
402
393
738
618
473
141
613
429
501
540
633
587
447
223
415
7
118
496
141
3
134
338
355
706
573
100
189
522
269
626
734
182
287
711
365
511
225
283
559
210
460
705
506
573
327
200
310
299
694
403
725
622
312
414
138
513
384
450
244
456
218
740
620
541
91
654
122
148
72
729
426
284
397
96
737
133
49
587
61
254
274
128
654
477
518
501
261
81
594
476
295
642
639
281
48
436
494
728
535
146
166
233
410
304
43
260
610
64
340
603
302
125
580
396
263
545
9
270
131
474
675
230
350
455
426
556
156
401
410
71
371
622
474
344
381
468
39
657
518
83
448
354
201
544
81
2254
346
681
223
50
624
712
264
432
343
182
734
654
370
497
678
402
716
354
581
67
420
257
74
628
520
668
539
98
525
340
81
741
155
597
417
729
246
191
569
6
253
507
159
557
22
273
338
371
511
498
556
464
714
409
54
678
450
94
131
671
303
532
700
515
597
492
433
745
66
435
549
673
627
70
736
13
630
421
498
556
712
94
633
623
317
237
332
531
282
580
110
105
680
451
250
70
537
21
213
528
438
111
348
666
89
680
629
428
561
82
714
288
647
13
95
85
467
389
127
429
705
659
227
242
607
235
281
82
236
611
579
277
383
203
328
700
313
74
411
252
281
278
183
373
157
214
256
117
184
375
239
499
167
405
738
94
670
355
313
282
557
687
372
723
324
587
391
256
308
559
359
608
64
521
620
488
421
192
364
520
240
238
43
356
317
117
706
340
184
636
243
325
238
95
374
736
387
680
77
561
546
706
329
425
263
361
521
25
329
167
699
125
114
232
163
262
189
449
594
243
134
169
684
732
368
379
176
525
259
278
558
735
132
117
500
264
37
688
169
122
41
2
44
643
20
442
317
694
654
99
111
313
148
727
279
537
105
1
473
610
222
376
711
557
706
160
221
516
588
