82
159
32
110
9
62
13
62
1
4
92
65
72
93
14
123
6
161
2
1
61
15
64
76
63
16
1
225
66
51
47
9
48
78
138
266
168
130
3
46
71
2
108
73
75
137
13
615
28
94
646
6
38
26
33
176
164
120
170
61
18
138
115
40
135
176
57
260
10
41
37
140
2
188
307
70
33
10
7
197
146
4
111
290
71
7
47
57
24
228
69
52
52
122
19
219
6
52
176
55
30
68
167
55
2
63
20
66
276
14
62
100
34
36
51
15
113
161
153
12
155
137
72
58
9
50
54
32
162
44
86
38
29
120
197
63
34
90
138
6
17
91
68
23
67
9
9
29
31
74
29
5
51
24
18
62
187
210
6
24
52
365
93
91
47
21
8
379
137
16
55
1
99
169
172
227
15
95
22
188
105
63
72
21
55
1
219
5
111
82
166
7
144
79
99
158
137
84
88
266
89
9
66
7
28
15
14
38
27
19
101
116
183
136
39
16
813
57
63
58
80
3
84
5
10
46
212
42
105
254
171
17
32
64
34
6
241
56
86
263
8
144
45
2
20
146
8
36
118
66
23
64
3
12
27
81
25
74
56
42
98
11
99
18
12
39
164
200
11
65
53
212
76
58
58
120
322
42
175
347
2
61
102
121
12
22
4
143
26
2
10
32
51
43
21
29
40
39
20
12
30
40
112
10
20
7
18
63
35
55
42
58
34
11
71
189
125
16
49
166
20
18
2
14
15
47
115
47
39
89
83
296
68
53
79
23
5
99
107
72
1
89
82
50
23
48
146
142
51
17
26
41
72
117
61
15
57
16
104
30
17
52
25
54
71
151
143
7
468
69
138
56
38
23
55
19
103
246
135
109
61
121
79
139
107
95
178
48
193
279
17
3
31
67
25
71
93
81
62
69
30
64
133
88
4
35
70
32
9
29
12
33
196
7
119
125
582
41
29
75
17
21
22
38
19
16
186
63
29
6
74
12
11
59
37
12
24
14
12
10
17
28
160
85
16
77
14
22
25
127
55
34
83
36
225
31
13
35
88
106
89
2
34
115
11
13
9
43
51
219
133
47
99
72
20
22
110
79
30
17
21
48
4
27
41
10
26
79
100
22
71
153
142
168
67
38
90
89
14
13
148
9
1
159
272
69
44
54
33
149
30
14
146
56
184
76
64
58
153
132
61
184
18
86
73
186
51
12
84
68
18
53
1
175
66
23
113
13
22
108
1
33
18
68
45
49
19
36
24
3
28
2
154
174
168
232
117
143
52
32
119
112
41
71
18
149
51
13
24
28
61
32
154
93
6
67
62
444
99
10
38
7
383
262
223
50
180
80
20
76
10
72
54
35
67
38
29
185
32
63
164
28
6
50
12
431
15
68
13
34
25
18
7
74
44
122
46
105
4
100
182
6
26
18
45
75
163
28
369
132
24
32
7
27
66
23
140
60
19
93
88
4
32
70
112
58
31
1
62
76
22
129
137
34
159
41
37
19
200
91
173
55
11
1
4
5
63
145
198
60
83
108
238
4
134
39
71
119
7
92
18
33
28
253
28
77
126
55
58
37
246
54
17
62
68
3
118
161
21
67
3
17
74
84
150
64
240
10
5
60
39
125
10
6
26
72
114
109
148
108
164
284
31
23
28
100
9
10
43
2
99
21
2
37
78
14
88
47
99
144
119
7
52
32
8
21
28
291
228
4
325
29
35
36
100
13
43
41
29
157
190
44
151
24
85
151
30
129
58
75
5
161
55
80
163
39
224
11
10
17
190
140
33
44
90
24
85
106
84
13
8
8
100
42
93
301
208
20
58
108
91
125
105
63
34
25
10
37
9
161
44
22
19
50
63
4
206
6
52
3
35
171
53
17
52
106
74
58
84
42
53
6
40
112
24
131
29
115
49
26
10
86
71
1
36
73
78
59
7
179
51
274
18
167
117
48
72
107
98
11
5
21
79
45
25
24
34
110
569
7
44
22
146
64
126
140
38
112
153
58
19
97
2
40
52
128
2
65
10
79
15
31
2
65
65
18
71
1
144
119
77
46
57
96
96
8
4
104
147
97
141
207
6
16
126
50
66
45
114
163
55
165
42
131
26
15
20
236
64
32
133
34
111
7
88
62
40
50
106
39
61
32
124
180
79
62
6
95
93
162
17
50
309
84
34
100
38
14
11
247
1
3
126
5
233
17
14
152
220
162
33
46
55
119
38
20
39
77
12
42
39
40
202
56
295
339
62
14
4
197
34
208
149
59
204
66
41
96
195
62
271
1
321
61
24
194
27
81
99
303
22
59
121
161
5
46
90
146
348
98
12
49
14
42
1
127
246
123
74
52
168
33
38
38
99
57
37
14
39
36
193
21
123
92
59
49
188
43
24
580
85
61
110
14
82
37
235
3
62
4
139
293
5
469
72
298
58
225
6
55
7
733
51
1
157
265
5
21
25
116
149
553
136
37
59
35
4
130
40
150
159
79
211
77
91
23
131
90
46
137
4
49
95
72
31
37
31
133
97
224
141
124
37
10
10
71
285
179
47
243
2
83
184
1
23
23
156
3
1
48
20
156
2
7
61
137
158
31
17
22
23
82
20
167
36
8
134
30
39
14
24
3
86
61
81
32
28
331
136
20
150
19
78
9
35
16
289
66
105
65
35
172
23
75
14
27
125
68
19
47
18
80
124
145
34
219
62
125
129
8
16
1
15
147
45
33
58
34
44
42
20
144
35
127
58
99
126
32
81
72
23
21
35
93
37
47
7
27
40
115
87
1
1
43
25
172
27
176
115
281
63
11
93
13
149
42
46
171
3
31
198
99
37
165
119
5
62
100
23
13
98
1
2
60
26
333
99
61
22
33
99
186
106
3
45
54
34
18
19
34
47
46
62
8
48
151
42
31
171
107
175
214
42
4
18
8
38
19
36
59
55
188
32
17
267
20
12
76
14
334
2
12
118
45
68
216
43
74
131
82
107
4
1
149
5
37
24
126
29
6
48
103
41
120
33
6
86
83
189
173
59
156
7
125
20
142
161
139
40
25
12
48
136
27
43
65
81
107
31
1
6
90
107
67
52
18
46
8
85
104
1
221
3
18
6
95
68
26
3
93
20
141
103
159
62
97
2
1
26
30
83
27
71
107
90
3
26
83
131
7
18
90
117
56
49
31
112
108
188
82
192
118
12
41
44
80
66
14
22
30
14
36
24
12
82
35
215
46
30
54
107
92
69
70
120
421
132
161
63
13
78
24
43
41
14
22
5
71
8
95
72
44
143
62
38
27
48
54
46
189
16
37
313
73
16
21
12
8
30
69
102
19
66
3
116
19
14
190
98
161
13
92
303
28
66
10
242
3
8
75
3
120
27
59
63
4
44
46
4
119
44
31
34
56
86
131
7
17
15
19
3
1
67
55
15
31
19
337
25
62
194
4
219
38
80
66
1
23
106
13
12
195
76
123
84
10
66
17
40
32
25
131
168
62
3
106
284
92
45
142
105
185
85
69
205
6
3
36
18
95
8
115
21
86
66
58
17
9
39
20
54
13
16
109
71
8
5
45
15
54
285
37
40
49
29
233
66
58
176
18
319
207
28
117
102
6
127
194
20
35
48
218
245
16
9
43
54
23
44
49
15
92
3
88
197
37
143
23
16
71
35
49
26
104
68
656
32
9
35
57
137
24
206
282
4
41
94
12
46
86
92
246
28
91
13
44
106
121
26
138
6
40
237
51
22
66
435
3
2
305
51
48
32
58
74
4
24
24
53
57
31
111
85
173
51
65
16
109
46
216
17
10
175
11
44
38
56
279
329
249
28
58
23
32
123
5
2
59
6
80
29
1
122
9
44
60
79
6
30
10
60
21
9
36
10
100
8
11
27
155
29
109
128
305
271
84
16
63
213
180
93
59
44
7
20
179
107
242
7
45
11
3
41
359
67
196
46
43
21
22
182
150
12
6
45
13
36
19
204
1
168
17
14
245
63
17
11
133
10
39
16
45
154
74
29
33
9
77
43
327
48
37
26
7
356
58
91
17
9
69
269
19
120
45
37
115
53
55
224
149
7
45
50
59
182
80
32
104
81
39
100
23
106
24
131
51
36
84
3
25
219
54
23
17
173
112
203
47
121
165
30
45
16
27
19
24
62
149
46
58
3
24
10
121
70
118
11
40
103
113
2
135
70
23
84
105
414
16
2
69
55
66
63
39
7
9
23
53
98
31
16
207
20
304
35
6
26
27
21
75
24
99
81
68
42
81
30
102
67
41
48
213
9
58
55
16
15
117
39
145
41
322
75
347
93
8
40
6
16
77
161
6
42
81
29
227
146
8
29
5
116
45
262
122
31
30
55
57
99
13
79
66
242
64
20
33
75
108
46
56
87
163
19
82
107
74
39
56
20
12
55
66
12
24
131
85
62
239
54
76
32
15
201
114
1
123
31
274
25
44
135
167
165
13
24
164
17
121
52
6
217
8
59
48
17
46
170
5
11
125
80
16
6
71
62
34
58
25
40
40
53
57
60
46
580
112
158
65
23
31
60
65
1
49
5
225
9
185
35
54
15
256
75
6
47
87
1
13
295
20
179
108
42
282
207
34
53
3
14
135
55
59
29
75
171
241
64
18
26
94
107
61
73
50
51
9
27
103
6
110
391
100
60
94
100
599
35
9
147
5
1
36
9
18
6
353
36
17
6
198
123
22
7
145
139
7
9
8
42
85
73
18
6
92
39
73
24
13
25
103
89
200
136
6
9
137
48
75
46
16
152
112
42
50
21
2
83
28
1
13
44
96
22
70
73
2
54
15
15
185
38
68
2
25
1
11
11
203
8
227
4
61
58
22
38
28
93
161
82
33
106
1
78
41
115
65
19
89
76
35
23
90
35
192
36
235
22
79
50
125
24
186
12
64
147
82
42
34
270
97
65
37
17
23
148
5
12
285
48
36
40
139
37
100
108
73
43
83
65
26
99
69
107
40
199
26
157
80
186
50
102
8
20
6
41
72
91
3
32
76
375
52
32
233
39
85
89
18
2
30
29
1
81
101
36
20
80
11
30
102
168
21
84
126
75
218
1
35
179
38
351
24
226
52
82
19
59
113
14
43
56
126
392
106
81
62
40
43
81
152
36
73
354
56
35
49
65
27
122
10
149
98
65
100
11
22
42
128
23
108
12
106
33
201
22
39
119
26
114
266
180
14
1
32
58
41
26
35
8
54
95
25
150
51
286
71
50
127
112
68
63
146
45
20
8
6
42
2
13
45
11
60
32
29
105
48
106
10
14
99
73
15
106
275
34
13
24
71
289
40
81
160
147
470
111
50
65
49
118
41
52
189
116
5
4
142
92
11
155
11
114
225
19
6
80
68
14
84
26
46
62
63
36
142
35
74
19
96
161
18
43
117
6
167
89
27
143
17
55
68
6
6
30
16
2
18
25
195
181
31
114
96
9
138
118
82
28
27
9
139
93
160
38
96
234
19
80
76
25
94
116
190
16
11
37
92
89
35
220
52
140
267
85
373
32
186
49
38
58
41
34
30
47
55
16
35
70
16
88
14
120
45
57
44
78
95
81
50
72
105
10
129
48
121
131
43
44
58
45
77
43
16
4
22
79
5
34
60
23
10
62
391
85
52
62
53
71
215
121
113
235
16
122
23
12
206
697
24
135
149
44
39
96
35
71
118
49
78
92
6
12
53
2
171
60
124
129
19
77
135
149
36
37
104
73
111
13
60
10
124
124
40
8
94
41
3
10
92
25
14
92
142
100
103
80
72
6
82
59
74
168
46
7
96
73
44
15
72
1
44
90
4
16
28
82
153
119
28
36
157
197
10
90
54
100
3
80
4
88
102
23
41
23
194
23
44
51
11
37
38
35
115
60
31
21
98
3
73
7
71
67
112
39
97
156
40
378
113
112
29
61
140
131
13
138
100
97
10
19
17
8
34
4
129
107
7
82
113
10
17
64
1
1
40
41
43
78
1
63
97
108
16
69
28
10
79
103
5
84
45
37
143
28
3
37
86
38
89
41
24
55
62
71
73
90
203
19
4
15
8
39
27
25
74
105
662
17
73
27
147
51
166
154
172
126
41
43
70
178
50
10
322
409
5
97
27
67
123
14
105
171
24
117
84
1
46
28
6
57
169
71
20
22
220
69
33
11
87
33
65
1
86
10
312
79
29
13
63
41
51
4
3
58
100
201
162
4
93
95
99
19
38
130
11
142
80
66
33
7
171
107
3
95
18
14
30
1
50
162
56
51
42
69
10
41
178
100
40
22
87
14
8
24
80
135
18
18
41
154
12
87
130
46
6
73
134
187
89
45
37
92
39
16
14
7
278
36
149
109
1
43
71
36
32
46
35
29
20
1243
39
26
40
67
3
212
45
56
48
73
68
33
27
8
26
94
19
7
266
103
103
190
57
5
23
13
48
59
22
14
69
95
40
6
64
153
35
12
73
1
7
50
70
119
3
86
42
33
10
166
24
28
45
53
52
69
29
21
238
84
109
165
155
112
91
88
10
87
392
123
100
64
55
115
65
30
109
77
36
154
51
121
67
6
22
340
23
82
326
121
35
4
23
90
138
7
174
4
174
29
18
2
3
16
18
5
36
56
44
84
75
61
21
43
17
73
252
41
86
34
147
183
13
49
39
78
111
208
24
23
29
110
10
106
65
18
41
38
19
137
6
56
89
91
1
137
56
118
45
4
14
2
63
131
164
17
13
64
121
10
11
69
56
27
84
31
66
65
43
45
270
49
12
24
158
29
101
3
163
117
29
24
31
47
1
8
13
49
31
25
149
84
19
25
135
34
31
1
10
16
139
78
122
132
23
90
24
77
6
279
19
107
60
112
56
41
18
72
181
263
50
74
1
163
28
170
34
85
75
171
95
77
187
73
40
27
9
153
36
13
71
181
6
49
7
58
92
7
23
13
47
3
13
48
93
300
47
165
27
16
101
257
84
100
136
56
35
2
53
107
418
58
56
21
165
59
30
124
68
43
79
55
110
90
81
78
20
17
61
61
54
26
26
153
100
29
11
295
107
19
4
106
110
36
2
23
22
39
137
50
22
42
95
49
49
71
52
180
39
71
116
31
135
42
15
35
26
99
41
15
194
120
17
57
19
67
26
153
18
42
111
25
27
105
23
20
295
5
25
22
106
1
21
69
150
20
34
45
142
78
144
23
27
71
49
97
53
5
16
65
58
238
7
119
19
23
202
76
75
90
46
65
88
37
73
35
73
215
21
47
6
11
29
21
128
58
28
38
101
99
100
34
19
8
82
21
24
88
140
155
51
117
276
17
93
3
87
9
40
35
92
19
14
15
9
173
13
55
287
83
1
22
12
84
13
158
34
24
37
160
16
33
44
38
24
374
53
48
3
83
29
1
189
130
305
282
41
14
108
80
167
10
167
2
117
62
201
25
11
31
195
93
139
91
43
40
1
77
8
100
55
35
17
46
56
130
89
117
32
39
31
39
77
30
26
62
190
56
89
98
46
18
3
75
111
178
53
87
116
137
154
200
19
58
1
66
141
48
34
36
16
110
15
22
172
31
36
100
212
45
205
281
1
27
86
116
43
71
36
54
118
134
15
113
31
73
39
295
47
39
4
372
54
12
19
10
32
190
136
49
22
587
139
37
18
32
8
23
70
113
132
32
7
32
20
23
179
71
102
133
4
35
56
145
62
119
93
75
54
159
12
45
9
15
58
74
31
85
40
8
12
20
1
28
11
59
1
576
7
44
59
122
170
150
151
22
49
68
109
29
179
204
72
10
1
62
102
163
114
6
187
97
68
88
11
85
19
14
52
48
2
16
57
17
185
34
23
17
125
59
176
103
23
52
36
27
9
16
5
81
36
277
99
77
9
65
52
53
25
49
29
229
50
23
243
10
11
93
223
117
50
10
46
4
20
44
34
25
5
2
40
22
123
61
14
79
55
15
40
206
2
30
172
184
3
1
41
92
213
65
41
77
103
23
26
161
210
7
9
75
116
22
52
96
223
12
11
82
43
48
223
216
148
147
62
71
61
63
3
25
21
2
98
80
74
14
92
58
14
61
147
313
3
14
299
74
24
35
43
20
28
145
434
10
11
54
46
20
16
57
259
34
157
31
132
3
85
146
6
96
32
56
251
99
16
124
9
7
5
19
8
6
48
84
89
9
21
4
35
5
18
181
121
108
49
268
1
38
27
100
20
9
5
151
79
100
364
9
20
90
33
22
34
146
42
80
49
40
94
193
227
59
22
75
63
43
7
22
9
29
49
56
203
71
17
36
189
106
12
32
354
142
47
23
64
46
93
32
76
304
321
89
66
120
44
232
17
60
1
2
40
367
118
43
10
35
46
138
35
25
101
7
458
98
24
50
58
20
68
127
35
52
169
71
111
70
98
169
12
182
69
35
237
123
6
38
17
12
1
50
58
50
99
4
31
45
30
33
112
15
99
59
11
21
141
23
56
19
22
23
29
23
9
40
176
173
4
57
41
34
1
23
29
45
28
52
16
9
236
1
99
47
30
14
144
55
5
52
51
6
137
6
65
42
158
26
74
31
199
787
24
11
23
7
43
10
12
7
1
119
210
35
101
148
85
14
7
18
21
37
25
41
69
133
106
209
317
340
261
3
31
125
68
12
13
81
34
18
73
3
63
14
52
6
187
28
234
8
137
3
25
45
26
40
15
34
156
86
70
111
110
6
4
4
61
28
50
70
47
346
80
56
254
11
124
8
47
139
54
25
51
56
21
146
258
135
48
86
52
487
56
125
11
36
22
62
249
51
71
23
144
27
50
94
1
2
11
68
25
63
66
5
154
135
55
11
19
42
78
16
52
113
13
101
105
99
70
55
18
25
16
45
7
211
66
2
3
1
105
59
6
20
26
47
52
26
6
37
109
15
60
34
109
9
43
2
301
548
41
47
32
44
159
81
7
39
74
195
80
10
127
10
16
54
101
284
59
19
25
3
136
16
94
49
2
50
73
37
68
27
136
10
19
93
22
47
519
26
9
15
104
33
117
95
102
6
53
28
21
19
139
246
156
47
35
89
26
16
123
50
9
19
102
36
23
36
71
45
18
103
71
45
66
60
26
9
16
57
87
47
91
221
20
342
32
19
350
157
214
29
55
51
169
29
103
53
53
106
37
83
14
1
122
221
60
8
38
86
19
7
48
106
8
33
110
5
123
13
19
9
44
17
51
119
308
7
17
40
102
38
149
202
12
11
88
36
46
65
83
51
25
84
4
47
246
15
119
56
34
88
86
84
17
63
205
82
100
73
288
5
17
41
108
11
111
8
78
73
40
39
32
19
40
85
20
380
61
238
2
28
76
19
68
67
116
174
63
29
73
7
141
81
101
193
22
7
67
89
2
7
44
112
59
130
38
97
95
117
67
124
197
137
32
318
89
105
18
24
51
32
19
26
72
319
278
141
12
25
14
82
142
141
22
132
22
34
4
522
82
45
85
12
50
6
62
42
28
66
14
59
32
45
36
5
103
15
76
50
3
60
83
135
17
133
78
263
11
13
147
223
11
10
105
14
224
52
65
156
113
7
29
62
3
32
16
55
34
40
46
3
79
70
97
16
55
48
121
82
62
96
28
147
13
502
1
264
191
84
17
40
174
89
179
38
51
14
162
49
61
62
5
216
52
68
29
10
7
84
235
20
121
75
79
151
26
6
123
127
129
130
124
118
22
135
160
42
5
75
17
306
300
197
84
16
56
111
30
4
17
102
82
287
212
68
25
151
60
56
49
3
77
91
76
75
3
1
29
18
60
127
82
9
54
399
25
16
216
170
66
97
180
133
76
99
67
45
39
31
65
47
24
106
140
45
31
99
11
92
105
14
383
89
28
40
151
65
69
62
258
24
144
96
8
37
2
1
108
86
49
84
177
4
94
18
36
155
41
20
14
55
21
31
114
81
55
15
72
74
55
39
58
82
50
59
45
3
10
7
75
16
64
8
2
40
17
65
16
49
70
3
17
30
73
93
7
85
40
21
98
7
213
370
18
91
338
18
37
5
8
43
133
77
105
12
14
9
40
62
56
28
145
78
1
65
7
86
44
7
69
58
4
249
41
6
6
30
84
37
78
288
109
63
83
10
4
27
12
31
22
55
182
92
35
385
176
32
100
62
28
161
42
92
30
49
40
7
182
44
327
82
145
76
66
4
40
33
98
330
56
190
5
77
36
42
64
539
71
31
37
353
52
11
23
65
9
49
66
50
2
121
27
93
70
74
26
77
181
23
29
646
21
31
155
19
23
1
47
59
87
112
5
73
51
16
65
20
5
27
75
70
242
74
80
213
67
43
37
75
161
102
97
1
63
11
8
85
69
1
117
104
54
53
124
34
9
12
63
26
242
37
169
4
24
27
93
76
37
122
30
44
60
75
26
97
3
5
121
23
19
107
46
8
49
35
26
49
64
75
127
66
30
123
155
23
24
82
262
24
6
302
167
97
22
124
46
85
69
295
3
5
44
58
35
27
114
10
35
137
18
43
59
79
62
3
171
103
91
242
72
18
55
53
26
98
164
128
36
35
18
1
181
196
18
518
84
15
68
144
101
28
50
105
7
353
117
95
69
1
83
92
34
133
43
66
10
2
36
16
49
23
6
68
27
64
219
47
42
108
6
100
47
63
3
124
105
277
314
9
53
87
39
222
144
142
107
41
19
19
33
108
46
5
57
84
54
65
175
261
12
215
142
46
74
167
77
3
11
42
103
46
152
27
102
304
54
116
29
84
371
9
39
99
44
14
9
84
82
50
32
70
7
120
82
12
50
28
111
32
71
37
35
4
36
23
2
91
143
81
107
5
21
190
43
265
49
7
103
271
63
42
19
52
59
48
22
51
58
14
72
123
46
11
41
248
11
48
136
37
34
12
67
41
77
7
47
1
134
91
4
9
79
44
29
138
183
154
109
281
43
169
105
84
22
26
20
40
43
441
119
98
151
34
115
125
51
172
12
139
431
78
22
27
62
95
32
67
44
26
31
63
130
231
46
53
81
84
15
2
166
110
1
66
21
12
84
54
25
206
78
33
36
112
265
93
59
69
52
31
133
22
142
24
115
65
162
58
10
47
79
66
131
35
176
255
10
134
5
243
81
69
31
186
124
67
61
496
2
33
71
82
32
185
264
189
15
187
2
60
75
13
19
138
190
213
22
128
50
23
92
81
38
3
22
1
59
62
35
64
10
99
53
43
80
9
12
25
97
108
25
241
17
1
110
113
141
9
176
52
141
29
40
24
18
125
90
20
88
97
12
133
64
3
20
10
308
43
99
63
17
51
20
101
7
101
66
24
24
1
495
54
124
46
32
72
4
169
9
45
38
80
4
132
460
33
129
130
21
25
115
39
14
27
774
16
19
74
21
34
9
2
42
152
203
9
82
28
146
24
70
30
72
102
42
29
134
54
27
124
35
10
139
44
134
282
102
177
75
47
211
125
219
9
109
8
41
13
25
68
34
21
150
132
103
81
32
48
20
20
1
15
57
6
36
16
166
4
26
89
18
17
135
37
3
82
21
84
105
39
62
116
54
9
124
112
47
1
32
122
11
50
201
28
11
20
53
119
68
48
132
89
31
45
15
133
114
28
65
128
124
19
11
130
54
449
30
93
30
105
100
68
235
3
6
223
3
452
132
47
13
97
63
22
166
34
86
53
2
66
118
9
1
147
121
2
19
10
64
49
98
11
155
94
9
25
99
134
257
61
39
38
113
19
66
41
127
128
17
119
62
184
14
9
41
11
101
35
50
15
11
117
49
151
72
37
22
23
230
288
79
49
38
11
137
27
28
311
38
58
1
78
2
134
7
3
147
309
47
13
10
36
131
86
61
123
1
30
84
77
25
34
50
198
197
5
210
286
19
156
13
23
13
108
64
28
9
33
80
26
22
22
21
54
11
16
3
56
57
32
77
66
86
39
18
45
68
45
83
54
40
12
123
8
121
15
151
128
4
117
79
71
12
31
39
78
28
3
51
54
5
3
19
22
4
83
96
8
18
49
32
36
41
70
7
207
74
14
46
30
11
30
291
32
53
50
142
256
66
138
50
139
63
48
120
27
79
27
99
50
216
31
34
7
14
48
18
75
40
159
29
52
215
6
30
215
10
81
84
24
6
4
180
10
96
17
108
54
21
32
318
25
111
246
19
18
33
131
4
40
104
71
61
14
282
39
37
76
59
55
37
16
15
33
47
85
9
30
34
61
11
12
19
130
6
14
19
10
60
95
84
188
145
20
151
28
61
11
98
145
57
167
153
28
70
149
13
7
12
41
32
126
64
224
81
96
1
259
4
24
93
28
86
62
43
91
240
64
138
12
7
70
66
30
33
61
181
130
9
66
4
56
16
58
105
64
71
83
163
82
5
12
118
132
22
6
28
14
90
16
80
326
54
27
6
9
90
54
156
21
14
56
21
63
41
7
28
25
133
62
270
39
125
14
17
55
200
53
34
72
46
12
98
90
296
108
1
11
49
45
4
16
4
199
45
12
16
17
107
38
98
127
28
25
151
108
36
3
76
211
115
84
41
107
76
167
48
28
26
42
146
17
50
71
74
32
77
45
83
14
87
84
35
55
1
55
1
76
35
139
14
80
28
114
94
6
49
159
94
104
121
73
15
60
20
76
50
115
16
298
19
55
103
50
128
12
17
3
28
23
214
10
45
48
27
25
94
35
254
217
22
60
94
8
56
44
72
242
14
70
9
25
56
108
19
30
25
124
34
27
46
20
30
18
18
64
138
12
56
88
8
72
27
64
15
5
15
33
30
74
29
234
54
119
19
75
45
31
36
102
61
4
116
30
99
5
9
81
9
66
653
20
22
4
171
19
16
32
241
216
126
65
10
68
91
30
110
20
79
18
47
81
53
72
49
20
218
39
132
61
92
49
166
9
106
12
119
44
151
54
71
89
9
41
144
67
194
1
162
42
159
40
82
5
76
204
127
122
126
83
67
81
110
9
132
62
93
57
48
113
13
65
137
29
20
63
43
59
114
154
221
402
106
119
140
38
171
90
83
45
119
47
132
7
8
19
25
61
5
7
22
69
203
25
21
224
62
34
36
95
63
22
32
46
4
166
29
290
56
36
98
83
15
20
42
62
2
13
16
12
119
7
37
31
66
95
5
155
1
29
19
24
44
104
98
2
3
83
228
13
50
103
87
59
213
13
155
92
8
37
135
21
104
10
67
100
79
20
14
3
120
60
5
45
145
149
26
70
1
56
90
413
48
326
202
15
49
175
89
99
13
88
80
107
156
120
180
134
18
63
86
82
18
287
291
291
100
54
107
10
1
2
82
87
10
8
138
181
121
13
133
36
167
6
340
173
1
28
148
20
16
76
20
45
252
7
9
94
145
143
6
16
18
47
143
64
45
204
6
200
253
6
19
113
141
22
68
94
161
50
74
33
18
56
8
21
103
13
31
30
49
91
10
22
88
168
16
4
109
64
20
163
38
96
31
163
132
22
95
20
73
298
18
19
44
49
145
80
374
38
117
79
1
46
517
380
102
174
406
30
13
41
37
32
129
115
218
95
76
100
23
53
20
82
15
49
148
219
25
31
27
79
27
33
25
20
59
95
66
87
301
26
15
203
51
5
18
159
32
5
1
78
73
130
117
49
4
38
36
54
43
20
60
22
31
7
59
65
21
133
16
6
23
272
13
7
7
83
140
171
49
115
32
76
9
103
61
70
31
69
22
121
10
38
134
15
21
63
62
124
76
10
50
15
62
94
33
47
79
75
39
70
32
128
131
24
81
310
118
78
20
81
50
97
74
129
23
171
15
35
44
11
5
172
137
52
89
9
51
2
74
18
17
108
161
164
44
14
124
60
32
23
140
141
139
1
42
93
1
38
106
29
72
10
85
195
45
212
22
112
51
56
76
136
72
77
68
69
1
73
43
52
29
91
255
194
89
11
55
133
42
144
23
143
21
10
23
15
2
17
37
7
116
215
154
76
28
66
35
72
94
68
2
49
28
46
92
83
217
3
68
32
113
52
31
70
13
86
25
8
15
102
54
11
18
98
31
73
66
14
239
102
59
11
15
63
2
72
42
19
106
4
55
43
6
3
94
44
26
17
271
63
17
30
1
119
27
5
98
72
13
128
6
33
28
131
97
87
66
46
53
61
76
140
158
18
9
50
112
59
120
54
327
145
173
130
99
33
68
70
69
22
101
27
216
36
83
14
26
590
187
8
54
123
116
50
41
46
69
244
29
54
5
9
99
95
31
107
97
6
8
110
35
108
72
14
80
3
13
20
25
27
57
28
48
81
47
254
42
8
46
372
101
98
117
38
203
5
66
60
60
222
11
109
63
13
19
20
22
121
153
10
39
27
20
62
176
76
12
57
170
19
109
55
43
28
7
37
143
48
116
70
4
171
35
1
32
27
18
71
78
14
33
102
312
1
110
624
38
13
53
104
412
47
47
87
211
39
40
129
98
42
34
55
46
176
161
47
87
42
8
53
37
32
461
282
46
97
132
16
88
41
58
63
6
64
106
93
121
28
51
159
46
76
4
157
69
12
84
11
4
65
505
62
32
110
5
52
137
55
107
9
9
30
9
8
32
4
172
18
62
203
62
23
40
18
83
38
50
124
5
38
44
86
89
107
61
87
107
46
475
124
228
32
143
21
23
79
52
21
145
16
65
242
11
195
149
93
184
55
151
55
420
54
113
44
84
57
44
152
26
161
71
51
33
99
135
71
69
5
494
26
248
102
108
17
66
113
5
21
62
15
62
93
183
141
370
293
8
21
114
47
110
21
60
1
193
33
35
29
9
313
237
78
9
219
48
75
303
41
91
3
94
4
21
16
79
48
62
61
135
63
51
211
17
16
219
57
38
123
111
108
2
123
9
76
243
654
109
14
6
35
217
39
256
12
35
23
11
1
40
32
140
66
54
66
75
43
60
96
20
48
8
174
8
53
56
40
67
66
18
31
54
17
136
23
13
4
96
25
147
275
186
82
16
4
256
17
57
6
19
96
44
61
40
51
42
14
163
153
118
69
119
83
46
2
56
12
26
276
30
40
65
4
500
15
89
54
9
102
140
3
88
25
89
4
17
67
238
138
55
80
135
68
52
17
30
48
39
24
7
42
132
109
21
36
33
2
71
27
3
22
74
130
95
32
41
3
83
16
28
9
43
43
159
57
8
103
149
23
79
77
113
29
17
33
405
37
109
82
23
10
24
55
112
97
29
105
84
37
32
68
60
15
132
41
99
30
54
129
6
70
65
131
137
113
14
20
3
173
106
14
17
61
6
198
53
52
33
160
55
139
36
154
16
38
47
33
72
55
37
121
17
156
324
80
163
56
11
131
28
44
6
113
40
309
6
20
29
58
87
12
60
64
24
83
124
253
65
6
1
98
49
4
69
13
38
42
74
73
42
33
93
31
243
233
40
2
10
11
71
22
77
39
45
56
16
42
193
59
9
51
59
6
2
14
14
34
23
43
76
57
63
82
34
6
108
5
94
54
8
65
27
310
147
91
8
91
19
195
10
190
23
82
26
31
383
42
17
88
13
122
352
142
71
20
232
15
49
38
208
81
10
70
129
198
2
94
129
66
126
261
64
149
12
120
88
58
96
43
47
86
38
21
88
85
178
30
77
7
44
47
100
15
37
29
18
174
125
86
14
83
53
187
4
81
39
25
98
43
100
775
25
55
8
34
87
25
15
22
47
6
69
247
5
75
20
46
23
1
3
133
70
10
53
204
74
3
67
2
33
59
37
157
101
43
83
161
2
23
96
126
13
19
14
35
86
1
123
47
243
120
73
102
11
38
647
99
134
94
29
21
23
120
26
119
17
21
70
75
133
31
10
1
21
70
23
31
49
58
46
148
114
202
4
64
24
40
11
107
12
104
144
55
92
24
109
243
21
2
119
29
134
20
65
52
3
148
43
57
10
10
53
249
15
1
47
72
119
22
66
54
56
478
37
81
87
41
45
93
148
39
162
8
2
247
47
161
200
19
232
51
128
62
62
100
244
58
139
72
143
119
15
39
75
49
17
132
95
265
45
60
128
41
156
16
134
31
57
60
122
248
85
34
41
130
127
224
9
91
8
144
3
90
41
20
42
89
247
77
6
26
21
235
16
159
2
78
124
57
57
36
12
96
4
73
181
82
39
109
72
3
86
63
258
89
165
5
103
31
29
12
139
9
125
23
123
40
19
33
71
73
42
36
92
124
129
32
23
309
41
61
46
98
143
169
95
58
14
9
21
95
50
62
74
85
65
20
40
40
47
28
20
188
17
50
658
129
49
194
251
76
12
42
78
31
40
34
49
76
71
136
29
284
8
200
54
115
58
186
127
63
72
20
321
207
20
17
28
71
21
73
330
70
52
93
67
34
9
183
55
7
186
4
337
163
85
20
5
133
60
12
20
93
32
6
19
85
74
24
51
82
131
54
45
26
17
54
69
61
26
12
76
62
114
10
151
30
29
153
96
109
27
15
119
70
163
17
5
39
177
33
258
111
12
69
3
13
72
156
50
82
11
14
47
46
207
44
39
90
37
17
38
114
97
163
14
54
21
1
5
78
1
27
22
60
3
172
30
4
19
120
157
3
43
72
147
218
38
141
12
14
90
42
25
78
24
77
87
1
417
35
94
5
8
36
41
95
88
69
97
69
42
8
4
19
40
90
17
226
319
65
322
59
468
15
2
70
16
81
136
18
66
107
162
21
67
113
76
126
118
90
31
180
145
120
13
68
69
100
157
42
21
115
24
127
38
2
161
7
191
205
95
72
127
15
17
128
26
68
187
53
214
35
19
306
160
7
70
124
3
26
40
6
117
287
154
11
48
248
52
99
120
474
152
20
9
88
7
71
50
7
158
36
34
100
78
152
112
103
21
96
67
33
88
75
47
12
10
87
235
4
49
51
89
76
71
151
12
95
238
75
274
18
51
108
90
550
18
2
32
7
28
32
159
84
86
21
30
106
7
7
2
189
47
134
19
114
53
42
556
19
148
21
42
62
71
250
63
143
32
80
37
2
102
19
42
32
10
213
15
398
58
25
369
93
24
20
16
39
141
15
63
44
86
7
63
144
3
16
37
11
107
170
42
292
105
79
94
96
47
29
17
24
28
22
102
158
2
162
249
3
9
147
252
89
3
123
86
95
30
5
276
74
18
65
44
52
126
74
27
288
156
39
188
113
31
32
234
82
12
50
145
123
35
132
87
11
20
170
19
84
89
13
1
58
19
54
110
49
71
25
137
74
63
85
13
26
51
27
53
70
90
36
81
16
10
1
10
42
73
223
72
3
81
1
1
82
88
10
208
102
16
100
46
72
30
27
205
76
104
139
103
146
24
5
56
227
31
17
38
69
56
44
175
63
93
26
86
242
103
14
28
35
24
1
39
84
75
65
14
3
11
104
160
243
84
44
131
23
16
62
17
54
120
83
154
36
26
72
37
63
4
27
94
11
95
11
30
76
20
70
25
67
89
25
43
39
576
49
71
12
5
27
36
75
6
23
39
33
44
4
30
60
38
341
86
16
59
1
187
36
69
76
39
123
125
91
5
24
59
33
6
171
173
5
35
14
22
253
2
2
78
2
28
86
34
29
54
40
36
43
29
954
105
34
237
33
9
87
35
27
45
150
138
62
335
23
10
47
16
1
7
116
74
3
51
88
157
45
40
187
142
51
54
29
26
35
119
95
79
64
19
63
158
15
34
16
166
40
143
78
46
53
36
76
107
72
27
17
64
54
78
75
29
114
50
16
9
102
6
55
34
12
69
27
82
53
14
78
80
54
78
178
32
40
51
178
84
273
1
67
194
352
69
48
117
74
114
11
661
97
51
34
55
30
33
3
124
174
11
60
18
94
340
213
228
141
9
115
9
90
146
58
62
68
64
53
34
24
210
92
34
227
8
105
87
21
287
100
58
1
73
4
195
49
11
88
74
164
6
162
58
70
47
43
11
69
101
77
2
34
125
41
415
84
194
86
20
59
147
138
8
65
173
9
45
12
117
88
15
6
69
67
4
207
321
123
151
71
6
291
5
80
62
8
410
1
11
196
25
91
27
256
114
117
144
2
181
85
42
60
5
43
84
24
21
58
18
28
5
341
96
158
43
128
8
70
50
55
24
4
13
34
205
19
3
36
78
22
68
50
39
39
82
145
28
156
177
132
144
41
35
102
137
30
62
37
29
105
234
159
18
262
77
199
79
200
72
22
2
35
91
243
77
50
19
73
29
181
69
32
287
10
36
34
7
110
237
74
17
17
65
208
257
66
196
57
64
19
130
19
9
299
261
75
128
41
5
139
65
169
60
76
23
127
62
119
13
37
50
5
14
27
29
8
23
87
16
87
147
208
3
21
28
30
24
82
148
98
129
47
4
435
194
5
109
92
93
45
33
59
14
145
18
134
60
217
107
19
48
19
99
7
145
17
26
39
34
7
11
26
98
43
40
35
5
13
5
25
65
30
19
101
30
92
102
35
184
21
9
48
43
28
7
165
49
37
87
45
35
124
94
28
10
85
73
92
3
43
88
33
109
56
20
142
215
72
70
228
65
93
28
135
103
90
26
39
145
55
52
2
16
26
110
145
222
575
132
102
158
21
13
51
154
25
87
39
20
12
151
281
64
41
37
105
22
77
117
228
48
57
11
1
26
90
97
36
32
108
20
83
9
563
172
152
44
151
58
27
117
14
151
292
26
16
13
750
62
44
44
159
33
64
46
4
222
82
67
95
136
263
1
23
10
6
30
136
16
126
149
14
60
102
13
70
84
1
89
9
232
1
72
144
7
7
15
46
110
27
42
118
23
55
34
270
285
46
105
17
29
21
64
40
105
44
108
11
172
2
16
146
157
262
131
96
27
171
11
91
21
82
63
103
12
15
168
51
122
31
40
66
51
82
179
82
30
50
9
19
78
114
11
4
47
20
176
154
86
130
7
112
67
84
21
80
126
31
130
179
111
64
107
6
37
81
3
3
120
18
4
69
31
14
60
10
68
59
13
93
12
269
88
16
132
33
52
81
2
66
45
57
245
160
453
106
44
7
4
11
2
137
13
125
129
27
101
32
99
7
61
83
5
54
18
35
17
35
144
2
45
2
7
31
175
56
30
20
136
17
48
58
124
50
29
7
19
48
53
62
55
41
8
74
30
6
172
14
29
11
34
256
47
71
45
117
79
5
58
29
56
93
128
24
31
73
239
32
23
61
52
7
30
30
4
92
1
13
73
12
5
92
46
62
36
41
10
160
1
98
60
28
177
162
15
186
95
213
47
110
113
17
202
95
93
112
32
78
52
161
68
73
193
74
164
304
2
16
9
58
161
88
47
84
52
119
30
19
76
468
14
120
180
76
234
27
43
132
26
72
102
38
102
23
26
95
146
39
112
171
89
154
122
222
148
79
45
3
23
10
20
5
6
85
203
67
28
12
129
90
176
117
73
76
12
28
335
30
35
329
53
40
110
6
1
69
90
115
28
135
24
3
286
231
164
157
148
85
6
1
78
5
433
1
53
10
30
20
370
69
26
93
84
56
7
2
93
11
17
57
40
66
155
57
38
37
23
479
26
128
15
197
17
106
57
132
61
34
51
52
122
84
38
39
6
41
203
118
20
33
195
13
195
15
160
36
95
117
122
88
34
4
108
13
19
42
14
41
75
24
36
121
277
12
111
233
422
45
4
140
24
109
33
56
9
18
16
5
7
5
144
136
167
98
266
184
108
237
34
30
123
138
59
163
90
16
80
107
10
11
90
49
183
121
31
113
40
6
83
90
29
83
19
145
26
33
40
73
58
59
63
36
93
568
1
89
69
63
393
130
182
28
59
99
43
19
2
11
47
10
15
225
42
47
105
144
158
58
8
24
17
309
269
19
154
180
160
28
82
302
40
44
37
229
66
57
117
60
99
18
183
111
63
28
58
18
98
143
48
58
114
60
25
12
38
33
183
45
81
58
60
214
52
166
69
150
5
55
18
34
32
15
34
72
37
40
41
47
74
68
12
151
132
86
80
3
74
31
119
19
89
10
10
279
83
62
139
1
87
112
100
12
76
67
212
2
3
512
540
91
210
4
58
116
93
108
68
600
91
66
70
187
98
64
50
30
4
29
2
2
59
319
60
24
2
201
36
36
8
74
14
23
24
75
36
118
57
94
69
140
108
19
84
1
63
84
18
8
23
6
7
11
92
55
2
8
16
215
44
61
27
26
11
15
47
56
44
132
225
97
302
395
58
35
195
146
14
187
51
185
64
79
146
39
230
29
120
29
74
118
162
76
96
181
13
71
30
28
167
12
99
41
154
122
66
102
74
32
35
69
183
21
12
21
31
25
95
73
9
155
153
100
87
22
66
32
6
19
8
57
98
74
209
35
43
109
99
9
50
44
32
78
26
65
25
78
253
39
88
84
10
58
141
4
54
22
7
14
26
108
226
87
6
87
7
149
61
101
22
166
27
88
132
24
72
95
185
58
16
47
99
54
60
24
34
64
272
148
33
84
68
70
64
13
28
52
18
8
48
44
82
40
15
77
41
65
100
86
5
526
180
51
27
6
3
37
69
22
175
105
53
17
157
162
31
46
259
82
35
54
20
34
159
28
45
25
156
71
59
35
42
97
45
32
38
117
49
7
72
163
97
97
148
19
50
34
97
9
13
46
29
52
27
9
18
95
5
23
119
26
22
69
208
98
135
56
61
106
30
75
189
282
54
55
32
71
35
9
1
11
34
35
403
101
98
8
50
10
26
63
30
2
53
264
36
60
17
35
46
140
30
46
35
8
248
9
78
38
65
1
46
14
39
6
146
190
163
41
13
212
22
73
6
177
14
105
37
88
16
21
18
141
74
78
4
32
20
113
16
75
69
80
157
31
91
66
73
44
25
40
32
313
46
104
63
44
35
30
25
111
42
76
73
110
46
130
4
121
121
86
3
117
211
51
82
95
25
173
77
73
30
23
58
71
5
544
7
88
92
39
109
3
173
209
19
345
17
41
49
27
13
128
44
29
36
75
32
43
57
85
69
28
79
146
126
192
59
39
18
34
215
107
34
20
75
55
78
29
96
175
111
25
34
38
86
136
97
231
1
93
43
86
90
56
110
32
42
82
11
71
48
133
5
116
126
39
75
6
165
126
8
95
17
26
83
47
316
221
104
53
65
568
6
16
21
20
17
34
5
20
123
60
71
113
68
57
55
136
70
97
4
53
198
77
61
91
132
3
2
92
29
66
8
27
1
37
233
42
119
79
198
30
47
159
2
55
122
68
73
17
93
2
134
10
34
128
19
60
9
220
30
58
239
119
94
40
99
83
2
45
114
29
48
75
11
50
18
14
78
67
64
43
81
78
51
14
315
6
74
6
71
183
138
44
88
62
52
135
210
121
37
106
36
114
9
483
41
51
14
14
27
166
116
33
59
109
50
15
72
144
95
55
22
1
20
118
23
136
66
113
88
70
4
43
44
64
82
36
184
179
40
27
152
138
90
110
203
22
78
137
8
6
72
77
43
8
43
41
25
116
189
16
2
1
118
34
133
114
125
63
17
32
218
140
2
106
5
98
148
65
91
24
132
107
42
9
146
94
101
110
11
23
47
8
67
50
174
31
4
257
115
299
20
102
66
526
75
87
133
231
23
87
22
8
125
30
43
11
28
18
44
172
164
68
60
45
88
56
18
12
12
138
90
1
129
134
79
250
11
103
106
3
5
48
41
15
54
6
49
3
69
6
128
115
135
60
44
341
3
15
34
84
1
47
136
33
253
126
41
165
189
4
3
460
31
128
181
101
29
86
87
178
69
10
95
16
58
109
49
142
113
9
35
170
185
44
18
31
223
59
75
84
51
11
26
151
82
122
29
7
8
29
44
9
4
64
98
116
353
102
73
44
63
101
69
155
1
76
66
52
5
64
7
43
55
14
8
59
10
28
24
133
1
29
16
137
81
115
14
57
29
48
99
3
36
13
94
4
79
59
43
61
144
96
192
27
135
109
116
182
37
7
1
45
29
13
35
14
15
13
86
12
45
49
147
42
86
88
75
183
115
95
76
111
44
94
1
43
59
140
8
100
63
309
25
57
177
105
32
194
56
199
62
35
70
99
118
47
65
3
135
89
211
65
56
9
92
18
24
83
85
40
55
9
63
237
41
34
37
53
87
19
87
100
63
124
5
32
1
88
23
19
27
28
95
164
158
46
180
20
65
7
34
3
58
59
8
38
20
60
108
5
20
14
93
9
10
25
84
6
8
74
86
39
31
11
92
123
2
164
73
4
77
33
157
99
295
2
5
79
63
6
3
209
4
90
3
102
128
394
17
21
342
120
76
14
27
137
103
30
187
147
122
16
9
233
31
150
14
5
41
29
108
32
13
32
59
61
84
229
18
15
53
303
94
53
86
18
43
179
69
5
89
57
5
59
22
8
182
32
59
36
205
86
69
3
7
11
20
12
7
57
33
56
12
39
10
81
33
4
69
78
102
71
20
64
64
149
3
28
117
14
127
129
62
64
98
72
22
48
48
102
27
17
10
58
38
38
30
30
15
39
59
115
55
27
13
89
10
8
44
43
63
13
51
13
66
44
8
87
249
3
2
50
24
44
113
246
99
26
199
123
9
62
21
75
16
79
61
56
220
12
115
