91
87
12
488
370
1292
137
351
424
68
20
160
113
97
1389
70
137
202
159
305
350
77
123
53
108
393
173
767
386
46
406
662
67
449
497
924
472
410
102
351
473
1524
75
475
2
35
125
1392
612
137
187
358
307
312
404
330
482
13
75
2
136
60
116
70
49
198
50
43
96
61
99
45
106
310
362
3
108
677
408
60
66
92
1339
18
322
507
322
77
1304
607
432
410
79
5
122
69
85
16
473
78
96
139
1413
171
507
111
1353
378
471
75
924
452
27
60
153
453
52
342
72
328
106
1263
197
387
58
92
2468
90
157
18
130
191
32
117
11
108
22
725
53
21
118
91
997
5
36
12
39
24
46
305
60
348
14
342
108
94
176
43
8
160
6
160
41
502
776
78
306
406
419
22
54
45
452
16
127
375
179
196
23
423
45
75
124
42
18
320
115
14
2
51
91
41
759
653
81
66
996
73
16
123
40
676
140
392
343
467
1111
360
102
13
63
97
79
452
53
348
30
616
62
11
409
189
120
38
89
133
69
26
46
49
89
416
2
185
23
338
134
477
21
368
67
155
448
92
514
646
168
162
321
632
50
40
183
161
149
336
146
10
82
88
742
128
495
469
124
397
28
363
386
139
1238
1066
106
446
338
18
62
163
5
95
496
161
437
34
8
433
75
195
15
42
188
86
50
192
37
381
1694
452
55
128
52
134
43
170
117
100
63
6
610
1101
329
137
41
314
507
699
179
172
204
122
931
29
121
421
178
100
959
88
46
180
41
84
128
33
1070
102
151
153
72
92
36
10
766
10
444
381
160
46
18
139
181
460
6
115
131
66
481
452
42
202
4
42
42
319
155
33
125
61
103
94
424
397
430
793
393
89
22
32
33
7
59
123
154
57
1339
1353
824
438
92
85
48
149
1361
134
404
147
419
81
114
387
36
39
203
57
75
760
429
106
15
495
114
360
122
72
127
25
977
152
473
371
14
340
32
17
16
89
116
153
39
70
337
138
162
152
89
745
1053
159
465
122
316
111
352
157
5
94
118
311
391
367
76
20
413
354
3
45
23
333
387
112
130
3
173
20
72
149
364
1308
14
620
183
374
54
1232
3
67
86
99
197
370
44
966
126
324
63
193
369
41
108
1
7
138
318
103
57
158
111
353
369
768
353
434
187
667
7
1005
83
159
186
109
487
115
486
684
34
156
18
200
122
321
394
92
427
125
196
194
49
66
178
636
428
8
656
463
199
398
135
29
106
427
58
19
185
41
203
66
97
55
10
318
120
307
109
117
95
75
45
207
43
14
134
102
37
371
169
151
309
118
59
11
770
36
93
159
718
25
11
83
515
64
1322
642
318
437
50
207
396
95
105
312
116
207
22
750
136
144
634
500
102
1115
180
172
100
9
129
40
427
358
469
169
20
37
93
16
473
624
129
76
375
36
782
488
924
84
313
613
313
489
58
507
635
10
12
1010
141
103
346
24
142
104
16
75
92
164
485
139
46
49
31
11
416
736
19
77
822
165
698
106
21
143
41
326
306
329
23
126
1084
78
164
24
28
14
177
119
38
88
26
161
97
350
8
45
422
662
305
44
96
80
140
353
202
74
424
198
51
318
687
367
8
65
69
70
6
328
374
314
104
15
175
85
1
179
115
62
347
714
154
308
320
100
370
351
7
192
20
190
314
134
177
169
201
47
30
5
84
9
423
64
122
60
72
62
11
173
139
65
2
493
107
717
176
630
631
175
18
36
44
124
425
186
615
106
121
140
149
102
188
32
181
644
200
1
346
95
1015
468
340
178
152
121
323
335
342
417
329
650
349
334
92
345
156
20
354
728
173
415
12
407
41
38
123
457
195
340
125
1
54
153
397
1098
12
116
380
119
89
328
140
179
78
390
497
2
28
317
15
3
46
2288
18
492
17
1
317
400
167
67
71
622
499
101
190
31
401
630
64
51
130
93
686
105
54
755
426
201
29
69
352
155
17
185
446
43
398
397
318
383
192
352
308
423
159
73
334
191
14
198
62
74
13
498
131
167
498
345
338
63
175
29
144
98
354
155
76
472
615
32
25
10
26
16
484
20
378
177
116
704
306
136
13
93
661
22
50
475
18
12
319
111
80
160
310
690
149
130
462
442
86
201
143
325
741
95
198
713
319
315
51
115
17
1011
34
90
185
81
390
405
109
115
30
38
482
341
3
130
61
167
148
369
800
193
16
82
38
12
633
50
156
93
61
73
44
75
401
17
813
365
306
408
16
205
167
11
134
123
112
376
134
56
338
96
41
40
24
692
166
488
1565
27
191
69
326
5
197
45
141
650
682
164
9
105
762
25
376
113
92
329
441
24
136
93
144
486
927
3
98
431
382
67
194
352
509
18
139
180
13
16
342
47
18
70
814
67
63
343
104
306
58
30
150
27
109
189
650
652
26
95
315
207
627
144
146
61
30
32
114
189
182
344
15
19
412
201
442
14
127
425
86
83
130
90
1
115
820
1235
33
308
714
69
364
151
98
2
30
468
203
33
432
97
1
307
104
31
80
1085
169
53
1008
631
7
400
76
451
28
86
93
186
316
795
115
131
128
199
671
203
70
32
1019
109
126
63
433
28
764
635
127
160
136
323
107
62
1247
14
65
14
355
307
452
329
12
386
824
385
721
173
312
3
406
431
3
149
83
351
71
88
110
81
12
134
360
639
7
505
47
764
109
394
349
424
305
65
382
130
40
162
30
7
32
1337
72
39
1532
62
722
68
15
506
428
430
19
37
361
1670
104
76
751
114
201
395
464
617
161
663
61
90
51
149
117
146
1004
185
8
1005
43
461
161
802
446
675
45
109
658
45
151
149
773
344
122
107
118
78
419
348
94
13
151
355
382
65
44
111
81
322
41
392
146
62
406
100
379
72
147
400
143
26
192
147
14
142
639
26
401
11
97
192
171
24
80
14
155
201
107
90
314
28
314
324
67
336
199
388
205
58
149
147
389
384
149
37
440
168
356
129
464
1041
13
56
335
432
11
133
53
637
360
368
26
6
322
187
75
130
105
696
646
72
74
161
344
183
63
73
141
121
996
130
346
22
43
350
67
99
49
381
35
45
138
110
735
52
439
647
161
15
57
443
110
76
73
145
40
1254
19
25
187
514
22
671
56
355
376
993
622
31
79
55
182
99
423
335
388
78
121
651
111
59
1672
185
45
72
457
323
653
331
492
104
341
315
22
325
186
369
29
25
113
148
154
131
129
409
98
366
125
682
15
431
77
40
18
86
35
304
110
160
438
100
35
2
101
61
8
94
198
392
4
379
11
107
150
43
404
370
207
29
85
3
106
134
500
199
150
354
315
155
58
153
478
455
327
481
349
413
164
488
79
11
195
169
125
54
358
388
1050
411
2
61
165
140
320
29
65
818
14
371
307
114
191
670
357
19
35
374
84
161
445
475
159
35
183
136
427
128
375
142
156
72
377
349
182
31
1
94
20
44
32
349
65
138
58
27
8
3
315
306
90
59
361
144
331
149
169
105
202
28
82
138
55
32
70
789
128
412
366
119
80
25
114
697
725
512
21
151
421
37
18
19
190
20
45
390
54
90
325
1345
149
27
345
169
118
31
135
106
113
128
36
384
182
137
124
2
385
30
71
60
44
74
159
196
2
319
62
498
73
30
46
121
644
413
16
704
13
677
26
975
144
130
348
98
713
95
1116
111
126
112
4
72
99
18
132
306
108
10
18
79
104
178
332
8
16
94
199
51
657
78
204
13
18
76
354
104
727
27
32
207
91
186
6
1
318
46
75
191
409
375
327
924
181
120
171
6
50
195
109
21
39
437
104
607
18
747
70
1
34
99
31
194
931
374
11
47
30
926
128
77
402
471
357
156
169
777
320
97
18
124
325
49
60
384
402
448
124
138
37
198
15
93
1387
392
68
150
1
51
1417
363
196
103
65
672
340
374
123
140
121
369
130
365
57
168
38
147
409
26
56
54
143
55
109
434
742
67
128
192
747
366
97
609
110
99
22
58
41
12
51
388
515
453
356
48
95
375
137
309
100
51
1291
61
719
31
195
314
402
193
166
37
82
200
1030
43
1357
349
97
30
22
66
13
28
78
773
28
375
82
91
417
8
47
93
22
107
69
43
49
758
371
7
36
668
355
161
345
186
183
463
116
331
2
764
28
660
478
30
464
810
169
94
133
130
26
111
789
185
172
349
23
613
73
351
41
93
164
372
10
471
56
142
1
319
356
349
45
139
118
146
68
16
41
183
39
3
29
982
82
758
138
379
114
313
15
75
79
204
458
151
92
780
63
353
434
62
64
1005
75
354
99
98
172
347
28
46
2
197
108
492
332
343
192
146
28
124
8
67
48
1025
61
89
98
138
42
1332
97
108
515
352
4
354
124
68
100
179
66
341
2
710
8
656
708
35
93
368
145
918
401
8
129
60
446
43
338
48
170
442
184
42
359
103
78
11
101
312
114
169
625
178
156
49
37
386
643
425
1666
55
133
306
187
59
23
1010
25
11
157
184
168
113
131
73
126
32
159
9
335
634
66
629
64
83
342
632
785
49
431
102
677
79
650
35
148
81
28
144
134
10
144
87
40
138
487
1095
447
98
315
4
38
481
453
106
96
136
115
937
69
424
76
202
99
48
199
150
57
88
334
348
718
40
448
83
672
190
7
55
420
375
339
442
364
21
344
334
8
458
35
807
58
84
337
20
74
22
182
56
12
68
652
167
74
365
30
130
91
48
175
153
1
324
168
77
146
106
91
126
14
154
67
63
177
188
1127
1231
87
53
662
9
167
115
759
88
72
358
45
403
50
154
198
607
337
72
147
28
333
33
101
59
83
154
319
178
448
306
22
57
429
136
661
50
343
39
179
125
151
178
70
392
92
16
345
68
7
114
1054
11
161
317
157
331
98
78
948
410
347
485
115
199
6
725
379
21
30
793
81
54
336
335
21
161
485
101
147
137
167
313
109
173
21
70
22
76
122
73
27
168
127
341
195
384
46
104
133
313
32
638
67
56
304
57
313
432
45
40
153
336
22
28
43
324
103
53
31
88
21
88
74
13
75
458
153
656
5
193
84
131
407
27
927
390
387
18
10
106
39
49
87
181
346
304
136
13
20
13
310
353
101
170
57
47
492
163
435
134
110
155
24
58
402
59
405
614
141
10
31
184
202
490
637
40
420
427
65
52
438
1270
165
53
438
65
624
14
34
43
104
34
481
702
34
468
439
190
40
9
172
173
424
127
505
476
16
314
388
14
48
57
56
22
149
1
27
1
28
115
317
305
44
10
329
149
154
423
727
21
19
66
440
323
200
98
463
339
123
405
503
91
439
6
185
197
105
806
51
204
65
3
443
20
117
98
64
68
392
316
412
397
147
1058
105
457
21
2
75
43
112
507
96
62
38
121
76
103
1082
76
140
499
375
17
911
342
7
389
15
110
380
444
385
305
156
151
191
16
81
305
45
1865
436
18
178
38
206
95
166
108
78
321
120
492
1336
636
346
37
432
77
3
85
72
118
177
6
50
1281
100
40
173
13
12
316
59
645
69
25
151
346
181
171
92
503
49
494
183
40
19
81
183
380
188
181
362
466
68
185
313
11
186
118
27
67
332
74
51
3
947
395
61
650
620
378
159
185
18
66
86
326
66
379
146
19
5
680
459
311
69
93
76
136
56
953
75
3
6
432
669
121
57
110
120
726
188
371
52
659
114
125
332
376
971
66
115
92
696
50
364
5
32
68
56
38
165
369
758
374
139
78
85
3
43
343
133
13
114
507
313
142
37
31
363
12
63
10
27
1074
739
744
6
1387
104
60
134
206
41
176
407
3
130
28
203
24
435
393
65
4
94
70
15
113
179
381
58
95
10
177
6
63
172
197
768
36
23
169
364
689
111
157
145
759
411
617
58
88
61
767
339
70
1
1007
7
773
176
4
70
90
54
67
692
360
184
1304
966
118
103
323
31
36
90
157
23
407
124
457
448
153
108
654
425
45
46
651
687
18
177
320
62
990
36
84
116
327
27
70
660
454
71
310
128
637
15
115
497
940
56
28
650
73
26
139
419
29
608
160
198
482
1134
106
159
431
1
10
118
19
134
16
508
68
191
753
431
13
730
37
109
71
197
637
74
68
381
77
943
2
77
18
684
149
10
86
37
993
141
305
314
427
133
125
119
79
17
351
508
454
17
142
345
194
44
10
22
61
1037
140
4
106
62
930
184
477
56
24
327
87
337
386
40
505
956
367
84
186
651
37
206
87
73
104
415
58
765
94
172
663
144
152
1042
106
70
59
426
51
375
28
87
143
39
67
934
88
635
509
361
118
329
142
161
28
129
38
33
26
15
47
340
192
99
131
143
98
99
341
632
738
86
8
107
57
21
16
331
7
8
5
15
137
116
146
41
378
65
1070
48
46
1240
373
58
513
51
191
648
185
382
338
198
403
180
1000
16
101
60
131
310
138
54
345
35
643
342
450
124
423
440
50
448
680
158
161
1010
86
158
413
14
20
35
17
404
83
34
34
124
48
127
57
12
152
343
323
192
119
322
331
25
126
35
306
102
514
113
92
56
1125
176
8
99
127
32
640
410
13
463
3
106
988
680
395
311
68
44
649
147
137
125
169
324
451
109
193
26
66
20
189
127
170
22
188
75
8
58
81
188
403
65
74
779
37
10
149
368
111
451
113
414
31
131
378
103
8
502
65
730
173
116
723
476
117
97
121
109
145
780
618
29
427
668
125
157
673
442
158
360
6
73
130
147
706
197
137
48
479
174
41
25
26
651
104
36
158
177
103
129
75
435
364
63
628
685
129
20
658
120
57
27
59
37
79
326
31
337
357
61
437
4
320
49
54
95
35
155
193
195
142
116
100
320
318
33
202
165
147
1366
496
177
156
98
28
738
97
58
140
72
675
381
475
38
68
90
131
15
96
55
206
795
24
425
86
17
418
655
182
695
498
341
62
511
112
45
80
14
27
356
114
25
324
198
920
368
658
90
34
122
101
40
139
667
391
400
207
89
61
145
24
25
36
482
79
694
81
25
309
308
329
56
167
326
102
361
125
482
30
364
81
116
1040
77
666
12
201
804
59
81
404
443
620
8
195
12
137
13
373
50
50
117
198
183
66
670
661
353
137
455
126
166
88
61
179
52
29
53
96
509
184
174
168
174
89
19
15
69
122
82
453
420
1
145
362
1247
22
128
390
384
20
37
752
111
404
14
450
330
661
54
459
1129
127
98
462
689
485
460
55
39
807
192
1747
663
484
379
400
79
2
101
114
427
16
95
180
90
79
186
173
632
504
127
73
72
405
348
82
436
207
1
328
87
340
39
146
113
2
74
81
97
20
337
43
94
186
182
39
58
398
373
422
461
37
166
480
28
28
168
725
89
107
686
997
503
92
6
473
27
191
156
206
42
46
332
483
633
12
118
64
431
33
455
337
31
78
354
12
56
63
48
728
190
68
16
633
351
83
420
409
36
433
87
679
111
60
10
379
123
400
135
4
119
138
1234
45
478
113
80
47
34
103
121
1355
455
773
54
177
50
17
1047
157
1286
419
338
20
106
396
649
122
113
15
360
165
41
55
411
43
31
114
99
310
818
179
95
89
105
79
394
70
138
174
58
53
735
365
377
37
635
195
106
66
64
416
336
198
205
24
437
338
136
74
111
612
24
124
423
498
121
2
22
150
130
368
27
143
88
49
956
207
809
1
202
705
15
167
110
136
99
171
59
45
8
456
136
677
393
114
9
341
672
91
65
126
996
615
476
964
132
332
37
108
311
388
352
23
31
816
92
170
196
32
164
365
318
4
115
172
306
102
397
103
6
7
38
52
308
8
344
336
98
928
315
191
53
61
676
39
39
142
322
446
195
156
343
68
706
34
1605
33
91
63
350
479
407
17
75
135
162
57
70
85
401
50
72
72
57
104
20
204
29
173
115
347
616
318
19
115
989
361
51
21
424
15
154
85
131
67
1546
338
77
19
124
103
22
97
101
336
6
134
58
37
675
147
100
402
1
421
60
28
5
171
315
823
91
206
42
71
1344
22
641
25
8
3
317
187
372
9
8
650
43
89
347
612
4
408
100
204
390
86
47
32
147
122
53
673
448
43
464
331
17
25
53
59
1025
373
359
506
24
25
400
95
63
812
352
64
361
17
304
739
169
26
151
73
69
358
136
442
614
347
307
89
448
82
152
619
391
133
25
26
112
178
484
107
185
39
482
50
48
34
413
59
68
47
705
198
29
204
177
115
104
133
8
328
2
623
61
617
203
56
72
70
10
402
81
82
332
86
367
347
477
658
5
20
512
110
1606
47
52
449
31
177
325
59
314
54
34
194
189
47
30
13
36
198
1095
326
178
108
155
117
37
398
382
120
128
687
368
53
378
69
1664
1442
19
485
160
800
18
316
9
176
51
387
84
101
399
503
93
413
352
387
75
2
618
335
112
9
50
131
321
99
89
20
811
10
92
176
61
114
164
124
148
318
120
1334
420
81
364
136
23
1102
9
185
181
133
48
357
57
60
607
86
30
411
48
355
110
149
59
70
52
78
26
627
454
175
33
78
204
72
29
487
347
767
324
20
44
37
51
38
163
98
1046
132
8
673
333
32
191
29
48
67
506
14
40
610
64
87
13
4
129
373
148
115
750
47
321
326
629
1
6
20
396
75
324
146
505
147
190
108
32
90
59
62
433
39
71
137
409
683
47
20
1
666
152
7
91
149
107
41
1234
121
184
410
339
56
760
678
10
419
71
326
364
6
193
84
486
135
20
31
66
2
111
53
30
13
688
172
66
425
132
319
46
9
33
498
187
70
21
58
123
39
364
138
329
14
1001
356
697
176
78
100
57
338
103
120
187
55
494
185
19
311
27
1021
725
1
430
7
97
17
359
341
86
86
358
306
470
30
32
21
354
104
13
76
311
137
116
676
38
476
51
305
376
97
508
49
98
109
328
179
14
672
408
626
938
49
346
326
78
391
72
150
748
152
155
119
149
98
34
133
55
138
183
50
80
2
40
35
183
112
513
43
125
28
1560
20
399
61
637
90
165
37
63
814
20
441
31
394
184
367
155
192
73
114
377
42
51
125
120
405
172
44
632
102
501
98
156
1076
9
88
30
3
707
12
87
30
119
186
185
11
49
159
75
100
150
351
71
165
188
61
37
31
8
709
179
645
331
3
31
101
479
90
164
13
341
57
322
69
64
20
163
402
472
1380
668
384
33
198
508
151
58
68
194
329
335
656
380
137
194
4
665
315
130
375
43
419
482
23
173
87
55
395
381
67
812
206
457
80
423
92
28
206
136
40
34
109
791
90
1382
61
105
111
366
390
179
89
8
197
51
328
56
163
65
204
29
26
471
101
78
1250
159
651
155
66
391
61
126
45
466
325
430
341
136
15
5
73
7
157
20
196
425
46
610
21
424
423
7
74
1110
87
369
18
372
47
361
8
398
49
355
59
68
99
116
122
95
126
48
621
374
163
60
36
10
502
91
156
134
147
368
45
437
105
10
437
324
459
26
700
97
192
421
68
31
55
10
86
146
789
28
375
73
119
163
113
207
16
97
61
15
317
4
783
117
96
334
54
148
152
40
330
88
386
14
77
73
33
119
197
387
144
51
144
631
371
359
39
59
29
6
1100
27
29
187
72
31
61
322
635
24
323
355
341
37
12
74
72
95
442
205
146
194
400
47
163
328
95
318
136
115
398
195
448
63
65
334
128
60
719
322
169
53
124
51
20
307
139
54
374
32
43
24
88
987
186
9
26
95
161
58
964
200
29
198
38
334
162
504
788
2
491
78
64
83
389
38
45
100
367
152
5
390
6
78
60
85
147
75
31
431
55
61
364
163
474
92
168
39
8
7
70
28
67
115
99
798
86
183
386
307
61
25
426
157
379
207
104
309
76
87
615
615
25
147
109
436
982
354
126
191
109
747
186
138
13
475
41
129
1039
119
132
25
110
440
68
727
78
124
199
148
14
8
159
138
66
65
123
4
179
46
72
4
25
14
158
197
14
112
70
28
312
951
72
105
59
378
205
7
4
697
151
36
324
626
105
14
124
457
171
388
72
81
60
181
51
82
82
69
60
167
86
204
46
122
25
492
84
15
352
468
112
135
126
104
116
189
84
129
165
400
105
32
12
498
312
4
717
2
56
190
43
48
171
126
24
176
609
358
398
482
356
149
316
319
382
200
351
357
168
7
142
64
432
122
199
12
10
86
207
161
170
93
125
332
7
179
782
28
105
16
497
497
342
65
72
204
57
52
2
182
493
491
437
162
1413
429
43
60
188
12
69
329
462
96
203
46
363
107
306
360
308
162
405
316
795
430
171
326
73
705
937
663
320
22
66
475
80
11
43
14
182
66
23
100
73
508
658
85
444
350
89
44
68
6
931
2
12
649
66
13
152
128
79
3
24
162
35
313
394
99
33
684
406
60
995
11
476
19
317
146
77
102
9
99
31
310
100
78
489
84
39
158
97
90
137
306
147
103
119
64
15
99
101
42
165
323
413
159
58
119
394
145
331
3
472
2
173
124
94
197
31
395
149
14
67
7
33
678
341
96
515
26
101
325
323
37
46
53
616
100
80
112
469
83
119
99
140
426
173
375
206
348
788
381
471
90
119
1
439
187
505
27
76
24
25
358
157
83
57
30
758
752
19
456
39
11
126
75
106
92
80
308
164
161
169
337
998
484
614
156
386
27
105
98
29
65
73
15
121
19
60
3
53
702
53
123
22
307
141
125
10
98
177
92
408
27
121
420
973
165
116
661
37
129
53
120
139
363
81
128
6
69
397
52
75
201
317
114
112
344
22
126
104
115
614
192
73
8
506
1
458
155
757
141
54
204
629
139
325
77
356
362
16
1077
5
120
55
94
120
6
1066
200
798
10
112
37
20
17
78
435
427
446
45
101
491
195
12
397
34
71
174
187
91
354
956
158
70
648
364
36
1047
70
710
77
158
86
117
117
316
20
335
1
112
88
425
621
104
119
52
370
357
159
177
381
926
39
78
91
200
9
124
471
65
343
36
144
9
23
701
92
72
138
126
692
315
1576
47
146
190
81
170
6
356
18
364
153
169
132
43
129
340
187
372
347
491
53
328
166
121
18
381
20
5
381
173
471
154
415
93
21
657
44
436
14
512
81
162
390
3
78
710
37
75
27
66
202
180
154
87
157
43
108
164
87
703
81
42
88
678
46
79
140
356
88
23
95
16
311
42
331
142
175
37
36
206
139
64
98
47
153
7
187
39
13
22
337
67
468
775
50
799
105
411
132
21
132
19
450
90
328
199
464
88
45
2
413
319
338
158
27
99
323
6
647
47
95
46
144
44
58
67
50
63
912
61
98
318
158
46
33
166
349
120
931
367
1088
315
35
29
18
65
7
120
689
9
490
436
137
58
323
43
24
124
332
4
736
51
63
39
337
2
462
512
14
74
84
177
25
445
186
83
15
307
644
415
48
190
467
74
1
610
113
722
63
1226
194
5
57
458
706
675
376
168
113
62
49
45
346
430
92
131
32
338
72
86
106
495
205
406
433
77
13
122
642
18
388
7
88
77
426
1352
114
200
489
305
80
321
172
171
25
1240
82
56
64
365
405
155
71
93
358
513
178
342
172
38
403
410
52
64
696
469
168
70
5
15
24
115
506
126
317
186
12
38
15
16
328
111
62
383
177
172
25
82
3
163
1040
325
111
122
115
77
334
121
365
636
51
125
3
45
78
75
77
74
58
121
313
64
29
620
93
109
1
65
330
131
1
367
813
322
37
135
20
388
368
133
100
305
101
132
74
650
198
8
460
381
501
371
1009
20
142
64
91
128
69
88
402
34
1233
106
65
376
62
123
402
74
121
335
372
324
85
15
92
33
60
134
26
325
16
359
72
506
3
21
749
337
56
35
110
441
65
204
170
94
200
173
41
372
78
185
1
314
99
432
17
754
823
96
8
329
145
9
373
32
187
334
194
186
6
382
31
406
417
3
381
13
131
197
435
103
970
28
38
67
62
166
983
38
42
442
57
178
201
83
971
7
501
133
32
457
709
1366
21
88
701
95
515
131
4
72
159
1303
197
65
24
93
745
172
61
55
332
455
685
181
718
39
180
15
462
8
459
131
429
710
426
315
103
56
14
112
669
309
33
71
137
650
90
39
104
39
41
159
37
129
445
148
37
445
100
313
918
137
372
753
307
786
76
118
129
33
775
149
4
304
305
200
20
335
77
172
723
137
22
387
356
195
185
442
10
466
1029
153
45
65
112
101
8
398
391
682
140
64
22
28
39
457
343
143
32
377
5
435
146
307
115
84
60
157
425
187
56
9
19
157
442
316
99
1085
58
424
54
126
51
412
466
32
304
31
203
62
34
161
10
61
1
397
44
329
91
509
165
46
120
30
177
75
133
56
62
712
29
683
155
456
189
63
407
168
18
470
169
107
192
166
34
197
20
169
76
166
29
122
22
79
482
784
345
1227
111
66
941
106
135
130
468
174
450
5
168
131
385
362
39
26
206
159
95
75
167
140
137
7
123
140
411
73
142
132
55
199
387
57
184
497
104
691
409
309
104
92
39
322
116
129
22
65
205
359
950
100
694
1029
37
378
27
51
154
86
66
386
143
516
478
4
60
443
410
640
25
99
38
31
85
439
41
19
472
368
43
321
456
102
380
355
85
60
207
136
83
42
162
145
483
205
33
80
97
126
485
155
201
48
81
16
69
62
168
344
115
396
84
198
123
963
414
168
475
58
685
181
345
23
438
140
396
135
108
141
474
1075
111
39
182
110
13
42
504
452
12
35
317
63
1050
477
167
364
123
53
400
1292
56
4
27
825
145
68
18
412
100
711
178
492
85
20
200
438
59
33
50
355
19
37
316
100
137
41
198
15
76
1284
694
442
15
351
306
67
356
98
675
206
89
1
370
330
22
402
179
16
626
316
159
196
110
37
140
352
347
382
40
148
1216
92
2
147
403
361
415
97
6
111
143
33
33
9
124
100
650
418
36
68
141
18
435
4
667
66
11
85
137
126
781
112
18
425
452
139
117
369
36
396
21
30
732
42
1292
643
89
51
970
3
61
310
29
652
944
54
131
408
113
7
629
430
122
5
58
1327
384
81
81
123
364
151
412
14
72
188
393
329
1306
150
133
118
161
404
673
41
166
110
365
2
26
91
145
33
31
387
347
45
180
144
708
106
2
672
160
74
63
25
380
18
185
188
46
17
192
58
45
131
36
19
15
187
96
88
660
50
105
455
34
340
135
440
805
626
384
1
5
386
147
84
425
426
86
108
71
24
914
314
101
410
18
17
60
464
83
24
172
130
149
41
424
102
160
98
668
103
78
102
206
507
32
40
68
64
200
415
11
146
66
58
745
498
70
1247
959
113
65
380
316
485
509
151
176
19
83
30
87
697
316
57
68
334
24
619
67
5
373
166
775
305
929
61
440
354
433
5
324
116
1
2
1750
76
101
16
188
11
21
138
5
38
424
449
73
122
631
157
112
65
101
83
425
941
309
76
55
67
363
39
344
344
15
329
44
92
187
412
92
1372
516
425
15
113
101
336
29
328
939
7
21
324
111
32
26
633
99
651
673
764
37
133
137
158
659
144
192
5
43
515
652
15
315
111
109
72
190
75
95
20
76
148
978
642
414
204
132
646
127
38
43
170
171
453
43
48
25
108
983
16
515
390
95
126
38
42
25
456
165
348
376
617
202
394
161
76
20
75
115
161
350
27
46
56
120
52
48
126
170
175
441
731
382
68
53
153
127
365
166
18
21
100
117
25
3
76
344
100
720
384
121
5
87
85
133
87
368
150
102
93
144
457
664
123
106
132
983
146
103
131
203
477
27
46
126
52
120
87
1091
190
105
28
118
206
383
72
143
44
722
23
43
42
58
149
13
357
63
88
4
46
174
131
384
116
64
366
335
10
58
184
715
796
74
75
46
473
648
25
147
130
20
24
1085
91
64
31
125
126
34
776
474
340
388
389
424
114
459
43
99
125
49
420
37
49
468
68
93
380
62
18
423
77
481
954
70
424
56
373
386
52
17
28
372
34
205
152
116
318
13
149
983
382
3
113
311
87
1
19
70
13
41
322
139
310
505
177
27
44
369
1013
345
7
10
89
28
22
413
9
110
61
100
59
683
390
712
623
178
484
491
195
162
133
136
656
363
674
2
125
150
976
429
489
746
13
128
704
86
73
66
319
93
433
115
52
88
156
10
12
307
122
125
913
314
157
146
101
109
70
178
783
714
146
366
765
753
165
317
128
370
149
21
1624
769
107
56
53
114
194
50
63
157
198
32
31
118
177
69
124
176
414
135
10
21
45
360
378
186
769
75
111
129
95
140
369
97
24
388
490
307
31
144
307
93
144
11
639
188
71
451
122
77
934
62
32
6
110
310
175
203
9
161
63
23
354
34
440
1
33
437
150
127
513
28
490
68
52
38
49
147
472
130
7
102
100
123
307
179
23
140
73
138
46
483
393
693
38
687
14
144
504
177
949
154
613
410
427
742
133
410
119
66
36
339
487
490
404
362
35
50
618
166
80
461
318
620
199
1009
645
664
123
37
114
25
766
60
378
443
60
359
140
99
161
206
22
459
44
180
362
69
45
673
130
390
404
187
357
334
610
29
151
790
1337
633
348
175
16
627
93
149
159
1063
101
485
708
432
647
9
349
28
642
155
360
69
46
26
1888
102
1031
345
671
797
16
11
70
28
1226
397
91
116
377
451
52
196
159
314
55
659
2
774
15
145
483
79
325
100
39
3
815
362
631
15
439
53
104
32
89
24
117
196
69
111
1091
128
385
155
1033
97
17
321
7
43
70
403
515
138
56
424
142
107
65
364
132
58
120
15
70
304
65
206
97
167
170
207
129
31
128
106
402
38
45
371
430
48
26
150
144
419
106
617
962
681
73
173
309
31
71
40
1216
55
318
137
380
46
73
132
424
780
417
398
90
154
335
13
821
22
34
460
702
1334
89
156
1213
71
181
453
182
416
193
118
160
351
685
1035
340
150
72
400
342
20
5
394
366
60
8
81
415
2
952
99
781
370
382
5
66
318
305
6
151
174
151
192
195
21
8
369
192
127
503
106
134
316
107
71
10
90
2
649
101
321
181
83
192
355
44
179
130
6
26
13
100
177
380
639
713
82
621
99
686
53
20
377
19
459
2
41
402
194
501
134
609
364
87
180
143
175
155
93
76
147
146
400
12
107
51
318
75
695
16
453
497
347
9
193
343
401
181
435
10
48
124
29
110
464
118
43
41
504
422
801
348
352
466
106
684
40
154
29
340
398
328
18
20
102
681
40
150
99
17
21
607
63
12
42
66
127
7
58
34
36
137
145
322
161
142
192
794
166
30
10
410
73
150
700
32
319
204
374
433
161
164
86
58
160
763
34
53
150
350
340
70
6
618
486
49
27
920
38
113
5
198
353
375
33
45
21
755
28
398
399
328
319
25
102
707
7
111
3
3
127
88
198
76
178
101
363
74
5
55
167
115
200
506
164
168
324
144
1008
321
48
426
5
49
18
38
7
11
158
47
18
24
82
39
315
392
44
11
75
188
20
26
130
147
32
23
70
185
812
167
309
104
53
30
32
12
727
66
157
4
717
87
149
131
402
133
33
373
85
160
313
182
104
513
128
3
16
16
18
315
27
435
471
1117
370
679
206
151
314
156
495
77
27
52
674
32
712
695
86
120
675
162
1044
108
201
653
5
395
178
468
411
437
514
84
154
348
511
368
52
43
63
328
36
6
107
75
322
717
14
451
194
57
322
64
42
6
29
387
70
38
47
417
104
59
21
964
54
201
338
2
71
318
80
71
375
14
11
84
156
329
49
189
135
399
25
638
76
127
98
160
172
139
344
183
46
945
161
46
81
51
414
154
319
87
362
202
381
102
445
114
43
94
427
613
37
198
101
35
5
320
188
101
99
446
83
50
153
47
662
622
15
102
152
312
104
124
171
189
56
131
25
979
1
110
40
61
132
34
151
349
477
89
19
412
121
111
674
3
44
1348
207
36
9
746
20
120
91
105
2
669
110
429
120
136
206
96
26
354
304
378
624
122
424
84
429
373
409
168
161
167
729
37
626
68
104
472
455
343
342
141
69
611
16
176
18
203
1
641
45
81
24
821
371
141
42
8
36
116
70
339
428
90
25
169
128
161
359
1260
433
48
796
203
810
44
180
68
57
34
372
402
156
326
358
121
186
186
323
187
193
89
174
99
460
319
334
1005
670
169
37
199
109
138
408
1426
618
81
66
421
623
171
48
37
1
306
82
144
746
25
22
116
130
83
26
191
173
141
207
41
795
91
1741
106
634
84
23
796
353
50
202
693
41
95
56
152
159
470
183
21
101
13
53
27
25
178
791
473
429
89
167
320
148
189
18
2
483
173
14
310
377
371
142
817
23
158
52
651
307
22
1090
194
612
355
476
479
75
38
105
21
143
419
350
112
799
677
789
146
479
155
402
173
148
7
442
383
156
190
130
40
181
131
309
717
329
87
472
120
147
348
814
705
137
52
616
23
61
750
97
319
114
130
83
181
1090
55
6
118
28
29
4
68
121
108
161
20
14
118
16
637
57
125
27
110
66
361
68
141
651
321
444
75
784
323
1299
87
16
103
18
106
30
14
423
35
484
436
493
746
5
684
692
415
12
379
38
338
104
325
388
9
159
47
31
33
84
37
42
151
64
176
305
126
121
924
404
155
21
7
723
417
62
64
139
61
125
372
1298
370
65
181
108
315
304
169
105
930
316
128
65
159
193
137
147
138
624
3
69
337
354
53
693
105
328
25
10
94
81
197
71
310
1088
2
632
194
118
27
54
510
368
37
139
750
1057
435
700
1254
721
330
740
142
70
487
31
338
27
401
197
56
2
9
414
18
127
7
43
85
73
434
14
503
455
955
443
612
140
43
140
373
115
337
45
130
407
9
169
424
8
736
86
174
47
30
125
638
378
59
40
646
1083
195
96
10
161
33
405
157
119
189
307
108
35
64
336
159
1058
335
16
374
24
10
170
187
91
39
1230
118
85
8
64
66
102
355
480
105
66
50
194
109
465
369
141
172
82
749
59
86
648
87
110
149
321
40
199
51
159
21
305
654
130
197
46
115
483
145
38
57
721
379
5
317
10
656
176
792
492
434
63
130
393
438
48
125
351
107
305
510
28
122
159
41
39
354
313
790
384
147
34
397
686
372
348
673
78
94
14
70
101
324
25
14
496
352
128
70
140
481
1036
337
63
147
101
354
74
76
35
323
43
176
455
3
5
202
309
33
78
623
34
185
88
133
978
71
444
78
744
388
85
61
11
135
22
106
122
7
45
98
421
747
118
406
1028
23
14
648
95
197
434
395
468
204
176
985
126
17
70
476
367
159
5
20
49
189
80
428
314
49
108
137
159
33
144
800
14
70
112
196
71
197
338
140
104
473
388
418
161
151
478
162
13
994
311
655
40
52
93
434
413
118
511
64
310
194
180
749
342
354
115
810
140
54
397
502
56
668
3
488
165
24
67
413
2
15
446
307
1074
111
22
88
103
84
161
93
439
20
161
68
460
74
1049
154
367
147
147
38
133
5
487
177
29
103
391
71
76
381
20
168
50
23
99
177
93
22
807
326
45
13
323
63
127
193
128
340
407
10
56
100
322
88
1050
393
86
184
79
397
164
94
25
515
179
153
148
52
365
14
320
7
422
115
172
469
28
961
161
481
82
10
467
56
410
58
23
759
20
152
119
105
333
35
109
28
131
32
132
349
133
376
119
146
182
424
2
57
156
345
171
87
101
162
85
1252
376
372
364
24
181
132
724
95
170
93
66
453
103
139
84
663
186
19
41
86
53
337
78
55
20
201
194
27
26
149
1
185
465
3
65
98
5
419
190
102
159
171
85
338
99
27
782
22
75
26
633
320
163
206
84
29
502
359
135
87
325
12
356
203
130
11
37
13
112
464
344
157
11
206
146
136
84
158
189
59
165
31
622
29
312
400
61
199
172
713
374
170
397
143
81
369
187
379
101
104
307
20
79
72
137
126
186
109
10
39
121
367
63
410
150
73
11
28
429
120
203
345
369
88
729
177
405
449
85
29
9
34
458
124
35
1008
348
4
499
156
85
35
44
54
89
67
9
328
35
455
66
9
99
721
22
431
60
123
1597
185
191
17
343
26
411
25
631
697
1061
62
123
681
430
1017
33
40
81
154
178
655
389
312
1
119
616
121
409
121
704
314
1265
613
409
6
143
67
6
492
506
4
61
121
356
36
169
29
24
69
118
9
3
429
333
310
338
751
50
93
29
499
1644
12
483
71
26
98
910
13
42
355
474
456
456
99
95
110
62
501
347
98
195
79
420
197
364
40
59
415
4
9
27
138
387
29
103
506
1608
384
479
23
306
328
45
351
174
171
72
488
349
308
27
85
39
79
506
36
96
170
110
35
164
135
199
20
654
413
76
347
661
81
425
356
3
33
9
35
137
108
111
36
144
17
128
174
516
385
48
1
7
453
340
2
334
89
90
104
1277
122
636
7
629
91
38
81
82
319
496
1042
69
388
96
104
421
118
416
143
61
498
32
407
638
458
194
42
614
172
422
372
5
182
6
357
202
101
24
91
19
318
36
710
174
15
164
620
797
170
320
109
153
133
108
141
185
48
89
1
98
60
66
87
19
137
742
163
51
80
104
627
1080
1298
304
32
206
70
92
41
692
184
181
365
3
152
706
95
1084
120
701
369
153
417
750
332
665
35
60
36
722
162
79
3
375
28
171
19
164
9
82
182
1
16
139
49
141
167
622
46
446
514
74
317
31
81
51
203
917
26
26
625
193
679
360
115
101
9
338
383
16
24
66
423
167
45
131
86
95
15
426
21
181
160
136
359
43
481
96
680
152
45
696
197
353
712
6
57
317
96
202
355
57
60
489
87
330
388
161
171
999
49
73
77
440
613
101
402
119
819
170
455
117
130
502
205
405
69
166
36
150
8
122
116
320
381
175
395
137
336
20
8
60
10
500
1561
704
336
62
311
73
194
337
88
317
193
14
206
119
1051
125
17
100
406
498
608
1570
147
386
62
432
380
137
478
43
157
72
51
105
76
17
181
45
428
58
83
8
40
124
95
700
64
814
611
82
739
96
111
37
147
50
372
629
126
159
8
32
991
196
147
47
1339
92
313
310
30
193
615
37
56
110
137
184
680
164
645
79
1266
482
332
97
498
142
17
488
1037
337
84
145
108
67
475
75
336
1242
4
53
668
14
706
178
511
457
118
445
23
627
433
113
424
15
127
443
191
12
380
40
930
57
367
190
51
989
1620
89
442
314
11
46
358
774
1406
20
366
11
72
374
69
133
325
14
305
9
73
187
608
24
23
435
320
317
17
149
4
352
19
43
328
14
165
316
130
134
127
140
149
76
373
21
165
39
83
24
27
344
1030
197
191
426
422
70
95
202
75
451
31
28
100
36
62
153
199
202
439
54
395
108
88
8
735
138
29
34
505
736
374
36
28
17
367
197
96
146
112
57
304
39
407
14
120
42
144
500
184
115
745
204
753
145
81
33
42
350
98
38
348
373
385
191
102
1313
122
189
365
58
111
20
391
155
92
84
108
98
118
26
96
722
483
194
116
405
24
143
20
119
100
471
42
190
684
91
322
178
49
26
177
125
451
361
140
9
452
45
61
93
1033
421
378
185
62
155
26
32
373
4
383
89
201
777
107
45
28
23
414
62
20
996
725
203
162
319
53
715
1031
162
204
482
35
332
509
48
29
65
60
194
1062
9
412
1350
172
713
659
1099
45
49
41
31
45
82
658
192
17
1002
54
30
656
1
111
186
438
146
426
8
325
466
2
462
2
616
167
128
51
206
71
107
190
196
513
88
131
661
32
26
199
108
470
109
29
74
82
658
197
9
74
108
342
620
354
199
47
79
72
89
7
1819
345
706
45
468
28
627
39
130
1309
62
85
71
1093
75
812
206
396
352
317
139
81
412
498
120
12
644
310
129
40
51
322
91
687
21
363
124
823
378
163
394
449
199
119
117
444
129
191
365
155
140
100
400
171
56
627
31
75
400
112
46
376
197
310
17
321
32
483
26
378
2
54
173
50
318
36
177
37
164
99
487
60
4
101
931
128
75
733
4
69
9
74
67
305
382
16
205
1239
34
104
17
304
89
161
129
322
27
177
187
418
199
160
310
89
65
768
389
374
15
119
116
405
1
89
115
105
391
173
73
111
142
104
119
113
339
106
436
610
174
78
120
933
24
170
445
98
328
754
178
371
51
192
115
402
363
448
19
114
81
363
1045
83
83
86
171
5
21
61
52
161
440
396
71
68
381
66
407
200
4
128
34
8
22
48
121
1281
1
1519
397
335
55
150
54
35
156
188
56
40
133
641
793
47
43
748
148
200
99
127
25
19
343
499
130
136
77
59
426
26
111
80
6
106
507
3
307
69
655
648
463
495
171
739
21
708
756
5
136
514
51
104
643
304
126
23
33
32
350
112
641
134
78
371
457
17
25
93
338
88
46
59
408
196
147
315
306
28
74
42
318
41
139
85
22
635
205
430
388
42
402
185
426
106
3
415
357
66
353
5
21
147
161
45
147
61
115
1
62
116
774
146
11
355
147
341
21
34
377
68
326
71
7
123
151
164
19
181
39
918
417
169
13
116
57
135
143
196
323
66
102
327
66
106
410
419
201
194
14
157
82
30
371
329
60
377
110
380
443
28
322
379
158
7
100
429
194
35
609
44
96
5
34
41
424
1126
40
202
58
103
127
449
23
380
108
162
326
451
50
35
59
114
179
657
45
188
1745
376
118
29
119
4
8
311
37
325
150
397
509
19
29
782
59
127
311
509
758
18
1243
201
624
141
17
4
6
35
154
23
159
59
86
79
154
47
444
348
706
19
37
201
373
32
66
110
410
21
66
340
363
50
38
202
378
91
21
107
755
141
658
96
658
351
40
99
383
348
143
5
108
144
27
178
73
61
410
33
5
183
112
93
774
15
921
86
101
108
137
49
480
59
170
18
79
93
443
931
485
191
111
62
23
74
371
417
1439
89
351
75
129
23
119
19
158
69
47
1239
12
328
97
435
36
161
140
653
25
7
69
699
71
384
105
153
52
53
74
724
126
42
304
72
87
51
404
16
97
82
341
369
200
38
155
58
196
27
25
82
160
116
163
33
136
194
163
93
131
27
334
38
925
21
145
610
77
1234
106
17
310
29
199
507
140
63
147
196
89
49
447
514
90
2
125
63
84
52
108
10
125
52
1385
650
51
96
28
471
638
458
173
36
444
39
91
53
56
10
191
26
37
374
123
10
406
99
97
200
198
1408
72
145
373
24
30
23
1059
7
149
117
12
359
34
612
1005
337
347
200
144
128
76
1118
308
37
105
66
352
69
196
27
9
445
2
33
1366
24
16
934
153
94
641
17
428
1121
688
102
204
1007
19
673
41
164
321
30
59
497
356
75
174
114
25
92
181
1029
92
115
71
427
27
152
758
9
15
93
32
361
471
31
16
375
36
321
44
89
127
51
22
457
673
654
116
335
758
4
156
341
113
142
330
634
23
56
136
396
123
349
80
21
138
399
310
38
306
511
403
375
2312
21
7
9
360
58
194
425
126
121
5
145
43
177
87
66
20
55
79
87
319
68
179
1636
686
10
91
33
169
207
159
717
155
65
35
1101
403
50
82
37
376
774
432
133
151
73
117
327
196
130
59
115
29
410
59
67
424
45
454
44
6
130
513
47
22
20
47
361
429
49
334
417
20
313
651
1969
39
109
206
404
90
60
7
122
446
79
62
51
440
329
394
64
82
31
118
200
378
177
17
482
45
26
357
96
66
472
195
366
371
10
27
109
128
70
147
322
67
396
17
309
42
117
304
136
79
32
2
448
169
609
32
498
347
327
1
36
45
460
376
1871
43
311
39
14
205
27
47
493
27
412
41
10
35
24
173
17
13
115
715
365
160
47
26
437
79
144
338
1106
25
107
440
199
687
650
49
147
612
104
67
347
444
31
150
122
194
1019
28
163
127
341
479
377
340
95
26
1062
426
129
44
32
34
112
74
629
457
2
150
29
134
47
477
44
135
318
86
157
89
30
32
772
337
196
40
122
20
92
1232
328
458
338
370
668
193
25
49
913
80
1254
145
7
185
77
462
34
305
94
42
420
139
770
75
110
750
25
123
103
23
38
9
10
186
765
30
386
349
64
629
400
183
27
59
6
157
631
119
474
425
1072
200
63
190
479
176
432
613
406
162
147
17
2
52
49
33
204
93
2444
325
53
73
493
29
1083
144
13
118
23
653
411
498
44
116
664
193
338
147
49
67
58
341
192
175
83
781
182
30
76
157
29
33
15
7
3
55
61
87
8
316
17
38
36
13
612
382
94
316
35
159
12
178
327
325
2
68
178
430
190
40
65
13
342
607
347
430
424
346
463
134
204
11
431
621
23
1029
56
9
112
129
105
366
75
1
34
79
81
94
44
59
332
205
667
343
15
25
918
193
26
73
58
46
737
114
494
111
85
196
398
185
190
115
447
407
121
310
58
466
129
483
144
89
188
52
31
141
187
160
116
67
203
179
9
68
1845
45
24
374
82
29
46
28
48
123
445
640
9
426
46
49
84
1111
626
448
358
22
160
679
481
72
149
719
125
23
737
10
133
54
196
205
10
86
657
172
39
18
305
174
178
34
153
371
29
86
186
8
315
165
314
979
340
347
312
59
312
45
110
7
28
129
173
35
136
1
73
199
676
43
508
108
21
195
23
77
174
350
143
121
316
86
381
1083
1
10
506
411
305
117
321
1286
106
10
312
92
369
177
89
56
101
436
10
322
137
39
53
413
18
