382
5
8
668
3716
48
1347
367
372
17
250
39
74
381
78
74
696
723
31
67
1739
67
1358
698
1019
7
2346
706
17
12
20
1341
339
1049
80
415
707
24
51
1357
1666
707
333
672
47
383
13
24
1042
11306
706
16
709
372
1678
22
53
338
1408
383
343
73
27
369
724
3059
15
669
23
1672
355
699
28
26
6
344
1679
706
1411
382
1065
1340
47
337
62
35
18
344
1378
334
12
68
64
2353
1718
28
74
1719
23
363
45
405
2734
31
375
392
24
2003
2
73
33
38
81
390
1037
2356
28
42
1333
389
38
42
46
54
78
6
2
40
37
1379
1001
723
1379
61
14
11
79
48
20
333
42
46
28
1363
1020
1064
76
10
64
356
16
346
31
73
32
744
16
346
362
367
5
352
65
697
1999
14
53
2689
1708
691
349
2067
21
1699
64
56
366
28
383
1004
41
33
35
412
4714
2047
12
1065
38
6
30
343
30
81
1667
2339
2062
2
1027
742
1042
14
672
34
66
36
22
1383
100001
350
2
390
68
7699
79
681
41
1013
59
23
81
682
360
336
26
20
2701
730
367
43
77
665
345
1005
705
49
396
2027
367
15
705
702
2339
4387
64
1402
60
37
54
37
8
712
10
677
391
712
405
2027
1401
10
100001
710
1001
351
70
702
351
21
15
1015
373
21
13
368
337
15
2062
47
696
414
2025
1352
1014
379
78
372
38
371
78
36
667
35
43
680
370
22
2020
52
39
37
13
100001
1062
37
676
24
16
2042
13
2700
735
339
1037
28
2705
668
61
346
55
1666
1051
75
349
2066
1696
3351
1013
5
725
689
5
250
18
405
21
1737
746
1695
100001
1044
2711
673
3663
3046
1058
1371
45
347
689
336
701
50
10
1394
68
363
2
47
66
15
61
352
4
1002
1399
21
81
1037
1734
1332
1
74
7
1693
713
55
32
3000
76
23
2340
45
7
709
40
346
731
40
49
20
23
100001
1335
22
1675
1393
381
718
60
49
1066
1739
68
406
46
25
17
3325
50
78
81
2
12
372
57
415
27
1012
2038
2028
81
351
337
413
1394
68
51
37
48
365
708
45
43
1401
40
341
370
364
1076
1050
1705
8
44
739
370
17
1376
389
3370
346
39
76
7
22
24
402
42
1042
34
679
398
46
407
49
367
385
406
21
14
53
26
65
37
22
688
1667
31
4
2354
392
1367
4002
100001
73
58
702
1074
19
100001
409
340
2391
400
100001
81
739
1384
5
18
250
77
1049
2992
693
69
408
23
1335
37
1376
72
8
414
1076
1392
715
46
404
344
384
35
1378
25
406
31
1397
1338
2661
667
39
5
56
47
60
1346
1001
44
6
2396
362
45
2
334
392
1682
710
1359
81
5
1403
24
1362
374
1053
53
1001
34
41
32
1346
348
1
737
29
380
729
2336
52
2
1063
4
1
25
354
1362
61
20
21
1726
388
2332
1384
2734
81
39
409
1403
675
1041
44
373
6
1337
685
54
35
5
1022
6
72
353
733
2027
1021
352
742
338
30
44
726
53
355
680
59
37
366
20
21
13
36
2672
722
26
334
1001
334
63
61
14
707
43
2001
37
726
386
403
334
1049
35
2009
680
365
57
1369
14
1006
713
17
28
692
45
19
26
350
1728
1023
64
64
673
47
369
1734
75
672
12
2066
336
675
25
11
12
63
380
358
46
17
1405
365
2726
375
1
1666
1068
53
6
7
1025
395
36
54
391
2400
696
391
59
339
679
3386
338
42
250
14
1721
10
1049
744
81
45
747
20
68
737
353
745
12
43
735
1070
35
2018
39
1334
21
30
997
100001
676
352
400
24
50
1349
354
35
2025
1739
2991
1028
78
8
1348
1045
73
28
46
410
22
52
2
1076
60
19
13
54
59
38
72
60
359
1356
366
376
1049
722
696
353
683
24
3386
997
738
1689
59
723
1402
10
2061
666
74
48
33
351
397
73
9
1692
2024
32
383
36
30
7
1018
78
1687
65
735
25
64
8
1365
46
75
411
11
8
69
62
41
339
743
83
64
691
81
71
1411
400
11
1411
250
388
1735
38
728
70
66
731
744
57
722
33
46
2359
2991
50
712
738
724
365
344
695
78
1005
13
1046
1388
682
1349
56
1361
351
83
1370
62
369
42
20
52
31
4049
1004
391
44
1371
64
73
362
3696
1031
25
56
3
2026
79
344
670
377
1381
361
2670
24
372
27
360
402
34
727
16
385
673
1397
100001
18
79
1372
1059
393
25
741
685
33
1673
4
350
63
2003
694
30
710
341
391
59
1078
62
73
1042
395
389
742
61
6
5724
2001
1411
75
15
1678
39
66
353
4347
1353
14
64
2
382
8
734
44
1019
18
1034
386
376
386
1336
1038
370
3370
65
10
366
1714
703
22
1664
2018
733
1014
14
31
386
19
25
17
32
83
62
26
394
34
4359
348
22
25
353
50
713
335
1669
672
11
407
338
24
66
54
714
35
2671
361
70
414
2
2009
69
15
2685
1388
33
100001
8
38
78
370
66
47
12
1383
57
2371
43
401
3342
696
54
13
21
2357
729
21
1354
67
65
1073
52
365
369
1009
346
350
59
1375
3344
1726
2
80
684
250
7
1696
15
8
382
1073
674
67
9
1040
38
20
682
410
711
8
26
2330
10
22
700
13
705
81
18
704
11
26
2374
23
667
52
1024
58
1023
19
701
1059
8
2075
13
100001
389
1703
1393
11
2009
364
23
375
1056
5319
1334
42
65
355
56
33
334
372
344
386
716
21
407
397
354
6
45
39
63
100001
11
692
398
354
19
25
1734
717
60
2359
76
31
411
82
10
1373
747
1663
415
5
7652
2069
674
1060
7
1046
694
1686
31
1993
1341
20
1395
1026
52
1022
404
64
83
378
334
366
2715
366
25
57
3033
82
352
680
8
32
100001
100001
58
370
338
73
8
677
356
54
3382
1029
9
1376
9
5
1401
1351
24
1038
388
1058
29
747
100001
25
377
700
343
403
346
686
39
68
678
48
334
27
5314
41
1005
1714
36
381
1728
1411
355
357
667
2020
2350
1015
1374
72
397
700
390
380
73
1667
9
1331
397
46
1070
340
1011
12
340
1039
3
680
4
1741
24
1730
71
16
5373
9
55
14
2035
3381
39
1694
21
11
2711
365
1382
335
39
716
78
1359
63
8
1728
11
699
5
1079
2056
2392
2385
335
25
25
4370
3351
336
17
44
1668
392
49
70
347
250
346
411
1691
681
63
6
334
1339
1065
4673
3346
1055
3050
1071
63
2
44
76
8
67
679
57
409
411
68
24
390
42
30
2686
1014
1044
38
38
56
382
40
18
392
384
702
3052
1057
393
1701
1046
711
392
1046
37
363
720
1021
366
34
34
78
59
997
50
1346
338
11
394
408
737
59
1709
383
721
64
404
13
2016
336
1357
669
351
73
4338
9
701
1034
382
68
1739
21
1
83
28
17
1027
696
382
36
43
376
3
686
335
46
1078
2009
1054
1014
679
47
19
57
32
34
1066
34
1
382
357
6054
377
391
414
5316
348
75
362
685
68
405
3337
406
53
78
335
26
1679
52
35
2
1367
724
2014
13
15
377
406
2046
37
412
2404
37
48
70
2003
1346
43
21
1053
347
49
35
667
1335
1365
1732
79
42
5
717
397
378
37
389
37
409
1672
336
70
2
57
413
1066
1999
405
68
21
44
2073
333
1069
392
710
1684
408
347
45
83
369
1345
5364
379
345
37
376
28
72
363
46
354
1028
10
369
53
39
20
67
2
375
339
29
1732
62
375
24
24
25
1058
2688
70
1370
28
24
75
381
1691
1356
337
1053
344
18
17
1020
4023
362
2344
350
732
671
1077
2704
740
2365
8
14
1056
670
31
1665
11
734
21
1032
410
2344
80
1384
726
36
747
3015
1389
715
712
46
334
676
2687
39
53
7
1333
2027
9
79
673
4341
681
1366
1010
16
346
743
675
337
15
48
377
63
15
71
83
58
1069
23
379
1379
348
59
729
3
1038
348
390
2
360
1408
356
16
1063
1392
3047
348
22
703
737
404
51
725
335
362
692
386
39
50
32
376
396
360
1026
335
1013
683
48
42
36
64
670
1669
698
743
376
691
677
2057
43
722
405
1008
58
1725
4997
1727
2374
12
383
389
1329
382
39
13
2730
64
720
80
700
381
38
57
50
740
81
349
18
747
722
63
2717
1
718
379
342
26
66
690
71
58
1011
340
4357
82
3037
409
350
368
1
33
729
81
352
372
41
716
1011
3997
408
1373
50
2024
1017
10
335
100001
65
667
711
1070
2019
732
352
48
13
689
48
671
46
687
1376
32
1356
708
60
20
2729
709
730
65
1035
665
1331
3
74
1379
674
1356
378
51
670
1013
44
67
680
1364
712
67
743
1039
734
2
1671
410
688
734
15
8
35
44
381
690
714
350
14
62
672
1703
100001
49
37
2990
709
25
60
338
29
2699
25
12
1998
28
8
2396
19
7
747
2025
53
38
25
340
30
50
1671
2357
250
66
1683
1040
2385
2066
682
22
2380
2729
76
69
385
3039
674
399
346
68
734
3011
21
358
45
391
334
29
693
67
35
4382
42
67
58
683
74
2385
2367
350
75
692
349
6
43
401
1357
9
31
76
14
1017
1076
1017
78
2
2360
36
684
1733
2347
402
1
16
1389
715
1001
1391
1346
382
398
55
4
17
33
1362
62
43
1058
3393
1020
30
16
1052
27
9
71
32
2017
689
351
2012
1387
61
41
2
80
3396
42
3724
19
371
358
36
1053
48
74
47
2
1043
1330
405
6
1
338
30
45
3710
408
43
2001
1738
23
2663
1390
675
1074
712
1668
48
356
681
727
689
33
250
76
337
79
72
15
1
1070
30
17
1406
7
1667
23
8
2389
17
31
70
64
360
54
40
352
402
675
742
1393
15
1390
1359
396
1666
21
24
62
55
24
1054
16
3708
61
674
371
682
2000
2
18
335
16
1398
364
697
10
53
3343
6
1077
57
35
42
8
1028
1715
58
712
1039
720
408
23
51
1374
1357
361
100001
58
407
7
42
52
100001
82
730
60
19
1400
364
683
3723
1678
9
2018
9
344
56
723
18
393
4054
26
3330
1021
72
73
2038
336
2039
25
2035
735
80
1387
42
668
1723
349
7
719
402
41
80
12
389
13
736
250
414
78
700
390
83
60
1716
675
9
388
367
1385
15
687
23
2407
347
75
389
1020
66
704
63
2329
36
73
354
699
674
364
51
21
1079
47
56
74
353
73
68
334
1071
68
8
2399
1997
11
376
100001
35
71
25
364
9
5
1029
27
677
65
80
16
36
2061
390
38
377
23
16
1682
61
57
52
735
391
63
49
3321
59
61
692
76
5
54
64
337
1069
53
23
30
38
1387
38
46
16
343
76
2730
354
3049
4
48
65
55
6
336
8
30
24
77
27
1343
60
1076
9
3400
11
49
1005
69
667
404
4
381
100001
250
1364
21
366
340
1689
686
59
1341
1665
62
390
344
81
9
358
68
370
392
1667
716
4
15
30
79
358
1020
12
19
72
1370
19
393
393
381
1021
22
1047
8
1398
22
1
66
688
705
2061
692
34
337
2355
5707
667
28
397
669
68
3004
1034
2
35
672
1393
2734
26
3327
400
740
386
730
735
54
1045
24
339
9
75
2718
1370
2355
1405
2379
13
1396
1728
356
1701
397
398
350
43
6322
730
378
26
351
1043
5
76
41
392
2344
35
69
20
1019
671
2
7
401
1398
21
37
352
334
341
714
22
1333
2
1352
1347
734
1395
334
372
1045
1382
25
34
408
34
52
705
1018
722
49
725
383
397
36
3696
22
34
79
32
694
26
385
998
1027
1041
10
1030
19
35
34
68
337
1022
690
720
18
1395
675
8
13
40
1342
340
716
363
341
1070
22
71
692
61
10
69
354
18
412
2365
1016
17
735
66
20
58
2995
369
2028
1042
78
3
5316
740
373
699
7
371
66
717
407
1683
414
4372
76
8
40
1048
1004
71
66
1334
47
80
24
1360
1391
2
2059
48
681
51
1371
49
734
35
23
1056
1382
250
2
671
362
41
30
339
1671
71
379
1391
33
2010
47
20
63
15
413
1013
726
42
698
36
8
1699
59
11
388
396
75
250
364
384
1683
77
2384
29
9
42
2040
59
392
2676
669
65
51
708
80
83
668
46
44
72
1002
1665
1031
2344
2002
740
2
66
718
1063
1
54
4022
1733
26
34
401
365
8
1046
64
709
56
74
40
358
678
1738
32
1364
411
79
1996
2009
65
334
2375
6
13
335
23
1067
40
11
39
27
73
1349
80
75
1069
11
72
358
1736
51
1012
1354
30
1
1008
12
12
670
37
28
35
1401
1720
1352
333
81
52
58
709
668
409
4
8
26
76
1000
39
361
75
681
67
697
2014
4
387
10
1385
720
1007
15
343
688
2400
335
1070
1
1404
703
46
1727
362
23
383
689
73
31
356
50
72
38
384
46
401
44
2700
737
13
60
1037
1
693
8
370
2002
58
28
1377
24
345
1058
344
100001
12
59
13
374
250
693
40
1704
2387
49
3
337
1339
706
1387
15
41
687
3007
14
721
370
409
1699
1724
23
38
340
364
380
33
1028
743
250
1053
2001
1700
1332
3698
1995
390
41
676
699
1057
58
64
390
100001
709
738
29
54
672
352
47
999
336
82
1714
72
730
50
66
2995
7
382
39
59
77
33
42
3005
1046
370
61
1072
341
23
397
43
1069
407
1354
35
5
1020
24
409
380
1004
80
4002
2687
34
1722
2709
2058
1063
62
75
24
1021
716
24
51
1365
351
717
16
1343
100001
3
1678
69
16
698
42
2001
400
1717
19
76
668
15
703
1043
393
696
697
75
1333
22
1404
1670
380
1057
6
1714
669
1000
43
708
1392
688
1039
21
1367
24
715
74
697
63
1346
1005
377
675
386
22
371
701
1063
70
23
17
370
5045
9
63
998
699
3
64
9
338
16
2070
363
679
10
378
34
3
31
52
83
1003
2005
389
1053
364
51
414
24
3
50
2342
1676
24
1029
367
712
2363
100001
31
13
413
5
39
15
371
43
395
80
1362
2
47
1411
26
22
24
1022
81
36
1727
676
2012
54
1348
2027
46
19
412
385
1690
730
3659
1707
13
666
1026
5
400
60
2674
1056
1344
1329
369
365
703
387
1680
333
30
100001
671
3049
31
80
1053
3005
19
715
1335
2380
28
4
56
743
60
739
36
1021
339
1002
1709
81
349
367
2393
50
49
18
48
12
26
1336
60
22
1351
3687
384
2068
693
1072
1362
74
79
4046
336
380
73
75
697
389
78
15
2
10
4709
376
50
49
12
1363
1711
2722
342
1711
1690
8
1692
4318
30
412
4714
1709
3
39
359
683
405
343
66
54
81
400
1041
406
19
337
399
1740
59
83
709
390
730
1000
1023
1055
997
57
40
1330
100001
673
2062
4
722
1032
46
3675
1411
1336
63
250
738
365
4
393
41
363
21
384
1356
6
3026
1002
68
1343
1374
1077
1333
692
1047
28
360
1007
406
716
699
704
687
61
740
16
19
2337
729
732
6
43
27
412
34
675
1688
7
83
1688
34
62
339
2994
1680
1051
58
63
57
1
719
387
2004
17
72
1051
57
4
1336
80
22
28
61
2659
700
736
710
377
689
250
1013
23
392
677
1394
1373
29
382
2710
43
1718
1014
736
62
8
372
3015
1013
685
58
58
70
27
1030
707
52
66
707
78
33
2389
13
3065
37
381
29
729
45
1404
34
8988
83
696
1719
1015
54
3678
37
6
47
703
1010
691
74
82
20
1060
34
32
391
57
3
2049
1071
57
1031
412
23
2014
71
250
1408
360
53
694
38
49
50
72
250
998
1382
23
339
3990
49
675
353
1023
677
1349
731
24
333
4015
71
25
75
1026
679
23
1705
670
1993
2325
48
389
77
18
72
23
349
686
31
1671
5705
41
382
348
2369
12
738
340
2060
696
3373
1045
6
50
380
708
59
30
401
413
27
250
83
11
2
1362
25
59
404
14
14
76
1346
1040
2069
677
40
373
343
83
405
29
407
1379
726
37
1664
376
71
1
6
363
9
692
2706
338
5
2350
2021
81
5
1034
735
1018
1399
1716
719
10
1032
18
76
677
400
1047
25
11
997
1057
3367
405
732
708
351
1353
44
411
2365
334
70
705
1718
60
39
415
350
36
7
1032
730
396
400
4
5
362
250
4
2698
701
3675
368
55
48
1042
15
723
349
4
698
29
711
75
82
48
69
338
358
24
334
370
378
1067
358
59
364
59
1035
58
688
52
41
100001
3056
59
16
30
2354
51
382
69
361
12
2719
694
35
60
678
5695
2
355
1666
12
63
413
53
415
77
1001
36
39
739
700
4
1997
389
395
71
400
6
1039
699
26
3065
49
77
79
73
744
726
68
717
76
1057
3004
19
12
74
1730
42
5
67
2030
339
13
1343
406
405
51
2694
58
28
2385
3700
731
58
2334
46
679
682
743
2013
2002
396
100001
1332
1354
75
1054
37
6
17
726
1367
6
38
380
689
379
11
1077
8
100001
370
1681
342
2051
40
18
341
1001
10
3
61
385
365
2
31
713
413
701
2696
682
51
23
1073
39
46
64
393
1037
1678
3
3
2398
402
1031
345
63
1712
348
690
1387
344
1051
2
732
51
719
360
5
739
678
1388
694
398
370
59
56
57
21
2057
1742
344
79
32
100001
17
361
369
336
368
2
43
699
52
1999
54
14
683
357
72
371
2386
100001
40
391
57
1704
744
723
18
2
2007
1040
5
65
1679
23
341
341
15
38
41
358
1007
32
349
83
674
4044
63
722
336
2403
334
22
384
720
1353
6
1342
339
719
378
42
1043
3
353
3668
25
3
77
363
29
6
342
665
40
27
361
1743
1032
36
9
1409
1012
82
344
53
383
374
721
4
666
350
705
2
20
413
23
70
358
688
68
383
338
15
684
670
366
679
743
1366
4009
1676
2
343
355
1670
336
100001
672
9
1022
2374
390
672
1350
52
3
679
2005
1024
389
53
371
1078
1367
349
1737
24
725
77
35
370
29
54
73
4335
72
380
396
333
350
23
742
688
24
735
2357
48
1669
75
356
53
1706
678
17
70
43
1350
8
1042
52
369
696
728
64
30
56
31
50
1040
4399
6
66
48
1074
38
667
31
1695
665
42
673
700
1398
1731
1345
61
1055
714
60
33
1058
736
2684
1043
1021
37
12
666
45
23
1998
396
346
668
62
356
703
355
44
64
2348
339
37
1003
21
65
1010
372
77
63
3397
52
1044
3017
50
336
1073
20
676
1005
3391
2671
4
382
705
83
674
729
1402
1361
999
23
694
250
2053
702
2046
27
69
410
32
22
691
747
44
15
738
28
1007
1741
11
1365
3671
4
41
16
13
350
1665
409
351
407
3019
1049
3
338
382
697
707
44
13
695
29
5
65
746
22
335
1339
334
79
356
1359
22
25
37
389
1347
383
1383
33
387
28
47
383
339
13
1047
340
28
2344
997
2734
696
68
77
55
1662
60
1023
1684
2055
333
66
356
348
63
336
2023
2063
64
2031
725
415
1665
33
9
11
27
1
50
3008
60
716
396
2364
35
398
6
29
2689
62
51
7
362
400
711
1331
380
31
728
66
2402
34
24
46
339
4
4
1721
415
54
52
8
32
26
250
669
13
18
384
678
340
359
380
60
1359
1008
375
361
39
66
333
413
391
2335
724
2001
32
1024
1048
52
674
388
34
404
363
54
27
401
734
15
1691
13
388
1352
61
351
74
1719
29
10
351
43
79
399
21
5
1069
732
740
69
1029
16
68
29
53
25
701
3698
51
714
18
1718
1072
33
74
100001
393
2719
1042
1410
357
2058
344
382
32
1066
83
2051
675
44
1738
721
668
730
366
25
12
8
3351
24
1062
718
414
1018
346
1728
747
1008
386
703
75
387
686
67
1353
374
336
25
36
16
728
1367
1031
339
1078
364
685
678
727
2723
8
705
3
1388
3662
2672
342
71
70
1011
57
18
381
46
100001
49
11
100001
405
728
1040
2663
1679
1022
1386
19
41
5
54
1010
2350
1333
694
370
78
364
398
1365
1995
48
1329
398
731
710
66
32
2003
34
47
3664
23
378
673
1010
746
1051
1330
353
715
67
702
74
1411
74
1010
683
1717
1402
34
4318
33
1
393
5
55
1356
742
5
1017
51
415
2724
406
2010
18
66
66
689
343
334
3341
74
1038
333
1398
1070
8
78
80
100001
333
14
372
668
366
50
74
44
383
33
21
369
1363
75
351
1000
379
3365
1000
1046
62
407
2015
714
704
13
42
360
1027
6
336
36
38
742
82
352
1033
1010
363
40
342
1019
25
66
1329
1997
407
1005
1022
6
23
13
4049
1999
57
53
415
21
352
1052
1345
697
411
998
58
1063
20
1386
999
28
403
74
2661
1714
1025
3382
2707
17
3
368
70
1010
716
1
73
58
348
379
8
47
1069
389
1386
1406
41
17
74
344
690
6
1061
1699
385
735
685
40
1677
340
29
2068
63
338
41
17
1693
1380
40
9
47
26
997
37
392
674
4333
11
30
1365
58
3324
31
1018
358
415
19
44
374
49
369
670
49
22
45
1051
1712
78
49
346
2
2016
41
409
16
51
692
376
17
367
413
3703
742
55
680
1384
352
371
23
18
30
339
359
1387
704
2026
676
670
2361
1041
32
4001
1394
402
23
9
55
386
83
697
369
6
73
2351
730
2674
2363
344
23
30
729
351
401
367
733
676
677
711
1370
1063
371
1043
2005
2023
67
3368
68
1668
61
32
78
719
692
20
22
30
1339
359
1019
3364
730
44
65
689
51
38
72
100001
5
733
1707
19
9
696
29
402
53
2355
1052
1025
333
410
394
26
361
341
1069
43
18
349
1334
1330
337
71
56
2038
31
45
69
1063
81
405
6
337
20
1000
673
334
16
394
1024
380
724
747
2385
100001
357
79
55
14
1034
358
414
73
1343
389
720
13
2034
63
732
365
411
2012
30
5
382
361
672
352
1385
673
1369
1357
19
15
2007
347
397
100001
363
394
681
3069
390
681
29
15
1690
370
22
2348
55
5
14
37
75
1724
67
8
677
26
43
732
385
341
1028
16
733
1023
5
373
1688
702
1333
1030
1061
44
33
375
36
355
49
1078
15
17
379
371
2066
714
12
681
64
1
347
1070
729
34
1711
375
4701
396
58
352
2330
355
394
2065
27
10
374
79
404
56
2694
30
82
702
81
24
394
354
2352
36
27
1406
13
15
24
737
6
3
370
68
8
666
59
734
704
3
408
347
359
2680
402
81
341
1046
12
347
2058
14
2059
2995
58
16
73
33
71
3697
1699
44
703
401
1019
2994
710
39
61
58
72
17
18
5
39
401
45
23
39
52
52
1060
679
36
372
2023
42
1349
1684
2728
746
359
1
2672
1673
64
16
737
1345
66
56
3992
39
8
36
18
686
68
1064
717
1074
44
1344
692
396
39
1338
67
27
1722
345
1
391
998
58
3663
34
48
29
3352
669
58
352
100001
39
1068
63
403
66
57
378
75
2061
726
1053
715
25
64
2993
76
41
45
697
58
733
1079
36
999
10
43
18
710
2060
3694
1011
12
2996
4381
672
46
2724
40
346
1037
36
401
1678
4
30
347
4
52
356
1387
363
37
409
13
1743
1349
2015
16
342
32
345
82
382
2
60
729
1039
34
341
21
1007
394
686
17
16
1003
1
41
673
724
680
1365
1668
352
1044
32
15
391
5
407
75
67
380
343
701
6
389
714
39
745
376
345
32
19
26
369
333
29
695
63
78
1673
406
40
58
32
58
1401
1345
77
396
368
3039
2334
342
12
1674
1056
348
25
34
712
1371
726
361
1079
378
68
9
22
2394
74
739
1046
75
1367
699
48
672
40
1006
5056
41
359
690
357
83
51
387
346
385
1720
367
40
50
70
69
738
345
1397
3719
409
50
1690
59
2346
47
7
73
4
701
43
374
1002
369
73
62
670
33
7
1343
1
709
3387
1008
79
4
18
3716
33
35
672
35
358
366
394
1347
60
69
2050
359
3032
377
41
404
412
79
23
27
100001
3
21
36
1023
28
35
82
22
670
42
42
673
27
1056
1349
23
22
701
37
2696
410
399
23
79
1051
15
337
35
2044
62
17
355
404
10
70
1384
19
71
701
1331
374
71
8
359
1
13
40
64
1686
68
375
250
683
5
18
32
26
35
55
65
1404
21
344
736
1702
367
4714
1055
713
24
5
2341
666
1046
40
1358
1032
4
55
10
1694
694
2009
690
67
371
16
738
19
10
47
2336
1358
720
3337
53
63
665
2399
711
739
1034
1070
72
53
4377
1032
1411
3
1719
687
736
669
1055
1668
352
5
3349
343
1062
394
1998
57
46
38
1037
2665
998
666
1337
1036
1348
14
371
40
1044
49
66
1066
384
12
2357
16
1354
1353
73
1039
722
1034
2658
8
401
57
735
61
709
19
17
11
1363
1665
23
405
700
54
2057
1385
1
738
2053
35
5
1039
41
1396
41
1371
1062
1035
30
1021
73
2
706
44
18
58
7
733
34
23
17
31
364
1342
393
48
1073
341
368
64
7
4022
64
24
1003
41
706
1034
16
334
9
16
713
68
9
2699
1686
353
1716
63
715
39
1693
718
382
100001
74
2
11
2661
1677
747
1042
339
2407
2030
18
1400
13
2707
1396
358
386
1393
369
397
73
743
11
3369
352
704
20
55
407
410
667
33
412
1329
359
77
358
739
1699
676
409
1665
718
361
384
708
724
2993
9
385
30
2045
74
1043
716
43
52
6
47
1724
363
46
73
57
1347
719
75
58
45
1029
22
389
4
61
1682
36
41
404
18
44
689
351
1060
679
3731
51
18
1066
25
1048
21
29
56
250
684
7
410
2664
10
48
2350
1374
705
395
389
366
1032
364
36
723
334
63
704
64
100001
33
5
19
60
1723
1677
11
704
345
347
386
46
1063
1031
741
14
406
45
1004
382
2688
1054
1374
13
1408
1075
2005
1336
388
338
336
81
1704
2693
401
381
3023
2061
363
19
357
23
53
1040
40
1375
2690
56
1004
362
51
77
383
63
50
1386
19
1065
35
30
40
410
50
56
1346
3
388
395
83
2718
360
1069
13
26
15
42
2066
13
64
32
700
28
68
393
746
45
676
698
69
718
360
36
1027
1994
708
31
386
11
20
31
340
43
55
1027
22
2361
1041
30
1066
1997
411
2737
1716
69
732
398
733
3
1030
51
66
353
82
1408
403
723
11
13
40
1008
28
688
383
1
1695
360
670
3391
46
24
1013
1739
50
43
13
377
4
731
353
23
1339
12
998
405
2030
339
2039
713
11
1378
2063
414
42
1035
47
2381
33
77
2350
40
20
1040
45
2047
31
15
8
400
707
29
56
12
2360
72
46
36
342
378
1076
34
32
383
1662
25
72
28
1026
25
13
100001
7
29
1701
42
1351
348
364
71
52
683
60
5
6
24
21
404
1365
46
1370
60
52
1383
13
21
39
1044
41
999
4
43
724
1025
75
4723
1046
667
13
673
7
25
20
1060
351
5
18
37
37
1998
692
82
1370
42
1374
79
43
1055
1040
6
1344
71
62
1392
61
1020
67
2046
57
703
1720
342
1719
335
34
33
70
61
361
82
403
34
383
42
409
25
1393
1355
13
3030
689
374
372
10
43
48
1024
1005
665
690
78
3690
2068
82
374
1010
725
69
738
5
378
59
42
46
6
100001
729
5038
10
1674
69
348
1998
68
1057
60
1052
2052
1343
409
726
1043
371
355
11
414
56
1676
1018
44
29
46
706
409
1021
1329
374
2051
25
411
1403
1368
1371
14
336
25
335
1729
28
1018
49
390
45
367
355
44
1079
42
37
60
33
64
24
28
71
741
359
43
4067
2022
50
708
65
1015
26
345
32
344
1390
48
12
737
1020
351
2075
53
380
3051
32
100001
713
62
1673
1020
1075
2731
50
1028
696
11
19
83
2343
691
5
79
341
79
14
1029
998
348
8
6
3012
1025
1
384
31
388
32
409
2682
28
718
3
714
715
679
1368
27
25
354
1400
4675
1
1691
58
705
69
50
5047
388
2679
410
371
724
3062
379
2700
2045
346
35
53
3387
72
25
709
28
6
1722
27
1068
58
18
3681
1065
29
20
678
6
54
24
338
1684
389
2036
1715
746
80
2685
1726
2023
1384
16
1049
78
19
44
16
338
11
21
22
705
336
745
687
1339
2
415
62
718
15
3659
1668
407
715
45
741
16
716
37
2070
24
73
367
1690
15
1374
15
6
1066
62
5
57
1684
23
402
2327
45
1689
410
1041
699
369
12
1
347
403
29
1033
1715
2027
380
5
47
708
64
2009
683
38
67
747
2
4
1368
377
341
42
40
1726
353
250
341
346
3326
393
689
2008
1386
1070
71
17
735
23
78
369
2074
378
23
389
385
402
36
2406
369
1735
1737
3373
2348
100001
667
10
30
1056
352
7
1064
23
1036
31
73
2682
1066
348
702
358
380
67
1074
348
82
409
14
693
3357
48
363
714
1025
2330
734
54
718
69
37
45
2707
81
23
20
688
12
368
1013
250
404
392
669
394
1406
369
250
61
377
393
70
37
100001
11
16
1351
697
70
1
354
30
37
414
10
679
12
24
5
70
674
3653
24
402
2681
44
1001
1036
1011
400
692
34
17
3003
82
35
677
2039
1055
2066
56
4652
10
13
100001
684
1703
81
683
725
29
1376
81
68
2038
53
359
666
100001
382
31
53
683
55
60
4397
7
370
49
726
1360
710
13
29
668
395
1344
25
342
5
703
70
343
50
23
75
2018
2681
745
1043
678
68
408
70
1389
1709
2
1359
2053
8
1998
1329
48
2336
389
343
16
1058
1036
6036
361
3
39
20
1020
360
686
4
39
48
1019
384
2375
671
11012
335
6
1386
371
685
55
7671
728
24
11
350
372
48
694
361
373
3666
730
42
2026
684
52
1338
350
357
412
409
677
2060
1045
1077
100001
54
75
27
13
11
1729
100001
47
409
48
358
4
392
9
41
1330
1691
4673
389
61
379
1030
1675
681
70
2066
343
14
19
28
26
83
4
1348
100001
31
724
50
1070
708
1684
399
715
69
687
368
1399
9
61
1058
66
335
1693
1
250
1359
1670
389
49
407
692
78
100001
342
1
5
38
741
340
3037
1044
3
37
2692
1028
1067
39
390
45
349
52
344
688
710
383
1004
1408
250
52
1050
21
38
83
346
1348
739
415
1361
3
20
2030
54
378
69
49
2011
20
713
1072
1728
366
1369
1043
1389
1031
18
64
2
1661
2
1675
1331
29
1385
1069
7
63
44
16
375
672
26
1724
693
692
72
30
406
18
706
43
665
366
43
24
1704
2372
334
2368
59
2669
33
14
2
51
2359
379
1715
402
18
1013
1661
669
250
717
10
391
40
390
100001
1039
74
355
415
359
4367
1020
381
11
725
1371
2050
1995
16
395
41
11
715
347
19
11
403
250
4
379
67
376
356
370
379
69
78
351
1003
62
74
337
21
30
2
40
710
100001
404
60
4061
3368
24
57
725
717
1378
696
66
16
413
12
2389
82
1017
30
51
1377
1377
1048
37
5
368
1361
1356
695
411
68
1410
73
57
3359
15
366
20
3334
35
2
73
2665
414
67
32
14
2383
52
1046
671
41
2
1058
9
59
1026
369
1709
35
81
7
6
1673
1033
57
59
37
250
41
250
7
675
353
26
1070
250
32
50
39
10
999
386
74
1397
730
23
1053
28
721
22
31
346
22
55
340
371
48
1047
361
1038
57
11
75
395
690
44
2343
5
373
670
1699
3668
729
667
39
81
355
71
1366
1
336
25
2058
22
340
56
344
1024
31
394
1340
726
1696
68
369
343
1665
345
18
367
686
69
3724
60
12
410
367
708
714
3
382
1743
1063
16
9
54
55
47
41
677
27
335
61
405
365
371
394
250
44
40
3012
341
3335
375
1064
2698
15
18
4332
250
66
377
1011
2075
3
700
408
1030
100001
374
9
75
64
74
398
395
50
722
35
79
380
360
72
55
20
1
69
51
363
2385
2666
100001
16
415
2015
18
80
77
348
999
2036
8
1340
345
4386
392
37
743
667
1068
1058
376
390
2401
33
1038
1
69
53
34
4365
722
1411
1382
339
55
729
47
344
667
724
250
1004
21
1743
52
34
741
366
2046
57
53
57
48
410
357
57
1365
23
708
3718
82
66
20
69
694
15
60
1003
26
366
388
1341
1055
23
675
3673
1
78
997
20
21
35
393
1017
702
43
1394
3029
40
36
22
34
704
52
75
342
70
2040
17
72
80
692
8
5
688
356
1060
746
352
1385
49
381
4396
7
1004
1681
26
1388
31
47
2658
712
22
18
690
699
65
683
5
39
2380
1025
683
397
372
1332
28
17
1053
1363
47
8
2668
24
11
1060
49
2022
365
345
3659
412
76
80
25
2349
713
399
3707
33
79
58
76
1032
55
368
13
368
58
35
60
5380
1
699
1686
76
52
1383
2035
4658
66
38
1697
413
37
24
12
43
1042
398
42
37
55
50
47
6979
12
333
46
2041
30
100001
48
8
22
28
37
32
1700
735
52
3685
352
10
2380
31
40
373
393
1058
2991
1710
2041
1009
1039
2
2068
381
64
698
11
2370
3
34
18
1661
1682
30
1037
59
66
1005
403
384
364
1059
27
1357
1409
731
9
1662
5332
45
354
70
39
37
704
32
4
10
55
377
2075
47
349
2036
63
386
38
1001
740
9
68
59
2056
1016
1686
1067
71
41
718
671
22
6
1076
335
100001
740
23
41
76
381
51
77
46
998
378
55
349
398
1045
1373
56
27
1029
55
52
1382
31
2021
77
2058
22
336
1699
82
100001
61
54
44
1684
46
681
13
1049
27
16
1663
37
1051
1355
47
48
729
1715
6
16
79
717
28
1998
100001
48
401
1684
4
27
689
69
14
382
735
354
17
17
61
1358
67
17
402
78
358
10
35
2738
74
82
40
100001
2025
349
44
363
72
82
369
67
39
43
15
27
4
688
58
62
336
1009
348
17
2657
39
37
1016
733
1004
386
81
1348
414
366
5
67
19
368
25
2687
33
1726
12
377
4
10
405
2390
2059
1381
38
721
1399
250
6
29
1410
387
7
394
43
3715
68
21
1994
704
2
16
670
4
373
36
57
391
1058
39
719
21
36
415
50
80
1015
367
1010
35
352
52
340
1684
55
45
361
671
3041
364
66
56
344
380
4393
407
5692
352
10
22
746
16
22
406
51
1705
7
17
690
16
3385
31
10
3
684
1390
53
361
369
64
682
10
24
337
669
1352
2732
357
21
24
354
47
1014
14
1717
394
77
16
385
398
1733
24
1027
24
15
19
100001
377
1349
1347
41
34
2
347
369
391
16
401
686
385
389
37
18
5
11
356
2026
372
12
403
399
2032
3
1350
53
333
81
716
1064
710
8
1709
73
1060
1406
379
41
26
3346
685
736
49
31
377
1678
29
2
710
27
2669
18
73
39
1078
34
1329
1015
1688
2
721
36
1005
5
25
66
376
34
14
79
1677
375
79
1343
1007
337
401
1074
27
250
2051
694
744
710
17
68
404
5
29
61
741
1029
60
1
9
6
3991
49
355
390
679
355
1998
1332
1023
1026
71
1343
14
683
65
19
369
396
2679
70
667
2028
62
392
71
60
100001
1359
53
366
3690
68
2019
1029
731
49
1027
1722
671
411
23
2657
675
717
80
250
1349
72
39
58
1046
1346
2998
681
1717
1389
19
1670
344
1053
9
2001
3727
29
55
39
682
1028
401
12
4715
2726
407
3058
344
730
61
7
380
700
1405
2044
1042
747
2059
61
19
407
62
54
3326
371
79
718
665
671
361
1723
362
3397
689
359
1061
392
12
370
670
366
70
1345
2045
3062
11
69
364
747
16
12
683
362
2403
2334
3063
58
1043
1331
1047
31
355
44
335
1039
390
4
71
1032
336
405
354
7674
2046
412
53
2033
69
999
58
38
673
41
1006
10
35
368
1079
2
75
24
1393
19
701
3696
250
60
38
1032
1073
1075
692
47
81
722
712
741
1027
61
66
55
710
82
370
44
359
1740
379
32
1709
100001
1672
351
1017
70
250
1063
408
4022
693
2
1348
23
366
56
1068
81
677
25
19
250
69
670
70
998
379
1662
405
35
26
719
1026
67
724
47
75
20
1735
2715
685
1029
388
1389
68
413
355
1037
53
702
35
2
10
746
14
379
391
1333
65
76
409
356
250
57
1666
9
50
385
3
391
1994
4
380
342
719
371
22
26
356
29
2400
30
1696
1003
41
35
39
351
1329
1339
66
353
672
250
2060
744
718
62
70
58
2072
27
1390
2
31
1374
39
19
37
344
2
79
55
10
33
682
742
6
49
2344
2734
40
4369
702
386
3401
53
21
44
23
1741
1063
407
1035
1696
16
714
724
25
2
732
4
2684
665
388
34
13
1351
397
338
335
1372
351
727
1729
26
34
38
385
393
350
1049
1065
5
3
35
3373
58
1343
721
80
65
1023
12
68
395
355
3001
10
46
5686
28
4032
385
25
47
665
7
100001
744
361
1051
743
17
387
61
49
682
344
29
81
32
374
64
2031
3721
337
339
740
2042
355
83
401
378
35
29
1366
688
15
347
22
379
36
727
50
2734
15
100001
1687
2
13
727
384
41
1011
13
402
13
414
3039
1022
23
393
4361
55
2356
100001
2
41
81
355
75
82
409
15
3363
1404
14
38
997
54
250
59
696
731
1013
63
2047
1058
344
1
48
24
2
411
1661
1019
1076
334
348
678
694
41
3011
2339
998
378
1732
42
3360
19
1040
28
1348
401
683
1668
59
20
673
46
13
76
12
387
1344
410
27
81
333
51
384
32
341
360
1361
414
49
1003
32
1047
60
38
23
341
351
712
389
724
38
1014
11
36
69
1384
5
37
42
29
51
75
64
727
24
100001
727
39
358
1728
40
2699
79
1017
16
1391
37
2
79
52
1020
8
1666
733
14
667
68
23
2364
25
81
25
1019
20
1685
1008
379
9
372
45
2731
8
6
1338
745
77
667
402
382
3
39
100001
368
11
47
1059
54
341
349
390
61
350
75
30
78
18
76
78
26
1354
698
26
2349
747
1003
414
27
24
337
64
19
16
728
720
50
62
13
1
1396
692
1674
28
54
399
704
692
81
401
694
729
354
382
19
21
14
718
8325
1399
81
701
1332
63
32
720
386
75
54
31
58
354
365
1348
43
4
381
367
344
1333
357
738
37
1335
1043
5
33
44
727
80
35
2349
22
380
69
1683
4
42
369
1045
6
363
76
1391
411
18
1403
1687
45
40
731
81
51
410
48
1721
250
354
9
59
1058
2676
1347
1007
82
362
713
350
3001
1064
360
15
100001
34
12
2393
678
1353
46
49
408
59
45
17
335
409
1055
743
4032
1046
50
49
2734
1042
733
10
354
20
22
23
48
1064
52
357
408
1330
3050
1380
699
36
100001
36
2386
80
1678
24
30
381
45
52
52
12
359
3
1673
1007
1009
683
2997
1029
13
1017
28
367
1033
338
3022
1071
1015
64
391
1076
676
351
412
5
68
22
726
1074
64
1016
344
68
2342
59
1373
1367
2330
364
7
67
48
409
1
2
40
2035
379
6
1670
712
1667
1357
1388
717
361
56
378
1369
695
6
681
14
400
388
28
1366
1001
2363
77
1033
45
50
407
1078
38
6
361
45
713
48
31
3375
1058
15
3379
679
1354
34
377
391
671
343
1001
406
1333
731
2376
24
678
16
13
1340
344
2325
20
410
51
49
6
22
1021
1068
670
361
390
4680
678
81
6
35
1001
63
713
744
1684
357
61
1718
356
37
100001
12
49
387
2403
66
361
8
684
26
51
38
353
36
39
4021
69
1676
82
12
43
1391
42
22
704
409
1688
340
725
1386
23
375
366
14
42
1014
718
2696
2673
56
27
673
1385
19
20
77
1066
377
383
1665
729
1001
45
30
413
726
100001
46
26
36
671
388
727
60
100001
396
399
1028
1062
73
20
1065
32
344
68
45
1
41
381
376
55
62
1712
675
46
33
48
62
366
670
1002
1689
384
24
28
55
3692
12
67
57
341
3690
1064
23
20
350
39
44
11
340
36
2050
100001
49
411
17
17
1075
1024
350
2396
669
2400
377
1017
361
358
14
699
670
83
356
53
51
27
69
10
1
2060
8
66
2672
1364
371
55
383
79
1994
414
704
340
39
339
65
2036
376
370
345
1720
355
2051
79
1393
1331
710
360
1031
706
340
28
365
353
68
2709
39
736
713
362
59
41
29
50
1076
394
2328
19
1338
7
415
37
1404
2387
676
23
357
1379
727
690
367
10
1046
3029
77
738
1078
348
2054
409
3030
1341
364
5
375
6
250
46
100001
347
1361
4
1725
100001
32
1663
735
395
396
356
17
1390
370
26
65
70
683
28
77
1058
42
365
344
998
1397
362
37
3
2000
4377
393
50
3728
397
357
55
387
2356
3029
34
746
342
1358
52
50
1
43
669
1045
1403
396
377
1696
1005
56
45
63
1017
27
41
27
50
23
702
382
54
1411
3
1055
9
1046
746
82
1340
1014
2723
43
388
3342
48
73
13
30
49
3370
62
1377
5
59
1058
407
393
58
21
10
18
40
739
1388
25
741
2049
712
1358
2715
4
250
412
690
350
344
335
349
48
2060
1024
1
51
412
344
1017
2368
36
1036
399
717
71
44
50
347
74
354
351
391
65
50
11
33
58
346
395
2374
705
1019
400
64
1023
2
1405
337
1686
62
53
409
336
358
405
65
14
7009
390
349
1037
18
35
44
708
359
365
388
1347
2663
1364
744
69
1040
43
354
1375
340
39
1053
50
1372
1390
52
57
48
1011
395
100001
743
2053
675
408
665
30
1022
1390
21
666
1000
5
3713
1047
3
40
1348
28
374
352
7
42
1012
337
48
665
366
64
2365
65
27
16
10
385
49
1006
734
335
46
1705
347
2337
736
1009
39
42
66
50
352
1997
373
1703
100001
1057
699
1020
34
1064
31
81
39
1717
67
64
1018
1671
16
12
4714
740
345
3
2
3
70
50
82
374
1358
50
350
24
33
50
682
81
717
352
1353
81
59
684
3
73
348
2045
61
18
347
1698
32
362
66
38
743
11
80
364
39
66
9
1029
4
2
1036
1361
1332
997
1013
2010
8
1711
368
368
2723
76
62
7
50
40
78
16
403
3
703
691
51
1045
372
1694
673
63
686
673
1686
38
373
2687
4064
1005
1005
1723
77
726
76
671
52
2662
22
1666
1331
686
42
46
16
59
2727
35
6
10
1017
35
357
71
1719
1338
28
2058
1672
22
26
18
2
21
44
83
6352
734
1
64
26
51
2387
55
31
250
48
35
1030
34
391
76
737
4010
404
341
401
1042
350
1053
37
405
24
1074
10
2
69
356
4
4
4
4
38
680
1363
394
366
399
11
2359
45
39
667
714
1351
3
2021
407
411
367
702
1057
679
52
1358
44
1369
1382
3716
747
670
65
46
722
1386
334
41
668
83
336
691
3055
392
39
676
708
64
74
7380
74
723
2053
61
2343
397
1049
676
10
23
25
250
44
67
1054
25
686
997
3392
68
365
2067
372
10
672
350
361
2042
1694
4
347
1335
337
364
15
1391
57
250
12
6
695
55
1001
345
1727
363
1673
733
3331
359
708
703
67
70
1385
344
61
1388
371
61
37
9
708
741
2047
3668
22
378
16
672
6
3345
1032
395
37
57
378
360
1368
1024
1379
77
68
56
50
35
3005
56
692
77
711
81
678
669
69
1011
44
8
721
344
3
1004
340
58
56
388
1012
740
681
2
407
1060
690
377
396
679
340
53
49
15
384
1066
359
57
398
83
1720
351
375
343
3711
355
371
722
1011
1025
53
354
337
671
25
2388
410
1360
395
77
399
34
16
706
1661
61
349
11
11
100001
689
45
346
670
712
20
39
58
71
1353
1678
14
81
1719
334
18
2
404
11
18
692
30
345
716
728
2719
100001
1067
740
25
23
397
2073
710
25
2003
718
46
18
1679
59
10
734
77
75
352
700
717
744
744
2003
35
56
2390
3014
408
1076
699
100001
66
722
1405
10
40
18
65
669
365
363
29
3023
404
27
747
40
357
42
1729
1726
13
367
8
3351
670
745
42
80
665
250
712
9
1055
26
1004
43
721
23
743
1707
337
408
389
1025
1008
1072
19
27
2352
53
398
402
671
1053
36
1402
26
2991
721
1703
699
64
343
691
21
35
1003
1346
392
1020
3056
2404
350
1065
70
78
737
16
81
16
59
2016
360
1993
27
2021
737
2335
35
36
390
82
3
42
35
72
2051
61
376
1361
100001
681
702
4
357
45
26
1
2365
333
60
2009
343
403
6
369
50
406
1375
747
710
6
73
1707
3728
39
703
414
29
350
669
740
27
1353
396
1358
2733
15
398
675
355
7
1053
16
47
2657
64
25
37
1049
4038
373
2002
2066
11
1074
20
17
61
1407
1015
1050
1699
26
1378
13
57
58
1073
1342
1730
384
743
700
1404
714
80
23
667
359
59
1356
1021
1004
50
403
14
1343
1
359
19
1692
77
16
1401
5
80
50
1703
344
48
679
345
709
34
12
51
21
372
395
32
1728
4
1066
1024
665
72
57
1061
742
998
32
1685
30
1352
1996
1374
361
704
40
351
344
83
2366
71
33
63
64
2728
738
2
691
410
2725
68
2027
44
68
1993
59
1999
39
358
1024
1343
344
58
43
19
61
675
17
8
731
4
2682
21
79
1014
50
1077
67
1046
78
1062
2052
363
100001
45
415
52
397
43
719
665
710
393
1363
1395
41
334
715
371
34
3
347
40
34
1996
335
47
1999
384
1347
394
2011
46
56
357
345
68
10
673
1361
17
74
38
43
8
1035
2398
43
1015
100001
1339
334
1378
75
4
354
80
2376
71
1367
42
6
412
15
735
397
61
54
60
27
2057
362
63
72
1403
1709
2371
74
2325
730
374
408
2682
3052
59
1
722
390
384
1342
692
11
689
6311
3332
2062
26
681
17
79
384
32
3354
49
1039
1069
56
337
368
9
400
1333
344
1674
70
1071
1342
367
11
1022
744
60
59
100001
27
7
1372
82
1016
36
5
408
1688
25
1005
1346
29
396
82
78
386
70
346
1371
335
1012
16
722
32
33
24
49
724
1029
29
66
23
53
25
38
50
347
1404
48
697
1994
723
63
2407
1350
43
51
672
344
392
56
25
675
49
53
3014
1370
395
1015
23
1664
36
338
46
82
7
77
71
1032
25
77
683
1400
16
381
2024
707
16
76
389
72
1342
80
397
733
70
72
1060
349
25
680
1343
345
377
2059
27
369
82
52
695
30
60
677
25
372
1
359
250
78
50
78
2325
1667
23
1004
669
698
1339
1675
12
24
997
359
44
3015
2661
21
24
29
1741
351
55
1026
51
21
384
44
77
18
66
2072
38
56
46
2327
351
25
720
14
2999
1722
74
33
4654
700
1381
4
721
48
1390
18
22
685
1014
390
1399
338
31
61
360
732
1666
16
691
705
28
1393
409
1723
250
18
2071
405
345
3
668
684
1346
1015
2024
41
11
9
1341
41
1707
2995
1337
333
337
3653
80
691
1011
1392
250
12
697
40
74
70
4
3
16
4
1037
63
4
1013
51
2709
74
13
18
1704
407
370
1330
52
52
1364
6
355
75
383
3
1392
693
29
7
710
1661
58
367
54
677
1394
66
74
80
1344
343
2369
3681
28
1026
83
407
3019
702
665
65
30
346
1663
65
1365
697
1063
38
30
15
712
10
336
32
414
681
370
12
2378
15
17
689
334
721
382
402
21
688
405
50
66
1382
1349
28
401
25
1053
62
1665
384
2061
712
68
3044
74
10
1016
56
18
414
5
1332
356
1673
14
718
75
3005
19
17
20
1995
678
14
32
1410
1407
43
345
397
11
31
700
1028
38
60
13
739
5
10
712
10
1718
691
1009
77
1000
1376
1046
2
410
699
406
1007
2000
30
71
27
63
714
1717
36
57
49
40
31
670
413
79
30
15
1738
16
1029
80
47
338
30
4
64
5354
1013
47
390
368
60
388
63
68
1078
1047
349
720
65
2061
16
694
368
44
43
41
5
1402
2055
683
43
726
2069
669
64
384
2037
411
1065
37
1666
14
2061
8
2671
1079
405
1038
1702
723
3354
100001
1000
1016
1398
402
25
2718
29
349
341
15
78
357
15
19
4
670
390
2683
64
1005
415
368
738
21
80
30
390
336
731
1330
51
395
407
23
358
339
724
61
53
68
366
390
48
52
23
66
62
1375
18
683
1727
364
365
15
339
340
1060
1375
15
73
65
36
36
676
8
63
1410
1667
49
1024
17
1383
684
393
2
58
11
745
1019
1048
350
4983
32
357
1383
19
7
14
363
1724
406
11
15
3
722
49
82
2064
16
1382
2386
5
7
697
19
80
27
49
17
2995
51
1072
387
1714
1343
723
9
28
53
1039
725
403
24
1333
11
1020
41
45
64
74
72
29
1346
70
676
27
13
703
382
405
25
2
41
1341
738
366
64
76
58
1046
5356
700
674
10
673
385
344
1343
3013
717
355
712
1015
343
1674
1022
671
3365
14
66
20
70
34
21
35
371
358
350
337
40
28
1404
1048
1060
1385
1347
31
369
2326
68
1057
342
2004
363
69
66
36
14
1683
9
1033
2
1714
2025
338
712
45
2
24
1066
694
1718
71
747
1666
47
39
696
402
410
25
3
100001
4
348
348
35
1035
17
1029
41
372
367
386
360
692
58
1049
3351
356
336
44
42
75
2042
365
2069
349
730
735
29
1377
100001
1066
42
2011
35
13
2354
344
1677
340
7
999
671
410
351
1737
357
1043
380
387
74
76
2377
742
35
1714
397
334
14
59
2010
353
100001
12
2040
374
1049
736
340
23
1384
349
665
1688
339
25
23
32
390
710
683
668
715
671
29
408
30
721
1366
691
16
100001
12
35
50
52
413
2018
673
35
82
2059
8
61
2731
7351
376
737
391
41
745
1333
11
344
34
1033
333
28
744
22
674
21
28
336
7
33
710
355
733
673
706
29
18
716
376
703
351
365
21
64
39
78
375
364
391
29
1384
100001
1364
348
30
353
80
31
341
696
1666
1074
390
692
388
684
23
692
347
44
82
391
998
2683
50
27
686
