2
36
188
652
172
205
196
667
4
190
333
191
339
207
35
363
338
45
11
44
3605
25
13
358
42
341
650
43
51
9
507
1
266
10
333
46
16
354
685
483
12
2
32
681
211
12
15
183
5
190
34
503
818
199
359
168
328
34
180
191
344
16
200
352
1
195
350
11
4
188
48
3128
344
486
21
342
12
981
351
1001
651
7
200
5
812
584
9
482
487
3
31
44
53
1
479
973
44
22
25
164
33
173
210
2
191
354
52
684
8
166
687
659
494
3
646
164
17
186
584
203
3
26
2
1321
674
332
836
6
644
354
347
191
1697
4
329
842
24
8
825
19
202
743
7
182
492
49
193
9
11
321
182
181
177
7
32
173
4
339
189
19
3
21
172
35
201
984
485
14
25
39
1
658
163
25
50
44
186
183
491
27
17
49
195
331
192
8
4
644
14
107
166
332
25
171
324
8
364
183
977
479
12
17
173
33
670
52
353
172
34
39
1632
334
499
488
201
506
351
366
16
484
180
828
646
353
178
27
3
201
685
2
206
26
39
32
180
1
43
183
32
22
40
11
654
172
204
30
8
1464
41
30
266
12
37
325
1
658
3
26
199
514
527
49
16
170
10
2
25
161
185
802
370
18
195
212
48
51
27
367
967
33
326
38
198
10
481
505
36
494
517
186
14
37
804
37
18
330
47
184
175
6
349
193
161
326
38
12
166
9
34
212
199
10
171
168
210
43
23
3
45
180
36
845
32
494
19
3
208
480
425
26
42
37
512
325
684
513
25
527
182
500
194
189
25
186
183
195
183
336
201
36
47
26
809
3
331
5
53
644
40
341
344
53
205
41
185
200
43
5
825
46
487
16
6
510
194
208
964
23
352
3
28
30
797
163
677
171
32
5
212
519
27
201
169
163
12
205
193
29
508
46
16
182
193
340
503
30
331
355
322
171
23
7
16
665
491
330
677
366
11
13
188
183
495
369
344
1919
163
494
45
171
490
363
51
177
182
364
31
50
22
20
364
175
182
330
3
1
177
360
1283
332
183
36
33
34
584
53
351
195
17
211
42
23
31
27
168
20
523
688
514
1274
180
334
685
201
339
178
47
175
515
333
16
507
183
163
348
163
28
192
172
212
3287
192
366
1
15
35
165
168
21
326
39
199
169
505
2
20
38
170
28
29
656
184
46
841
425
170
971
173
11
1
49
201
107
17
20
645
45
50
41
16
2
10
2174
11
107
171
510
12
167
177
348
329
5
360
500
168
178
348
212
165
38
511
34
341
49
18
329
498
16
352
973
4
10
646
16
517
107
18
36
191
8
46
192
4
165
52
343
18
206
29
1
44
193
671
38
178
492
202
15
346
167
493
1164
178
21
11
38
195
4
203
342
22
194
1000
31
36
9
803
362
36
175
53
1002
47
194
168
189
182
32
204
200
52
185
502
161
182
13
30
176
172
16
20
181
266
524
491
10
28
343
342
183
4
201
671
1116
28
187
646
331
211
53
370
169
27
188
163
188
49
1003
161
28
48
199
47
40
50
174
15
516
200
337
358
30
24
165
992
342
167
28
34
962
201
208
198
16
33
42
355
173
365
18
512
39
49
354
480
53
23
44
31
166
815
39
804
49
14
5
1001
37
41
51
161
180
23
12
8
167
674
481
966
668
36
364
654
34
1
8
10
204
32
332
40
370
3
181
337
20
993
177
175
334
42
340
183
28
22
180
834
164
175
1630
22
48
164
25
37
2
167
196
211
518
22
211
163
515
361
485
186
30
344
22
17
836
1
165
173
43
165
10
165
353
839
743
1118
169
182
14
15
31
107
26
39
50
653
647
184
171
192
164
45
322
649
107
321
31
18
43
49
164
205
28
21
664
485
648
1157
502
15
15
670
30
174
340
195
344
20
37
48
173
202
8
34
496
206
211
175
180
9
210
44
5
186
648
7
358
680
36
209
46
425
195
39
207
13
33
52
3
49
341
177
24
204
1148
175
7
425
977
40
12
44
644
210
14
5
37
35
20
52
16
8
524
193
7
38
9
161
493
14
46
17
46
365
187
18
23
25
164
366
663
22
29
358
169
190
178
368
197
2
1441
967
209
21
320
188
369
24
491
45
26
202
360
333
361
508
207
210
40
3
20
20
528
196
364
355
21
187
15
26
202
820
174
198
3
201
11
958
212
333
189
829
2
363
179
166
23
31
326
6
168
1
332
29
24
165
45
320
170
172
194
6
191
957
201
161
43
27
171
14
15
356
50
484
3
488
23
176
48
33
190
26
9
207
2
4479
196
168
40
11
22
17
321
4
2
192
341
8
43
176
32
516
355
19
187
9
322
193
19
340
684
45
29
28
10
7
198
39
28
487
49
18
484
191
177
49
170
167
27
53
11
49
201
7
192
830
48
328
184
187
24
164
8
836
662
46
210
166
166
29
19
10
40
29
28
639
346
800
517
209
522
352
212
187
25
204
4
662
28
800
38
186
197
325
23
16
174
209
18
331
28
210
36
332
162
21
335
44
1459
203
358
16
15
371
173
370
18
355
983
1125
487
45
479
44
15
184
10
208
13
163
5
203
649
24
170
320
347
165
480
680
186
162
25
39
198
326
326
47
2
334
35
2
32
38
1001
41
186
50
656
176
11
22
334
15
494
191
167
24
27
13
29
21
1379
164
190
51
649
960
19
342
178
344
199
509
187
35
211
46
342
20
179
15
323
202
212
39
355
1
337
25
10
365
20
192
331
3
518
484
25
846
192
211
17
167
814
17
52
1
169
173
210
341
501
357
16
842
329
528
208
487
2
182
9
24
482
49
169
495
3
210
165
178
26
43
1
179
22
164
35
163
27
183
2
346
370
26
2
176
53
328
47
27
1
42
1
41
10
187
171
193
30
339
175
1131
9
20
328
681
38
3
5
48
357
324
839
193
322
197
497
344
2115
16
194
36
207
479
27
670
26
23
189
42
689
19
44
13
200
266
185
167
12
369
8
171
207
168
13
22
175
4
19
9
3
208
36
46
164
484
500
29
484
9
197
172
330
9
41
3
18
6
328
522
650
510
47
195
12
168
41
366
33
202
185
14
179
23
208
3
179
683
171
6
3
11
30
1697
169
195
2
324
168
19
51
205
38
200
25
172
360
38
192
170
4
528
183
180
177
19
183
36
182
32
22
354
5
188
645
46
48
44
829
200
206
5
22
15
328
8
502
194
327
266
42
329
356
193
675
23
344
14
192
186
164
673
506
501
38
211
34
49
6
21
338
42
8
26
666
362
7
3923
48
517
22
11
496
506
25
31
180
13
167
49
20
324
170
200
24
11
661
337
44
18
342
1129
170
360
16
506
45
325
671
195
669
659
16
329
20
173
4
38
6
45
341
490
53
43
499
28
4
331
44
212
353
7493
207
360
4
210
330
20
653
164
176
657
370
328
161
490
808
23
47
425
4
202
326
204
163
517
361
26
38
25
36
180
345
199
18
26
35
2
161
1439
353
50
180
181
197
207
29
498
53
355
34
50
10
13
31
17
32
334
670
2
183
14
6
670
163
163
355
188
206
358
512
2
18
13
179
52
27
339
35
51
182
7
161
177
163
189
325
48
5572
10
187
33
192
368
668
829
47
481
212
182
171
23
5354
34
166
206
368
30
363
27
818
8
21
488
500
45
6
340
164
107
201
13
645
811
802
44
49
496
845
320
192
354
1220
48
11
195
344
351
50
497
163
523
183
52
168
20
178
20
2
4
201
183
512
44
804
10
175
178
51
165
181
326
643
266
337
525
53
1145
333
202
1
5
45
584
514
25
212
346
195
176
675
40
639
49
44
107
321
355
180
14
29
369
175
340
196
183
171
25
2
42
334
329
40
17
211
107
8
35
206
26
31
22
819
670
44
189
826
505
35
41
27
6
47
185
847
19
659
195
11
163
47
15
23
333
184
24
329
5
331
364
334
28
176
26
23
173
28
666
511
6
45
676
207
6
176
170
44
365
37
38
37
181
648
495
192
4
204
25
167
16
51
326
161
333
18
509
488
179
45
671
187
48
8
646
39
834
1
526
178
1379
815
328
12
40
208
195
332
965
203
28
327
12
682
2
28
43
339
325
14
49
322
7
812
2
30
494
25
30
161
42
166
525
343
2
488
210
6
11
14
181
354
195
39
182
39
191
163
161
828
490
42
902
48
362
530
11
482
1
335
204
27
35
368
39
185
683
186
49
175
36
25
334
353
167
172
172
24
333
172
194
53
327
183
211
328
510
189
1434
41
493
179
1165
1
515
494
107
207
9
6
8
322
488
16
208
10
325
810
170
1149
49
24
23
651
680
183
208
173
180
501
357
492
15
198
14
331
681
182
338
43
38
39
365
340
957
21
194
35
42
40
2
4
348
640
184
23
5
334
9
351
841
496
663
22
40
11
5
494
32
361
330
2
266
366
370
39
369
355
338
12
15
484
36
194
43
184
2
487
35
53
193
337
181
992
30
24
168
211
37
10
806
180
51
366
175
30
743
207
511
208
191
27
2
325
186
4
45
14
198
341
177
53
174
324
31
836
24
351
11
171
52
800
816
520
7
353
364
2
19
180
523
211
208
325
24
165
28
332
50
518
27
174
7
107
502
329
49
15
339
51
197
206
50
26
354
189
12
22
502
184
334
7
18
335
507
19
322
364
480
847
968
17
19
4
205
490
669
175
504
18
14
1
643
36
181
503
971
321
322
45
266
169
6
811
45
6
483
183
173
13
343
349
362
188
17
39
53
185
190
192
513
29
11
648
21
657
20
53
193
2
352
25
962
655
350
208
11
17
202
973
34
839
3
41
35
35
176
6
46
178
16
161
48
348
5
10
342
32
362
13
169
178
10
15
1132
37
7
37
4
509
956
24
3
161
50
523
20
33
359
191
14
507
481
5
50
3
195
521
5
48
7
1
349
179
48
167
34
489
42
13
194
641
178
335
322
172
6
517
204
38
328
976
368
843
187
525
51
35
509
816
8
18
325
51
1
166
518
835
16
527
368
7
177
330
39
168
485
178
171
202
31
20
527
363
208
184
187
13
192
520
12
171
175
343
177
336
170
53
211
46
166
178
166
191
47
8
17
322
194
34
25
172
266
183
173
200
212
18
17
182
37
495
2
1295
34
203
328
512
189
527
32
4
493
163
353
2
40
187
8
12
33
44
8
186
330
170
11
2
818
27
207
1
370
28
523
28
198
50
175
177
529
675
3
336
21
41
25
183
161
642
161
323
17
34
1608
6
3
8
37
107
835
1283
18
337
171
182
26
4
1154
12
107
349
171
325
325
18
329
328
351
196
185
802
802
21
19
9
818
51
831
163
500
191
325
47
500
335
368
8
1141
321
16
366
53
344
327
7
493
797
194
667
2
29
39
28
32
32
325
342
45
492
10
504
509
328
9
25
505
34
13
688
333
369
28
519
165
329
48
825
50
211
177
201
21
195
25
170
369
182
659
30
22
188
13
36
41
1163
162
1
743
339
37
517
197
1464
528
17
165
187
341
17
654
47
42
30
643
161
17
519
27
330
39
22
52
333
347
15
14
526
45
22
483
353
34
688
484
173
332
177
207
10
163
42
24
174
352
25
501
342
325
25
2
34
184
48
804
1220
27
23
43
343
21
9
37
11
192
811
7
167
204
266
32
171
192
48
30
207
26
518
646
15
163
835
29
354
161
820
46
351
180
322
678
166
679
165
30
196
202
329
497
182
958
210
38
45
46
37
37
182
23
180
20
1
177
24
2
1924
44
4
24
192
199
161
4
194
46
683
173
34
50
342
174
14
26
166
20
38
16
7
322
203
7
339
351
806
357
647
186
843
194
174
35
365
480
176
25
168
34
15
507
366
47
493
35
13
656
345
5
336
321
353
44
52
168
197
11
325
522
1006
166
646
49
801
20
321
354
671
481
14
43
25
26
184
354
1
658
6
19
509
53
28
37
518
482
184
7
1291
164
180
181
43
359
48
4
36
183
2888
196
205
1125
674
41
26
52
181
5
36
170
38
649
357
191
351
355
45
665
37
339
186
49
359
336
48
14
177
9
993
17
168
12
654
505
200
25
640
322
29
512
50
178
491
21
523
45
4
487
12
168
823
5
336
491
207
9
26
171
25
24
518
35
327
186
175
31
50
809
666
1220
335
836
50
479
29
366
33
485
162
987
197
9
6
210
182
52
18
179
321
367
527
29
502
37
673
184
168
481
526
4
4
338
27
8
14
169
43
177
167
643
1
203
174
24
190
17
48
329
29
166
198
516
169
2
205
14
18
5
26
186
50
32
36
203
685
330
191
320
10
11
811
13
1000
6
167
174
1626
529
836
176
197
320
339
21
171
507
488
8
193
32
41
21
187
53
333
39
354
584
345
962
17
3
182
15
340
32
326
27
498
7
344
339
642
496
21
12
165
212
42
185
12
52
37
2174
32
207
26
30
191
643
43
494
338
165
327
529
193
161
518
44
35
667
358
329
8
37
194
44
167
488
184
48
173
10
206
50
685
807
8
31
21
186
1310
22
167
320
14
28
41
1122
202
8
51
51
680
175
640
516
23
179
38
7
1122
24
327
24
24
50
351
365
1
32
21
12
351
479
47
173
16
482
355
187
332
166
174
978
1281
507
499
361
328
10
199
182
7
4718
48
342
3
345
206
1538
344
645
23
639
28
8
34
846
165
45
28
42
210
161
331
7
31
36
654
355
654
496
1136
42
653
6
1314
638
164
49
10
41
52
169
193
666
16
44
48
676
339
584
979
14
42
201
344
638
189
166
21
50
207
31
50
509
201
50
425
173
208
7
208
35
44
35
491
14
177
503
8
172
165
3
163
12
352
39
197
503
177
40
20
10
51
503
46
332
9
1593
184
492
182
489
360
995
188
20
107
516
194
7
197
527
208
2
11
43
348
680
40
13
183
959
19
194
508
172
174
808
7
17
195
353
3
368
341
495
490
325
337
181
107
196
193
650
1465
498
16
3
493
41
485
5
358
494
329
28
201
50
1
191
320
208
31
12
18
11
678
355
19
9
516
189
350
32
187
341
169
22
194
184
204
212
14
343
29
347
649
368
35
184
492
27
521
340
479
187
341
19
167
26
36
30
5
366
12
11
22
329
30
351
198
169
516
653
43
13
6
180
206
15
20
655
198
174
107
662
528
1
182
208
33
504
24
503
340
13
23
20
39
480
26
202
16
165
200
4082
667
14
37
198
209
358
9
175
350
25
194
182
3923
672
32
183
40
645
175
25
330
162
3
6
530
198
48
329
339
17
18
24
798
34
339
42
44
53
349
333
825
322
188
47
194
9
514
24
507
321
192
44
40
494
14
337
350
337
164
202
517
336
496
334
677
9
24
352
199
360
347
11
959
34
39
179
199
15
39
27
39
171
107
344
13
1277
107
5
47
28
17
15
7
168
14
1
523
191
648
181
188
162
1005
31
512
24
47
743
1
43
195
192
31
333
50
206
991
44
9
209
511
806
49
505
193
10
338
367
363
1279
9
28
28
17
10
491
516
212
38
6
48
10
326
823
193
656
4
327
26
321
185
353
21
5
646
965
29
198
509
6
15
358
50
516
25
495
36
36
34
27
5
49
363
2969
10
175
353
508
648
496
3
368
482
42
20
18
485
18
49
163
7
6
817
646
3
367
169
25
49
29
28
44
330
639
14
30
675
38
165
501
9
181
168
10
840
43
161
819
23
22
1007
5
482
185
657
48
179
496
171
173
486
360
824
367
521
15
325
665
493
13
3
16
34
514
209
32
814
498
40
9
183
336
3
804
20
9
18
28
653
169
368
327
1
24
518
1
349
107
205
195
364
359
833
212
13
320
44
36
326
20
510
499
660
24
33
484
21
14
162
206
198
198
198
44
324
179
20
328
37
495
351
208
174
5354
190
505
331
195
12
50
369
336
2
3
197
18
198
26
180
325
829
336
2
7
179
17
6
34
15
29
17
837
28
166
365
320
196
171
43
37
362
980
28
173
1157
9
989
508
682
651
16
481
20
805
14
322
53
817
325
18
165
1
3
47
807
30
3
5
52
2
999
162
194
52
479
29
165
173
15
2
18
173
26
178
362
2405
30
661
207
198
347
672
39
181
10
31
164
36
365
520
330
519
1164
14
10
324
2
206
5
178
5
196
14
13
13
26
166
346
162
180
9
18
5
516
45
330
31
40
46
162
50
28
689
49
51
353
31
40
10
488
184
196
48
658
52
210
43
370
39
189
37
30
162
519
483
20
353
38
22
1446
360
199
14
338
15
45
182
211
4
8
482
355
675
4
832
6
168
27
342
17
43
365
166
167
341
483
360
164
15
481
326
40
5672
47
211
29
358
193
41
5
204
212
26
42
688
50
994
7
523
1
665
341
169
192
201
45
324
20
3
23
660
12
29
43
163
164
16
208
209
487
28
657
15
175
11
662
31
820
196
170
24
190
678
483
178
161
343
203
29
53
4
349
329
38
1320
185
18
190
178
31
53
332
182
180
584
11
964
651
180
335
681
1314
42
364
12
638
42
195
190
1163
351
3
11
9
331
39
18
34
20
821
334
7
42
485
802
11
8
168
340
681
14
364
22
174
200
20
17
34
200
208
1
190
46
7
643
51
164
40
200
479
668
24
799
266
173
12
480
53
12
974
175
175
336
371
487
584
2651
517
5
344
486
15
34
172
13
46
334
9
840
339
7
3531
11
16
175
9
356
3
1006
10
20
167
32
6
204
172
181
7
1121
17
187
12
37
52
489
51
9
10
202
200
30
336
20
167
175
328
652
180
483
504
1120
166
491
24
196
208
805
17
333
208
530
185
51
10
3
183
1
52
181
51
15
1000
1
186
985
9
22
18
20
31
1156
2492
176
32
34
34
187
49
480
51
1
36
179
203
178
1
178
325
17
337
194
668
16
22
174
168
4
27
41
14
14
31
266
38
165
371
173
343
12
43
640
836
9
53
38
24
322
182
4
969
164
997
38
7421
10
38
33
355
660
107
666
173
338
201
171
211
35
673
15
107
368
16
41
328
647
191
2
16
171
1603
17
22
19
27
19
174
38
335
48
33
499
17
46
191
17
324
13
491
1
167
345
197
678
27
14
22
184
47
530
25
21
43
37
29
958
184
663
42
35
185
45
25
349
16
170
337
8
33
42
191
167
9
51
7
329
1
39
487
819
44
522
41
168
197
320
2
323
183
17
342
18
524
166
347
45
371
173
842
208
358
17
353
8
185
43
50
1
327
188
983
211
44
37
13
515
52
519
37
486
53
12
17
165
172
200
331
192
164
329
326
47
351
334
489
167
183
10
185
28
528
743
323
13
16
6
37
360
178
207
798
321
50
483
16
29
321
206
211
37
39
825
8
327
497
530
173
323
20
29
45
348
163
6
169
189
1001
43
323
52
38
361
35
4
11
337
169
356
167
210
354
41
42
37
843
22
21
44
191
47
505
170
31
663
508
184
21
484
811
21
649
3
185
4559
12
2
50
500
15
11
495
14
33
45
209
181
19
482
22
528
167
19
179
661
24
14
510
4
182
23
19
676
27
19
354
2747
357
48
162
819
17
355
366
22
24
46
342
18
4
8
349
498
511
338
10
331
19
22
819
188
3848
199
517
200
211
1471
529
190
2
510
50
41
16
9
4559
320
339
329
37
13
25
15
185
9
18
337
335
364
3
16
27
33
28
181
169
499
4480
164
46
523
171
21
176
17
342
25
188
53
173
20
33
41
195
15
480
487
25
347
649
367
20
38
14
643
174
38
167
210
189
643
365
23
507
840
187
177
211
668
1697
328
180
41
524
26
513
347
686
339
29
202
326
342
180
30
667
180
184
343
805
202
208
1278
35
162
187
2
662
18
27
188
179
811
36
9
33
29
181
47
48
1
52
49
206
500
45
3
671
19
4
49
31
22
180
10
643
211
52
27
511
39
178
204
184
14
584
6
332
31
352
17
31
205
327
3
179
1455
197
45
10
11
979
9
4718
207
192
323
208
362
207
1643
14
20
355
169
6
39
199
165
19
811
18
14
181
28
4
181
347
367
498
638
653
39
191
53
19
4346
205
640
42
11
1126
1006
162
8
51
356
212
643
201
46
13
178
320
168
518
28
28
6
16
33
26
41
172
345
199
30
361
209
23
30
812
324
29
352
488
335
673
266
35
657
170
35
174
36
8
5
39
370
324
320
45
180
185
174
34
21
327
320
4
30
206
24
976
206
1297
35
820
30
2
17
46
31
18
658
484
187
203
22
479
338
348
505
337
47
195
508
5
167
28
207
6
15
172
369
207
52
202
210
1
50
41
341
657
181
996
107
166
25
28
481
485
491
46
18
671
520
165
344
174
1220
815
34
658
11
966
42
500
167
26
802
38
199
494
197
17
185
346
6
4
8
22
164
27
53
194
5
199
18
18
5
26
333
208
32
687
355
1297
320
107
329
195
322
181
12
332
204
330
20
18
18
163
971
193
21
10
184
20
967
355
3446
187
19
34
33
172
6
328
329
186
4
482
50
181
19
41
51
493
339
16
329
333
492
343
1281
328
336
645
3
14
188
12
368
664
32
17
174
511
11
16
332
24
43
167
53
345
351
681
525
173
44
649
20
37
334
42
29
179
1002
8
481
45
641
487
4
335
368
510
320
171
518
167
828
506
15
14
346
20
182
50
12
37
169
34
1294
3
14
36
188
33
25
23
39
358
190
338
358
211
14
2
40
179
493
22
1
2
163
344
209
8
20
187
529
1933
838
205
18
38
51
848
34
173
344
189
41
42
193
360
493
170
49
494
321
36
2
209
14
334
199
670
813
514
8
205
18
322
190
4
51
348
26
202
172
197
31
353
20
343
361
5
46
329
36
30
811
162
16
650
17
53
22
8
528
178
22
187
5
517
11
194
30
333
16
2
1166
23
15
1538
14
2
482
47
321
18
36
14
15
186
170
1
169
38
902
16
166
37
37
340
22
46
493
170
169
4
342
107
174
171
674
342
3
206
337
3
107
676
489
8
970
202
167
185
1
323
164
323
665
37
181
27
14
12
1
47
335
494
13
18
685
20
19
4
162
209
330
2
204
347
209
17
52
655
509
363
508
7
520
654
813
183
209
343
50
47
1
357
163
498
32
51
188
185
662
51
364
342
360
170
20
212
37
174
15
205
359
1284
46
32
42
208
177
361
187
501
19
164
36
43
180
1003
5
341
23
645
5
490
18
208
173
335
985
50
3128
34
2
654
356
484
25
321
522
344
47
495
183
51
33
33
503
332
178
12
520
185
340
180
492
1321
188
327
167
202
3923
12
8
172
369
797
331
527
168
807
24
212
16
22
371
47
17
23
515
490
186
36
1119
50
185
8
12
23
34
22
29
193
204
10
41
491
49
169
335
3
323
33
835
210
496
680
197
27
10
208
371
199
165
207
368
356
481
47
338
174
6
843
15
23
266
425
34
19
356
323
30
18
175
360
803
487
369
191
4660
41
339
9
7
652
331
25
489
489
176
363
323
19
12
27
23
342
335
178
46
172
176
162
26
184
51
42
17
168
18
39
200
497
20
336
107
498
40
184
49
9
328
320
644
210
188
164
1279
425
5
27
35
334
13
16
494
825
176
29
202
365
165
321
198
177
322
5
47
362
186
362
816
48
164
12
189
49
11
491
207
989
178
199
25
185
673
2
323
351
508
332
6
43
35
20
162
320
486
169
353
506
194
19
342
168
26
195
17
17
42
341
8
335
681
174
8
189
3
820
47
30
193
207
683
652
9
21
166
967
207
39
25
48
352
814
479
517
481
494
175
1951
328
40
38
361
168
172
205
339
837
45
15
24
203
27
34
207
523
37
638
187
11
812
513
12
351
26
7
43
44
38
176
182
801
164
365
19
29
19
202
37
13
983
164
516
325
199
164
50
665
38
52
369
1
507
492
971
646
517
29
180
42
47
2
13
44
51
358
492
489
182
666
10
38
6
22
42
35
171
971
22
26
169
643
39
194
39
168
204
34
14
30
40
266
19
197
339
40
321
7
327
36
42
169
345
359
341
52
39
329
482
521
26
176
183
7
333
187
2078
425
196
526
23
11
331
368
6075
190
358
185
205
5
24
341
40
687
32
197
18
330
20
41
36
3
198
324
24
28
182
354
641
639
171
165
49
22
6
206
32
2
12
674
28
209
332
164
814
31
170
661
12
209
31
202
49
36
200
349
184
162
1
511
513
43
966
171
988
498
17
497
185
518
184
177
25
36
331
662
829
1
180
13
519
525
9
50
26
9
483
207
9
9
20
44
36
342
522
348
683
369
179
13
6
204
187
28
38
35
7
199
341
23
201
503
188
24
187
14
1003
341
192
14
6
51
177
369
205
35
188
3
482
167
522
371
165
4
21
644
53
3
5
19
10
43
493
43
21
162
26
19
42
185
266
366
52
643
337
679
182
209
336
22
353
356
40
361
27
162
332
328
801
812
367
5
7262
42
22
178
527
34
500
650
6
369
168
497
324
162
29
42
194
46
173
668
175
184
208
202
831
494
815
8
329
169
331
189
6
175
332
19
176
44
18
527
8
341
51
172
499
166
22
29
670
48
163
4
21
36
180
11
1120
167
43
334
495
509
975
186
53
366
32
168
166
200
172
203
211
514
13
170
22
24
515
27
359
196
191
183
29
2437
53
45
209
342
184
186
169
167
47
206
32
24
356
205
18
2
338
648
502
176
185
34
29
847
671
170
44
21
4139
354
6
200
18
187
1856
39
29
168
16
163
7
206
4139
42
356
29
357
1220
25
813
45
494
489
505
322
4
38
357
362
166
661
24
349
11
1301
48
648
338
13
646
172
53
43
30
1
655
49
193
14
176
28
186
48
29
3
45
172
331
665
3
336
370
15
335
29
341
6
508
162
179
814
164
29
19
495
195
37
38
36
3
28
18
510
27
4
31
189
7
677
186
12
204
684
503
14
359
479
364
364
22
356
11
37
30
24
50
203
1006
2
485
183
198
351
210
179
365
9
358
676
337
320
809
817
46
179
41
189
494
902
4
498
371
978
42
330
39
968
34
184
35
178
187
107
40
177
3052
28
1
167
669
2
5
3
7018
11
3
168
23
327
328
49
13
169
13
4
819
53
17
18
19
46
349
17
37
162
186
26
45
169
344
10
49
9
6
32
190
44
503
39
29
320
17
192
29
206
489
179
176
193
22
185
107
342
26
14
107
11
338
211
19
165
21
198
12
22
651
27
497
211
5
52
210
194
190
17
34
46
210
177
961
174
25
14
327
1120
47
642
21
32
45
490
43
12
38
817
325
24
39
36
1
324
30
327
205
834
35
185
1440
40
321
24
36
10
677
641
11
806
189
5912
173
53
8
6
39
682
179
834
4
26
38
22
32
684
1142
500
661
189
490
361
187
23
181
507
45
356
342
35
16
325
24
31
21
352
198
204
24
44
17
51
177
328
353
2
2015
1633
15
199
13
322
491
26
182
517
167
203
177
356
11
202
517
494
485
355
37
211
189
480
198
45
5
7
7
511
197
40
17
16
188
519
177
185
47
363
175
674
337
177
321
203
355
19
480
209
26
14
22
163
168
202
178
511
20
23
1144
28
107
24
425
487
163
1
41
34
161
343
167
46
1006
46
685
41
53
35
196
15
16
165
171
21
14
1002
30
20
174
173
45
1122
369
162
170
1
177
37
3
31
190
183
37
347
191
335
167
9
22
19
5
203
2
180
39
192
19
26
352
194
330
181
15
48
52
25
189
167
38
51
682
33
14
32
52
198
327
30
20
48
198
336
425
170
359
672
32
162
350
191
499
479
174
29
185
45
355
51
5
14
28
331
810
656
338
330
11
327
31
24
205
172
339
16
4
168
52
8
43
39
48
657
207
32
4
1
358
520
5
188
206
212
178
8
370
490
9
500
38
2
3
31
20
15
22
205
352
347
170
36
6
333
14
653
22
324
326
530
360
4
193
189
339
499
195
33
19
15
41
46
49
661
202
33
26
331
333
350
322
193
15
166
639
207
3287
33
208
799
1299
969
960
33
39
669
840
44
1302
640
656
676
180
30
642
211
190
685
6
325
1128
677
348
509
348
38
35
365
194
812
1697
12
14
5513
10
36
15
194
15
177
37
165
673
1379
661
51
190
24
339
656
340
30
184
10
322
357
36
39
347
7
27
481
20
341
7
343
8
681
38
45
211
182
37
49
14
10
522
349
203
51
211
42
986
362
49
15
14
17
162
681
3
501
328
362
43
523
13
801
196
107
329
18
42
485
25
26
7
674
358
32
14
194
13
35
371
39
20
818
6
175
195
5
33
364
202
51
680
166
967
175
43
7
371
30
169
45
16
688
37
164
646
26
40
799
167
184
200
48
41
370
198
177
201
12
30
43
514
15
331
323
16
322
170
162
1
343
500
660
656
8
12
3
208
204
342
495
1451
15
326
34
182
342
185
27
194
26
176
354
165
3
17
337
189
669
33
687
528
322
199
6
19
649
174
1144
161
17
996
15
481
40
45
44
1761
359
107
42
353
8
4
170
47
479
321
501
32
17
35
324
25
162
330
197
525
23
203
42
29
13
166
833
517
190
36
172
167
501
324
15
651
507
38
743
26
43
2
525
2
186
324
352
14
3605
198
164
38
183
14
42
10
643
182
20
638
12
24
171
33
16
210
353
179
368
49
41
165
334
3
370
584
336
204
184
206
49
12
197
11
354
366
332
32
529
17
338
528
168
170
173
24
29
334
47
16
53
17
506
47
19
322
43
32
2
173
169
365
43
21
514
23
17
1433
35
209
168
172
529
171
209
17
5
13
4
5
20
36
44
27
648
33
328
1
28
20
1943
169
23
43
481
169
169
4
20
191
194
190
519
9
348
320
29
171
343
495
10
1002
170
24
324
2
514
52
27
336
7
320
501
43
46
1148
181
13
183
189
39
324
1115
646
669
335
647
181
44
165
203
179
20
6
322
164
24
38
8
6
646
350
489
652
206
19
6
351
339
45
32
519
196
42
178
21
9
356
52
333
168
18
500
363
39
29
183
31
646
651
508
26
49
335
194
212
42
523
326
194
205
7
39
26
351
485
53
7
16
41
28
7
804
30
169
2
1318
197
497
198
518
329
9
11
48
642
669
487
24
22
10
3
187
4
4
43
44
346
190
16
199
321
798
23
167
171
164
675
50
266
365
520
492
48
174
645
194
337
346
172
31
44
322
53
24
47
966
41
494
346
37
185
33
196
16
801
208
186
26
182
12
490
805
1
18
340
833
1
514
198
161
183
196
688
8
41
211
161
47
16
10
192
344
353
38
6
495
343
9
36
337
9
360
41
8
18
23
10
193
370
495
487
183
52
646
16
17
176
487
33
175
366
189
23
320
517
47
351
170
170
355
680
1142
363
646
201
18
36
30
647
9
498
332
24
170
211
175
18
365
23
516
506
180
11
169
325
22
52
3
20
171
337
44
3
8
186
10
12
323
188
355
38
362
688
512
4
22
19
354
360
1277
669
673
326
24
15
43
42
190
33
509
14
170
367
337
362
14
48
50
353
30
325
50
53
681
42
7
31
21
481
6
821
47
32
975
204
39
20
167
187
3923
164
18
503
325
342
169
27
42
9
643
180
174
338
39
198
53
209
31
334
11
52
7580
502
19
37
171
170
210
9
38
523
41
526
325
9
198
180
165
36
342
2
479
29
321
29
185
53
684
354
16
1003
524
483
186
529
3
508
107
12
2
338
530
806
107
37
8
175
15
35
37
44
195
2115
107
24
173
508
846
209
49
353
5
45
358
33
53
196
498
165
359
32
27
37
192
985
959
328
194
4
506
5354
49
31
329
51
190
44
333
187
169
13
53
5
492
27
368
1123
26
177
511
21
498
49
3
107
20
524
17
174
8
211
186
43
1220
520
21
357
19
43
192
329
46
369
198
174
181
53
31
338
522
662
657
169
29
183
30
339
353
167
19
654
322
187
354
174
40
23
38
50
26
334
8
17
30
174
343
2
798
165
39
193
353
488
7
342
32
328
200
50
482
4
367
165
35
20
183
481
11
356
7
44
3
52
38
33
487
3
199
10
367
163
640
19
32
10
43
1319
1
201
356
337
39
355
5
22
182
32
331
173
210
193
828
210
39
366
179
1
16
5124
45
13
1
41
194
7
31
353
15
32
18
107
52
195
804
18
35
507
44
107
201
355
1158
107
516
647
23
25
29
1150
169
25
5
491
23
32
168
994
202
162
191
41
528
168
6
212
188
201
173
480
177
187
180
34
337
668
343
26
35
844
484
196
6
344
799
184
172
343
347
206
40
186
649
656
11
183
11
194
3
184
42
52
23
16
364
347
36
5
19
847
190
39
517
44
34
164
5
329
168
639
209
25
50
29
191
1
26
29
362
38
9
38
183
803
1310
330
1061
683
204
171
192
186
27
48
350
21
166
49
161
168
23
53
28
337
189
361
482
27
28
190
5
488
45
165
649
647
320
827
2
650
8
201
209
480
172
11
25
197
670
482
186
49
50
35
26
334
371
177
500
349
25
667
39
28
584
1
3
346
1930
670
177
334
211
34
207
26
7
187
334
33
333
339
494
352
107
193
12
29
174
201
371
168
1
184
189
677
29
485
172
2
17
357
6
11
27
41
47
47
196
15
7
35
509
999
186
35
162
206
176
15
208
327
26
164
517
177
811
185
163
13
500
3
167
18
206
1538
11
168
359
209
14
4082
199
341
17
510
351
1152
686
338
46
337
651
832
185
42
1309
180
4
11
816
345
172
343
493
655
210
47
1158
24
522
5831
324
18
24
191
178
4141
39
3
38
34
20
347
38
35
4
33
3
10
27
7
36
328
348
173
30
168
5
37
186
41
4
164
196
483
53
355
209
7
328
684
174
4
24
187
369
981
425
6
8
506
342
12
1
1
27
186
16
22
203
33
39
24
206
266
41
180
38
990
29
4
3
643
499
209
497
5
9
6
207
846
191
1379
169
347
201
198
185
43
973
980
40
485
1764
505
814
680
1129
18
8
339
209
346
197
31
497
47
170
643
848
327
1752
8
4
18
169
346
187
9
176
53
3
684
1119
649
9
197
23
1
107
38
336
993
43
324
38
333
525
168
42
184
28
53
32
32
183
196
689
7
1
328
185
804
22
51
371
802
13
175
333
504
266
39
175
26
19
334
1291
168
35
330
654
180
523
668
26
169
165
8
1697
204
22
35
359
325
336
14
169
25
1308
46
33
45
44
323
205
19
1
1
266
657
37
509
2
20
163
34
348
9
36
206
189
192
161
16
164
328
361
642
6
23
3
328
366
3
19
322
25
364
48
186
50
107
489
188
6
19
12
20
19
51
810
4
40
52
44
9
13
336
329
28
333
27
522
518
193
38
13
10
350
189
479
4
48
164
500
49
167
8
9
36
818
16
829
32
351
161
669
183
683
6
22
186
182
206
44
3
804
26
10
197
39
366
332
193
27
32
844
178
348
40
43
12
188
35
331
174
171
834
342
504
191
212
335
666
1303
172
361
27
504
322
513
9
355
512
325
25
369
41
184
1
11
998
53
184
174
1
198
193
1006
9
176
107
41
999
189
515
831
31
38
9
366
3
19
1323
366
22
196
684
107
45
50
1
33
341
11
32
491
508
1435
168
201
175
41
327
11
21
164
1138
2087
196
43
169
506
199
482
355
178
206
197
3
489
5
167
49
484
43
169
332
166
170
1123
28
49
192
166
19
668
333
6
188
187
177
2
357
171
193
25
4618
2908
333
195
171
1
204
178
19
482
41
41
41
167
199
41
177
12
1538
52
327
19
162
172
192
179
162
190
198
350
175
328
651
491
370
349
827
334
40
18
341
41
4
42
194
178
333
46
486
506
211
2
186
44
206
201
8
27
335
339
344
21
107
799
679
52
369
18
508
50
648
195
323
32
365
8
52
47
328
8
178
10
335
358
162
165
16
329
16
17
514
34
5
14
32
46
345
14
30
675
15
13
211
7
51
32
28
13
52
21
37
29
40
178
266
525
2
202
24
53
30
348
172
14
326
16
44
345
186
6
1
164
481
163
176
1438
165
356
38
10
677
8
367
29
348
505
335
49
190
38
369
177
827
164
324
107
48
808
16
24
4
344
170
499
198
3
26
490
20
363
1
512
4
206
1283
8
176
9
187
25
38
9
489
29
107
36
7
107
9
320
39
366
6
6
689
40
192
354
529
371
42
3
37
4793
107
327
44
206
15
3
53
18
30
167
44
14
206
27
25
190
176
33
203
204
3
163
20
161
5
7
7
19
489
359
506
1
20
207
166
44
33
168
11
506
362
490
29
181
208
354
180
9
818
342
511
37
351
1
2
357
2
3
22
43
6
169
2
51
205
834
197
490
1119
16
197
351
645
347
8
207
210
811
50
337
182
15
5
329
168
42
26
25
42
175
41
638
166
1
43
490
25
324
33
8
34
501
519
184
15
8
45
35
664
20
15
191
354
4
521
198
36
53
13
196
344
645
185
162
321
499
1466
678
330
193
13
32
369
24
10
46
42
178
168
484
834
39
180
351
824
522
7
186
30
41
363
184
323
641
189
12
332
107
191
193
961
5
46
26
25
175
38
177
2
174
180
4
30
183
1061
425
48
31
167
499
352
1753
368
20
27
363
49
164
8
204
163
326
324
190
9
332
14
657
326
52
348
183
664
22
331
674
44
363
194
168
334
164
362
11
45
17
9
212
162
3
355
23
29
38
44
21
343
510
27
26
202
45
183
45
44
196
48
195
816
14
976
368
29
176
343
195
519
29
5
35
39
513
19
15
179
367
5
21
17
20
1606
520
35
204
8
493
334
358
676
188
830
16
333
200
968
22
19
212
13
15
333
336
364
53
519
30
3
200
28
642
481
179
170
25
332
21
10
206
173
494
43
175
31
813
186
52
35
9
48
43
4
334
49
187
330
25
642
20
814
53
168
9
35
335
27
9
508
1
482
37
53
12
179
162
35
53
40
332
39
203
3287
208
32
168
507
196
15
7
27
425
7
364
174
187
194
323
3
320
183
512
341
47
321
7
10
977
32
677
515
181
173
203
333
186
494
47
19
336
205
17
957
326
190
35
196
16
197
21
369
204
358
678
326
36
190
23
320
40
21
1317
492
43
959
32
9
363
11
677
38
2492
186
20
191
344
10
11
48
327
9
211
189
331
335
176
2
2
209
5
9
337
21
322
837
208
163
526
9
13
171
194
360
16
11
362
332
46
3
2
8
362
4
195
8
192
801
7
482
192
211
32
191
199
181
968
167
29
42
1162
186
1160
193
1444
331
19
11
189
210
335
497
181
169
175
2
32
28
169
31
199
4
25
3
50
837
192
353
807
345
523
35
321
4
351
7
192
161
358
6
29
166
14
647
30
2
48
26
353
669
207
482
346
491
48
183
18
181
364
322
33
348
46
49
31
26
164
43
178
24
523
364
5
327
18
47
181
323
347
331
344
358
186
12
183
10
642
821
367
200
41
7
19
165
12
5
362
320
355
365
9
9
666
808
12
201
204
3
191
6
17
184
42
188
651
973
42
168
185
365
168
649
192
178
197
169
366
514
350
25
48
53
202
21
198
328
3
6
9
495
195
335
328
187
51
4
12
320
502
981
483
353
2
29
24
4
508
47
35
11
362
169
15
346
961
162
3446
21
197
339
14
9
482
338
41
6
36
37
37
642
37
167
339
3
19
195
15
24
204
170
190
181
328
974
358
191
30
20
42
7
519
47
180
34
6
25
198
330
192
51
29
320
36
22
194
333
28
6
334
361
8
357
27
188
330
8
43
361
848
333
486
339
353
27
811
34
206
492
21
36
38
816
52
2
4
675
12
1299
7
21
28
52
1146
184
2
329
527
48
20
205
203
11
19
7
24
16
364
37
338
345
484
107
42
339
332
3
209
198
8
641
16
163
42
529
188
45
161
28
18
1119
204
204
667
171
34
49
520
371
348
330
320
675
640
7010
371
21
164
31
339
20
48
200
4
29
349
10
42
968
192
14
354
326
324
326
192
18
167
107
26
22
47
847
494
334
179
39
34
323
509
17
46
30
21
820
340
503
325
33
48
18
10
44
11
177
16
177
13
822
12
211
344
32
34
5
201
23
1538
37
33
29
51
366
12
5
9
365
333
332
34
7
36
22
174
163
211
3
42
195
176
192
1136
20
799
4
681
196
30
524
489
31
47
484
179
24
22
328
1
686
38
161
206
12
349
655
14
352
24
166
803
196
8
34
334
16
266
3507
15
15
504
191
4
654
11
2
107
17
1
171
340
365
22
183
665
183
485
828
43
45
171
355
161
31
331
198
653
681
495
29
356
50
335
1005
19
1124
323
489
45
30
521
24
204
192
351
972
338
1
367
16
182
1
189
5
15
186
361
9
23
1120
1147
194
43
367
337
38
21
346
9
323
493
50
320
348
337
360
173
52
31
501
48
321
1157
496
371
1279
14
19
23
333
41
2
192
369
25
11
172
181
340
37
40
40
325
21
25
40
11
21
36
743
350
35
29
17
30
325
339
36
38
341
27
678
27
26
4
14
194
176
369
169
190
197
1156
370
186
38
3
1
40
659
166
210
9
164
167
18
175
7
509
37
352
15
180
42
657
27
162
485
31
328
12
15
38
46
33
166
521
366
987
193
163
8
349
211
830
196
361
11
331
329
1149
348
1131
10
1
23
33
991
341
174
186
22
201
18
19
169
985
682
45
16
1
202
50
20
165
11
352
480
202
47
184
29
322
52
186
338
336
19
812
191
4
173
21
185
479
168
323
17
11
47
37
1120
39
53
182
648
203
36
43
178
35
42
501
18
345
528
366
9
192
16
197
11
206
490
487
176
200
3
334
199
23
334
167
12
39
1
489
21
327
23
165
212
30
18
45
2
37
28
370
330
826
530
204
201
200
11
4400
5
331
2
194
670
204
987
30
21
202
172
506
341
202
2
10
195
205
324
44
7
209
45
503
321
25
980
21
169
161
18
26
488
188
20
24
175
365
327
164
677
813
14
3
11
504
15
52
968
11
333
12
29
52
677
194
198
10
32
194
31
510
39
799
24
2492
107
499
39
195
15
661
323
497
185
177
324
334
184
1220
338
170
681
35
1163
174
162
810
31
339
10
347
52
18
29
493
337
203
196
48
25
24
7
107
173
688
27
336
173
22
161
170
162
18
45
21
21
902
37
343
25
7
188
172
2
212
183
15
21
6
10
169
202
16
169
643
1
343
358
644
13
43
29
509
16
6
11
162
517
38
204
47
166
493
808
179
4
168
10
485
45
206
10
162
34
34
50
196
13
25
798
163
6
482
2
201
53
47
1220
355
27
2
522
11
15
19
345
179
180
6
180
26
26
162
484
1
7
37
20
19
205
49
1320
184
28
1
168
172
195
2
345
16
4
209
1
23
42
28
41
176
12
21
479
333
180
342
967
202
189
17
28
341
46
33
194
26
192
167
49
8
176
665
27
810
804
52
24
526
207
344
647
11
210
4
666
49
21
174
36
7
167
323
31
185
12
670
334
1320
6
211
3
208
181
19
517
31
340
107
32
526
52
46
491
198
15
49
484
5
49
168
1137
13
17
24
48
6
678
36
340
185
182
183
19
333
38
2
6
47
743
326
51
163
166
2
524
365
528
6
169
366
19
165
207
15
41
656
43
351
175
8
9
507
52
346
981
203
197
976
49
3
11
187
192
483
497
27
47
654
511
189
3
349
364
171
524
11
49
30
172
30
797
171
166
651
666
671
2
50
46
847
167
30
352
34
184
43
9
332
353
24
24
212
34
650
832
343
42
176
24
190
11
501
20
35
35
38
3
2
362
480
166
361
7
816
349
28
35
21
344
359
169
848
41
210
340
208
19
3
39
10
494
162
162
170
3
26
181
4
190
327
182
202
11
24
1322
169
39
14
503
205
163
207
518
425
180
504
169
500
7
190
14
170
485
7047
481
358
163
25
206
190
196
360
182
368
18
336
480
7
3
1153
4493
17
3
34
182
51
516
169
182
19
5
24
197
47
8
44
161
192
205
193
202
47
46
22
266
515
18
170
330
172
676
41
493
193
327
34
45
17
498
14
367
363
161
1782
200
26
25
332
18
50
7
4
162
169
209
37
363
21
163
10
183
49
40
341
29
355
207
5270
999
48
187
188
36
47
8
36
350
189
43
4
194
45
183
504
512
3
189
47
339
23
327
350
1538
26
322
648
174
355
425
164
180
198
366
328
524
902
322
29
28
989
23
33
17
327
516
347
181
169
327
480
19
178
987
266
50
22
49
818
24
525
43
19
42
32
29
11
166
333
350
333
31
13
32
321
823
37
171
2
183
9
50
15
169
2397
4
190
356
53
322
743
334
51
367
178
335
205
2
9
2
530
174
823
353
192
349
166
178
16
182
28
36
323
989
15
346
9
50
347
162
25
167
183
29
44
674
10
192
3
36
847
4
43
826
639
7
174
52
662
25
1136
5
6
8
167
184
211
339
186
321
39
10
965
12
323
17
23
668
208
6
52
190
351
266
199
10
31
357
208
48
12
24
178
191
9
671
497
33
13
672
11
200
846
51
682
2579
29
17
343
681
352
360
17
194
42
341
20
847
13
822
199
333
41
48
43
53
355
2
9
178
188
31
172
23
482
175
799
685
185
351
26
5
361
39
15
645
659
41
25
194
15
190
4
178
27
322
679
29
1483
40
208
355
10
27
825
359
26
15
42
1139
363
167
190
500
47
338
182
13
339
171
10
356
30
23
28
200
38
10
162
29
488
49
5
663
47
343
679
12
526
13
4
21
360
11
165
44
178
16
1697
1600
960
325
504
173
203
676
51
25
209
333
23
335
669
42
10
169
15
16
18
5
841
496
3
211
39
37
178
328
172
199
50
8
518
29
166
11
168
204
193
14
51
646
161
185
28
