372
40
170
802
545
543
184
805
121
14
7
99
4
395
44
257
37
21
40
267
12
106
875
28
122
340
18
799
32
86
170
113
20
39
40
2
188
51
1034
754
439
41
52
297
173
457
244
241
581
34
104
598
127
40
16
3
326
301
550
46
52
304
50
177
1177
383
104
38
264
101
821
95
116
92
519
600
839
28
164
325
138
244
190
177
117
598
42
298
123
252
158
239
22
106
377
95
155
41
177
76
121
551
34
21
175
188
167
656
101
184
261
109
383
43
154
177
149
1024
405
23
254
531
183
4
270
305
99
101
13
503
236
78
598
1185
66
82
51
3
16
58
45
250
1035
252
35
136
238
37
371
22
193
46
33
324
165
42
168
384
191
207
331
129
25
8
29
65
14
681
53
99
51
129
29
101
105
10
95
110
55
20
9
155
20
1
106
159
381
332
245
3
604
59
527
114
133
312
16
6
88
40
35
54
24
23
256
337
669
393
47
379
26
266
114
2
70
1229
23
93
620
179
39
92
26
111
169
39
25
56
386
310
110
102
918
28
245
123
114
17
110
113
34
172
109
311
184
114
178
20
10
25
129
233
1090
312
44
114
123
13
158
26
246
90
236
238
7
384
968
467
41
41
34
35
46
258
32
461
240
185
183
463
325
48
149
244
515
40
43
323
131
1011
112
168
179
295
460
321
25
310
101
55
30
14
42
20
517
752
199
299
383
312
317
34
181
12
106
159
822
74
123
322
31
39
51
383
26
263
333
31
170
112
51
41
56
16
395
122
531
331
321
105
189
448
106
250
58
13
39
1027
321
22
176
546
101
108
111
106
38
124
284
21
181
4
559
154
734
436
26
227
26
42
8
35
383
317
316
276
34
102
33
249
172
812
20
40
252
26
617
36
39
8
11
36
91
37
17
62
99
11
22
2
1010
10
633
745
258
40
99
206
155
313
187
174
144
17
670
103
125
54
226
14
243
124
106
245
316
314
157
320
181
263
178
52
6
236
101
325
232
88
96
23
172
250
333
58
54
117
93
578
30
632
677
677
27
481
104
440
79
663
902
33
189
32
50
472
48
46
22
20
229
172
256
448
253
35
181
307
102
334
189
35
1015
54
29
37
86
819
550
298
328
350
34
343
26
33
1735
92
22
411
537
27
20
76
4
30
55
32
33
1240
337
674
395
123
76
112
246
21
313
51
30
750
164
1383
2
171
191
44
514
1527
64
21
38
178
463
21
151
454
226
134
123
9
41
219
102
246
169
254
228
468
122
9
98
115
11
116
188
36
241
161
190
13
38
468
297
102
118
19
7
196
29
279
29
64
556
109
24
119
7
20
178
39
80
26
97
528
110
18
346
41
188
4
40
38
37
236
111
802
582
202
5
4
264
118
173
386
227
184
43
104
39
940
597
328
130
110
244
177
71
647
39
34
817
28
1093
327
177
372
154
123
39
107
100
47
100
18
238
243
121
608
731
60
243
1058
316
271
48
673
16
184
2
98
68
11
46
62
98
122
168
241
18
269
40
35
136
24
37
36
43
121
329
175
337
60
430
99
45
43
36
76
596
59
598
34
38
17
29
82
94
172
12
122
183
108
94
324
1
51
35
1039
335
189
55
5
42
610
184
153
45
51
511
47
83
94
272
168
95
39
150
108
342
17
814
436
830
37
154
36
117
8
98
110
189
37
46
485
38
46
21
39
21
98
171
669
837
15
118
96
47
7
29
907
15
823
389
189
16
94
240
53
87
24
176
196
1166
25
688
22
33
104
119
185
160
19
104
545
19
316
109
36
198
175
257
23
248
25
10
100
33
754
111
173
117
94
126
2
425
93
179
5
823
90
107
39
40
174
243
267
176
481
619
49
19
19
29
101
17
21
235
128
33
109
42
735
58
1029
184
810
234
111
111
374
396
8
176
47
85
25
85
255
184
258
250
46
42
103
101
269
2
170
98
1040
596
111
15
378
1261
225
243
45
240
555
47
31
166
311
24
203
541
110
97
112
75
101
194
5
887
189
249
45
32
529
532
152
17
609
258
121
317
38
331
62
171
332
538
23
137
40
28
33
103
200
202
45
551
55
34
17
389
110
99
112
30
254
166
745
13
98
278
14
24
63
19
91
97
1099
325
250
251
106
402
11
114
371
14
474
239
100
44
184
73
295
29
194
43
321
41
183
185
113
1
54
324
29
112
65
35
96
24
108
36
151
31
396
97
454
165
539
52
160
40
10
116
48
4
334
631
172
665
254
32
372
221
328
177
15
532
43
304
515
87
127
259
95
3
610
307
146
33
250
45
324
190
71
191
96
299
92
102
249
76
407
108
39
113
165
605
158
28
114
341
20
171
461
542
45
190
9
102
11
246
521
387
339
26
478
184
183
120
467
301
148
390
103
5
106
5
104
262
101
99
69
193
12
238
112
157
36
238
49
18
1
57
179
49
62
100
398
103
67
179
64
64
245
770
111
49
447
2
59
449
49
411
48
116
43
38
248
314
25
33
442
12
615
28
131
176
85
263
29
62
3
176
44
46
37
104
102
17
35
103
383
100
94
87
90
153
10
86
272
29
2
60
18
25
44
25
322
28
327
12
87
196
170
144
316
23
620
310
199
321
48
267
1168
243
30
204
388
557
116
51
809
244
51
317
53
168
249
21
246
176
191
234
44
8
8
48
330
123
97
51
668
199
431
179
167
254
313
365
123
40
177
328
179
492
43
30
193
37
83
62
87
107
329
471
54
54
176
112
251
208
468
81
8
462
39
117
82
161
39
154
964
647
462
52
2
231
474
907
805
108
109
929
1399
298
122
17
96
242
250
49
1
42
1379
101
9
115
52
63
24
191
45
73
107
21
55
875
677
39
317
39
136
122
51
17
393
43
24
308
129
3
21
18
389
22
15
1298
129
959
1
17
9
312
109
33
268
606
54
79
317
174
168
92
457
263
106
51
51
25
26
112
185
99
461
224
3
330
174
43
89
391
400
102
106
12
30
379
1
129
29
25
171
101
257
39
92
48
36
38
41
114
408
48
34
38
392
87
311
28
25
166
19
121
36
17
263
725
250
34
330
19
63
159
386
1
77
40
124
413
15
257
45
259
478
505
236
240
809
161
963
155
408
338
462
7
131
115
5
38
108
103
538
176
71
666
86
58
190
34
249
452
320
59
18
34
368
267
574
174
33
15
258
395
388
267
829
79
39
22
192
152
124
318
58
37
254
86
234
51
104
543
95
98
30
33
18
12
128
92
333
93
30
3
306
461
61
467
522
654
313
239
25
542
1453
323
111
178
63
43
124
948
28
11
375
176
39
467
456
63
18
537
515
29
12
40
17
100
391
104
463
383
802
123
34
116
67
101
325
37
114
610
36
21
7
163
189
33
714
299
111
61
48
306
43
208
15
28
241
39
139
177
57
85
112
18
444
181
149
178
4
124
123
209
557
404
612
49
631
390
749
161
110
37
259
22
271
109
175
245
316
114
29
5
807
16
47
256
404
26
1
87
117
692
180
162
29
271
97
226
303
33
232
117
173
47
37
114
247
23
16
43
105
1
88
90
258
180
382
1
108
115
80
180
30
806
518
111
1027
183
193
326
96
52
187
50
34
63
110
18
32
27
114
185
560
331
97
189
63
110
47
89
112
112
443
34
104
399
37
93
65
38
333
51
473
104
128
37
5
135
45
17
385
190
895
521
519
254
409
1
332
257
13
48
266
36
332
21
60
120
116
383
111
183
312
114
43
211
67
366
51
956
167
41
37
61
817
517
385
44
272
18
28
557
688
169
268
13
48
34
166
5
393
129
9
175
50
229
184
136
233
56
110
37
257
22
77
378
24
98
41
173
173
100
46
163
95
461
42
66
384
13
42
274
379
174
6
542
39
749
119
680
83
33
126
187
75
176
108
106
1
177
202
29
30
411
334
65
25
41
156
234
30
154
448
177
40
46
126
81
116
667
442
75
10
165
45
307
33
36
27
35
1957
91
99
50
92
733
7
95
61
159
462
53
260
51
45
39
474
247
626
188
109
43
53
47
28
327
37
45
115
196
251
358
203
87
347
45
131
116
36
87
32
62
2
618
57
34
4
188
666
259
11
249
457
179
21
155
37
183
119
127
749
79
133
10
46
250
30
534
34
598
388
78
200
336
390
199
404
8
102
393
903
42
115
107
960
234
393
204
161
3
23
3
22
102
320
114
113
813
11
14
391
761
108
185
102
258
625
325
379
473
40
108
93
34
14
153
404
74
757
282
315
221
253
35
470
28
303
3
44
24
48
392
333
244
22
2
113
315
251
42
808
234
92
302
40
12
303
258
119
30
52
95
612
19
37
45
136
122
40
246
40
1301
118
4
184
38
19
100
103
47
165
182
38
21
543
252
728
250
60
182
46
37
18
160
39
323
38
11
20
34
668
188
117
175
38
1177
53
173
56
184
49
6
187
37
669
1041
42
1022
793
308
178
59
47
177
415
26
44
301
96
109
38
53
179
177
67
42
25
258
329
36
242
302
49
11
52
786
353
39
195
168
742
39
117
467
755
5
102
198
96
90
192
748
165
736
306
381
84
107
44
368
50
1304
60
81
662
56
188
320
343
191
81
41
34
682
27
96
400
11
62
184
87
36
399
306
163
185
169
290
31
310
55
26
30
42
461
87
766
59
260
174
303
458
164
252
41
462
27
263
61
480
110
821
1004
104
168
170
255
62
77
404
178
539
37
18
17
29
4
247
189
393
122
12
54
493
167
477
768
247
36
46
757
40
48
88
233
1366
249
42
171
677
17
345
222
401
18
323
25
166
537
124
122
53
17
100
63
377
454
164
9
270
92
474
35
821
181
30
104
403
6
253
326
57
296
751
125
255
142
9
21
99
54
688
751
2
173
37
182
92
28
35
87
124
239
95
456
29
111
199
72
191
45
693
163
1166
32
28
183
262
384
29
32
405
194
187
747
6
469
678
1
40
443
13
25
17
101
24
86
47
53
180
241
825
73
460
105
102
527
969
19
26
14
63
48
106
377
458
531
232
171
28
3
41
124
105
39
121
49
29
205
535
82
181
305
111
97
17
1
126
32
119
41
1331
253
243
293
40
27
330
92
358
49
304
106
679
41
108
41
90
20
42
455
11
95
146
247
397
42
676
7
385
381
4
598
273
191
447
26
184
256
177
32
32
163
94
35
57
383
8
120
17
240
113
6
105
19
468
33
17
194
671
29
537
142
112
184
171
107
298
59
177
297
323
411
31
30
442
23
324
442
946
69
37
188
249
6
947
18
50
54
243
55
102
38
236
173
531
186
172
116
1684
390
105
186
11
30
40
512
97
41
606
467
21
326
169
97
87
542
23
123
23
110
532
263
413
192
331
388
310
100
253
58
173
25
466
308
1027
134
454
538
273
62
311
329
228
469
404
17
27
169
28
1104
115
22
116
113
101
30
254
183
27
450
4
205
95
743
49
109
6
14
550
588
586
35
258
667
94
52
179
116
15
13
377
110
238
120
8
25
553
12
752
157
9
89
29
115
329
337
311
463
316
676
932
89
36
121
29
39
368
116
687
2
44
269
56
33
46
21
742
476
87
815
971
46
832
115
159
253
809
21
38
95
104
188
129
377
483
330
314
180
5
541
166
28
185
168
85
302
1
50
244
28
119
98
21
110
37
53
5
37
691
37
455
328
323
184
552
35
115
34
333
63
15
12
179
42
327
184
658
18
124
1
389
90
232
9
29
382
13
174
47
467
26
373
7
187
42
26
122
751
396
58
100
51
250
255
239
34
109
106
118
12
1370
44
40
246
110
169
313
349
3
33
22
164
6
119
22
45
252
179
102
56
107
6
27
134
85
83
406
242
946
176
320
1024
451
260
29
181
202
99
117
279
527
225
816
189
185
488
13
29
466
22
80
454
384
126
206
339
54
168
1171
168
18
254
412
316
267
315
91
103
254
45
61
51
21
5
45
107
649
236
196
3
254
25
516
268
19
168
752
32
263
15
206
233
174
26
211
576
121
31
29
86
299
126
505
340
119
93
91
39
390
94
47
110
82
1607
9
27
132
242
31
402
37
229
390
444
20
33
52
380
24
519
5
383
174
26
172
112
17
46
196
117
318
119
274
414
167
298
27
749
163
105
53
104
227
101
167
32
22
7
252
630
320
977
120
175
466
313
39
460
27
91
21
39
24
97
166
33
471
39
40
95
55
471
186
107
116
300
5
323
296
484
49
551
205
69
135
5
187
24
90
37
182
184
43
25
111
13
88
468
32
6
46
759
952
111
242
5
33
102
36
664
477
40
48
68
171
103
110
224
477
103
58
30
139
187
11
39
107
250
181
43
32
10
99
54
361
21
678
236
12
42
32
656
23
42
402
126
118
57
261
30
145
627
29
4
665
248
108
113
164
75
3
190
107
103
19
339
208
1
298
27
184
258
19
27
29
180
1181
598
1
45
340
30
67
37
38
49
14
389
141
699
128
482
111
4
36
37
29
313
390
413
1111
130
180
177
59
261
144
28
548
13
9
116
41
43
26
301
42
89
64
320
59
178
504
65
382
18
830
103
166
32
156
249
752
83
35
1
676
241
45
163
249
23
16
192
108
399
334
331
816
1187
2
450
65
5
76
245
125
54
37
41
111
242
310
25
113
83
420
36
26
63
399
104
115
273
138
23
247
1295
161
60
12
182
56
18
126
166
232
170
416
396
545
33
61
1031
1106
16
88
40
105
95
17
53
163
102
41
184
311
234
147
670
599
32
163
100
404
31
109
39
34
317
164
243
46
30
71
366
183
47
82
166
34
461
1
84
184
36
88
69
36
91
196
1094
1123
175
317
28
25
351
30
189
90
598
37
93
450
24
145
8
536
247
57
108
38
321
190
307
122
224
744
182
21
530
324
176
302
457
20
30
409
553
181
115
455
22
415
62
113
403
694
22
98
836
126
751
1106
4
170
318
36
110
170
29
246
42
620
1024
47
115
206
13
84
24
50
303
3
22
608
21
306
134
20
89
29
731
66
126
167
22
142
466
63
41
97
21
622
17
2
134
151
90
184
29
40
45
101
85
17
21
238
533
50
399
197
196
342
110
88
107
1
43
11
539
25
591
593
113
187
8
305
107
10
102
47
178
16
316
481
458
453
268
55
392
6
740
125
9
6
32
223
47
106
486
172
410
107
300
172
29
24
366
13
336
325
83
274
297
29
34
625
292
116
170
46
32
186
670
128
180
170
40
13
84
7
432
110
29
18
407
14
104
309
53
193
396
3
120
188
20
27
226
1110
56
42
745
332
111
40
175
171
35
243
182
267
147
56
169
48
102
114
48
387
37
28
1025
466
15
49
232
123
745
32
198
40
64
27
28
28
104
236
79
260
241
112
181
300
58
440
210
107
19
224
34
109
109
541
1
40
41
167
257
117
17
300
233
205
27
46
16
44
33
373
2
116
180
464
179
175
124
318
242
24
99
109
33
407
200
464
175
244
194
309
230
197
12
331
535
820
115
399
522
176
43
388
274
53
89
90
104
526
184
24
128
42
102
88
191
848
544
104
15
59
89
21
56
450
700
110
65
322
545
65
56
43
546
49
192
54
115
99
11
11
33
95
191
43
16
879
104
26
97
155
220
47
325
270
88
60
115
379
255
260
196
274
192
21
4
15
192
21
34
332
204
12
31
271
80
14
413
179
181
57
241
6
535
168
42
387
310
26
239
21
110
117
177
1
24
47
182
230
30
32
189
167
131
72
155
118
554
2
176
28
85
244
164
32
78
613
351
92
31
23
46
324
300
666
41
39
113
94
624
302
44
61
120
57
121
117
185
111
181
58
255
93
234
665
244
165
37
31
35
238
82
52
3
250
53
231
478
386
239
304
129
740
275
183
388
541
14
84
190
45
28
19
96
38
386
297
127
340
37
315
107
957
164
253
32
751
167
40
30
185
258
367
1106
5
237
102
13
254
10
181
312
61
53
178
104
163
58
11
9
814
530
355
108
66
157
676
328
127
117
375
441
191
177
48
231
30
170
533
36
42
14
79
2
44
162
250
244
105
42
63
38
22
52
30
390
18
120
91
100
48
56
361
136
50
171
85
43
162
616
318
43
116
113
100
9
186
474
19
43
399
456
254
105
403
7
174
17
742
123
31
83
206
13
694
301
604
394
13
32
109
13
103
94
730
267
374
98
193
967
27
477
303
10
34
26
450
279
157
252
152
307
48
237
253
456
6
655
261
111
104
64
66
59
181
40
192
536
1035
320
42
817
594
21
110
388
194
319
176
330
98
271
4
252
534
5
41
39
90
252
542
74
22
387
693
478
25
21
471
50
46
452
166
103
252
371
30
328
375
52
11
598
47
247
6
27
37
472
39
65
894
106
26
651
123
317
114
265
12
198
41
34
92
522
473
12
409
175
176
118
303
57
125
238
312
5
390
1320
82
127
251
114
260
74
38
256
244
38
8
13
90
709
960
29
112
51
664
195
50
199
125
99
475
188
38
37
80
55
673
85
235
270
102
236
87
54
47
11
120
53
407
149
34
45
39
56
183
73
516
235
345
39
113
402
50
118
304
203
315
461
23
809
1
34
385
17
615
325
43
94
147
115
453
45
466
23
93
119
122
318
79
1
302
83
51
47
182
352
179
48
45
397
321
34
100
162
179
8
251
16
405
68
616
173
43
124
42
49
21
596
843
33
31
27
524
746
468
30
35
6
168
36
99
73
46
657
26
136
153
57
105
198
110
106
11
256
542
304
22
21
27
61
250
96
536
773
332
6
389
110
20
158
112
244
473
31
83
118
42
33
51
474
43
170
18
88
14
324
740
91
3
100
143
65
97
35
43
1173
48
43
8
41
871
123
62
613
540
888
249
48
300
182
217
545
54
6
102
27
310
793
30
51
402
104
114
456
250
93
6
618
166
91
39
689
3
176
243
102
49
242
300
17
265
20
244
125
179
89
700
171
182
31
383
55
61
251
109
260
1734
37
50
100
187
121
164
536
93
111
35
180
80
744
255
247
316
105
160
25
131
28
114
161
230
55
204
252
250
22
605
44
3
307
468
38
39
159
399
60
1597
36
15
2
611
403
29
79
56
10
121
735
245
129
188
13
43
400
49
395
128
20
50
27
943
104
179
375
28
63
119
262
99
77
13
20
117
251
3
47
228
13
26
36
326
454
19
123
192
23
69
768
52
967
107
18
65
164
398
120
10
17
619
82
680
190
10
115
37
35
741
18
381
614
87
1185
187
114
729
61
257
256
98
170
413
108
236
603
57
10
43
521
331
49
97
106
158
22
452
473
159
537
37
635
170
123
317
127
24
258
897
606
234
516
451
361
594
49
26
2
144
183
270
192
53
181
36
340
53
27
119
168
98
21
439
413
522
486
108
41
200
378
301
35
165
462
953
171
201
146
34
247
596
624
394
117
39
21
1046
177
5
13
321
157
186
249
92
173
312
63
437
726
106
47
108
37
174
38
272
117
952
170
251
241
11
26
187
39
104
123
29
24
39
138
9
94
100
37
189
53
196
152
159
19
103
39
197
255
46
117
101
178
20
165
102
343
601
17
182
20
80
116
40
893
119
967
181
24
30
245
472
73
296
10
54
104
239
261
10
49
106
8
250
1
61
400
821
88
43
94
166
51
27
18
244
9
348
40
120
23
889
397
3
2150
959
179
123
246
186
85
40
524
22
452
751
28
106
2
30
8
401
98
166
109
505
44
47
45
39
98
103
237
318
20
70
330
250
39
51
86
459
161
33
53
301
201
192
828
15
12
34
669
673
483
49
322
410
100
122
2
230
315
41
401
35
20
588
471
38
56
481
322
32
91
269
325
60
236
876
118
326
103
92
111
117
820
123
40
90
53
613
440
36
229
54
71
378
41
92
101
51
318
428
540
578
46
737
94
425
103
118
109
66
541
38
54
32
26
95
399
52
54
618
241
321
176
118
1677
183
17
45
328
46
325
41
608
178
366
55
111
2
322
301
378
109
382
393
364
3
27
463
182
410
4
57
240
191
92
25
584
241
77
243
84
608
53
33
83
8
533
122
1326
36
12
177
49
469
20
23
33
19
93
59
260
401
44
14
255
123
109
106
595
31
377
234
750
254
26
1
36
388
167
462
25
12
821
16
200
1313
157
890
105
345
100
36
178
402
200
26
174
127
20
308
738
6
322
27
89
71
409
253
308
9
168
416
46
963
32
549
267
151
900
227
843
175
135
4
325
23
192
12
58
18
46
16
107
87
1157
36
172
102
110
197
44
413
1314
254
254
44
1165
591
11
7
18
1016
458
627
161
229
22
26
32
48
458
43
115
326
410
274
643
162
107
103
198
46
3
231
455
168
47
207
199
251
599
23
38
23
634
40
7
49
327
760
534
16
18
34
329
155
250
109
876
333
36
30
207
248
58
47
55
116
37
106
110
305
49
43
319
31
64
117
84
184
12
330
1288
7
170
31
113
82
43
182
810
31
240
38
236
1034
312
37
295
154
242
24
41
970
27
327
399
949
955
162
47
126
186
37
10
113
64
672
2
30
180
24
105
408
28
190
170
201
386
625
179
48
29
7
534
585
181
29
22
42
125
24
179
71
53
123
832
100
11
58
15
1
7
72
8
132
104
113
19
79
101
443
407
103
176
33
52
25
38
24
136
28
169
315
395
177
59
314
245
393
629
298
454
396
599
91
94
595
30
99
18
613
16
40
2
27
3
6
155
181
43
27
252
21
251
103
158
249
551
125
424
809
4
107
334
923
22
27
684
695
29
91
37
458
189
480
189
42
592
37
295
17
475
1
27
15
176
37
298
49
248
532
173
35
548
235
242
253
313
38
7
133
449
112
22
180
37
172
795
45
670
110
184
63
108
114
243
1230
171
100
324
509
2
755
39
89
110
224
683
460
26
3
29
537
256
19
9
251
4
24
128
181
49
32
161
81
89
26
178
136
408
10
262
547
537
116
1234
745
529
55
60
27
978
27
117
27
3
48
408
535
188
3
32
7
39
106
398
176
398
314
240
10
95
198
185
247
198
108
473
173
187
165
30
42
222
9
309
688
61
93
370
385
1
534
675
241
462
20
103
109
545
32
105
157
1
37
57
267
191
107
256
78
319
26
22
339
114
389
47
19
328
103
11
339
35
955
234
877
248
548
46
46
10
296
136
56
52
314
16
172
330
622
32
662
173
240
51
101
45
25
45
13
690
329
247
193
32
373
7
550
447
40
209
331
175
42
27
62
58
96
532
242
955
558
38
80
42
26
586
1102
27
201
32
600
20
308
97
101
40
317
56
607
275
26
92
121
193
86
49
703
38
274
462
240
37
43
606
26
11
259
85
81
744
129
544
812
183
30
54
107
1
169
50
98
51
684
310
19
1375
19
406
189
123
286
35
837
47
667
687
187
32
456
234
34
125
45
54
244
40
777
173
115
1108
244
438
112
27
372
4
333
275
29
244
319
76
170
315
15
486
363
381
41
108
246
307
887
269
229
528
66
35
31
252
4
97
202
514
96
22
739
28
158
117
27
37
102
121
397
118
23
178
183
69
102
905
266
102
199
5
2
186
104
174
18
262
472
38
131
37
458
30
547
402
22
455
225
541
29
32
950
608
45
44
182
38
526
108
104
19
122
259
8
1
54
3
174
594
48
190
176
385
1060
256
822
161
13
37
46
75
211
150
3
678
37
182
19
237
681
1178
399
319
45
1046
52
21
1
69
117
98
27
326
178
25
386
26
222
28
52
233
618
42
339
40
94
104
255
26
26
554
367
1
121
1525
322
4
106
27
347
2
93
53
25
19
36
312
232
129
18
157
5
161
51
115
172
91
6
112
182
167
108
181
56
1253
251
46
264
121
113
263
58
110
389
43
15
117
384
195
30
101
34
89
51
37
70
663
476
61
275
66
15
478
103
42
845
79
4
13
67
58
336
93
96
320
588
30
261
34
479
84
463
5
185
219
48
199
112
308
442
21
55
11
296
1319
43
317
108
43
928
36
23
187
590
307
261
155
178
333
1149
32
38
38
45
32
12
36
39
91
16
372
449
50
39
37
259
127
407
823
1231
300
169
81
35
107
5
333
13
111
43
82
83
33
482
19
20
100
181
54
45
38
13
21
224
42
203
92
31
12
21
113
30
14
398
33
46
118
307
13
532
19
34
110
107
114
56
31
31
306
403
173
186
22
187
35
231
391
313
175
156
163
342
21
54
55
53
28
48
61
53
104
19
11
604
171
122
748
662
253
174
317
21
10
662
29
33
255
35
398
26
109
448
108
680
103
307
180
63
195
383
111
58
456
248
20
10
20
470
21
373
475
57
202
83
30
28
535
186
149
91
466
414
91
323
14
413
185
253
14
3
24
414
18
91
488
43
374
382
159
1170
181
2019
256
45
93
162
27
146
108
61
17
38
17
31
18
33
118
16
430
21
161
185
245
957
582
517
28
119
13
32
233
133
109
2
584
129
56
307
33
503
113
125
898
383
1042
79
10
259
48
65
23
119
184
106
390
259
33
760
31
49
22
411
490
132
54
37
242
189
334
46
92
160
243
106
265
175
38
120
423
205
48
2
405
109
453
45
28
29
147
50
35
101
25
265
57
229
502
13
25
163
312
52
161
346
85
399
110
52
177
14
180
172
113
457
176
248
242
155
20
27
11
798
256
39
11
219
58
20
146
830
117
506
103
33
202
381
54
26
158
19
100
176
259
174
260
550
51
40
2
75
52
100
383
160
545
404
3
13
167
465
38
124
190
241
5
468
142
5
35
472
250
133
659
51
42
27
36
52
113
243
38
36
248
28
114
89
47
37
94
611
1387
821
85
181
175
37
394
48
167
112
238
20
184
20
60
179
59
84
105
31
267
165
113
32
60
42
34
24
157
107
363
38
115
19
1019
114
330
248
255
49
26
547
107
3
23
125
18
15
392
28
252
42
92
449
542
1
95
245
44
61
45
165
81
48
55
42
55
453
144
266
167
103
1603
250
396
30
44
18
46
26
77
31
173
1734
338
1062
122
42
2
119
191
195
181
40
29
56
1261
245
262
805
315
92
232
19
230
739
4
56
1
729
819
662
174
323
197
52
78
32
666
23
126
15
68
258
228
178
89
529
173
357
112
33
25
45
819
34
148
38
581
30
539
751
490
248
543
408
550
318
164
162
265
191
135
110
975
232
630
256
49
18
21
530
248
9
99
20
52
463
40
190
49
490
34
46
2
124
36
246
21
176
9
41
177
980
32
122
331
329
51
526
34
45
42
168
109
21
106
444
207
393
396
322
140
169
103
43
67
113
121
29
106
115
182
13
95
454
14
192
2
35
601
1
615
51
114
226
4
1326
107
637
125
700
21
1029
167
31
382
172
197
161
36
97
238
29
91
184
34
79
243
84
99
256
119
753
398
12
38
297
234
136
106
18
452
390
97
182
867
472
181
1163
37
32
186
99
2
32
58
269
472
84
1055
196
335
379
247
26
24
17
106
172
464
73
94
248
881
120
117
30
251
105
53
10
310
43
48
410
1
105
609
172
101
196
90
111
106
49
1
95
87
43
104
372
251
45
52
766
106
236
114
87
46
596
637
822
72
31
177
391
38
250
201
111
117
521
255
314
454
80
194
43
115
522
31
61
58
9
130
402
405
128
546
175
11
20
37
465
116
257
34
3
328
174
172
260
3
49
7
191
100
233
44
122
880
459
35
168
251
120
154
52
90
252
112
123
120
21
239
186
57
198
1
5
104
107
47
1
3
87
9
748
380
37
192
52
68
72
464
489
24
16
32
1161
670
183
126
55
174
295
528
24
115
42
88
180
447
130
41
44
42
44
170
298
130
48
111
114
127
768
7
521
60
152
118
77
52
245
50
200
654
22
256
97
171
19
958
182
39
18
175
106
27
26
584
114
109
32
255
131
116
174
7
90
2
131
8
91
162
250
98
19
319
254
456
93
182
363
184
107
91
8
58
42
33
9
148
463
278
24
313
24
59
653
441
104
232
176
9
96
232
125
24
38
95
20
93
249
19
335
107
8
456
183
30
27
193
125
405
75
314
348
187
56
37
19
264
56
177
33
327
744
12
35
182
175
12
42
115
103
84
1027
36
17
577
102
27
573
18
51
11
27
49
12
175
120
394
469
40
97
9
324
91
1222
330
249
760
263
243
883
505
64
103
50
1166
62
393
143
10
42
35
951
20
39
395
233
39
47
96
521
681
667
50
37
63
384
583
24
312
735
88
118
271
604
13
5
387
198
374
189
30
19
40
250
101
64
24
123
193
104
126
45
368
399
450
33
4
201
108
96
666
248
403
310
158
2
434
1480
116
315
120
326
178
44
3
120
21
4
580
273
7
100
622
45
38
330
108
41
20
55
39
193
54
86
50
875
83
128
108
179
135
52
318
99
124
51
3
8
121
166
33
222
245
110
257
26
1291
40
93
85
29
13
10
160
100
265
21
26
44
379
512
510
587
380
53
320
14
544
873
40
1093
28
244
61
12
108
14
51
36
98
54
167
25
31
393
109
107
753
16
29
99
192
113
30
256
593
90
107
115
617
31
186
12
37
25
85
196
56
474
290
95
24
162
101
184
124
185
459
38
61
266
107
896
241
115
42
37
166
308
36
481
261
13
536
326
186
390
771
39
304
32
96
390
105
33
174
594
51
406
50
256
121
88
443
392
41
449
49
398
104
112
43
257
11
26
908
598
47
618
109
50
132
250
448
531
116
54
24
117
103
414
869
46
1
259
11
28
43
3
132
741
126
194
32
747
112
104
40
43
30
83
32
762
111
235
24
99
50
976
77
47
175
1
58
21
258
22
22
70
47
591
489
110
53
762
46
104
18
36
543
50
130
331
473
797
19
1153
275
183
40
12
172
667
137
22
174
553
51
16
323
26
115
535
653
50
109
27
32
48
806
172
245
446
235
28
30
391
157
173
272
30
1192
14
37
107
133
34
118
393
78
38
73
179
94
3
123
94
410
192
733
196
47
132
380
77
42
333
6
622
121
113
119
112
236
184
159
105
150
122
133
11
315
14
125
63
22
888
33
59
103
35
17
246
123
83
102
964
169
13
33
29
21
119
1793
44
237
254
103
166
25
589
831
93
226
225
29
279
322
30
651
49
60
48
14
434
486
53
38
68
174
754
55
175
43
223
113
55
474
555
61
323
73
808
448
457
1182
1
46
266
155
96
10
443
11
318
187
256
52
961
389
51
247
88
9
19
38
22
30
86
21
254
179
518
319
194
1160
40
28
70
104
523
54
29
40
27
446
97
265
884
233
93
17
47
404
167
104
537
181
900
21
57
38
174
52
39
31
84
320
107
37
606
63
114
72
6
318
67
226
36
261
314
109
15
105
227
43
180
199
10
89
14
229
449
102
22
114
33
30
40
403
256
102
13
320
382
239
36
329
540
692
458
35
113
120
57
187
172
312
170
168
35
61
337
74
900
94
101
49
86
106
30
192
397
244
99
19
3
104
306
19
118
35
250
98
952
38
20
114
246
49
1028
810
21
100
395
676
12
186
21
405
8
197
6
2
127
314
4
265
958
99
128
625
38
98
752
535
461
11
342
37
395
322
44
12
84
322
1939
31
27
39
682
33
107
47
62
415
740
50
36
243
812
413
41
59
163
102
110
7
31
318
207
272
258
64
54
38
40
143
19
48
309
39
44
25
402
20
16
32
263
39
83
269
23
203
27
122
86
1259
302
34
186
23
239
99
25
7
131
35
840
943
68
3
72
317
33
167
7
135
21
58
330
3
8
31
48
36
463
323
186
123
34
51
119
326
46
666
151
175
122
50
529
321
314
91
167
334
19
24
29
484
79
665
443
99
87
606
173
187
326
799
85
131
36
44
57
941
112
31
207
46
738
40
1595
240
246
155
18
102
2
18
839
765
33
50
534
238
35
26
536
413
133
100
29
100
262
53
82
245
384
90
171
245
18
236
41
311
37
393
57
2
837
39
592
118
1543
12
114
127
338
402
54
41
86
605
38
26
456
232
203
663
34
52
232
89
234
197
292
387
53
412
27
247
394
21
18
410
388
86
3
240
247
99
102
962
26
36
13
103
124
267
20
19
185
32
38
516
37
1
88
34
686
81
119
311
100
11
248
21
174
251
1045
42
35
9
60
185
457
35
107
383
34
191
52
192
51
179
97
45
194
46
51
44
185
84
187
254
39
20
22
14
870
254
184
528
519
36
249
318
27
10
258
399
42
339
519
626
20
385
950
164
156
45
534
379
101
383
233
19
31
83
22
24
174
244
107
16
330
91
256
53
324
453
84
149
272
17
40
33
533
479
122
104
36
696
50
6
71
108
458
43
111
870
162
244
681
333
18
176
43
176
36
38
144
154
30
33
507
59
181
392
38
471
182
239
168
213
171
118
268
8
36
321
526
884
29
59
1390
176
29
27
112
21
39
89
154
316
94
262
67
372
54
23
80
115
182
44
45
10
243
100
168
305
52
261
311
389
90
87
673
20
741
255
49
173
118
261
42
240
89
336
105
187
173
55
202
379
4
597
260
50
2
46
36
16
383
26
101
49
331
598
46
529
146
408
17
538
473
1111
44
16
61
43
164
261
101
235
392
612
23
454
81
869
108
113
162
344
48
1466
412
86
7
23
34
535
330
161
42
316
107
520
118
246
363
39
16
36
54
22
167
5
33
115
180
43
34
98
108
9
683
54
618
39
12
35
604
349
534
26
22
249
48
51
138
27
53
68
889
25
292
538
228
182
1240
147
40
6
600
231
42
1106
21
125
67
714
628
55
462
520
111
46
47
401
224
548
325
172
166
53
104
746
111
22
513
47
326
185
9
9
327
695
157
232
10
199
101
166
117
32
41
28
1010
53
41
162
41
6
551
45
565
466
22
94
54
46
674
522
34
414
20
120
522
97
170
56
50
539
108
1
130
96
41
22
97
805
122
409
24
111
214
32
100
17
264
404
1
25
42
45
55
388
171
30
165
412
125
163
101
1667
240
71
95
447
104
102
306
31
69
97
1892
245
95
124
5
37
464
296
249
412
130
22
67
49
110
188
54
267
106
23
116
90
31
258
90
16
182
252
590
21
386
175
135
299
50
30
236
439
39
333
231
29
32
450
842
1681
175
111
25
121
611
27
52
37
116
35
46
51
26
39
102
39
36
24
466
210
68
51
251
2
327
18
392
180
18
100
175
103
317
82
1450
334
21
4
22
369
106
4
100
319
33
160
364
108
97
52
58
389
24
592
587
323
29
101
34
471
267
105
49
342
172
31
104
14
9
18
548
67
117
92
44
606
379
23
125
5
32
294
38
32
182
10
334
116
47
601
76
30
122
48
130
181
472
182
143
9
110
458
1302
458
230
265
22
409
324
21
20
121
246
93
37
59
83
49
166
51
62
6
123
57
37
244
33
30
35
190
1
196
91
154
93
458
61
251
315
734
240
68
613
35
46
448
5
120
464
8
10
399
40
5
85
45
192
338
57
23
26
175
615
103
39
127
105
96
22
100
1
402
300
178
128
312
365
12
314
28
107
189
168
235
3
273
623
56
447
618
26
197
52
32
13
19
16
32
105
196
164
45
27
240
41
108
101
11
40
11
129
393
471
104
692
27
115
39
160
477
541
24
168
98
1
191
348
881
452
164
178
21
91
539
83
592
22
48
108
662
260
201
12
115
60
327
115
34
343
299
753
534
12
193
31
327
536
118
301
258
316
178
544
47
298
33
328
180
745
162
4
437
463
374
185
239
36
38
385
193
41
251
881
89
34
7
598
110
159
113
66
11
259
91
79
98
241
178
26
133
173
630
1127
402
408
30
210
38
162
125
39
374
115
85
39
24
865
68
166
205
689
318
321
16
29
16
249
179
42
32
119
53
126
675
81
14
462
19
32
58
449
394
296
56
51
161
1
91
452
28
112
47
108
259
448
1161
476
68
114
28
177
412
390
72
1
357
158
93
40
300
102
187
174
88
324
92
182
474
4
230
38
391
80
314
685
31
126
41
252
468
105
68
35
27
57
27
30
821
127
84
66
68
328
305
6
166
521
29
168
9
117
889
109
31
1
728
400
447
1388
260
61
190
262
249
18
391
167
61
313
62
90
601
819
619
46
54
190
33
1017
249
1
43
36
167
39
42
89
119
11
392
181
30
4
16
320
36
314
378
967
134
85
19
108
17
323
172
156
33
36
25
179
550
23
823
54
409
472
62
332
321
523
404
36
183
59
48
248
27
34
20
191
92
613
184
253
439
327
133
369
406
15
13
107
33
111
325
96
78
484
486
263
389
589
409
111
468
26
4
50
74
778
585
103
249
101
177
108
145
13
122
49
107
443
27
166
767
378
157
66
30
259
98
57
459
433
189
448
93
385
169
177
943
184
42
248
530
186
8
18
35
478
33
45
236
110
33
270
232
81
240
127
466
260
311
197
29
463
124
8
51
102
245
116
23
102
99
37
29
109
117
51
56
49
31
88
700
104
38
257
263
390
390
125
1
111
181
461
147
96
34
6
325
33
36
1
1
189
133
773
108
543
444
883
66
693
539
194
698
345
126
41
5
412
667
401
202
25
377
833
325
89
243
209
562
51
19
249
35
107
9
2
376
37
259
38
83
181
33
178
114
118
29
47
39
91
1263
331
182
103
52
245
159
127
52
23
155
259
24
486
183
167
106
325
145
17
257
205
668
111
110
956
27
8
53
175
8
392
63
23
242
182
42
197
87
382
378
27
9
56
302
450
42
44
130
17
21
874
527
170
185
12
18
34
397
47
96
46
45
112
148
80
22
51
241
3
341
6
30
130
686
17
87
35
232
250
165
2
26
9
44
37
199
378
468
29
171
98
69
51
26
395
6
404
116
463
184
106
27
51
310
247
13
21
248
1
343
10
113
151
11
52
256
66
35
104
391
872
455
236
85
607
163
160
469
39
726
100
27
102
244
62
94
131
478
109
245
370
20
685
403
94
105
194
164
226
182
26
39
98
38
747
167
546
23
14
115
100
21
743
49
417
30
201
117
23
27
218
10
170
16
614
475
28
108
204
45
696
321
245
23
609
121
257
6
45
258
374
118
15
35
30
121
19
1677
459
31
390
115
255
118
103
15
36
44
175
47
595
57
48
312
109
536
129
147
19
88
104
33
8
46
256
34
171
262
120
264
153
107
41
54
66
108
38
51
50
106
98
252
30
20
11
165
12
498
167
108
61
19
397
43
402
904
50
25
63
33
392
668
54
184
4
446
48
265
6
29
384
44
107
526
86
171
309
94
96
267
246
25
254
103
255
455
338
104
668
452
813
248
36
153
97
111
40
379
83
32
161
10
261
170
29
678
236
58
1538
38
119
313
234
848
766
104
32
523
194
182
4
56
540
94
167
342
165
178
51
21
11
302
358
1
887
898
67
325
194
465
390
405
519
106
315
686
115
113
10
116
97
828
334
601
1142
155
6
70
454
248
878
145
126
37
192
110
298
44
64
30
26
102
390
322
25
112
38
9
44
196
21
245
319
108
5
457
126
401
109
959
8
828
96
20
27
444
59
20
159
67
16
103
26
227
191
387
304
98
605
238
22
23
392
96
332
50
44
402
20
47
46
38
14
171
46
269
1014
14
38
338
166
337
246
44
44
477
191
40
20
35
106
38
1034
611
95
34
15
22
116
37
182
122
13
33
75
254
830
32
93
175
53
4
233
596
66
43
102
549
616
166
315
188
312
18
103
110
187
275
238
28
377
177
91
343
13
45
756
167
317
315
444
93
602
17
191
41
237
189
578
109
386
45
33
406
189
1076
457
221
101
184
38
240
52
377
39
12
175
8
189
11
233
177
166
15
40
328
1040
155
474
172
117
468
325
238
374
1545
16
130
555
24
114
179
12
319
193
259
510
102
53
49
527
676
242
69
390
382
190
327
52
1177
304
198
159
39
124
116
92
83
946
19
208
311
45
310
390
103
101
58
25
2
136
23
102
772
34
105
50
9
384
1
392
538
604
746
192
196
337
1097
117
26
451
123
25
41
117
123
525
118
473
21
100
128
52
47
55
72
150
531
616
185
252
39
26
79
190
28
31
667
51
140
34
90
61
47
13
52
37
47
61
27
89
1
533
149
20
33
5
324
249
173
59
31
4
106
14
105
48
128
41
379
179
37
415
691
335
446
48
43
106
165
20
468
96
43
11
951
93
20
22
90
199
304
272
48
100
24
455
183
263
111
6
17
19
529
25
43
174
173
27
529
172
33
226
740
13
165
675
62
771
5
301
99
188
28
22
47
507
38
382
26
99
41
101
43
181
120
26
25
59
530
173
49
201
10
117
155
25
15
166
2
60
13
601
700
821
349
1050
8
113
347
33
35
273
91
102
604
54
103
27
116
180
3
263
526
16
233
65
403
90
15
29
241
40
558
57
7
487
121
243
176
39
23
37
29
45
22
14
84
182
216
19
328
468
34
90
106
1019
41
32
51
55
25
182
320
248
56
58
371
29
899
393
953
106
45
387
26
43
120
119
263
169
515
30
161
31
112
462
43
112
746
37
41
320
109
166
9
85
321
109
243
32
34
436
183
154
310
173
230
1325
40
15
38
232
52
122
318
107
257
230
4
21
35
33
111
169
323
39
107
155
9
2
364
97
94
123
99
37
109
540
37
257
39
296
88
55
39
32
42
465
315
151
49
644
187
539
85
607
203
1
258
39
383
315
168
128
23
23
158
6
254
27
75
458
385
97
32
103
750
57
766
52
6
41
27
326
99
63
339
183
96
85
8
167
121
43
327
91
20
128
3
251
7
41
349
804
10
20
10
330
617
252
175
323
100
50
41
170
1183
948
24
265
34
40
4
141
515
127
163
20
117
470
18
169
52
10
247
177
539
38
156
21
83
34
912
33
246
18
7
256
306
136
16
818
15
80
739
8
15
540
102
155
451
26
99
29
263
123
197
23
508
52
129
66
10
16
114
10
108
118
201
547
30
390
16
248
262
32
252
616
95
38
169
108
118
189
32
104
103
110
200
271
38
252
820
166
131
16
273
12
45
1
23
21
602
120
130
53
29
108
980
22
24
93
58
253
35
298
522
462
111
132
37
123
511
301
126
40
47
1
46
29
42
531
84
338
180
86
93
12
116
243
38
879
23
110
167
36
164
42
1
12
174
13
407
340
14
961
181
36
337
169
243
346
321
396
32
283
31
450
52
52
202
278
484
165
333
8
107
3
9
35
3
46
6
306
91
453
155
113
199
33
40
116
697
96
958
672
397
122
252
13
123
552
15
293
453
89
122
745
10
105
9
672
74
90
36
101
239
19
407
108
54
375
615
36
747
29
48
56
47
174
467
240
100
244
722
155
1532
14
122
116
470
222
43
337
17
124
31
1112
464
48
76
39
249
683
462
202
215
97
35
180
3
48
978
52
66
611
63
31
26
58
446
367
267
108
190
45
179
105
54
375
17
687
191
9
57
101
385
524
147
278
60
92
51
84
194
458
28
100
534
437
79
110
43
55
1
170
95
93
603
24
35
34
128
533
323
58
320
33
546
154
597
51
4
108
36
125
243
44
257
37
24
44
673
101
108
449
102
594
35
15
37
92
62
347
1032
743
24
109
74
469
114
202
806
118
42
89
340
261
250
98
21
120
5
314
75
402
223
33
770
37
541
404
42
379
29
79
26
28
85
251
33
34
6
22
60
43
1023
316
44
113
107
49
29
383
673
335
4
238
113
244
125
440
265
115
43
33
23
38
132
111
182
61
542
200
111
43
112
40
167
29
187
107
204
110
95
468
8
721
22
51
157
59
86
85
227
107
22
103
399
212
333
274
1
190
26
25
5
328
487
256
19
71
10
111
236
184
27
13
75
442
592
674
30
1004
400
236
194
329
51
44
104
104
60
32
191
238
11
58
377
6
25
126
101
42
179
16
95
15
29
269
160
403
162
90
319
459
22
97
29
36
93
322
153
657
42
89
102
59
394
321
613
24
482
128
26
41
99
51
37
242
946
97
535
114
66
52
159
199
110
669
93
79
312
101
43
237
16
175
41
25
397
36
240
28
115
46
116
80
2
386
38
127
3
47
233
242
1043
40
132
12
1090
154
8
26
13
36
90
105
22
579
172
45
119
39
16
40
200
395
1
3
39
2
686
168
114
37
454
534
939
13
109
354
43
49
42
8
23
378
48
298
52
481
185
127
2
417
239
256
119
486
96
33
741
41
36
93
620
596
310
238
105
119
388
12
117
30
186
109
104
124
297
374
180
388
319
34
522
400
334
320
40
409
77
39
186
53
35
331
105
183
249
120
304
318
95
290
27
737
326
196
179
384
173
451
4
18
27
54
27
42
14
237
97
4
16
574
889
27
256
5
4
41
319
75
123
114
178
27
753
44
232
25
105
482
42
24
482
25
188
34
265
103
13
234
1
57
5
88
170
336
118
44
95
477
3
403
2
49
35
28
92
618
116
24
22
398
24
56
105
29
72
36
37
217
405
306
202
102
122
192
60
109
111
11
92
90
221
94
120
245
125
30
510
386
875
27
254
34
549
436
101
123
64
177
108
56
22
113
543
6
193
268
529
609
104
531
26
269
337
51
406
744
271
224
260
45
192
16
118
8
888
4
254
330
189
196
102
546
44
2
114
90
750
129
310
27
794
45
97
34
31
189
474
337
169
184
479
324
107
44
393
484
533
16
108
102
270
22
59
440
67
123
114
93
384
26
521
412
119
538
41
111
1
116
334
253
89
2
38
45
101
18
269
430
13
109
62
467
88
393
13
731
2
99
61
161
162
28
261
256
16
164
39
103
122
129
449
475
88
23
92
301
48
18
103
897
86
100
234
672
6
405
