45
28
64
951
397
33
63
252
394
15
404
585
169
433
64
670
44
153
1
1332
354
415
47
59
2122
150
224
107
123
45
52
235
1419
121
45
14
516
55
485
35
1
10
240
865
425
171
136
319
4
298
316
164
52
145
54
1222
238
121
166
667
89
871
104
65
669
265
107
141
12
43
133
789
483
51
399
501
148
40
38
54
238
31
159
47
203
30
42
157
50
75
218
225
288
125
959
29
123
146
139
43
42
757
113
250
953
220
218
583
54
254
21
308
53
254
33
870
66
54
896
34
411
849
83
491
426
292
326
763
35
31
391
415
1241
144
136
163
9
149
224
5
65
56
35
424
71
69
299
55
222
1387
507
72
37
337
121
225
236
70
109
222
37
254
13
130
340
413
153
667
2341
605
700
597
105
246
410
102
290
422
408
329
329
14
21
339
126
880
294
613
399
211
224
234
34
44
45
1239
23
343
433
25
1022
9
125
397
140
329
379
201
199
46
37
127
42
974
137
1506
199
599
42
411
798
154
126
36
1430
222
775
315
37
483
321
143
224
48
1117
321
237
234
51
233
47
218
499
128
293
145
160
131
80
986
36
119
156
315
63
61
30
94
152
35
308
315
41
25
9
297
80
50
202
123
132
338
335
396
694
724
63
308
21
138
137
36
319
137
137
106
185
193
22
343
20
581
144
566
299
33
520
702
923
55
768
330
232
36
1576
32
75
519
119
245
504
2156
498
54
147
244
422
426
46
411
13
4
52
70
197
226
47
140
139
39
530
703
301
38
784
857
503
597
985
50
30
665
2077
141
51
446
30
38
50
77
46
1
35
97
585
575
239
227
432
402
27
800
32
115
505
949
7
306
133
147
138
249
862
74
203
45
687
428
71
616
330
216
264
311
497
590
966
60
487
58
18
239
211
200
4
1316
74
318
51
390
114
238
493
19
1050
707
466
246
63
577
125
6
668
1149
147
138
58
147
315
34
494
471
158
125
253
305
382
342
18
321
59
331
316
256
172
422
23
141
10
203
5
220
126
320
141
501
5
57
1225
613
55
47
130
231
272
42
342
229
308
126
102
134
235
1971
131
54
497
1
380
495
398
65
965
338
781
72
136
591
1772
516
19
158
306
504
684
763
590
322
598
3
426
51
425
203
596
402
22
333
104
354
226
241
462
57
413
208
154
12
8
1070
77
959
705
23
800
197
288
119
304
53
1118
307
30
34
64
1048
679
242
157
491
529
204
527
64
343
39
129
69
48
41
339
145
68
1316
141
137
889
111
39
20
408
31
1067
252
239
48
26
37
82
32
714
41
693
436
30
29
67
242
149
318
503
420
37
159
98
229
78
212
109
1
37
10
338
43
28
612
629
431
62
68
501
299
344
697
143
59
57
1399
1207
148
157
20
19
25
690
408
130
87
221
138
120
64
10
240
669
124
34
50
235
29
1017
234
505
857
5
595
1
924
204
863
230
1
34
45
482
119
71
769
154
112
14
22
205
143
142
48
780
38
781
877
1429
127
205
391
1425
1161
23
321
244
172
1
403
2514
48
63
487
96
108
42
20
53
223
320
139
497
484
1229
319
156
300
145
1050
50
517
15
782
4
11
572
836
328
431
937
138
67
430
67
394
133
259
409
112
161
776
597
1055
218
71
1
148
136
144
63
335
217
11
59
37
584
9
11
597
45
591
28
15
564
37
295
239
20
761
464
231
352
13
131
472
324
28
43
511
404
72
717
120
18
57
125
336
231
1126
321
164
46
151
265
397
9
297
518
225
125
778
241
121
213
34
491
748
38
32
63
129
117
86
49
753
30
610
597
602
78
318
679
62
1412
37
205
336
48
34
962
92
513
233
294
97
193
254
767
130
54
1
30
1325
52
194
574
402
146
73
76
98
391
441
742
37
65
151
38
83
91
1381
169
46
152
21
5
170
162
58
47
4
585
331
475
154
142
6
166
1503
139
209
206
44
117
16
16
42
360
416
416
61
150
142
959
304
17
76
34
68
103
50
1025
127
46
7
25
209
43
246
219
145
234
42
116
82
105
40
431
495
194
11
412
13
67
14
212
646
138
16
150
4
70
138
496
61
553
307
480
146
168
308
708
71
354
654
32
983
683
161
77
22
121
10
63
940
338
5
500
236
116
1
126
504
233
754
525
314
234
115
623
442
19
580
123
62
257
235
62
87
42
206
40
528
32
84
63
348
147
123
330
602
98
34
331
139
42
38
72
104
43
583
20
41
199
119
169
318
863
601
117
42
116
149
39
13
75
765
158
67
6
14
954
54
32
320
528
125
67
37
8
45
170
326
38
413
130
34
46
521
63
37
147
48
41
29
59
153
46
40
60
131
198
679
44
562
88
233
930
678
57
303
751
339
229
4
2613
605
222
129
301
100
1040
159
128
135
266
684
1028
324
82
20
1
790
25
133
244
97
46
72
230
132
928
774
44
42
782
52
144
561
342
47
1304
222
325
38
762
42
316
257
132
61
35
821
77
153
523
125
51
230
335
21
506
320
70
223
70
49
134
48
5
523
661
45
26
2435
376
14
145
408
532
49
24
328
139
235
161
305
24
603
41
123
761
233
402
65
144
4
158
199
15
24
40
306
297
2
50
62
65
678
45
167
166
153
45
98
231
114
141
320
42
227
117
366
286
101
410
1053
227
200
218
234
317
399
4
479
45
414
5
227
489
960
983
153
106
29
195
39
82
434
1
248
239
44
36
401
71
861
434
79
223
530
40
133
147
1348
147
135
324
64
64
66
337
479
219
332
55
241
27
23
441
54
695
76
11
617
238
129
26
321
69
17
48
147
410
42
1335
109
144
54
473
117
43
61
267
247
61
25
15
230
763
146
319
47
256
7
150
17
131
142
976
63
34
795
622
531
61
392
27
324
153
323
148
34
129
1494
140
602
44
28
147
790
317
46
354
305
145
69
40
423
60
152
47
121
429
230
587
515
70
59
4
143
92
796
670
472
143
387
942
244
9
28
71
26
27
135
33
151
423
28
470
1775
391
674
103
703
196
228
18
431
307
421
62
680
151
138
15
61
1752
323
243
117
70
54
95
316
130
16
123
312
252
257
74
981
148
126
16
35
4
214
78
1398
298
149
530
49
33
343
429
255
43
22
153
63
402
1215
49
434
116
35
403
413
293
32
58
145
218
393
64
56
2
152
13
240
318
11
406
65
778
243
7
329
42
126
21
52
689
28
220
35
135
489
623
1450
37
328
118
14
218
133
47
138
35
249
53
50
219
501
77
73
44
37
44
59
51
290
51
626
798
857
727
93
17
239
470
57
140
138
1207
495
1687
416
310
841
24
83
1046
137
203
126
869
64
215
220
323
527
137
308
309
17
594
16
19
334
68
117
231
9
156
67
156
41
45
391
2307
702
288
119
56
43
34
52
312
314
413
64
38
39
127
1262
138
106
494
306
42
100
519
37
70
265
502
70
32
295
157
58
24
153
404
346
217
326
140
868
160
496
955
117
27
47
317
9
108
43
1224
43
1390
106
34
585
236
50
251
200
63
72
147
21
111
151
26
26
136
142
392
230
106
332
144
590
614
31
422
19
231
226
173
494
306
109
576
157
118
31
40
8
20
309
4
321
780
40
1131
504
46
236
150
1341
475
67
671
27
48
48
890
38
51
3
147
57
21
751
504
589
237
497
51
574
230
46
26
138
323
49
23
559
150
24
402
236
116
235
332
26
17
143
258
137
525
390
118
57
312
43
606
391
11
1878
41
1211
210
109
422
174
230
951
389
315
51
602
131
508
57
218
490
201
39
234
29
611
1038
496
42
246
23
40
119
22
37
224
595
147
135
789
43
315
26
133
1577
214
141
120
789
204
692
42
2036
254
31
589
110
84
60
43
384
213
228
20
33
1005
1
493
314
128
661
53
226
37
1037
24
350
242
1040
325
51
116
492
102
127
334
146
679
81
615
600
111
111
45
568
562
27
47
846
982
157
331
60
15
6
29
135
140
50
132
30
492
142
3
62
64
157
1149
160
19
52
57
324
104
23
175
423
242
231
494
217
194
28
139
156
307
16
284
83
54
141
27
130
18
215
307
128
51
220
241
495
299
237
512
47
9
30
71
492
40
53
5
14
115
505
142
132
36
18
195
43
171
309
40
56
17
21
58
254
393
25
30
161
191
46
165
47
1510
136
93
59
42
1141
63
224
30
39
62
124
137
592
53
533
1
54
224
70
71
67
436
233
117
599
208
48
216
42
25
323
73
14
222
52
134
517
373
42
243
787
47
168
36
66
322
110
47
223
169
410
63
32
12
17
226
44
332
1124
1149
406
340
229
245
487
155
155
72
679
3
167
220
215
888
257
24
21
391
56
669
164
476
472
438
112
860
155
803
1147
17
242
149
527
67
149
416
174
79
139
129
24
147
251
694
244
53
105
419
170
219
45
11
485
519
381
27
19
313
175
35
134
129
226
874
55
411
106
376
64
147
112
1529
409
571
28
513
123
668
433
431
136
29
144
398
536
59
100
195
59
42
52
499
31
592
59
158
69
141
133
38
433
111
231
501
46
116
33
56
52
214
104
183
44
293
16
216
1138
120
959
1683
1038
32
139
227
224
36
69
317
140
37
490
65
867
519
314
233
577
437
124
149
39
83
436
302
30
500
10
241
130
1
391
1308
214
50
218
318
36
37
111
37
682
51
54
242
3
58
769
24
32
196
71
302
567
168
42
346
422
295
877
757
1479
235
499
22
26
35
423
322
73
426
583
684
45
76
413
1014
260
108
38
281
230
174
709
225
405
224
222
55
845
66
687
22
44
390
570
5
222
43
7
129
45
9
490
27
410
2
663
36
134
163
125
40
449
241
245
37
227
218
239
1682
385
1674
20
613
223
587
41
37
583
30
83
147
34
594
122
1
497
232
209
158
619
1449
884
123
430
311
1216
32
182
78
427
131
617
405
12
165
128
29
1126
176
31
325
53
70
73
309
138
118
56
129
1130
2702
412
314
262
320
412
36
56
99
687
116
208
341
37
411
152
99
29
400
56
131
602
147
250
55
39
788
246
42
51
24
56
235
170
67
206
9
412
293
1046
66
33
334
229
978
8
29
52
329
228
12
230
343
408
32
68
52
154
1228
47
24
162
578
129
144
884
110
79
19
155
412
45
323
61
167
120
308
224
207
689
111
9
676
240
2
210
32
471
220
22
45
30
165
482
1192
29
143
1216
983
4
61
187
43
187
68
210
78
685
18
320
325
21
247
48
43
391
235
37
652
38
23
47
328
65
395
398
1222
62
35
157
250
67
129
1055
69
221
863
5
53
689
95
131
134
778
506
252
101
134
397
11
219
779
58
798
129
390
165
317
2
328
514
1115
527
440
124
201
5
600
116
18
2
16
63
127
323
34
135
371
23
158
687
233
83
15
223
5
22
516
52
504
238
85
52
602
96
140
46
683
134
1017
797
125
226
596
55
127
490
223
207
193
172
1230
224
497
129
384
59
423
210
129
300
133
2
31
65
159
62
216
13
17
22
143
109
62
187
676
37
36
599
10
55
88
318
73
111
699
1696
742
293
239
402
510
758
119
58
557
526
127
220
77
317
327
231
48
169
80
8
113
151
493
11
407
43
419
243
145
112
68
1232
753
60
336
199
29
220
43
133
11
170
308
131
409
100
55
118
43
5
203
345
214
59
30
142
1587
292
302
529
509
843
932
866
157
220
151
3
150
795
324
13
148
142
572
37
12
232
52
5
82
680
225
62
266
333
42
760
39
298
468
3
489
98
227
394
39
21
300
492
225
329
426
58
503
329
72
38
697
125
124
232
933
1068
51
661
35
78
402
1678
395
1207
205
408
157
703
94
12
46
167
471
41
433
52
18
403
309
597
416
42
240
593
166
148
206
113
50
50
194
241
860
121
318
14
74
67
34
579
1298
136
26
604
48
323
39
225
46
513
135
43
74
1056
13
602
50
75
416
40
57
564
506
39
235
764
52
620
73
32
3
43
28
16
47
16
35
45
219
35
9
683
404
38
70
18
1069
113
75
43
227
99
289
429
322
244
108
231
326
478
597
231
49
78
137
426
320
90
253
417
66
1327
243
204
64
149
334
26
306
675
490
240
1195
249
57
7
11
126
110
1146
38
82
412
3
119
61
761
110
68
23
89
702
24
211
349
68
44
519
335
171
327
68
56
242
88
327
327
224
766
110
146
9
135
373
48
597
294
63
582
297
157
321
1158
109
1232
527
244
223
138
43
406
49
1044
389
603
2
815
154
324
311
67
56
68
15
860
143
168
314
1155
68
408
2045
53
43
2246
232
6
54
119
687
74
117
246
949
316
40
29
48
236
315
397
41
49
52
383
38
114
158
306
300
57
134
51
24
578
32
336
2141
325
245
568
505
60
160
416
407
7
25
306
207
860
19
16
21
1049
1140
334
616
1303
509
142
51
121
378
233
589
922
35
138
135
74
35
458
266
784
14
145
82
82
43
411
150
159
152
51
1216
1119
35
42
138
35
28
201
79
26
118
129
105
46
302
23
61
199
56
304
18
579
291
506
44
254
346
139
411
69
12
50
1159
82
234
14
782
193
776
349
67
64
778
38
176
514
332
237
44
344
1045
400
215
37
41
427
159
113
292
47
11
2070
46
1064
39
126
6
326
577
440
4
50
134
21
83
37
201
63
138
1147
681
41
48
39
692
397
45
737
50
46
1764
294
664
63
121
683
42
150
250
526
15
38
495
7
53
257
9
135
98
569
206
41
118
314
32
55
235
79
129
436
608
158
253
507
3
780
57
856
250
592
1031
227
42
52
343
323
36
383
214
155
1606
400
433
2
336
958
588
579
53
34
138
214
321
388
413
66
23
68
51
34
332
841
41
611
249
54
120
865
1
1207
230
104
579
672
795
218
240
113
323
16
300
755
42
45
138
394
62
40
222
25
32
344
86
591
49
111
64
114
592
2
89
129
29
787
463
39
1137
26
844
1060
154
72
373
312
134
235
19
61
144
1441
1
147
33
14
46
82
50
283
15
1283
18
223
162
49
34
893
303
246
1876
28
52
164
137
20
27
130
18
316
339
220
78
115
967
586
11
37
43
224
104
99
74
152
60
531
83
139
119
64
22
29
480
58
2
793
223
22
83
393
797
789
29
342
58
41
149
28
122
317
60
875
410
575
63
147
684
3
784
65
58
18
207
200
41
42
343
17
215
122
116
518
389
297
627
49
567
60
502
211
485
227
412
34
296
330
58
189
24
238
19
59
172
4
247
162
126
44
45
472
120
33
232
660
40
354
74
885
35
25
54
312
576
81
584
242
60
228
148
30
67
101
20
155
208
1130
53
104
135
57
288
131
18
415
265
41
72
430
880
593
291
771
680
40
135
859
142
333
128
101
26
1059
28
1066
1042
73
9
116
1055
406
200
1665
41
83
110
662
438
119
569
137
215
33
679
143
488
698
315
332
60
141
6
200
564
118
164
40
304
44
237
135
696
317
87
80
432
39
32
36
1152
57
802
170
66
775
22
1
214
317
107
973
580
23
20
320
158
211
35
40
52
896
323
69
59
107
25
155
244
50
112
125
44
51
494
118
29
60
47
567
59
1033
4
110
34
4
393
1231
57
334
1
3
1308
58
3
107
631
43
593
145
73
1293
1514
129
25
316
512
681
329
59
131
228
142
2
484
221
146
603
202
163
66
125
75
25
25
121
490
39
32
334
159
220
86
296
402
22
43
556
111
754
2
110
314
123
671
1502
33
314
295
669
395
82
953
28
1027
3
5
138
580
38
439
376
1144
37
223
148
533
16
44
42
507
767
82
586
596
156
21
51
135
122
152
97
46
156
1227
65
55
27
43
848
34
95
121
34
198
298
84
880
71
589
89
78
134
1380
481
399
324
1969
31
615
863
42
50
53
152
170
111
316
88
495
405
318
145
321
32
592
32
50
640
147
1423
27
16
596
121
31
255
238
153
140
13
133
42
151
61
312
1501
421
69
232
490
31
51
55
29
886
153
3
23
47
249
115
122
411
412
30
10
158
566
34
132
333
402
17
409
514
42
28
508
309
152
62
1030
241
282
13
316
317
248
675
1115
660
334
430
766
49
145
594
127
587
203
137
33
565
158
216
328
228
139
133
150
71
618
157
158
348
151
134
69
45
543
383
235
32
513
28
307
46
133
254
7
326
27
415
35
1383
64
215
304
127
116
349
32
21
397
121
1323
44
121
54
53
77
697
118
41
391
7
157
520
18
111
605
193
59
576
334
319
77
114
346
687
65
128
137
1148
7
985
106
70
2475
27
407
225
155
63
58
231
110
150
6
679
146
5
146
38
134
175
41
6
523
77
418
243
223
240
53
130
69
330
335
320
583
394
136
67
878
133
137
324
2
23
123
314
229
28
792
117
60
41
719
42
702
397
423
47
37
75
881
43
57
254
56
84
956
304
80
157
223
71
27
29
47
960
57
24
93
63
187
86
28
46
903
240
24
558
328
243
216
227
22
137
42
766
133
60
47
229
47
528
1012
1235
516
300
218
628
29
480
195
7
129
236
911
57
317
148
44
81
215
125
236
586
51
3
73
70
121
307
69
33
685
28
399
279
73
30
71
232
1350
408
414
323
57
243
663
53
303
49
42
197
50
60
289
16
41
587
123
1
69
859
599
53
419
38
210
128
395
972
40
51
126
35
160
66
188
53
680
44
765
532
138
856
154
249
320
1125
237
202
1484
78
398
219
867
152
752
201
11
860
1295
131
72
117
49
257
23
32
679
5
841
66
14
3
610
53
87
42
1306
66
62
412
39
326
140
117
45
220
1
59
20
773
154
186
794
40
150
125
141
514
399
205
50
153
930
128
53
125
59
155
34
86
229
14
70
214
168
25
418
675
952
133
576
44
133
306
21
87
7
250
2113
47
1055
3
1100
494
45
4
25
52
508
124
501
215
255
25
982
34
21
238
118
406
169
20
239
475
65
521
914
1
328
315
707
124
674
931
146
947
435
50
312
32
78
53
3
329
55
56
958
219
35
463
120
695
1679
167
81
54
48
63
65
555
1322
14
527
138
2141
58
650
32
521
56
33
49
464
260
8
20
404
60
602
17
50
836
138
232
2
434
4
441
140
56
256
160
45
78
19
220
323
48
125
764
216
306
8
36
1133
162
477
45
1142
127
1261
103
118
143
685
202
1
16
74
97
438
695
37
111
46
123
34
554
478
38
297
53
1153
300
131
30
15
32
22
33
56
699
134
221
324
661
256
677
129
59
51
490
103
151
681
204
413
48
334
763
5
2055
54
211
407
28
1898
137
121
10
179
57
165
559
242
7
421
168
39
208
64
300
598
972
106
534
33
37
503
42
43
1379
102
132
205
29
341
41
317
230
429
59
799
495
37
111
716
243
119
39
160
39
400
600
227
691
426
847
71
421
34
68
60
136
219
402
107
27
2
56
108
102
82
56
148
507
68
178
170
233
1325
1408
32
61
224
9
45
688
382
633
80
137
39
95
143
254
80
155
208
795
5
487
1670
526
498
226
35
193
145
865
25
37
530
40
127
151
688
489
60
488
235
38
574
94
1130
200
141
582
399
176
50
6
701
230
28
55
7
1962
29
334
129
92
311
1300
47
231
75
209
108
404
136
18
57
52
47
207
217
26
470
26
134
83
29
1504
326
43
67
311
771
113
472
135
41
56
19
198
39
607
16
954
1117
43
17
19
252
115
408
68
959
32
225
1
845
499
125
884
321
137
1066
528
407
209
239
774
25
11
1607
144
210
16
53
203
151
650
587
349
406
83
37
456
931
77
45
64
343
387
45
137
324
2302
432
146
229
703
688
592
176
21
36
90
933
129
46
63
299
200
228
1
218
42
37
146
400
575
152
325
398
37
66
42
241
667
180
314
66
213
850
243
155
199
601
12
319
17
216
106
241
66
165
235
142
130
426
140
168
137
8
673
317
393
143
101
1
438
708
134
540
225
601
51
946
406
413
38
25
257
229
404
2
51
148
138
25
600
141
70
31
53
150
122
958
63
141
75
503
291
246
1336
46
26
962
657
55
136
63
1115
402
589
71
424
37
143
158
231
9
94
322
556
32
72
160
64
511
139
45
248
779
39
760
39
212
852
619
62
220
317
101
1074
131
26
320
130
14
47
263
237
246
68
33
1042
413
321
733
1
307
55
47
516
27
228
60
392
103
135
136
69
23
152
81
147
19
147
115
382
137
253
15
656
141
224
874
582
119
45
5
42
219
124
230
76
13
1866
111
131
53
40
172
432
63
198
959
527
42
763
486
128
225
1114
61
419
50
321
329
18
2058
107
111
42
253
125
49
44
391
19
62
477
29
139
561
38
226
854
31
49
40
249
1069
234
158
299
115
83
613
133
67
134
20
114
699
54
394
51
150
282
140
130
152
680
487
143
64
309
26
402
595
118
503
336
125
125
255
67
158
131
243
42
11
239
675
37
26
502
922
317
72
147
773
229
11
45
744
619
116
106
966
134
161
326
697
315
305
303
11
122
53
55
494
34
34
506
30
39
109
515
781
430
42
229
11
895
24
49
244
137
411
3
48
1243
691
84
335
245
161
325
382
31
327
338
141
1400
506
67
125
685
106
211
44
143
768
227
942
169
58
242
42
107
139
21
437
227
110
602
250
32
597
154
111
371
221
194
136
133
394
593
76
850
1
48
157
602
42
771
307
6
958
45
306
197
46
76
524
240
22
753
715
29
319
238
17
54
670
409
141
49
151
310
40
55
127
44
122
684
781
144
30
332
952
45
71
118
176
242
99
16
41
234
286
327
590
392
1
43
52
2
402
145
50
398
149
502
69
309
112
388
150
110
1047
72
125
121
795
3
44
170
59
1059
126
168
690
249
413
68
234
50
660
53
31
46
18
230
242
161
20
569
154
112
29
325
241
986
137
166
103
234
442
957
208
231
341
316
34
127
99
48
302
136
474
1056
668
20
216
140
326
218
65
321
409
158
56
71
73
25
134
976
873
499
138
108
54
126
611
28
419
413
397
46
46
302
104
925
483
77
397
114
114
403
1326
175
1419
29
482
103
38
308
238
298
84
219
63
5
150
54
954
48
56
30
255
416
248
24
155
470
663
3
149
790
415
245
144
780
235
1138
31
321
39
26
126
2
402
1242
325
234
15
61
40
33
52
143
236
342
49
43
203
1960
129
515
26
213
239
129
132
884
41
32
149
294
140
406
689
36
585
540
864
201
304
400
151
136
53
34
141
438
60
127
1043
173
260
574
37
4
485
425
111
2
759
322
1292
870
224
12
442
143
12
54
140
67
325
54
118
522
237
569
232
153
49
436
115
53
417
388
994
43
76
265
425
758
192
213
95
684
27
985
428
68
49
109
405
234
211
39
2
481
229
6
487
239
224
37
234
40
44
33
959
322
324
211
207
238
77
323
353
206
301
57
32
7
142
59
99
412
145
51
349
104
64
605
54
225
946
10
105
39
391
483
148
66
103
137
235
187
127
953
233
420
113
232
151
290
15
311
47
102
119
30
142
113
145
576
1145
418
606
153
111
34
214
604
211
18
1
320
32
39
400
66
1170
113
147
78
52
249
24
21
147
213
34
111
52
116
63
46
333
714
221
225
236
22
607
677
853
337
1328
565
258
90
1759
117
214
59
2064
333
148
307
63
499
591
45
10
37
30
29
45
774
496
327
1427
130
211
169
217
193
141
156
102
323
71
73
58
225
309
491
1142
413
64
690
857
109
113
63
423
432
9
1047
768
232
353
107
59
26
23
44
214
30
41
8
129
1209
39
155
136
68
417
1138
32
44
104
318
225
84
112
653
248
107
140
861
117
71
129
55
109
220
244
69
134
54
67
51
577
507
11
697
171
77
42
1877
137
383
322
3
415
241
118
144
30
46
351
67
142
5
45
64
388
1245
52
152
84
210
48
301
333
715
162
101
34
218
155
149
112
71
218
61
245
37
55
319
33
670
214
508
50
161
512
36
993
22
39
154
85
65
311
50
37
621
117
20
225
190
157
237
165
681
153
28
235
629
217
679
133
78
138
332
46
327
46
30
231
1
125
935
202
2
322
322
202
15
499
226
592
672
19
667
493
319
244
138
49
54
584
124
208
1065
222
488
236
141
145
469
58
58
609
148
153
118
443
127
39
155
475
596
156
51
137
51
324
163
863
318
777
246
419
306
881
2674
156
59
128
322
364
98
378
230
33
620
419
118
7
315
46
416
47
149
24
37
129
629
69
4
1053
317
696
27
959
5
13
235
210
52
400
440
69
237
193
117
656
11
18
379
127
46
14
665
24
26
21
54
57
1239
49
18
954
1034
107
517
1355
674
50
772
201
61
216
298
52
154
33
278
24
32
493
199
798
55
27
46
763
231
860
233
501
160
163
144
123
135
85
133
684
699
16
108
1136
865
885
45
1323
21
1054
1232
1140
695
140
222
381
130
56
533
28
319
308
837
225
170
254
329
202
84
586
578
117
423
229
239
45
159
238
10
243
50
39
204
684
341
28
267
223
19
593
385
217
33
67
52
41
55
2
70
827
132
404
696
257
54
396
62
159
23
67
77
186
1165
65
1137
42
30
121
251
686
57
1128
331
7
11
235
465
144
304
109
109
1515
287
21
32
607
64
133
681
53
154
671
20
6
498
393
18
1046
327
32
237
841
308
33
178
618
436
13
175
251
244
411
1153
13
128
235
133
1163
157
105
410
138
132
45
679
594
542
216
111
209
64
592
233
113
786
40
117
416
115
248
866
62
29
101
517
21
19
262
419
1524
226
141
57
296
525
63
691
514
44
700
23
341
44
216
28
1668
146
53
81
578
48
21
145
278
510
67
146
601
153
171
231
30
126
601
394
57
38
46
390
352
558
114
159
33
763
230
142
46
40
139
1230
252
229
354
136
66
297
33
192
65
248
132
853
44
62
606
67
113
138
36
651
207
40
54
1039
500
553
843
144
21
113
100
417
245
66
51
5
307
161
20
149
64
239
18
1056
323
210
338
67
45
50
288
974
107
99
329
42
597
412
32
53
79
143
252
117
489
29
309
231
1069
559
85
51
386
29
235
13
22
669
656
143
617
867
42
44
438
132
172
576
421
43
47
766
54
239
327
583
46
141
267
47
943
487
246
223
152
47
44
559
1497
766
770
60
504
195
286
67
49
152
95
30
481
307
238
124
145
44
15
33
68
606
392
132
159
48
577
1498
36
46
433
442
392
156
136
224
843
53
15
62
326
491
64
59
209
112
499
227
42
67
329
139
1035
402
483
325
35
602
106
144
240
1588
34
58
334
149
2
129
253
323
116
37
45
321
103
111
110
27
795
69
384
59
59
207
499
311
2
30
5
483
753
74
599
419
183
952
83
528
232
60
765
114
772
322
117
177
63
27
26
317
421
157
50
113
226
33
3
585
701
38
223
152
115
13
125
251
586
301
132
1204
74
141
533
304
169
25
1230
96
1059
31
25
417
301
147
54
26
59
787
380
162
470
28
65
420
8
135
1516
390
8
69
229
328
77
110
52
599
568
419
57
421
30
586
146
10
1247
679
45
192
331
105
117
24
262
16
156
49
69
212
43
127
38
27
253
9
1
698
720
68
65
159
76
33
78
4
419
608
756
700
50
45
226
129
80
1132
110
37
29
139
22
1024
231
325
31
599
136
57
397
609
66
41
195
39
677
586
211
1480
34
412
309
43
307
396
33
870
382
245
103
126
349
134
246
1861
578
12
429
148
213
496
200
529
684
152
116
25
496
17
13
149
329
604
772
231
18
213
18
217
42
238
489
68
47
151
21
28
54
65
326
72
134
109
198
99
211
46
88
55
29
1525
68
39
324
327
78
61
193
424
1060
111
17
167
128
597
22
3
21
766
63
158
67
365
56
231
323
229
210
1406
417
1130
391
122
506
142
32
193
135
75
33
522
245
507
153
887
45
218
138
141
745
410
816
382
36
59
192
158
42
606
95
334
211
81
605
155
153
327
63
169
35
33
884
49
72
694
122
160
417
326
572
500
557
184
499
130
135
10
138
301
501
33
238
252
40
64
302
13
428
866
336
230
580
239
46
430
111
245
10
54
72
139
600
855
55
73
111
33
244
33
109
151
30
46
65
48
50
764
55
1230
62
400
751
1022
43
109
61
520
26
53
84
20
689
957
292
1022
83
1507
397
528
431
719
110
299
610
148
312
1
49
4
303
674
132
875
63
22
1498
401
35
353
255
151
23
300
207
313
698
533
223
57
110
436
52
1397
416
514
207
7
134
602
210
599
866
56
114
48
312
851
150
48
52
159
682
25
486
968
402
13
122
241
7
5
1
31
148
331
323
40
325
46
1855
756
36
160
308
153
59
8
302
51
1
3
50
444
207
259
67
36
212
127
16
8
35
37
202
336
317
397
15
611
18
71
248
563
150
144
231
49
595
325
20
86
40
663
230
18
128
64
47
69
689
38
34
46
63
269
124
35
316
21
18
224
34
50
118
493
56
11
69
33
250
64
143
67
26
562
28
420
44
4
155
397
865
37
1435
34
225
46
155
520
295
418
1386
73
154
589
321
228
29
410
249
602
422
348
418
117
23
388
2
217
339
146
112
279
116
208
857
54
44
133
72
63
148
436
135
48
314
314
34
693
47
1119
44
77
305
610
559
1118
2223
129
674
215
53
426
138
314
598
216
144
650
496
1252
239
960
334
57
99
941
45
189
121
426
247
21
324
30
67
38
19
63
465
53
1966
419
54
32
71
110
67
44
304
20
57
154
324
118
53
938
31
579
333
424
2
231
1290
82
39
503
43
220
340
141
51
870
286
136
25
664
412
608
153
54
40
9
132
505
62
402
98
76
957
11
1106
131
139
49
406
82
149
127
169
1219
321
399
249
219
46
338
170
221
3
331
315
217
775
193
207
49
1233
397
257
106
51
236
1688
778
2
1
117
158
123
121
32
37
42
325
58
121
244
133
233
414
162
1
556
519
345
1205
73
254
20
61
227
955
13
127
436
578
562
121
43
394
213
55
695
40
67
19
486
73
139
324
123
233
193
230
31
759
318
511
7
1
19
34
597
5
1153
27
136
219
404
165
88
47
478
501
1242
441
338
49
23
245
585
153
135
56
418
303
46
47
175
143
513
20
216
233
107
160
145
12
44
119
237
231
65
52
23
162
616
231
580
9
12
678
55
427
13
60
800
413
55
26
64
246
45
375
157
126
802
216
518
66
597
208
52
897
3
62
980
485
135
162
25
125
65
412
392
53
320
624
392
4
770
132
57
333
139
34
85
787
411
496
67
406
16
52
832
80
957
10
29
47
26
14
1208
353
6
5
119
43
218
145
46
57
57
40
13
8
34
243
254
60
34
590
709
36
678
121
570
18
54
51
146
210
801
475
35
23
349
134
34
33
106
302
385
154
39
20
143
488
325
302
432
105
399
3
690
133
745
403
1057
47
567
669
144
59
154
117
13
310
8
218
21
327
326
529
5
307
1802
146
55
317
1
55
19
59
128
235
54
286
17
235
122
320
98
693
109
49
137
152
327
129
54
220
39
54
153
246
80
863
208
62
45
934
250
39
82
132
219
88
26
416
560
228
248
140
50
57
4
887
35
236
408
413
217
767
11
55
141
51
124
117
249
702
250
14
211
25
27
321
162
383
22
64
96
77
21
170
507
579
788
70
162
139
30
234
965
155
37
211
239
470
240
888
37
132
218
36
924
166
42
40
141
75
41
67
64
136
231
83
500
156
109
966
389
48
329
123
48
438
574
1067
759
657
30
31
424
143
219
14
152
429
212
59
401
3
144
33
54
20
291
692
336
1047
211
33
1
84
53
884
44
394
51
49
317
39
267
1436
598
18
163
106
156
49
2
37
412
140
27
19
51
50
172
310
65
306
123
8
51
124
406
409
72
427
12
68
783
164
8
107
39
110
1126
132
142
747
1
316
45
253
38
122
485
111
27
224
195
503
651
337
749
301
48
50
153
36
313
228
1333
1137
61
233
224
36
660
116
230
930
106
322
50
868
597
46
1239
930
121
785
35
65
700
121
115
430
157
284
141
142
938
515
161
667
51
132
113
192
588
20
56
156
27
695
503
347
170
1040
292
474
29
6
426
1210
979
305
434
219
948
197
158
30
780
151
154
47
600
159
30
849
225
1236
142
851
44
586
319
116
844
697
500
63
410
133
231
3
1070
424
59
226
473
35
169
32
43
691
666
39
46
37
295
245
410
139
212
13
35
252
297
25
41
110
918
141
34
44
37
78
286
125
147
943
169
100
30
985
121
67
118
444
135
90
768
613
921
72
65
132
338
127
122
108
1
1504
231
23
401
244
137
246
44
841
248
222
512
315
230
685
134
46
129
1491
104
36
486
234
62
42
46
66
228
316
31
25
161
154
210
43
46
328
56
63
234
246
23
943
73
231
120
168
604
23
298
40
25
514
1491
410
938
22
318
27
958
250
248
100
133
77
92
235
62
658
148
209
175
667
79
21
12
387
48
141
1
57
769
127
1409
39
77
225
47
1
137
21
239
140
29
597
36
55
40
329
31
427
530
49
78
30
63
452
681
22
237
72
511
531
40
38
307
43
193
201
34
263
110
69
701
1071
54
1602
23
302
514
127
65
82
90
27
112
605
1978
57
102
34
50
112
51
314
55
320
435
15
120
43
62
72
315
54
21
209
577
135
622
45
62
16
1478
858
150
429
27
241
302
42
161
19
205
29
59
18
682
219
39
525
212
30
25
252
60
164
49
413
157
47
281
17
28
1393
12
225
16
11
710
51
93
124
676
194
166
64
91
1244
49
950
113
150
748
20
3
437
439
9
153
324
110
67
128
35
54
72
507
163
397
137
492
951
131
117
420
333
241
238
496
152
1
149
41
317
198
50
127
127
32
139
431
417
129
61
217
105
37
138
142
169
472
44
405
249
687
310
502
221
1778
132
154
329
27
1564
378
502
481
299
474
239
236
22
22
53
138
873
122
68
330
63
318
73
23
152
872
64
43
1042
123
27
420
239
204
59
27
1208
164
670
327
693
1108
2
70
19
318
27
43
247
489
1236
36
39
436
59
327
318
495
167
69
22
284
393
598
305
264
425
6
52
350
50
142
72
242
881
148
318
709
49
238
24
170
71
591
262
131
878
396
200
24
165
37
669
149
35
35
107
107
64
32
34
503
141
1498
436
443
227
46
509
122
695
145
44
326
49
132
34
40
504
76
56
801
72
202
141
240
231
63
321
738
331
240
308
796
56
309
132
18
120
8
65
321
61
228
165
254
205
330
1138
14
216
328
14
11
372
56
139
311
119
11
220
423
436
957
16
237
64
175
418
29
697
336
41
24
324
167
27
119
150
149
47
58
695
77
222
76
1424
19
684
318
131
33
203
302
1154
330
48
253
33
142
420
32
331
853
70
127
475
231
308
39
61
68
43
694
227
253
339
11
2034
148
15
317
377
11
327
223
165
859
1134
205
85
801
32
20
282
116
23
164
77
213
229
252
306
66
400
305
64
337
1010
20
131
59
1149
14
145
138
2
166
11
435
65
50
59
702
309
29
41
1094
7
1502
424
218
146
23
1794
37
70
357
489
17
690
418
72
12
27
154
421
128
130
172
44
140
425
230
58
7
46
322
898
397
18
60
69
219
12
519
1148
511
52
112
9
418
329
260
41
138
417
168
1781
871
307
42
502
589
318
158
431
125
18
402
192
56
166
221
677
114
164
328
24
152
39
391
255
58
170
39
292
65
499
64
40
429
260
315
479
7
44
240
37
67
101
61
129
280
306
135
411
41
297
63
165
146
11
49
220
230
151
337
593
251
58
606
378
291
74
411
60
72
28
406
439
1067
427
134
115
20
316
110
283
303
157
31
123
28
333
218
44
854
315
137
41
50
700
437
138
312
38
331
229
685
150
390
64
600
31
58
524
60
496
126
584
217
46
41
25
223
22
30
157
337
98
214
526
1039
46
37
27
257
32
42
70
1419
47
674
125
45
990
165
106
145
252
336
1
40
521
325
20
48
160
102
8
146
139
143
282
312
149
328
107
218
22
78
123
2
165
505
253
41
857
101
218
134
248
90
529
523
130
208
858
399
385
5
60
146
30
77
61
1084
146
123
227
50
439
58
5
928
23
322
152
64
485
155
29
521
29
55
980
82
43
64
306
411
26
88
614
57
38
242
575
138
162
59
433
16
222
46
58
410
496
86
416
54
778
231
556
47
69
68
34
385
12
1036
481
61
319
4
165
7
37
215
170
1171
44
46
313
12
9
222
1677
565
244
8
483
23
142
63
378
123
750
494
403
39
302
604
151
391
60
132
60
260
315
397
141
97
476
124
232
473
152
511
797
145
53
253
130
227
421
15
786
54
1034
570
290
613
351
6
141
225
351
853
72
218
227
333
16
475
797
478
320
192
58
582
51
152
839
53
41
29
127
403
222
47
47
57
660
152
38
678
112
605
18
231
29
392
628
12
200
23
46
20
416
266
214
944
236
1040
59
18
289
516
11
138
235
57
13
320
59
38
682
53
66
130
68
511
12
64
707
38
39
123
58
114
299
57
4
2
61
432
1077
35
137
126
497
953
39
318
411
112
4
151
498
164
45
550
46
660
125
29
209
202
599
949
31
599
167
110
47
130
51
245
53
871
226
58
28
688
154
144
1234
48
227
133
321
1
508
434
10
35
414
307
680
152
502
1640
430
131
116
222
672
966
219
57
225
300
82
26
57
39
428
131
234
429
19
206
71
299
425
68
601
133
214
27
77
131
137
688
50
527
31
324
523
396
139
309
931
508
61
1223
459
301
148
24
551
1146
52
161
1267
50
74
34
427
301
131
41
32
599
46
53
137
253
158
21
45
1
132
506
348
220
154
506
268
154
22
13
77
147
40
47
35
20
526
54
70
57
103
296
394
324
418
658
50
326
152
123
54
343
45
48
40
214
150
243
168
23
685
48
68
135
159
166
114
696
160
43
132
138
139
80
229
228
36
24
699
587
70
35
690
327
235
676
17
122
417
242
236
35
214
322
1
24
55
137
489
31
111
235
24
167
421
148
1406
52
22
229
301
225
428
221
471
49
3
116
670
114
1104
71
47
136
334
96
1228
146
147
116
74
149
132
443
439
56
143
201
37
576
153
312
247
58
35
533
866
206
114
502
124
63
137
49
1053
58
132
223
142
59
622
118
617
62
779
244
121
71
250
166
197
164
147
503
30
35
241
45
4
202
84
45
710
65
6
31
40
24
20
10
163
325
17
504
13
15
695
123
525
675
13
398
266
69
84
9
36
698
139
52
138
60
32
260
123
524
949
542
33
219
225
332
695
9
385
84
603
40
142
59
46
504
59
162
5
188
64
14
1321
50
390
499
9
247
1029
80
529
322
490
150
60
23
583
25
588
2
1044
511
111
131
1586
312
15
311
319
513
687
296
41
685
20
67
55
111
19
589
438
151
75
288
395
488
306
36
615
16
258
62
103
413
44
323
753
89
161
56
110
55
134
882
663
77
145
323
140
31
37
152
616
41
15
49
62
28
306
763
64
104
71
21
156
1054
97
227
102
2
254
150
428
1031
10
885
686
53
37
218
36
214
336
234
73
64
142
395
193
768
769
348
147
678
150
117
129
136
2422
506
322
235
206
68
59
24
596
1133
159
586
380
147
769
435
425
26
41
54
1355
230
399
390
58
55
39
156
29
132
626
501
341
145
215
145
950
606
2
48
405
676
54
144
42
168
1
172
615
154
72
318
595
702
21
568
20
3
24
597
40
683
53
7
129
154
133
21
404
248
96
85
33
1117
74
351
617
115
141
306
10
592
952
137
495
176
107
16
78
1062
201
42
112
121
7
40
493
231
134
2
43
55
129
1068
113
27
125
32
20
55
326
304
429
229
204
773
105
291
138
34
405
115
1024
71
1170
229
395
944
1391
496
662
154
58
623
63
474
160
66
8
28
445
143
105
1034
1241
21
207
313
500
328
28
60
45
144
395
137
794
498
38
11
203
661
692
34
435
301
37
407
65
349
134
57
34
122
324
8
80
409
42
127
46
611
133
603
105
141
80
406
166
7
37
199
400
36
255
320
130
289
1165
790
129
429
162
151
494
162
56
55
1036
50
131
63
424
467
225
25
679
54
37
1135
637
237
370
144
555
25
223
75
761
22
44
63
153
167
24
589
348
243
24
52
855
11
22
6
147
495
150
510
40
132
214
48
400
328
231
45
251
6
24
584
124
28
2
49
335
23
74
43
74
386
121
16
414
783
3
51
28
240
37
20
160
241
152
774
20
163
95
861
244
37
767
152
503
120
18
14
329
1757
505
58
233
408
217
23
29
245
19
37
136
332
390
243
510
667
109
1398
209
1
129
20
207
50
157
1762
349
128
341
302
28
1372
221
63
1
243
327
74
753
294
1247
247
145
137
208
60
228
43
44
24
843
45
214
40
79
95
63
38
404
226
40
133
393
580
131
150
34
427
413
2
310
65
59
54
390
13
418
233
223
409
681
1044
112
586
142
309
58
256
146
75
234
208
13
124
113
396
158
45
10
38
152
49
47
559
71
5
1063
133
2073
79
55
221
5
60
160
587
671
260
758
15
34
43
3
650
157
63
121
123
35
309
46
62
985
326
42
60
769
33
137
601
236
47
6
78
453
212
303
479
318
302
498
675
58
660
225
53
49
115
380
7
154
57
1319
171
147
44
242
19
33
1189
66
319
20
30
71
15
231
58
134
121
56
46
235
515
137
48
60
413
117
318
257
100
208
622
214
235
156
1709
62
158
80
113
799
774
77
5
43
153
262
389
31
224
423
301
23
40
133
42
149
132
354
45
63
42
143
104
970
212
1152
156
389
680
36
420
406
19
1247
712
24
145
687
409
120
36
49
191
137
57
70
136
277
315
59
398
129
3
116
763
388
136
144
565
321
251
20
321
222
70
228
19
202
51
1370
983
125
318
2
1136
37
101
311
108
53
101
21
110
409
75
141
222
33
198
163
7
131
503
686
1212
49
23
420
22
408
38
120
47
234
298
22
291
403
42
968
61
445
12
498
135
210
211
263
39
20
54
408
294
73
115
116
137
587
316
16
77
124
54
124
516
142
50
145
74
954
121
46
597
75
321
1064
47
57
37
494
2
503
51
47
68
81
39
83
1043
7
73
863
19
52
58
57
124
10
243
144
615
1955
664
158
15
421
45
26
504
595
12
25
346
154
46
192
118
786
334
144
49
52
143
161
31
108
1044
60
775
119
318
138
1014
127
328
315
423
36
329
53
1253
54
3
950
11
69
404
21
234
232
313
241
144
216
809
74
118
223
26
39
1678
110
255
22
51
42
152
135
84
683
56
19
125
210
421
161
34
317
398
597
31
120
17
141
130
32
832
65
8
114
232
19
56
618
56
702
41
145
140
242
140
127
60
250
57
419
220
133
135
299
73
221
859
488
41
232
214
130
44
223
201
395
236
35
153
31
128
38
40
6
220
54
224
789
27
138
27
6
286
776
836
72
2
437
19
353
399
1069
496
512
40
35
868
759
56
164
21
329
245
22
857
6
303
225
39
34
329
240
74
36
46
383
1391
60
24
68
227
575
224
163
134
96
339
32
178
234
44
289
52
219
18
61
21
317
82
307
304
866
318
335
147
1399
126
494
58
333
261
331
190
233
1397
49
184
45
756
311
12
308
309
69
866
32
5
38
45
82
47
15
324
331
38
1564
1018
7
135
115
15
67
580
33
42
72
17
148
22
59
4
211
51
778
34
37
394
402
249
25
45
51
238
145
18
64
71
138
158
28
168
277
249
7
142
68
161
78
408
420
682
397
314
23
587
318
1126
43
9
393
159
432
590
36
441
414
9
584
81
28
471
62
127
121
120
107
987
255
254
752
20
22
1346
151
645
675
322
293
962
410
1932
334
50
606
102
132
30
57
319
1201
164
11
130
6
169
136
231
1347
1324
512
219
3
32
148
1224
166
315
166
147
401
382
71
31
495
36
58
303
66
50
422
217
323
39
16
132
456
12
43
311
55
342
122
244
31
419
1224
70
65
686
324
72
50
980
310
164
237
1143
344
688
410
1477
1050
237
56
176
7
486
37
126
131
106
514
161
49
576
122
416
317
160
208
128
70
68
165
407
138
28
141
33
48
62
584
236
575
344
257
143
120
53
76
777
103
303
176
215
150
398
38
146
315
308
416
73
132
287
21
40
148
308
944
229
49
146
162
253
53
222
40
71
312
135
150
59
104
3
1037
438
148
158
35
56
41
31
335
514
51
844
3
584
43
58
64
144
971
262
112
1125
363
89
88
43
342
1239
60
160
230
225
764
48
226
262
122
380
159
58
49
61
352
60
244
339
949
965
114
498
314
5
56
40
42
317
43
59
318
199
504
158
67
883
784
51
7
69
58
222
413
436
144
1060
32
61
473
1043
120
81
594
131
590
120
312
613
62
136
333
62
618
60
224
220
159
37
34
39
16
237
61
243
34
157
520
693
145
47
156
398
82
73
1054
123
27
152
264
430
60
252
34
558
621
46
157
228
459
232
941
125
83
11
428
61
152
412
149
148
405
778
53
136
246
6
17
978
216
159
931
45
499
123
23
411
20
54
80
106
220
21
657
7
1107
350
53
47
42
205
951
327
6
74
100
349
77
597
71
165
784
968
140
490
356
125
15
162
33
62
793
47
130
121
115
32
675
149
1056
500
582
53
676
146
70
19
44
32
216
72
389
36
200
602
334
47
30
50
10
481
187
79
146
417
306
404
336
679
33
43
116
311
1573
10
59
234
233
229
18
31
836
526
50
29
422
235
37
326
64
305
154
29
44
55
714
84
234
572
11
73
438
1041
89
34
18
327
2774
314
4
52
245
226
83
800
866
666
2323
950
23
307
796
9
753
57
246
18
138
292
249
38
32
1407
2522
581
168
555
308
968
525
52
67
33
163
11
31
605
1116
123
129
65
583
127
145
411
31
234
1164
931
136
514
777
68
588
497
25
116
416
210
126
208
37
679
116
396
310
173
61
233
14
105
215
69
238
1054
234
249
38
46
384
29
120
429
59
4
29
158
239
356
82
147
220
600
47
135
12
17
236
372
19
78
150
