81
1
91
21
215
18
52
64
74
157
111
168
2
182
267
120
41
86
85
57
129
122
32
372
7
267
166
160
470
303
410
113
146
82
288
6
116
4
10
108
113
174
73
294
31
176
41
326
31
4
127
67
189
344
67
57
363
264
165
4
190
131
61
19
382
70
30
129
124
14
16
12
123
116
62
40
611
3
444
112
156
65
129
136
107
166
14
138
54
91
106
124
31
10
90
250
120
1
61
165
263
350
58
114
32
114
96
72
197
26
203
359
121
156
43
74
166
185
158
63
213
135
87
181
164
50
185
9
15
164
80
56
213
15
104
258
230
46
9
80
105
158
28
47
75
119
260
24
985
235
178
206
9
605
174
66
28
187
364
235
52
25
98
191
185
129
424
657
135
37
202
71
35
196
2
19
108
100
61
59
65
14
10
116
110
43
270
88
40
238
48
19
261
44
125
113
150
30
66
21
32
5
45
12
27
222
34
27
42
296
20
152
26
4
57
46
97
96
148
242
45
159
57
307
126
28
39
106
63
90
184
616
201
211
46
144
38
308
548
6
151
24
61
262
37
49
69
202
45
189
59
129
105
14
85
199
100
675
20
14
150
123
231
264
280
94
138
38
77
79
440
96
25
61
49
57
388
9
52
44
23
203
239
15
84
339
270
399
132
90
51
218
75
75
107
29
61
29
101
53
21
165
52
411
26
509
222
56
96
338
202
34
118
23
123
62
105
127
25
286
72
24
339
9
65
226
72
134
140
374
30
308
34
55
39
194
160
71
51
121
338
190
292
8
58
202
243
103
140
117
108
68
29
40
42
22
7
168
1
46
37
308
9
142
23
217
92
82
32
184
75
161
380
147
125
20
85
179
381
37
52
140
125
6
714
51
89
236
10
19
342
23
279
43
302
6
109
69
27
354
82
122
4
281
115
349
161
61
126
10
46
34
150
191
161
53
177
8
189
165
14
42
18
84
264
232
19
19
9
248
64
172
245
8
287
105
98
29
134
198
332
137
34
45
203
83
436
246
106
137
308
30
255
476
263
64
175
10
197
30
285
85
128
75
218
90
87
182
29
272
178
158
119
32
495
295
382
19
70
232
313
59
478
98
33
25
18
275
148
13
203
84
380
101
27
2
31
88
22
195
352
58
125
16
197
28
42
36
29
12
35
198
22
71
284
27
109
178
155
401
35
292
16
18
21
33
168
80
143
281
7
195
720
162
55
71
157
566
491
89
32
29
32
122
240
377
259
99
127
7
108
11
27
133
84
44
129
209
6
198
184
160
140
212
108
82
21
8
213
345
172
125
41
1
172
170
27
16
91
79
17
66
165
126
155
210
46
87
381
181
140
91
184
31
38
48
222
73
171
29
24
149
52
222
100
52
219
41
12
213
26
71
150
95
217
299
101
133
76
51
79
8
101
282
150
371
159
145
11
273
5
161
239
20
40
208
26
449
14
118
23
53
274
51
107
110
37
1
21
233
73
48
135
17
32
116
46
29
28
67
10
194
16
48
53
26
160
20
491
68
15
85
39
113
33
112
92
13
294
192
199
90
453
97
55
55
154
410
115
57
208
60
10
109
21
85
16
42
171
69
90
159
63
32
144
179
208
216
396
287
17
462
469
207
77
551
272
65
148
6
257
41
16
753
31
289
159
15
53
46
432
9
4
370
47
34
236
146
102
12
75
174
53
26
87
210
146
151
17
192
89
212
37
39
230
108
64
297
75
115
622
326
16
126
174
32
66
133
153
264
126
233
8
530
136
232
51
33
23
151
23
541
52
50
25
218
296
53
208
86
98
14
47
109
50
9
31
34
11
120
172
358
351
4
203
416
203
230
13
217
51
120
228
47
26
216
290
19
142
32
215
138
54
117
63
26
62
124
38
129
4
75
151
214
2
284
8
19
113
166
68
62
6
190
7
555
199
37
324
139
28
78
9
30
34
33
20
125
200
69
280
174
226
156
88
262
4
25
77
39
5
17
45
69
92
119
5
88
154
111
196
49
51
307
53
111
382
35
56
144
47
1
7
82
178
65
35
143
175
212
601
33
32
19
39
152
302
159
140
96
173
242
79
145
115
111
68
43
338
311
82
353
307
105
96
163
74
158
50
13
93
244
512
136
44
107
30
555
43
12
17
149
89
69
71
24
9
100
11
24
83
245
229
111
6
8
90
227
189
109
218
82
37
14
245
8
162
110
86
75
97
15
400
144
178
162
118
117
369
127
331
31
1
59
19
108
54
88
18
215
138
1
4
97
107
345
219
308
68
37
199
69
78
4
169
199
122
64
84
218
87
165
289
15
575
73
78
22
185
193
17
42
217
402
17
48
10
73
215
54
331
15
78
13
441
128
93
162
203
297
21
98
163
177
146
33
26
32
224
54
341
223
23
21
250
88
24
110
157
162
105
28
178
271
346
141
13
57
842
176
689
62
43
140
26
146
10
131
57
46
195
172
328
129
75
346
14
384
132
241
203
129
97
378
128
84
2
6
9
26
290
52
19
12
29
262
77
450
294
296
99
84
38
19
47
36
15
466
85
53
797
204
296
79
352
189
10
123
153
304
109
328
12
35
30
67
23
42
186
232
81
168
69
28
187
44
219
33
375
192
2
27
110
190
98
104
278
323
74
54
65
69
22
29
114
136
237
274
71
115
25
46
33
147
108
46
285
177
15
31
64
267
71
58
40
126
461
168
232
241
266
49
309
41
601
300
221
86
74
113
294
477
69
35
348
99
21
49
208
370
146
204
11
72
447
21
12
48
212
38
222
98
30
179
129
271
111
635
55
173
107
32
169
68
145
104
441
126
83
34
393
124
134
115
133
76
10
16
94
91
268
70
104
60
37
56
228
11
81
38
44
126
100
219
392
138
178
130
26
247
485
34
102
165
213
15
333
51
294
200
69
155
54
33
61
198
112
14
56
105
106
258
226
224
444
169
70
401
276
17
33
226
1
362
8
43
236
238
144
100
6
1
122
597
109
172
61
205
332
62
16
76
155
18
43
184
4
115
230
184
263
50
120
135
118
286
44
92
107
76
47
220
172
37
25
50
116
15
43
9
29
45
157
128
40
100
32
6
35
43
12
59
30
62
56
279
173
195
5
81
24
96
146
376
194
265
277
121
10
23
18
174
58
268
116
184
335
439
462
220
579
69
102
22
222
171
86
42
117
85
475
174
347
87
129
94
87
100
184
13
461
434
62
11
176
324
17
2
166
377
492
60
92
148
300
56
21
157
77
39
64
28
74
44
257
157
78
4
1
77
145
11
51
3
112
42
113
212
52
97
77
169
49
13
38
80
5
17
251
321
168
52
48
1
364
66
254
145
20
509
260
159
79
215
36
111
167
54
191
23
84
76
45
115
86
235
4
21
68
204
1
95
50
45
122
398
1
7
166
33
310
118
115
381
340
12
27
129
285
77
367
5
152
124
237
441
207
22
44
64
209
203
199
263
47
124
94
17
141
50
77
253
36
10
18
190
45
32
188
2
125
1
186
48
50
59
152
1
308
63
128
14
141
76
105
421
6
33
55
15
74
51
16
521
56
75
263
101
95
113
10
241
1
53
87
51
97
33
37
89
258
138
90
202
16
71
166
105
10
81
224
405
16
16
39
148
180
170
268
47
407
13
11
84
38
43
63
8
24
84
142
6
17
4
28
418
162
19
110
25
112
53
76
65
6
131
160
201
15
103
234
57
9
129
80
271
182
257
50
55
70
129
56
478
114
48
9
99
71
16
9
162
30
107
10
171
423
116
62
133
89
5
45
151
27
112
42
83
34
10
89
163
260
83
188
93
6
372
187
35
112
208
173
128
20
139
14
243
119
18
52
116
123
52
207
17
436
74
61
36
251
62
85
317
157
143
193
91
71
226
73
167
15
365
55
82
76
29
19
267
218
80
240
133
237
604
128
106
69
133
288
127
11
312
373
108
372
10
30
78
52
31
2
100
84
3
20
81
307
64
223
549
61
148
38
76
68
146
95
233
81
277
161
314
45
304
11
3
260
155
3
117
99
74
201
1
270
14
412
376
338
176
43
74
200
19
10
70
281
173
14
153
313
1
518
23
29
121
110
55
412
167
18
441
108
1083
232
251
122
232
47
256
579
187
21
19
157
60
234
65
200
316
17
4
69
193
66
292
12
30
112
56
99
177
284
157
58
33
162
8
32
240
318
27
208
187
25
125
120
369
86
325
36
404
36
367
144
243
221
192
52
73
40
163
19
250
114
148
91
57
247
337
55
16
227
86
417
355
16
151
30
59
25
308
174
13
6
246
134
20
13
193
292
165
323
158
451
38
164
44
41
220
37
125
243
263
22
595
96
156
791
178
418
118
69
132
175
17
100
95
199
81
86
139
81
383
82
16
265
175
436
115
35
156
89
170
64
98
286
24
259
34
123
163
126
399
139
151
74
53
270
4
69
336
101
362
80
52
259
56
63
18
235
36
67
72
517
74
110
64
48
49
162
165
74
219
33
243
186
17
285
339
4
146
63
90
19
42
217
107
308
6
28
43
608
26
36
36
16
40
29
73
108
12
97
15
181
17
8
18
327
79
101
163
61
21
100
21
24
60
299
44
106
205
46
156
69
20
658
217
465
122
39
293
444
36
32
19
240
588
32
9
34
678
190
140
75
319
162
2
59
72
68
225
23
35
86
35
271
270
39
523
5
88
28
393
145
260
6
26
31
119
83
46
16
292
9
231
23
174
296
121
473
51
179
107
429
203
11
276
53
156
83
130
33
306
161
160
67
141
187
69
288
83
22
14
17
63
60
145
356
24
8
69
112
24
200
63
211
18
7
359
2
105
292
144
101
625
153
79
139
77
40
198
143
75
71
217
700
57
14
104
397
17
55
28
95
117
22
244
73
39
52
171
245
49
16
602
225
26
80
559
52
23
174
8
215
51
32
24
452
136
53
67
30
590
147
174
1046
14
22
107
13
67
144
22
22
116
119
231
20
613
119
34
142
7
24
134
18
181
11
25
35
168
166
9
45
276
126
11
245
46
406
66
461
116
33
35
10
90
83
391
112
57
160
42
65
108
94
21
13
70
45
7
65
38
238
181
420
27
70
15
3
4
462
4
200
48
105
76
68
53
66
84
595
32
112
1
96
35
241
2
40
624
303
15
86
63
252
102
117
78
70
338
240
68
178
65
13
215
29
34
39
32
79
269
34
196
188
24
22
24
63
79
124
74
3
25
81
160
116
13
143
269
169
39
282
562
101
29
123
107
403
30
11
40
73
106
80
26
66
110
28
23
137
2
61
353
66
239
66
50
111
101
47
59
1
33
197
236
110
20
241
49
74
17
60
169
51
89
3
263
36
69
33
286
161
67
311
264
90
21
111
80
185
115
8
78
183
362
139
103
71
214
291
19
39
61
21
12
51
47
68
1
115
196
29
141
218
218
19
75
22
383
417
144
47
233
73
92
21
96
88
141
120
146
20
31
46
10
144
93
10
72
66
171
196
104
290
128
123
456
15
251
184
2
44
25
61
34
258
66
423
35
331
70
162
97
425
12
30
176
266
49
132
4
213
13
61
113
177
84
228
46
15
129
160
95
137
49
339
218
294
13
156
469
56
45
69
180
118
71
60
59
202
56
159
158
23
21
165
434
24
464
56
52
152
35
98
144
276
51
254
133
66
745
116
85
268
324
701
172
153
13
41
219
18
170
189
68
155
84
49
109
102
14
145
623
142
184
22
4
70
74
112
129
9
146
1
91
170
113
312
39
38
102
44
133
138
248
392
290
87
14
33
38
146
81
22
7
161
19
75
186
146
72
150
156
345
12
230
20
55
68
13
93
165
56
63
112
113
142
39
115
101
1
196
244
585
12
296
64
115
124
61
14
147
30
726
34
156
49
124
26
28
200
52
227
49
56
53
34
125
317
47
243
22
64
123
337
17
54
63
40
169
103
87
100
241
18
1
881
219
26
36
476
504
51
27
66
85
112
75
23
293
5
306
55
104
161
100
100
109
87
241
50
157
31
37
278
221
288
85
5
593
187
51
64
32
135
32
120
265
266
171
25
227
11
141
21
122
44
63
475
75
60
260
44
58
497
12
32
146
10
259
79
90
63
149
26
64
210
36
181
55
113
2
175
251
45
58
50
23
30
35
395
91
58
39
183
37
501
24
115
144
190
102
165
28
35
155
196
274
323
90
151
31
650
354
128
164
263
122
84
55
295
152
158
66
36
199
157
41
43
36
93
34
532
291
425
24
147
74
32
85
105
205
82
142
45
25
178
9
218
212
93
165
898
42
64
133
24
437
463
141
138
212
1
66
77
42
69
101
107
6
158
17
126
100
23
20
627
69
614
37
100
204
20
62
65
7
290
10
131
102
220
7
237
151
39
68
118
219
126
36
125
36
169
66
2
109
65
365
88
146
408
190
108
286
51
48
13
135
92
1
42
179
111
236
399
75
33
51
46
71
231
591
6
160
59
157
213
301
671
81
26
116
42
90
13
650
127
43
655
45
197
7
5
37
274
81
16
186
76
34
195
2
35
121
81
5
14
105
116
134
215
96
463
6
159
193
258
146
86
38
233
135
17
29
23
261
118
129
395
39
172
61
57
76
48
369
46
99
73
22
152
63
194
112
175
29
152
149
75
230
76
206
160
267
1
40
127
89
89
382
23
41
4
80
361
57
32
25
25
94
129
298
46
63
114
72
7
220
254
250
56
175
26
15
22
574
102
96
459
17
154
424
12
94
19
276
46
74
402
65
35
157
49
97
90
169
169
42
104
34
274
676
82
93
753
143
260
99
98
71
158
206
37
131
73
653
38
78
108
43
290
155
56
56
132
151
13
17
94
461
67
98
32
367
11
167
53
271
456
193
342
1
74
4
72
73
55
139
96
4
29
33
321
74
15
32
19
328
280
79
175
262
399
405
5
9
219
133
20
55
163
6
169
61
14
272
29
36
5
164
379
236
27
95
149
16
13
153
9
68
302
79
274
122
6
66
88
47
21
3
96
90
19
28
165
741
156
28
305
213
248
102
32
198
42
101
295
41
19
112
74
190
124
83
49
11
141
172
46
41
6
57
319
12
105
326
165
88
237
56
18
28
170
335
194
117
143
669
141
37
248
57
64
135
112
216
197
50
43
47
18
138
558
49
16
663
549
10
61
4
42
195
128
44
42
179
110
58
33
63
16
31
25
101
346
262
180
493
390
20
302
274
40
180
158
118
29
317
65
647
373
516
79
171
81
115
92
400
3
175
435
262
228
331
51
91
3
37
44
161
20
18
35
40
30
35
16
42
318
57
206
159
80
142
53
238
156
73
31
87
24
84
116
12
228
7
39
129
47
14
30
29
117
62
6
4
13
127
47
82
260
96
24
117
48
94
19
119
6
230
164
181
173
55
163
41
154
104
1
219
101
56
450
267
49
53
211
540
110
297
102
267
189
45
321
41
19
145
10
68
206
3
66
207
69
145
29
143
148
382
99
231
122
598
178
56
55
18
100
127
212
447
366
242
79
457
22
60
222
474
34
127
270
478
373
419
241
22
84
122
383
103
115
204
1
38
15
100
275
241
27
191
5
38
41
150
51
16
10
35
163
6
32
7
198
733
116
87
41
39
42
119
72
34
123
70
225
3
321
79
284
177
590
38
289
41
24
51
288
29
176
91
113
511
22
557
58
171
341
478
173
99
45
132
178
107
355
42
11
248
10
11
19
33
64
338
29
67
143
136
203
434
237
41
69
190
55
30
167
43
2
186
179
127
14
143
16
56
394
3
35
61
130
28
281
170
472
73
91
419
75
369
49
36
253
294
118
192
231
65
24
278
284
75
13
128
33
9
159
522
109
38
114
190
43
483
53
32
102
170
89
347
546
291
11
38
90
43
134
66
91
129
158
32
523
302
50
417
24
92
8
15
287
239
182
109
60
86
196
6
266
125
325
305
8
185
91
56
48
43
13
118
446
246
181
256
17
18
17
9
119
1
83
7
49
40
5
144
60
75
3
99
164
229
31
10
326
68
46
137
21
41
108
136
28
273
361
11
772
57
114
149
122
418
294
37
7
34
253
813
9
183
42
316
102
189
714
193
109
113
171
55
256
198
58
123
519
3
152
182
5
130
168
135
186
20
13
40
398
235
209
134
379
20
4
245
214
162
25
380
159
84
112
147
151
60
57
1
44
203
19
64
3
483
23
74
104
29
106
111
31
62
114
88
202
42
582
111
280
177
44
107
443
68
75
134
107
493
222
21
30
110
271
103
16
113
17
93
335
254
100
30
64
17
102
48
331
173
159
23
621
44
360
162
98
134
42
69
57
37
361
119
60
13
68
134
6
213
112
435
111
120
31
188
499
446
243
54
182
46
101
112
3
34
288
69
107
79
115
223
110
20
254
59
18
196
9
455
264
39
139
341
93
93
13
94
418
94
36
102
81
137
5
23
103
197
263
496
84
34
728
72
34
108
106
188
44
84
381
134
181
23
60
47
124
70
210
96
52
27
34
70
32
120
80
82
15
116
70
48
102
437
6
63
55
206
56
144
35
270
29
418
48
57
64
173
116
69
64
126
72
142
63
68
90
113
22
44
230
160
133
5
162
84
513
24
234
51
231
178
157
252
2
52
172
484
44
50
61
195
107
6
2
16
55
208
416
97
104
65
140
234
118
11
33
108
593
706
6
196
11
14
46
133
81
58
186
112
3
137
76
146
175
139
34
4
357
258
61
131
87
156
119
23
75
236
384
61
20
110
130
35
148
333
188
88
340
134
21
9
117
92
426
433
62
330
20
22
235
34
273
274
171
103
175
57
72
425
100
74
37
66
101
157
94
80
15
49
23
33
67
205
91
114
40
9
348
18
31
32
82
86
131
237
14
7
159
9
208
117
338
49
39
21
211
214
91
35
30
4
51
253
89
196
453
431
113
5
655
43
368
199
6
2
62
103
117
266
90
455
220
6
80
216
114
19
45
80
75
401
14
108
29
431
50
417
103
88
641
208
318
172
295
23
158
38
97
4
71
161
86
265
23
22
91
316
155
102
54
4
27
72
132
455
88
142
65
136
295
160
52
108
148
152
275
99
186
39
38
18
557
30
253
207
371
35
92
273
34
31
8
452
70
220
116
1
150
54
326
1
73
11
35
132
187
158
82
123
32
186
74
958
28
153
122
222
36
182
222
6
189
12
118
37
182
27
239
212
244
202
56
20
237
452
66
45
26
66
102
75
38
256
42
18
2
3
31
66
356
155
66
174
325
410
249
108
136
8
49
109
74
12
70
370
36
240
69
65
189
1
10
54
202
23
170
12
92
39
46
202
139
89
40
507
185
76
55
26
9
139
208
305
21
185
195
218
10
99
25
107
17
463
110
153
13
163
73
27
349
23
32
14
241
119
12
245
124
179
9
11
113
164
192
28
63
7
165
123
141
18
18
7
263
82
174
80
358
30
80
226
17
8
324
27
100
246
11
81
75
275
19
119
35
74
65
207
48
16
128
43
32
173
1
82
64
8
339
65
9
95
42
54
61
26
247
111
107
412
131
162
175
29
44
178
39
62
135
85
204
27
83
83
5
210
42
171
101
50
96
66
215
103
2
166
124
64
7
17
136
121
277
79
19
337
85
61
138
107
348
23
43
69
61
44
79
143
112
409
46
222
377
223
35
68
71
16
313
651
21
129
53
3
10
523
254
1
265
691
169
185
564
19
113
53
56
31
61
81
25
215
39
43
42
75
188
381
17
300
71
65
213
65
263
187
71
224
606
579
167
91
184
101
238
124
21
2
265
40
46
255
30
276
177
103
16
150
64
456
236
65
90
3
61
11
96
290
116
413
42
22
17
124
111
125
25
148
221
93
147
171
25
67
169
7
114
115
50
81
183
140
379
186
28
56
12
98
163
134
407
59
89
322
117
83
106
3
78
23
65
47
180
1180
5
28
59
118
534
96
323
38
8
32
271
19
397
358
63
549
81
77
43
355
65
151
76
74
182
4
10
303
535
21
50
116
12
11
12
66
103
862
1
4
77
18
118
115
403
43
46
87
39
1
107
18
262
103
40
94
6
487
88
167
48
79
2
85
55
216
425
28
23
211
213
22
321
138
10
22
154
172
57
505
110
32
60
36
3
172
158
194
2
104
331
84
37
28
56
30
470
231
256
16
155
138
25
29
338
73
101
75
172
126
304
160
398
255
505
113
31
196
38
23
15
30
347
69
259
160
148
257
144
42
132
6
359
69
66
108
361
76
99
115
463
102
59
122
50
96
107
231
75
55
221
120
49
47
264
196
35
10
69
589
75
41
16
666
194
137
420
310
614
78
27
122
63
143
258
61
72
201
115
654
62
624
147
224
130
86
25
95
256
255
193
193
133
59
55
17
97
156
161
384
145
84
76
130
744
16
109
140
144
121
132
288
42
37
502
155
68
98
22
324
154
106
35
188
134
450
292
136
21
79
53
50
211
29
467
94
132
142
17
6
141
104
252
326
608
20
344
106
18
429
199
15
95
33
308
131
124
163
68
123
115
225
41
567
352
240
59
60
22
150
125
6
216
383
322
296
471
196
59
93
37
12
102
226
31
13
254
203
182
170
9
184
11
270
261
80
371
148
23
35
32
15
29
90
130
24
3
50
208
264
198
1
46
40
174
169
502
228
52
24
78
65
27
51
123
181
21
96
116
51
229
46
177
95
321
55
490
34
828
75
44
13
16
42
752
15
142
460
444
262
127
356
72
174
35
322
184
317
34
93
63
14
257
77
1
19
47
186
53
318
98
79
26
79
326
315
52
33
41
27
30
171
112
29
105
205
131
2
3
338
51
287
8
87
29
104
127
17
272
16
236
56
5
68
180
55
268
381
169
8
28
24
17
21
105
272
97
8
61
752
458
483
295
132
89
476
242
446
55
7
288
32
174
86
93
335
86
214
128
210
238
53
12
158
372
21
134
26
53
2
180
6
323
38
210
110
51
56
284
64
4
159
120
2
704
331
477
481
536
5
164
8
22
243
19
88
65
5
78
124
86
80
282
61
5
154
7
2
261
57
62
88
25
88
10
17
18
36
295
225
326
88
133
225
26
154
13
32
112
100
62
58
29
90
191
25
153
183
541
3
549
135
138
38
21
523
143
37
22
132
22
30
19
55
42
12
38
562
21
64
130
26
46
77
268
142
524
106
151
182
194
157
178
45
46
64
40
41
16
292
83
186
30
289
206
301
290
42
63
232
4
86
162
82
89
107
21
8
85
59
4
142
135
34
56
19
47
75
136
117
72
113
36
85
105
26
886
113
214
178
107
13
105
44
103
65
163
137
22
58
8
84
597
465
32
122
35
148
217
19
229
72
99
199
452
2
174
46
159
320
40
165
160
12
686
183
92
28
185
741
18
30
102
117
55
32
64
53
9
301
65
13
591
135
290
576
108
166
28
14
15
291
29
98
68
198
6
50
21
132
44
183
125
291
90
18
424
14
36
109
219
268
32
64
14
14
111
131
136
23
89
311
63
258
182
269
678
34
88
97
158
455
300
227
70
19
239
90
191
13
6
25
165
121
247
124
67
254
43
543
244
88
785
12
4
126
247
270
93
50
25
84
99
4
9
88
143
34
49
548
8
186
5
288
284
146
95
271
379
17
303
182
100
237
249
30
39
175
195
37
92
401
126
29
487
128
13
270
76
418
470
67
221
143
73
178
64
286
199
197
9
88
91
295
249
428
154
43
10
244
139
54
190
153
228
38
103
43
49
197
258
172
1
267
95
203
46
173
128
92
192
583
56
202
10
47
85
93
93
269
416
218
257
59
108
134
232
57
228
59
85
42
14
164
59
50
164
146
276
47
175
143
146
56
74
243
5
162
5
37
281
116
228
44
115
32
23
227
73
103
62
45
106
608
54
120
122
182
73
74
264
404
249
2
10
146
29
7
279
6
94
15
371
24
139
98
83
2
509
189
19
73
285
104
34
198
160
101
41
6
209
96
175
416
258
26
133
242
236
13
107
96
237
442
212
135
176
163
53
63
182
172
85
77
143
88
69
148
168
200
95
97
270
50
43
479
94
61
392
29
898
48
245
4
7
7
310
15
41
63
30
360
20
100
404
132
106
7
20
48
6
166
215
159
94
480
88
462
27
183
70
37
73
39
23
108
174
479
84
219
50
85
32
14
631
117
79
248
91
93
43
200
119
144
20
149
3
255
518
157
13
31
108
160
2
138
41
41
32
27
187
583
193
66
159
33
358
179
83
639
123
224
89
69
60
84
349
485
370
5
73
51
309
72
116
43
109
234
97
235
127
396
162
36
28
94
40
44
113
128
125
240
509
19
100
345
339
270
9
161
430
126
43
13
6
99
160
103
291
15
73
85
195
136
13
20
217
261
287
392
167
38
196
42
28
233
33
25
16
117
211
83
48
194
115
161
15
2
39
40
229
19
186
104
13
53
49
43
218
80
170
53
174
16
215
417
616
112
292
12
71
149
104
2
109
4
161
256
36
37
18
185
19
124
120
114
9
4
145
33
4
213
123
22
14
44
21
79
19
56
121
94
339
290
76
43
239
275
80
395
19
179
141
40
80
32
125
17
202
34
191
100
66
18
231
110
102
8
124
32
477
47
92
241
135
142
208
142
143
134
60
387
104
314
25
11
23
44
847
64
79
7
396
143
543
29
272
56
38
296
15
30
586
54
20
143
108
78
32
403
49
21
59
308
50
125
173
144
255
13
37
222
366
60
325
110
274
250
65
102
61
270
96
299
117
11
146
463
168
43
353
84
42
164
9
161
316
21
94
47
365
53
19
122
197
342
71
6
35
121
33
112
357
346
165
236
16
48
296
220
14
245
80
193
437
54
33
114
76
43
127
21
1
182
182
70
239
129
311
476
69
46
131
46
125
199
50
920
44
21
136
41
26
89
181
121
60
30
383
10
85
179
9
151
95
326
321
117
41
29
140
18
335
77
13
97
246
4
33
38
107
188
51
80
122
60
37
32
33
5
144
50
56
188
77
132
104
46
145
47
152
33
221
138
184
684
310
14
115
162
288
70
59
30
32
103
353
34
118
62
29
28
39
23
72
2
51
19
50
42
85
252
52
63
401
34
108
81
76
261
208
10
22
182
87
103
169
14
223
286
55
162
493
131
46
188
324
190
267
174
806
304
44
64
64
78
121
91
10
189
31
11
36
366
48
134
63
280
37
25
437
74
222
165
52
257
342
220
422
65
138
5
390
250
6
306
269
66
321
55
114
509
208
75
225
5
270
55
71
14
69
52
165
324
69
120
460
438
301
217
78
143
75
121
6
205
156
176
130
148
136
177
187
439
159
110
93
97
73
148
9
20
94
70
10
85
86
116
75
89
198
166
40
144
4
330
52
95
255
25
30
63
24
256
84
32
174
15
397
250
61
209
3
225
81
311
25
40
302
88
151
44
263
311
136
88
30
10
315
86
80
270
83
124
133
52
399
118
270
73
149
337
365
36
28
255
157
138
12
114
30
100
150
104
86
16
24
108
206
37
376
101
147
10
126
1
72
8
53
326
79
331
143
167
181
279
72
85
196
238
213
97
89
896
151
227
9
58
47
101
26
437
128
198
146
95
65
94
283
98
111
54
268
160
176
25
549
64
129
185
304
102
174
344
125
13
43
8
146
96
5
187
20
56
33
164
33
144
125
140
84
185
91
77
15
54
357
36
71
31
403
67
172
127
95
161
19
247
76
57
77
262
190
3
183
19
3
33
123
125
72
355
170
36
3
178
156
178
2
123
46
34
160
197
71
8
77
2
457
171
36
233
181
46
33
79
87
52
76
232
143
109
166
36
818
35
78
17
27
337
37
63
149
6
104
108
376
85
133
90
2
19
57
34
123
12
141
201
98
229
27
227
349
26
57
60
107
74
43
14
34
5
52
200
19
36
102
21
5
108
21
375
411
238
180
11
65
49
98
383
105
118
352
116
275
263
7
17
58
17
63
148
20
55
37
357
226
43
119
101
50
201
12
22
82
92
32
237
55
17
50
73
49
367
135
53
114
157
54
213
170
29
206
254
170
41
249
336
35
57
127
267
225
27
2
154
120
164
30
174
131
50
68
121
265
35
72
373
229
30
145
108
103
14
76
52
216
215
4
43
85
22
55
13
193
122
60
10
88
73
312
66
116
43
480
121
92
50
389
49
385
25
332
533
101
310
30
66
11
110
5
49
87
285
37
2
188
53
442
55
136
45
158
37
38
93
358
14
52
201
10
297
109
34
70
266
282
94
19
189
316
617
537
90
53
301
88
250
176
65
70
169
297
143
68
88
116
22
172
97
66
127
184
59
13
342
45
381
6
16
78
17
138
94
255
74
183
39
193
115
7
49
72
15
193
24
177
365
52
161
249
107
175
44
278
46
80
68
33
290
4
18
118
308
165
63
8
665
390
84
193
166
130
50
41
58
209
28
3
133
327
62
65
515
68
62
126
60
77
12
84
64
233
4
103
57
337
477
27
124
138
306
70
89
164
48
196
95
2
213
233
12
3
478
59
16
331
27
83
120
435
10
210
4
230
135
10
66
182
234
19
27
65
108
71
63
112
410
240
52
119
88
64
177
221
197
82
19
6
74
96
257
191
172
283
420
99
73
239
140
29
17
15
72
60
69
98
61
52
66
32
37
59
85
21
109
1
120
51
29
402
70
120
218
58
42
166
842
95
10
28
17
156
108
98
66
128
238
71
70
61
209
25
61
43
127
37
8
252
193
6
18
460
60
210
125
155
584
58
321
242
70
94
41
12
150
527
100
86
139
117
151
177
362
4
92
326
75
47
439
195
162
85
36
127
206
263
208
21
211
74
8
16
271
157
124
49
247
23
1
107
516
144
87
369
285
263
249
293
255
18
290
84
549
7
42
72
500
75
3
142
41
57
325
248
381
39
153
210
16
9
85
195
270
109
63
117
65
13
127
80
406
71
40
59
210
231
52
164
10
4
52
253
148
149
2
86
61
215
58
112
20
262
250
450
120
50
43
148
214
63
118
6
259
170
71
25
542
47
458
129
304
338
312
42
64
85
149
787
159
76
20
214
53
54
64
259
44
120
82
221
172
95
150
69
113
114
549
7
41
190
204
49
223
71
66
352
55
29
21
90
75
156
22
20
50
54
22
21
295
49
124
49
120
6
83
21
42
3
239
121
174
91
48
145
448
543
99
391
85
6
166
19
156
183
25
130
114
99
196
8
42
97
84
124
16
27
257
22
266
401
35
11
1
158
58
308
79
44
32
79
12
729
76
442
8
57
121
367
4
174
277
25
228
55
37
464
333
13
278
19
274
229
125
203
155
83
63
178
140
114
37
180
24
193
177
86
231
139
196
112
54
104
97
3
205
52
45
229
227
37
84
69
10
617
231
104
105
21
118
54
84
50
6
78
47
135
89
553
195
75
83
14
106
68
65
174
167
156
191
74
51
51
446
131
62
233
179
53
14
169
88
152
27
195
19
255
224
239
79
95
176
43
10
4
52
187
87
104
184
120
49
139
92
65
55
184
133
148
196
97
119
194
202
164
36
37
105
78
24
99
207
53
193
52
217
53
227
294
403
271
19
67
132
185
18
229
12
173
300
124
10
2
138
131
567
86
67
8
21
65
252
614
36
277
116
310
51
29
187
260
115
77
31
126
30
12
50
18
13
59
182
31
93
130
67
138
112
264
20
64
120
21
628
20
22
285
58
4
148
237
50
10
82
12
24
15
142
356
34
29
287
201
1
167
390
8
100
121
230
557
110
29
179
126
22
67
4
110
4
227
33
54
49
377
285
101
26
19
114
234
99
339
410
165
132
85
462
26
147
16
356
14
81
213
208
27
62
130
295
345
312
29
361
69
390
383
256
264
222
52
18
132
186
165
79
49
101
165
4
7
162
160
176
59
35
62
40
347
605
289
104
305
169
413
98
1
149
50
251
50
288
485
108
209
164
27
29
66
168
35
250
180
119
331
38
228
1081
159
30
8
410
3
33
18
13
67
21
155
26
3
56
90
87
46
25
20
230
191
227
132
172
6
106
17
74
140
303
438
61
193
18
422
67
68
166
77
27
295
106
55
9
151
128
30
144
117
117
197
377
156
198
57
23
42
169
198
72
98
145
474
18
67
113
14
12
156
205
479
32
153
7
23
204
269
120
91
69
91
95
48
98
413
114
23
9
340
238
664
174
92
25
160
161
346
122
117
136
256
7
382
3
304
421
67
36
144
374
94
101
377
3
197
92
138
143
15
154
6
122
297
83
12
128
109
70
72
245
29
341
149
108
411
147
17
16
83
232
156
163
1
88
377
54
88
25
116
335
358
68
150
2
9
13
12
30
59
24
65
72
14
110
85
163
18
112
70
21
4
82
136
192
96
317
33
55
37
73
118
383
1
15
36
54
37
4
31
28
15
69
123
29
206
173
354
210
75
12
293
80
406
73
28
31
4
9
262
335
344
150
10
528
170
51
71
165
423
35
29
146
279
14
324
9
469
108
395
21
18
47
161
75
30
63
298
101
132
142
300
32
68
81
43
312
130
151
144
222
48
168
303
15
41
34
67
198
159
19
140
237
195
11
55
42
37
74
27
15
14
208
360
123
187
243
227
57
352
24
8
49
232
280
97
696
276
48
621
2
6
241
71
267
274
94
316
304
246
134
119
64
97
126
104
49
35
67
103
14
326
170
61
99
135
5
120
289
148
129
10
126
285
272
61
401
117
425
33
151
10
161
25
165
16
26
53
283
142
257
58
66
235
166
143
55
83
117
65
20
176
35
151
100
326
40
100
78
13
196
114
365
142
81
96
23
189
94
159
238
379
489
30
290
73
117
20
381
198
134
672
124
10
18
10
269
39
22
152
232
108
170
3
226
149
229
56
57
129
118
123
79
269
276
150
20
235
34
66
423
336
64
81
277
455
31
99
95
39
41
74
71
118
68
74
7
14
499
55
66
40
335
289
80
97
190
84
35
26
41
71
56
126
247
22
118
148
269
218
64
115
296
137
279
217
117
41
282
125
9
24
5
132
24
44
165
56
134
5
232
128
11
116
86
93
474
242
116
286
227
142
41
114
40
72
11
158
143
34
134
60
510
13
223
242
1
240
15
129
320
88
153
443
195
85
117
74
167
61
20
284
180
77
95
58
335
336
4
7
528
553
28
80
244
28
308
3
353
30
14
81
5
182
626
7
269
203
101
190
81
63
111
593
57
30
31
332
1
148
174
23
67
93
129
17
151
95
41
198
108
158
52
613
403
27
48
158
335
106
1
40
16
1
370
15
673
259
33
205
226
35
148
283
138
170
603
38
169
141
390
5
163
64
199
114
24
145
37
52
119
210
133
349
93
43
282
314
165
6
16
46
40
24
91
204
681
359
195
165
137
56
90
74
2
67
50
58
74
118
17
243
34
19
277
261
135
264
84
161
107
112
218
143
45
54
116
157
153
62
8
285
878
21
205
213
155
81
26
14
34
3
151
65
55
35
6
768
634
257
177
22
82
235
122
745
37
353
173
76
2
240
182
143
144
455
69
338
209
350
251
74
214
460
111
60
7
311
104
43
429
278
9
86
113
16
61
30
22
230
665
142
55
198
119
101
1
36
144
93
55
90
102
615
188
106
14
65
284
148
85
86
204
270
309
137
59
147
962
27
77
22
4
139
120
24
212
2
121
27
13
136
467
23
20
302
298
209
449
33
127
66
6
59
2
96
305
168
116
33
5
43
103
32
448
79
140
179
115
15
205
625
408
32
53
125
120
15
595
274
78
10
27
21
94
192
266
304
412
12
329
258
60
132
424
54
38
133
8
141
9
6
51
134
79
173
187
105
49
5
86
112
167
133
62
179
354
100
31
68
5
6
94
43
10
11
147
283
3
8
40
110
263
32
343
74
278
302
36
19
7
410
82
108
59
328
227
55
6
175
179
34
21
106
43
27
133
59
82
180
65
75
337
119
20
183
251
104
303
14
64
83
234
244
38
202
262
19
383
269
35
88
2
67
41
6
40
7
55
133
40
251
20
185
45
190
149
1
553
82
58
92
21
142
185
86
65
99
27
13
19
118
114
113
6
111
29
155
158
102
8
203
57
182
294
82
22
4
56
8
94
321
2
52
35
381
324
183
90
22
72
37
165
21
401
127
108
2
12
199
83
202
56
80
101
12
20
127
127
173
103
142
128
216
13
164
115
4
117
1
204
39
479
85
32
298
9
233
32
25
239
27
55
26
346
91
41
80
27
296
14
18
349
41
279
145
138
14
29
47
153
64
49
123
35
84
123
114
47
158
3
139
71
452
20
40
43
47
56
572
332
52
260
178
35
103
66
318
187
24
288
83
110
80
656
220
244
18
281
39
110
8
203
241
306
46
70
309
113
148
63
74
208
189
179
436
67
90
137
422
302
155
16
49
65
13
35
34
95
230
275
152
89
133
105
121
327
35
42
12
348
22
12
359
39
106
93
20
167
215
33
32
5
126
48
55
160
34
113
124
44
77
77
176
289
59
20
136
96
143
70
130
88
85
79
223
354
10
54
63
50
5
17
233
563
158
253
35
113
44
17
191
82
200
157
13
153
391
25
267
133
32
53
276
23
2
71
90
210
13
127
46
16
102
91
126
74
121
14
74
173
13
76
89
39
132
80
135
200
112
25
34
89
33
35
216
23
4
251
2
52
30
4
42
53
17
81
56
63
198
401
55
286
109
20
173
384
241
61
108
22
20
42
85
39
51
85
89
40
660
162
96
85
16
8
66
238
31
39
18
283
133
110
77
154
177
106
133
188
195
238
31
193
43
125
52
70
134
17
48
21
449
56
25
27
268
359
123
38
71
89
433
134
130
21
460
13
79
8
323
128
359
39
140
141
98
13
1
206
12
53
11
20
53
125
80
73
21
14
66
64
96
410
1
287
160
55
82
206
72
323
367
75
262
246
248
58
28
189
65
84
102
277
146
130
248
85
1
1
37
65
24
386
277
90
33
375
264
32
51
170
3
6
228
193
343
11
90
144
50
89
189
3
10
120
5
4
111
626
91
95
520
49
15
433
68
351
34
33
154
113
14
127
51
162
229
45
95
69
341
431
22
18
238
140
49
2
54
338
46
103
114
109
119
74
198
131
12
60
95
183
219
166
82
221
326
100
64
29
701
232
136
445
8
237
270
54
42
110
218
25
108
136
42
148
168
25
47
363
226
117
7
413
4
85
31
645
316
161
47
101
55
96
20
84
171
376
16
15
27
36
3
165
600
579
41
136
121
18
45
41
21
59
35
445
44
4
146
51
117
370
300
67
16
32
112
31
204
76
239
196
20
16
83
127
147
111
26
34
13
34
78
96
8
36
12
307
62
33
78
51
19
563
263
47
192
270
71
73
153
28
25
54
138
273
168
217
47
24
127
215
262
170
135
29
402
24
41
217
106
72
636
474
16
44
277
90
206
178
18
155
93
165
212
56
40
17
93
37
166
221
76
234
24
105
314
116
21
21
447
12
419
30
364
110
43
177
323
49
216
36
251
355
129
399
186
1
28
370
70
409
120
127
82
93
6
46
205
61
85
107
160
67
80
4
48
122
124
8
7
161
88
473
47
154
151
268
105
23
82
87
42
599
231
15
143
98
222
68
73
172
238
162
67
114
304
43
40
83
91
68
22
467
51
210
15
90
122
12
183
19
214
103
30
87
205
211
130
52
49
266
294
367
73
88
287
122
59
71
551
53
40
71
221
334
221
82
280
2
173
50
278
28
27
470
52
10
7
159
39
186
5
10
11
119
172
94
982
64
88
82
71
290
131
9
321
650
171
102
184
24
4
44
320
46
59
57
478
150
481
54
28
19
526
105
173
143
39
37
28
172
109
39
210
341
253
55
35
65
11
135
9
22
92
66
22
5
194
148
101
179
44
3
63
140
83
59
60
100
76
54
48
600
242
234
158
80
23
32
95
129
25
108
231
78
549
86
114
111
378
92
11
82
70
200
12
194
67
133
189
177
371
93
164
61
149
280
242
43
6
63
23
67
40
165
61
61
21
44
6
341
466
227
22
643
56
104
181
169
12
74
97
285
124
194
129
149
229
14
75
295
63
160
117
8
168
300
2
139
91
14
77
455
72
260
209
108
125
26
42
82
77
16
18
330
17
204
158
191
48
184
286
382
192
119
40
270
91
132
398
22
28
52
31
34
45
142
301
103
110
13
362
178
260
14
31
279
112
244
194
242
49
109
162
171
130
6
5
74
282
176
247
246
4
34
64
22
255
679
123
19
491
327
141
5
154
189
39
73
20
463
84
125
11
61
48
180
183
326
26
122
13
146
138
63
132
2
591
90
198
671
127
138
219
26
117
11
74
139
138
36
75
47
21
7
54
206
198
444
12
3
171
342
490
98
225
2
3
95
98
223
26
57
116
40
67
132
315
36
72
72
15
535
12
36
100
21
236
18
263
36
294
51
221
252
341
81
163
2
17
343
28
218
578
22
46
353
11
216
35
78
210
9
15
102
79
119
233
155
201
64
105
58
3
67
75
146
24
29
483
244
7
107
116
145
34
37
52
292
52
44
50
152
166
159
5
1
36
273
19
231
28
118
111
167
2
234
80
69
93
764
23
62
39
17
4
415
9
96
111
63
36
679
83
22
26
53
29
12
20
618
12
129
95
32
25
95
500
24
64
169
86
15
13
1
32
204
192
191
39
346
340
104
44
66
247
91
394
12
154
19
34
75
34
156
74
52
86
28
126
46
345
9
30
23
136
303
116
152
209
477
88
426
158
111
122
63
249
114
32
220
86
27
327
96
108
261
285
83
14
148
96
47
140
141
12
248
195
18
608
356
262
13
19
74
20
111
18
79
190
247
151
237
189
133
101
149
156
68
103
181
1
95
125
274
51
4
14
22
196
287
78
170
230
57
590
115
129
7
127
587
47
37
159
57
20
171
187
255
265
192
59
257
81
15
243
116
200
53
74
22
409
269
110
176
296
298
9
393
103
288
64
195
129
281
357
125
78
59
122
198
6
110
6
5
135
169
282
144
61
136
203
75
35
21
244
218
161
106
151
165
40
74
25
41
51
26
91
309
20
132
40
1
72
210
3
350
10
31
37
121
19
218
94
249
360
64
178
295
252
99
33
205
42
132
10
4
180
196
153
136
256
29
376
112
140
91
49
231
143
102
49
31
101
178
502
35
63
18
136
495
695
127
127
63
13
190
2
155
240
226
78
89
93
375
55
128
9
161
155
254
552
383
327
176
21
280
88
123
1
2
69
144
89
11
72
68
76
161
129
49
21
200
36
8
34
185
68
32
40
134
90
67
105
375
38
77
174
80
53
34
123
22
47
124
1
507
9
71
163
119
325
138
11
12
81
162
37
135
66
13
148
94
12
53
12
602
224
211
66
150
254
292
90
144
38
496
100
217
210
22
89
112
27
245
270
163
10
24
339
33
32
335
57
14
4
600
32
728
10
109
204
268
84
52
102
33
28
151
96
14
153
64
211
19
61
299
31
39
130
21
117
273
103
242
59
88
353
40
252
304
450
247
816
170
83
262
111
189
91
129
383
267
235
67
30
41
141
194
140
230
85
18
78
115
528
90
66
482
245
183
335
89
247
185
94
67
296
26
27
26
155
271
7
82
5
16
194
216
147
6
221
396
59
252
304
33
211
112
11
13
121
190
22
119
296
63
118
31
72
96
17
89
23
80
127
26
11
22
115
6
82
565
487
81
91
91
42
2
6
181
161
48
103
90
63
64
74
81
301
437
71
22
472
55
167
171
72
36
44
89
27
185
57
24
203
43
229
160
38
25
45
120
632
127
39
72
41
608
96
2
97
353
11
229
126
17
153
20
213
46
14
176
288
114
377
42
353
104
4
199
71
31
53
373
241
229
165
361
40
107
246
103
304
101
147
57
99
43
386
53
41
47
106
14
141
14
32
98
47
43
102
1
30
29
7
257
99
58
94
31
6
12
6
35
168
70
28
58
223
141
126
532
194
72
39
172
98
123
439
56
249
74
14
39
21
170
256
203
54
128
9
74
233
188
27
92
238
229
254
2
279
19
86
81
325
30
127
26
115
211
439
31
136
152
185
178
517
133
399
53
27
288
181
626
356
206
169
334
68
132
52
116
288
67
42
185
120
346
50
53
39
71
36
7
306
90
10
162
91
107
154
10
141
212
106
1
119
371
22
556
140
30
3
143
9
50
140
265
26
212
263
293
391
244
231
90
161
231
18
55
16
177
62
8
152
196
86
689
260
186
224
23
175
53
91
61
283
38
119
80
37
40
93
370
4
74
43
53
33
112
83
32
216
39
28
148
26
48
253
86
15
386
421
79
15
9
243
40
91
182
131
60
52
159
271
40
210
347
290
53
248
99
337
237
64
310
24
39
531
98
21
14
75
177
304
547
244
169
26
115
71
18
44
116
33
159
58
315
181
64
38
21
19
203
253
91
139
127
92
22
71
112
371
123
9
11
7
383
128
113
99
261
357
302
116
77
9
260
25
397
658
55
59
271
52
23
243
325
48
27
58
94
17
58
133
78
387
332
183
77
58
685
147
387
189
137
604
593
113
137
132
89
183
38
29
2
48
165
37
422
60
46
522
17
47
131
31
353
293
117
112
99
240
24
515
372
25
4
244
37
3
43
83
107
107
101
95
84
46
60
36
22
1095
190
6
