333
269
665
687
1887
1808
1080
11
396
673
150
141
385
206
75
3434
210
257
875
607
44
1315
2041
482
139
452
49
100
153
684
495
889
431
683
784
2478
587
1609
117
510
122
263
488
349
411
645
651
5073
797
1529
845
126
926
968
1908
397
656
307
1022
203
574
1151
774
545
793
388
29
567
51
3217
1928
2895
927
855
2138
963
62
1884
1342
184
1221
1429
200
383
46
143
1716
808
308
1357
584
2213
1233
956
2456
993
167
166
222
10
1303
1032
419
207
875
233
54
610
923
751
123
668
706
1392
2041
400
44
1153
821
1439
669
2287
106
193
438
801
685
927
932
1582
1572
829
61
1338
660
87
1753
948
109
746
535
137
188
49
1296
141
135
360
3937
55
96
1320
304
1606
1684
1649
247
2917
182
2179
558
95
558
655
2406
912
70
1246
277
376
80
738
381
311
479
577
1723
1148
1155
1092
931
1805
284
1344
405
143
1554
744
3663
1119
1104
957
2592
1275
3217
2461
3455
793
243
333
1991
2902
223
307
473
201
1247
910
4285
539
3096
2472
264
1007
484
50
507
128
13
3646
300
177
695
752
1400
545
1166
73
498
820
103
566
2568
1676
229
1181
3799
924
1438
123
1144
2128
15
1276
2974
735
253
62
58
708
245
1127
729
1080
96
2611
22
326
2790
1529
810
751
662
773
2974
214
24
3448
820
281
709
1929
703
1559
1331
486
694
1736
202
3523
42
475
383
637
332
1979
1248
615
996
2703
691
627
88
485
761
1138
1077
231
371
1422
682
356
2590
749
386
285
518
1285
71
907
1158
211
59
1282
362
1298
808
372
60
2035
1057
457
436
636
484
553
1379
512
266
2810
539
2397
34
2098
239
86
1776
81
466
1909
564
232
170
2644
80
2643
316
319
3453
3479
597
1058
968
109
258
664
199
435
220
116
929
563
783
67
324
1
4025
74
598
181
2528
1660
639
156
1527
177
597
203
1382
26
166
562
456
2834
1720
677
2473
718
82
514
1867
892
164
903
548
2036
1029
2166
2063
259
442
415
622
1107
905
6
2151
1996
410
577
431
616
1073
2545
1805
369
788
3321
310
890
1334
1744
1632
2247
1474
209
15
67
416
152
702
2805
936
187
858
1004
248
69
1861
1092
349
1082
70
1275
1186
3676
231
2111
1940
3653
719
679
238
501
608
1647
409
581
3329
17
3550
196
67
110
1876
365
293
327
879
1106
1253
270
2055
517
2451
93
1402
294
743
139
506
142
196
2197
1094
86
806
424
714
545
585
1464
303
48
19
1599
955
51
1215
59
2855
123
55
351
723
265
7
451
3235
476
491
3710
1020
1418
3272
2549
570
696
2992
35
3899
203
1768
18
328
1567
92
525
759
1269
142
916
2732
4292
521
660
690
93
734
460
485
13
716
2228
662
167
813
181
11
210
1289
1436
2548
2437
1839
171
209
521
21
608
3
131
1502
732
552
956
768
24
34
314
1401
1102
650
3481
2347
145
419
2862
708
1692
132
2180
46
651
1178
711
50
102
3236
737
421
1806
1436
1694
4455
1195
76
478
797
23
122
925
3023
242
1255
3302
511
333
702
232
134
310
1114
53
637
681
894
189
1382
150
31
2483
634
650
113
45
1821
12
1497
987
2853
1723
1236
345
721
490
3036
374
63
92
47
612
223
75
482
91
2095
204
229
2619
1462
623
2292
1578
375
1444
152
1268
795
2011
612
866
1853
1031
199
2807
19
1254
395
254
2874
2851
105
2688
346
1517
574
277
1223
164
441
871
1635
1235
1204
1741
671
1015
879
1455
2324
2204
3514
2602
651
992
483
2663
202
179
893
1061
955
180
1843
256
979
165
2193
3057
2260
199
952
841
445
123
246
1197
768
183
5011
2094
667
116
1348
1795
1282
297
179
1752
161
742
939
1221
604
158
2169
9
2641
169
254
5953
533
102
562
2748
250
2147
381
442
516
48
2834
4114
1258
1771
191
2547
903
605
2018
2157
443
661
44
96
1078
2116
3
53
510
437
2227
889
1911
2149
2339
1058
1516
219
142
770
532
893
5217
548
3145
299
522
3254
1077
183
200
828
1783
221
1344
547
725
397
475
148
562
3587
113
363
47
283
148
4
505
1604
149
1105
278
1206
802
49
558
63
2155
1441
1156
428
864
1101
2375
435
1746
308
1117
3459
420
130
1067
66
3248
126
314
626
199
77
307
2958
690
1260
1217
147
166
171
961
641
298
560
2261
577
164
1675
931
1360
761
30
910
724
106
758
121
481
223
206
441
194
359
840
1070
1935
566
458
2151
32
2729
2390
641
28
2354
1788
4333
810
1
3320
709
1010
583
578
63
2077
1527
491
1886
959
1912
407
72
739
313
3191
2155
689
227
2361
57
688
1573
141
114
772
130
146
1333
2538
1002
175
117
1322
264
2168
100
615
982
2884
232
441
807
344
2564
1023
1591
9
160
439
2100
1101
324
137
42
502
299
844
593
1996
683
2857
71
1579
777
323
222
68
321
955
986
343
1299
160
661
448
534
369
2336
663
225
263
29
452
1379
275
381
778
3162
73
1128
224
473
1900
321
224
46
134
135
116
2198
214
2607
220
1677
1805
1265
1618
747
783
496
349
3525
125
4
3663
1867
1246
727
2155
2162
1565
1067
10
421
463
250
320
3213
53
2558
1524
18
5
338
57
3906
337
682
121
91
458
1468
402
512
3571
55
752
389
1276
3107
524
580
198
1752
2106
448
1271
240
1420
2590
2882
1316
5179
255
2049
958
16
653
163
430
1416
208
705
4115
51
415
1352
1279
519
1351
287
2612
324
4046
2786
676
853
614
708
695
345
3597
942
2255
241
26
766
549
1519
212
579
87
3882
505
2595
393
316
234
432
986
1462
1091
829
661
229
55
1459
1110
110
31
449
309
520
831
1620
3749
1703
9015
243
1688
3001
464
339
510
619
5657
1249
2139
717
323
40
1311
1134
1506
2129
8
2915
155
881
71
1108
182
1939
830
967
86
889
421
1152
2046
2149
767
3050
184
5597
569
310
182
341
1105
388
972
1424
1053
481
499
451
321
990
219
189
495
1349
120
1134
347
1200
1027
1944
962
142
3224
1466
217
1388
212
3449
433
605
1438
589
243
1283
752
581
967
793
41
1405
2555
2003
3779
124
291
202
336
1124
372
113
616
850
154
191
990
391
1278
99
1137
198
555
26
451
384
935
325
1062
917
626
558
774
317
2638
1002
1520
906
753
1213
162
126
430
765
730
159
156
972
19
420
223
248
3619
373
369
602
332
762
607
49
719
227
280
690
971
159
899
4702
1663
2783
655
712
375
854
1480
270
117
2395
1289
95
162
1767
4480
1725
470
685
798
1475
3838
1616
3618
485
5
718
3175
91
253
1083
1415
132
2781
1283
407
2489
2259
352
4081
172
295
1605
479
154
1221
254
356
1438
930
52
963
1895
2691
821
2205
1157
2180
72
1959
179
2337
2653
531
402
1799
228
2010
115
527
427
1758
384
742
390
1164
803
1670
3255
1786
283
1080
292
448
538
181
1243
1027
1670
538
78
131
2139
689
1259
2472
64
940
371
1771
1886
4058
52
2180
2410
3402
2885
1039
855
303
1523
79
60
2310
1485
111
1606
676
1146
1145
1217
1350
5600
2101
35
750
110
99
3135
53
795
25
891
225
1018
1404
2429
131
18
41
920
744
290
946
867
343
11
113
2953
136
1951
1683
221
2161
873
79
723
148
6211
706
829
1163
9
382
33
566
868
727
505
580
825
39
32
758
931
32
953
174
1009
2555
2532
29
705
1664
1685
3119
511
199
387
1094
1979
1615
1009
379
725
478
2296
429
1670
1050
1898
67
263
964
1809
1947
2371
575
685
209
718
545
1142
2997
345
282
113
1072
723
601
173
92
927
51
677
628
1829
1400
265
667
169
2954
1689
824
237
1792
2651
1890
39
676
181
2323
263
1811
3899
1225
181
89
205
502
1261
197
107
3085
1353
1678
443
55
447
1838
673
1048
2206
310
305
63
154
445
409
159
733
1255
97
2132
177
115
393
1717
2509
2765
1492
28
2194
144
1240
1823
2881
4007
608
172
373
690
524
352
409
1792
62
1231
2502
1110
990
1696
1180
2783
886
260
362
2367
353
385
315
650
778
1891
2042
178
751
285
3189
22
458
1756
573
285
1837
745
212
1139
192
1305
1366
77
757
834
1533
1428
3158
245
271
2303
429
441
370
456
43
2023
702
1679
3
611
382
432
189
1955
604
983
2420
397
1636
331
1545
1241
282
476
617
1238
38
826
254
162
2787
729
535
71
740
2181
299
1893
2516
1061
1230
575
171
2336
894
899
429
1697
1306
2453
896
954
354
36
209
489
647
713
412
403
110
679
190
594
747
609
54
537
300
85
1636
958
1597
362
622
714
394
181
570
160
476
1632
69
843
1880
4831
893
805
4324
1183
149
422
40
1815
978
758
1159
1309
381
1794
6932
693
5192
906
1991
2399
1862
69
50
984
443
475
221
1657
771
948
58
98
502
26
231
1275
413
411
295
739
627
1851
4
671
1377
127
194
5068
1534
162
3261
1275
3191
3607
4022
2245
32
1042
222
300
270
987
110
2117
382
150
1187
3181
601
836
1251
811
772
1923
1142
392
213
51
1438
480
820
1863
1458
10
312
1138
617
348
3649
638
432
658
307
2778
418
175
749
1329
538
992
3290
949
1536
1721
816
904
106
1862
204
475
1450
216
575
600
2386
1795
504
1233
584
2648
2510
398
916
1258
1967
1696
1211
163
557
1402
2212
1261
771
385
83
895
3215
92
699
6062
1602
64
952
2178
2183
314
889
540
2138
391
479
93
2119
1225
416
543
443
222
22
502
237
1147
559
2293
1333
140
400
705
51
344
2750
1538
820
1104
3634
697
1106
887
464
1648
579
863
2598
1682
240
2236
413
100
417
1150
2606
1337
460
1541
486
257
1439
370
253
397
677
657
590
477
2015
290
766
1785
196
321
881
301
857
3015
2962
1032
141
691
225
275
2083
1571
1298
2873
628
495
2025
442
896
1580
766
22
269
1002
1282
2890
1588
774
1391
572
655
68
64
126
228
426
1001
1060
1066
2339
744
353
1586
98
818
2736
296
18
488
258
181
160
807
1177
831
1641
1125
506
512
851
2610
1862
469
6448
501
420
159
382
73
1539
3665
682
800
96
616
372
3032
2959
29
36
3192
2605
606
213
782
974
803
2344
20
1269
915
1989
218
380
2029
5793
594
1707
2676
49
1209
540
405
218
45
1113
2573
1561
2642
50
705
2952
31
1101
1949
935
967
95
391
2738
933
310
1105
1311
894
389
325
544
1133
128
2061
735
874
226
1303
624
620
91
185
361
342
593
3076
528
607
3382
1631
1557
1418
387
499
82
1828
812
98
2785
24
1264
241
1463
126
2630
811
281
2960
192
494
905
684
2559
2504
61
652
2233
689
525
190
1993
3079
38
2848
1958
1303
3927
62
1525
34
1806
1204
542
4025
809
75
189
512
120
102
142
532
1300
799
1285
1463
1597
175
780
878
2071
423
2571
2381
1413
2384
59
331
153
114
590
855
610
475
945
793
36
73
214
412
3816
633
3121
1946
1097
1615
1737
553
613
3139
1219
187
858
1156
491
112
1376
1415
1323
5
241
438
158
1987
91
563
7
323
327
2281
208
152
1756
2921
401
1748
615
273
360
285
1691
1251
807
280
235
634
179
1404
41
109
858
790
1078
926
2046
1786
639
68
2450
1635
895
1629
397
1925
3734
2837
1163
760
4
600
1049
424
2112
155
2701
1270
1170
639
245
1174
14
531
772
920
162
100
2236
699
1484
482
25
2575
183
124
61
1482
1738
63
687
373
431
4977
139
310
459
339
669
245
56
912
1815
508
998
338
915
643
312
175
1428
79
766
16
470
740
762
1112
1497
1965
2435
233
1661
85
1302
1630
455
579
117
605
1578
33
4700
1581
537
1181
49
198
380
243
825
2350
589
318
1576
1491
2580
911
1738
704
326
1129
1679
2633
892
416
1947
1152
2352
1518
3202
5636
1020
47
1937
1001
354
1204
2573
2
996
580
2162
631
1258
33
1820
1609
549
240
45
1388
139
1135
250
132
419
1117
192
3680
2464
163
341
2068
165
534
2073
341
940
1916
767
2952
107
1267
640
3484
288
988
304
264
1873
161
307
174
519
1488
272
1123
1945
357
388
29
823
291
554
2429
346
201
298
6269
4722
918
600
3189
737
1051
2376
96
1104
5
1740
1688
1037
1798
789
224
184
75
1222
414
133
1406
1322
1345
404
854
132
719
893
1816
129
1614
571
326
1211
61
6364
2180
2430
1618
1488
1447
1728
1868
440
869
1894
2040
2625
929
1092
2285
90
1624
1352
3478
2959
473
128
10
423
640
573
73
1982
250
258
239
601
1614
113
646
627
948
475
4629
2303
409
2584
709
880
589
585
3300
3187
367
68
760
1099
1608
131
2496
1243
1562
143
601
473
1255
852
929
1693
388
141
1085
2586
771
22
2324
62
132
104
188
1340
1075
677
668
388
3362
930
686
498
729
8096
331
721
2014
962
1304
29
1486
426
2052
3192
821
354
756
90
131
3465
1821
491
257
1919
96
1943
159
1230
667
268
81
782
880
150
688
1660
359
2184
12
31
178
1340
1078
2143
3399
34
422
58
3410
1843
471
2092
1349
824
4
332
154
210
1864
246
734
6500
323
146
394
228
168
262
1375
78
154
6198
1438
457
2089
34
1968
226
756
2548
619
260
5913
735
3379
377
1346
961
1801
427
421
646
342
294
24
116
710
675
2412
968
466
1669
975
1684
575
427
771
475
114
502
1001
504
1638
2
2407
1313
507
2013
145
193
672
732
2010
605
55
213
640
48
287
11
655
270
160
1586
179
82
161
933
1397
1006
603
68
932
973
3284
98
195
2404
451
1841
55
1686
5
1241
844
49
787
1618
753
374
702
326
1445
3191
945
656
532
761
1289
880
2178
1446
1019
222
168
55
536
1706
755
451
597
1214
85
1200
173
1224
2574
724
1142
5243
2086
2356
49
435
1402
1754
217
29
1186
142
3925
3350
997
883
161
3367
308
521
459
242
188
277
2421
133
1003
525
674
2218
237
600
1673
2524
1466
5237
705
527
2142
1372
372
1327
233
1008
1615
1695
220
2633
1766
1392
379
181
1245
175
968
8344
1853
2089
686
3568
2091
851
2701
2385
748
277
565
264
2110
478
1503
394
2332
824
2243
265
2353
380
903
1964
426
737
425
2198
406
110
200
117
3434
514
571
1667
1482
204
847
92
1113
281
495
174
453
42
574
933
13
947
1644
1086
613
2127
896
600
877
554
963
38
606
496
66
535
3654
2563
736
2242
812
1274
1182
528
3199
347
1125
690
20
276
261
703
2506
1008
281
1305
905
201
2201
1546
638
1460
1899
324
658
3782
1187
648
117
109
1126
556
1650
585
144
2643
912
1680
122
179
453
550
819
197
283
569
1783
2060
135
1333
856
1926
360
1013
721
523
5
4241
695
474
546
114
3602
577
228
158
387
639
1694
312
193
1839
935
1193
910
1238
162
409
1010
249
512
1464
372
767
474
1862
124
1376
60
719
892
760
216
1331
1390
510
675
866
262
7923
627
1191
2000
359
1569
1393
1816
948
870
1290
1501
2499
404
1044
1939
1956
471
616
33
439
517
612
1423
2752
1645
319
2103
518
3212
126
1308
236
875
338
351
3455
879
1889
235
532
661
2562
261
75
591
1025
188
3248
123
701
209
2496
345
542
1659
82
2000
429
609
691
380
129
2138
272
1312
739
40
1428
884
990
1979
1445
495
1892
519
381
2282
2515
483
424
1962
119
1304
197
209
1710
2750
48
207
2763
395
113
175
1782
1505
1176
784
8
22
472
86
1062
70
1136
157
2361
809
2540
2449
446
1107
1052
188
306
2859
843
1711
1023
2221
347
3181
1894
437
817
880
460
283
2177
148
798
1812
537
1108
1153
94
432
1387
524
555
71
335
685
686
335
1416
919
3185
503
370
659
822
411
302
49
1730
1141
3006
524
1021
1097
337
2878
97
5
453
698
430
642
2148
288
65
3066
1056
383
358
1427
4112
3433
693
306
2175
414
2886
81
481
1296
723
984
185
2832
646
107
1096
85
168
90
120
116
1298
433
1326
2512
2483
1013
57
360
768
159
354
55
3011
355
2633
42
619
1384
815
593
40
361
151
87
1277
1081
928
28
454
1657
1328
107
817
1290
864
451
162
1024
1824
980
606
3206
743
910
328
1094
801
1198
1644
3342
963
757
235
623
470
49
63
105
354
565
52
11
982
1798
474
324
87
138
28
49
1319
586
287
2097
9
801
818
3418
285
934
428
739
128
627
223
1433
513
345
579
343
490
457
356
324
1151
1090
1966
317
651
134
438
835
315
393
461
116
5
1765
1191
2247
1499
1787
104
741
2275
764
676
928
166
889
273
56
324
47
3650
517
723
971
4366
49
2088
106
354
57
930
78
1268
1311
264
197
1307
1200
563
1127
462
395
3180
815
273
551
191
1021
978
572
1419
320
540
344
2048
237
759
102
276
279
126
107
50
2235
580
3541
3361
375
11
3634
2506
406
446
121
502
425
335
215
703
406
1009
449
1964
1019
1793
24
1716
142
305
137
698
3625
331
317
1742
1144
1135
910
1280
797
244
1021
2276
447
735
820
307
1270
1528
626
538
657
679
620
459
875
53
350
2127
277
977
1675
338
3410
972
453
5663
242
4065
210
248
262
2370
1133
52
442
148
372
26
572
4304
1500
443
600
255
304
352
1832
2248
1026
1658
3615
869
187
897
446
337
2301
777
829
1
273
682
1756
130
1687
1621
519
451
93
2355
329
271
952
216
3587
215
1140
2752
145
686
911
1844
1607
18
808
332
1103
539
554
1250
1096
1920
369
1464
716
2277
610
251
1822
913
1110
812
50
159
293
937
526
1506
58
608
417
15
489
486
1
645
179
893
852
1965
12
1500
915
3
1242
1201
82
1821
3094
142
1915
127
616
844
1821
97
71
1153
495
1651
119
106
2127
2640
1053
580
67
2175
769
288
303
796
818
79
1171
87
681
1357
516
1042
341
140
1923
2413
1820
47
97
503
810
2336
43
167
2059
3846
1110
3304
3720
1981
1716
584
110
1171
739
616
512
1617
2228
197
1356
25
34
245
1363
26
1488
451
921
1331
1043
1831
970
318
1281
1022
6
284
291
170
499
1249
723
321
1996
2486
9
1558
320
62
2076
1829
1499
1260
318
4846
250
118
555
2238
2146
449
1466
768
676
436
1243
838
3066
678
346
4081
1074
1017
747
387
1697
1212
1317
1992
427
1671
308
86
221
709
438
44
3093
1660
975
1087
474
732
92
20
3960
956
2865
323
353
25
1447
1288
203
1266
2279
763
395
295
81
1398
1010
237
515
164
149
527
2861
120
1384
1445
1424
487
3107
492
758
1062
532
204
850
2125
660
218
691
1167
461
665
1520
78
1987
4824
569
690
92
2096
331
2098
10
596
1641
6
1537
1789
80
1629
153
187
401
223
2727
148
334
1363
295
810
1791
1574
201
315
409
1185
847
461
184
123
2573
358
2974
291
863
7
382
285
2401
426
72
690
1325
3544
541
237
4590
389
1218
164
875
76
148
1158
5359
77
160
2119
382
402
2176
913
286
2229
363
695
2545
1003
1328
1437
973
2304
340
2019
1702
1041
5
18
206
142
1400
712
863
1187
231
111
1700
1014
1077
2320
4826
30
3484
2696
1183
694
170
2354
1058
470
737
1493
25
1980
1864
827
3968
718
824
283
256
644
1042
1639
373
940
101
141
1310
339
476
1145
669
532
878
2073
1903
1581
395
3248
1968
1478
411
434
931
791
778
375
1474
1593
2329
3298
342
6471
2177
1793
197
68
1373
53
57
2354
1046
236
63
412
732
295
1881
380
414
875
234
4066
1099
76
1615
604
1984
1815
1416
1887
161
51
720
359
441
3096
388
504
585
2872
392
717
1626
2684
2446
1067
44
214
212
851
3973
460
17
295
981
1192
1418
278
690
1416
2081
697
556
320
2440
1792
75
1474
1026
5459
1230
338
59
649
1972
8
625
1628
423
1094
336
1052
1254
1074
893
367
1779
130
1442
861
636
419
2230
2075
1828
801
271
803
2737
283
559
388
891
675
1262
2535
553
129
2039
265
1166
226
1102
2439
2134
50
87
96
4458
614
348
754
678
462
900
675
675
1167
33
250
1070
192
482
859
292
193
29
738
2303
1347
345
2552
327
309
3800
891
873
997
565
1595
50
2628
2741
116
389
221
573
1948
1199
598
3174
415
287
960
122
376
17
1538
319
883
3027
1580
203
179
1889
1788
1646
466
1038
1161
710
140
469
380
725
1950
228
332
121
1264
607
802
354
165
434
290
187
364
995
528
165
33
512
908
588
405
1707
235
1412
1041
2587
164
1027
306
4447
6307
880
305
3724
591
108
1466
40
3
1527
237
348
1366
1375
251
784
1053
267
1340
6
1079
1909
2517
2610
758
810
213
2445
2974
538
2218
34
662
406
1170
623
2592
3263
741
2232
2237
1371
1137
983
681
557
1150
1193
849
143
3140
1964
2382
713
23
2074
950
1420
100
1645
712
2382
1406
551
957
1426
1726
869
1755
692
2259
1615
991
701
5
1651
1128
1339
128
1145
986
1058
163
248
1325
154
1010
1028
4467
780
361
2640
506
1816
243
615
595
512
2414
32
249
2048
771
559
1395
819
1421
2526
161
871
495
1085
2188
2883
1326
440
2766
976
658
2301
346
172
298
154
721
594
286
114
1354
46
1004
1245
960
2742
762
1455
1065
2483
297
1633
19
506
626
196
1344
909
486
1054
2174
177
111
249
951
928
838
1831
313
404
866
618
1420
700
1750
2368
2224
1780
3
3443
2694
2334
802
1394
75
2016
132
922
1227
791
54
1110
803
301
22
279
1102
1161
864
774
898
827
1645
1117
2848
940
45
202
543
804
1176
221
356
3360
671
864
346
86
1662
1804
1122
178
932
1311
260
1173
768
530
253
53
534
2804
3106
1556
3185
2208
294
487
34
109
760
98
216
791
193
1525
1777
80
2817
2036
1018
1397
670
3655
294
356
3081
1614
1372
52
505
644
1726
3838
872
606
80
37
266
758
143
2277
598
77
764
147
150
896
1663
1087
667
1893
491
60
290
3877
1161
14
56
544
321
314
496
475
163
300
625
216
728
758
122
1035
446
912
325
1864
525
824
1348
514
2495
748
43
128
3881
922
1042
1339
526
824
338
5780
208
1114
1861
675
493
2249
559
806
381
412
1904
425
912
2121
542
417
958
1243
461
979
293
320
509
171
828
799
100
2237
458
427
59
162
1255
999
1389
2156
1125
301
158
2518
1982
1105
81
173
1379
379
3249
4257
216
4965
254
1259
330
18
669
1235
967
7436
226
1820
76
1894
815
164
704
294
539
1608
1498
1474
137
30
845
145
838
114
3
2528
605
905
3910
3162
4212
1370
583
1757
947
1059
952
3608
365
883
1358
410
96
288
478
5060
2126
638
3149
346
1509
209
982
546
975
1121
10
168
889
162
192
1123
28
511
373
784
190
1614
1076
294
495
483
6001
1563
161
965
492
193
664
2
507
110
2073
1431
318
322
1607
369
395
497
51
1001
250
1971
965
765
1221
402
488
1646
2943
274
798
987
1681
1034
779
45
525
13
690
60
333
277
366
127
856
1749
946
8
1413
1134
418
1060
917
38
698
227
363
2114
183
89
241
835
1754
975
277
1996
1837
764
222
259
2504
235
326
223
76
197
401
2007
193
1722
193
642
2158
288
757
868
2778
260
1031
1057
6687
612
575
1147
673
369
807
633
786
532
1349
3074
965
2724
1479
1017
522
1060
1288
841
1924
581
948
807
1241
875
294
436
125
572
813
2329
780
1075
79
1503
928
350
1747
388
475
91
2450
70
1227
117
497
292
944
2714
60
1006
1225
2480
74
315
468
304
201
190
526
1091
44
280
504
674
518
241
657
719
453
166
750
710
1681
184
611
1366
679
3845
583
237
245
113
896
1643
1370
695
768
761
981
2725
325
829
432
1027
1145
2647
138
589
916
1522
346
4509
574
2083
604
252
1273
966
160
269
373
1236
9
135
425
2011
2427
710
57
3762
117
217
2630
406
446
644
692
1205
69
444
1726
1043
1099
1634
429
2586
752
1180
731
1319
881
718
1163
286
2265
15
770
202
120
916
3217
2094
1084
999
705
321
1077
280
205
1785
321
1204
2162
120
30
859
883
1879
2222
130
941
3197
914
765
182
1374
596
1133
4162
95
1374
129
640
1488
274
257
736
336
935
83
62
313
1879
259
2773
231
19
1036
631
2119
424
1491
192
412
2244
849
402
1879
2061
966
1367
314
1768
1072
2060
1239
1338
1495
2775
103
712
465
1034
883
566
4195
378
779
863
353
1720
1995
916
139
1020
231
91
427
372
245
309
419
396
1913
3549
529
952
78
38
1269
483
52
1927
1489
1727
4074
154
11
1128
288
425
305
100
443
63
1595
55
573
2884
894
414
173
454
952
1028
346
2061
375
1098
1031
928
503
738
2755
1130
370
600
3961
617
267
14
1610
423
3047
728
64
300
2041
88
570
143
1016
1716
194
406
4244
1260
22
460
153
791
413
63
494
7127
2550
2235
1066
455
105
1894
1750
615
634
699
303
25
2099
692
73
1231
505
1153
456
543
233
2581
4456
3451
1621
684
2909
2710
727
508
1293
402
951
84
1511
497
638
37
34
1865
722
17
237
1571
1802
1175
74
699
113
2823
464
42
417
213
120
3091
2027
6911
1075
1195
536
763
1347
2878
212
1188
800
1783
173
246
176
4394
1247
41
672
63
985
419
515
902
759
838
2553
788
1122
54
2535
1024
105
1521
454
111
3004
1539
2016
468
1870
1656
2913
797
4226
530
912
1024
2119
860
315
1034
465
396
1099
520
263
1282
2715
1936
987
500
396
1819
581
100
2235
587
1391
556
105
746
4859
238
169
279
3322
347
1696
457
327
84
10
479
2195
1735
679
174
945
263
32
491
1180
325
1928
130
394
32
216
135
1531
1479
257
1287
235
43
691
309
1202
7
605
1336
3104
704
630
863
25
97
859
152
2051
295
1184
361
893
1866
1482
137
1828
2570
132
285
608
281
1144
194
620
113
1569
894
2295
1737
720
1020
99
678
170
810
2314
1505
2856
1550
262
2228
97
662
46
1565
846
67
2
3100
200
1323
323
844
687
1373
1031
1217
4244
2778
2127
322
432
828
3598
143
390
384
711
1466
68
720
3106
360
465
1791
4758
15
911
211
299
834
1504
58
47
3151
711
915
98
5
221
645
1457
1086
1438
196
393
2715
1095
1371
108
79
198
1452
632
1982
137
1537
620
1241
753
52
214
823
660
1134
929
21
1242
1600
2770
1843
24
6
572
1534
1616
1749
331
563
25
1515
2091
1660
771
1385
339
782
593
1499
1640
683
14
344
782
3569
168
2038
1759
1134
256
1103
978
354
1754
452
1075
172
397
317
825
327
469
1115
619
792
162
805
1706
652
2403
1443
392
1840
670
81
157
265
2266
123
815
362
1386
289
143
751
1311
2837
1204
154
434
575
16
61
400
4236
1794
743
35
839
510
1811
322
1954
248
1938
349
933
902
1615
2256
2939
698
588
611
6
261
21
458
1316
55
853
431
662
108
562
608
31
358
1517
20
393
2791
2059
288
4782
761
2364
995
296
844
767
612
889
68
1295
595
313
4279
54
1918
37
987
253
974
1898
374
535
310
359
27
628
1251
805
217
1575
2700
80
2916
837
2315
1670
101
1749
472
617
30
131
869
280
353
512
618
633
581
37
704
426
2171
546
1597
1566
48
613
552
606
362
600
525
305
237
1738
680
482
1597
312
1804
4873
606
1535
201
1056
964
163
270
253
252
1645
80
619
940
282
1696
101
141
95
392
2745
115
61
1197
739
1337
498
967
655
386
1876
2092
2621
335
650
235
920
1238
1394
335
2954
93
786
2020
1182
457
2812
1059
885
1550
186
319
2144
1753
1549
3425
2461
96
172
567
830
290
324
176
360
1056
945
261
383
5277
106
5063
429
62
2000
4797
148
1215
174
637
2893
292
193
1044
338
2048
362
116
2641
420
1111
1091
629
48
1878
462
1038
16
1004
506
424
1113
1294
1900
1174
99
44
956
45
352
2480
241
980
2318
878
170
192
1520
445
741
651
3864
276
553
291
2108
1039
390
46
570
640
333
6626
1688
1114
2245
1139
130
963
332
1998
842
412
773
26
34
781
474
342
1632
882
435
207
677
433
300
216
818
251
249
1225
2430
136
352
1540
1335
566
4
455
1903
860
222
687
732
66
390
172
69
266
84
134
2406
1821
3538
1298
125
3785
3813
1710
1620
226
1352
907
562
1611
1411
2212
419
511
1455
361
241
2512
1159
146
299
1286
173
1045
383
3181
588
510
254
80
461
124
2476
734
310
885
675
260
502
3303
1801
972
4474
55
168
46
4305
101
225
943
635
310
119
581
555
3009
1484
1025
61
762
865
794
491
371
2003
1759
2807
161
1243
39
889
481
828
427
513
1360
141
263
127
760
1037
908
520
434
508
294
1304
431
252
4230
1496
1708
587
432
942
197
5395
371
234
256
894
325
132
827
590
1723
35
1096
413
881
741
94
4526
456
1053
68
478
3293
608
1872
52
246
2218
1056
1798
581
450
887
202
921
840
281
732
637
1925
416
1064
28
2588
252
1821
2344
54
58
875
153
171
1556
1823
3552
247
307
2290
2736
410
460
207
1131
1375
168
279
732
897
1102
24
512
1401
466
1605
1758
881
1353
444
80
386
157
147
1323
1597
528
281
262
1611
301
1164
2616
168
479
1296
242
1389
1211
992
1196
34
302
248
207
2432
132
592
2263
327
1120
824
2238
297
185
423
913
1389
719
169
1312
12
201
1718
1706
2022
1039
1873
563
262
441
1049
1959
820
1994
163
366
1454
806
312
2722
12
1763
1241
258
144
410
1288
669
166
475
826
81
98
820
1312
553
1182
1942
26
3783
2060
104
3458
47
434
1080
1271
531
478
1767
835
34
435
1229
1141
1914
1925
486
1365
735
566
574
1043
1228
760
1076
1650
325
3123
1841
152
1735
263
958
736
376
440
24
1985
773
1456
840
354
381
50
116
2485
49
180
1470
149
1003
2449
1813
1468
257
2083
73
593
3131
26
1157
1036
97
190
741
1823
277
74
54
305
504
1585
330
297
422
117
130
1244
1279
70
1187
1381
2693
1418
1965
444
1305
1080
1414
611
152
387
2328
449
356
810
473
2092
20
504
136
405
894
97
1428
3597
387
659
1513
178
1507
5995
1049
978
151
236
536
440
3562
562
780
1524
1202
67
749
1123
341
2061
446
162
102
3600
2014
63
926
832
436
590
137
145
880
2267
118
132
668
3094
539
1673
156
89
853
362
834
1460
1602
881
795
2217
82
542
3760
102
481
414
220
627
3453
2000
1316
457
1071
150
1132
1344
341
2079
213
1480
282
4007
629
1713
160
204
666
2215
62
1417
310
94
717
2846
300
991
233
433
1535
227
326
423
281
1736
1626
17
1397
196
583
4107
1108
237
3043
4
168
243
842
168
431
69
366
1180
755
3191
877
557
1866
46
688
576
870
144
1424
60
481
297
1033
811
510
435
1774
3091
212
505
172
180
96
2045
391
1027
136
109
1307
1142
1313
357
224
1224
458
2911
358
2275
69
23
145
205
2412
2135
1112
583
1674
788
1362
971
2511
210
86
425
324
3967
746
799
1301
2602
1022
1418
142
166
3022
198
2777
140
2440
696
781
116
287
202
441
1673
1393
664
643
20
86
239
118
76
445
809
653
5622
2209
133
863
1550
551
3253
1407
2136
170
1353
615
2031
390
255
71
172
1408
26
1126
398
2090
705
2365
1104
938
2394
125
2512
4574
1800
218
87
51
1404
1553
240
252
163
401
2060
761
794
667
831
304
420
37
366
790
939
1852
16
177
1054
192
1536
176
1838
704
255
1188
105
134
1030
1011
87
603
1524
1256
358
1032
1884
575
1744
164
72
137
833
641
818
359
1310
668
2282
1857
669
1312
87
473
1072
828
2464
174
136
4290
464
423
65
1012
972
1452
280
121
872
1345
567
1706
534
525
1746
163
815
228
215
1358
135
3573
1365
573
584
626
694
1435
777
326
578
3774
1879
1314
33
456
973
2934
348
294
411
784
1223
562
1658
1523
643
1397
1017
1844
1270
13
63
5
414
1220
140
548
4361
818
951
493
121
515
1561
3842
599
1202
6016
2004
3761
255
1620
255
563
1956
387
1908
183
412
200
730
1635
36
1350
1078
1047
858
795
99
235
565
938
70
457
501
339
1164
1883
285
1026
630
47
1895
256
3564
970
205
429
253
2061
2231
3304
1340
803
62
540
737
843
438
648
54
118
689
64
222
2056
3
585
856
330
2
109
308
489
1741
376
4054
1727
3549
308
389
1831
476
921
25
993
1949
3194
933
2191
2424
1904
463
50
199
849
2415
712
85
242
1741
150
902
1196
702
1123
272
672
350
65
384
905
2364
130
2466
2174
499
328
200
942
566
2095
368
1129
47
570
548
664
1818
601
1109
1359
1129
3276
801
4
1808
719
1964
265
193
1303
832
3276
914
673
1271
601
1516
164
1363
916
79
126
158
4034
10
1073
654
105
1812
85
3423
396
616
120
3182
269
193
962
740
184
2354
37
1245
2103
1461
1664
178
718
1524
575
1004
3238
1079
626
1702
724
150
1994
6
127
1535
313
378
329
421
1458
734
134
262
1014
3158
1378
341
2077
159
1696
324
1540
1088
653
605
1018
299
446
3255
202
1627
266
746
171
2689
3083
153
1506
281
265
440
1718
2033
386
1328
613
1347
1737
1980
1119
590
2577
749
1302
1203
3082
1463
307
54
1002
781
177
1241
3131
175
1305
3095
254
289
368
396
380
1027
531
113
75
1052
1790
1180
367
755
770
1101
193
187
552
897
928
957
19
1089
4565
1639
2108
128
742
2833
820
2159
2558
231
68
1440
211
891
467
394
76
1953
3421
437
1547
1573
2276
486
327
1125
2611
1659
1128
521
2835
115
416
168
101
305
1816
1325
253
134
1346
856
225
66
1165
319
125
346
1421
993
2524
453
193
1947
267
105
827
782
1364
2293
403
251
928
107
313
1649
405
4479
4068
660
664
77
3065
1950
840
1891
2578
79
38
1082
441
292
827
2098
464
1034
912
1002
2076
108
1680
338
38
96
2041
2314
1431
3302
1773
1674
1218
222
422
1069
35
1077
2862
350
351
149
1302
665
901
55
460
1399
1338
442
81
243
233
1846
46
1895
1362
1185
1351
429
1434
321
2825
1550
682
832
2309
226
2598
265
1886
715
3574
575
7252
79
3432
769
512
52
343
1723
53
1806
36
635
1067
44
641
204
1
140
814
682
600
3159
39
252
34
283
1263
81
1886
7
44
3503
144
421
304
2247
243
544
1153
1140
117
847
642
546
1090
383
1137
802
1304
1110
1057
114
1207
1147
772
945
218
496
292
3648
1469
4661
1943
240
692
467
573
583
521
2041
398
665
1513
2856
394
1798
1743
2321
2113
2524
424
1062
7
458
428
1775
696
2904
671
90
83
819
1283
849
192
308
2004
1302
144
1329
160
196
211
895
640
263
991
3124
110
2190
536
1473
630
190
362
772
2371
1063
1689
2159
933
1294
1574
468
162
105
957
29
1932
4061
1017
1441
1825
269
831
193
1357
1823
164
1229
1612
498
488
67
2193
2346
105
1134
97
92
5
1025
165
1645
230
466
1575
955
1584
1157
624
98
585
1485
172
473
1356
1048
148
1047
651
553
606
3
2624
864
209
2268
2429
262
9333
678
1456
436
3564
488
726
101
449
748
126
1057
700
206
1578
419
2824
1412
597
72
1464
162
655
3894
142
474
3962
5379
1540
788
584
492
602
5647
156
1201
57
849
97
329
44
233
61
812
7318
231
2913
1261
257
525
4538
492
459
676
945
908
1748
2224
216
271
723
602
80
1525
265
33
24
14
643
193
67
633
816
2118
1697
2076
152
444
1833
512
1803
38
610
1232
1302
525
135
725
1574
592
778
434
1621
1373
1700
1066
322
1856
2111
458
1778
828
110
1218
1614
6098
700
73
1758
3560
484
873
763
457
908
352
78
14
748
480
557
1628
521
68
959
604
42
2853
1273
15
415
288
3063
759
134
175
169
1063
236
1035
1253
79
590
676
3551
2936
421
557
1332
25
113
2581
1174
1719
114
1844
865
1908
1100
701
938
266
1144
2988
154
604
483
2129
1021
1465
3249
232
566
1239
400
380
984
278
389
606
136
1131
1999
789
811
610
714
369
1083
2786
208
404
4443
2067
1120
2175
3798
2699
27
82
41
576
265
72
4552
303
36
2092
1290
1745
3853
4220
3375
456
2725
243
1949
2651
4
371
700
1379
644
27
266
1275
114
1168
507
703
144
1033
18
588
860
1197
2453
484
244
1118
1497
3896
558
53
4097
1722
880
1832
769
2070
393
729
1303
53
749
1501
2458
1407
3078
2413
2770
570
1159
1960
1717
1294
1098
3042
107
1162
710
991
124
230
372
576
1313
2528
2898
104
221
1768
134
96
1368
65
574
165
55
1864
2454
657
1576
527
1345
753
216
831
452
99
343
31
698
1012
439
764
489
220
6
443
2522
429
419
13
6829
1350
70
550
1795
585
223
1416
186
432
241
1052
2254
1684
256
100
778
507
703
118
192
57
775
368
1817
83
1021
372
397
186
404
13
1220
1490
369
727
1331
476
775
3567
321
1801
1837
3188
801
2116
124
59
310
1646
100
366
96
302
1632
795
5439
3031
556
2108
2279
347
1187
794
450
2323
214
133
1955
1276
116
717
1267
923
465
172
1858
439
538
203
36
1363
45
988
268
1151
2135
2927
4263
58
2279
228
878
5151
253
2046
618
1073
1312
194
416
246
418
398
1101
581
1020
147
293
250
1573
172
378
2098
292
2563
34
530
176
410
224
634
3132
2474
518
749
566
614
337
1274
296
114
633
14
89
651
451
33
29
267
786
206
156
249
77
2050
1265
283
839
1108
1221
618
30
696
170
618
44
1425
986
1596
432
886
995
363
936
3264
2002
176
1892
391
1068
137
180
1290
472
8
388
2475
777
775
2441
707
991
2001
228
291
3716
76
215
2365
892
1057
892
469
419
146
381
62
1697
1283
994
37
1112
1003
1896
509
324
991
611
1682
635
913
424
301
545
889
476
159
151
1978
1346
91
686
183
511
49
1876
4251
1402
829
156
509
441
620
2722
3
1067
310
658
495
715
682
375
569
4
1343
231
209
20
619
1187
408
1
47
494
1971
275
865
932
84
10
499
791
2640
601
939
2027
596
461
248
410
831
281
302
259
1455
1010
40
231
913
305
16
267
158
109
64
681
145
608
2344
763
866
621
205
568
2566
80
1451
3855
1225
171
6
1310
651
2431
1098
9
202
943
2376
572
645
171
66
204
56
388
1448
1003
761
281
608
293
829
307
374
272
86
2
2206
69
482
701
1470
1901
841
1015
297
881
297
1185
1026
41
169
1339
1201
645
1324
2470
1998
3781
187
2869
65
33
823
704
47
2104
573
2982
2605
10
444
409
637
1851
2419
485
276
1264
847
2079
420
165
1901
381
134
115
1796
159
729
247
1041
358
127
1293
2178
1150
1210
556
1657
142
256
314
1114
203
57
98
68
2235
63
1330
1032
1157
186
1558
179
45
873
161
59
104
275
672
1245
1901
41
882
825
1262
11
277
326
248
85
681
750
4881
476
1028
130
287
1047
54
2085
345
932
924
3636
1550
1254
407
189
1010
572
2828
241
9509
2034
210
383
323
548
419
168
1216
978
1902
1548
1387
30
478
711
417
241
850
1080
626
4433
876
2225
2584
1706
438
384
98
774
113
310
947
80
1716
1268
1380
2208
2254
543
183
576
4004
2416
942
1235
4218
400
3264
862
1612
548
1653
89
1200
1504
3215
484
826
799
419
1053
891
2015
1123
539
13
156
752
131
303
8
2667
2532
682
220
231
2680
846
2502
1084
2075
935
1822
453
560
855
1451
770
2
250
413
408
1653
2740
72
697
362
124
2231
17
79
589
951
372
756
992
707
1075
2174
485
2314
2173
294
1077
1512
1084
461
39
1511
1281
246
90
1324
626
4958
138
203
131
492
1285
240
1339
2220
269
234
893
970
101
623
1469
2999
57
4628
874
1186
1309
895
55
1336
100
825
583
700
152
1186
46
786
217
626
1568
902
1026
1089
2035
588
290
569
1211
1567
1809
195
498
95
2822
1432
2991
320
135
307
618
682
721
609
422
1532
317
347
434
1860
824
493
38
1535
267
66
232
1645
19
296
58
1819
832
19
54
413
1374
790
1053
512
437
143
657
492
462
1853
1400
442
735
1836
1793
355
731
219
774
1778
1119
51
1050
3849
1137
591
176
2525
1682
2194
330
390
65
186
1694
355
2926
110
416
88
144
452
904
905
824
2499
1463
3477
1256
15
583
1280
100
89
534
344
1288
2791
65
508
1353
567
223
211
626
579
167
27
258
717
232
2505
1632
431
1707
228
434
1305
185
671
772
438
681
283
388
1455
1577
123
2182
768
239
1279
190
924
1763
631
81
1769
509
675
388
132
887
1224
33
615
254
148
556
674
857
1576
317
312
1391
1364
389
846
1350
579
297
419
411
2206
407
3548
28
1651
507
156
434
463
704
3169
646
565
207
3356
659
1399
151
439
1208
1212
594
13
1574
33
843
395
2576
101
1985
387
109
2299
194
672
2119
757
725
1891
85
318
703
305
1523
1604
676
1648
3946
336
565
151
502
281
1285
1604
372
331
958
82
942
600
516
1815
198
550
515
207
817
630
397
111
614
1033
889
621
951
751
3718
398
523
1443
902
754
1037
2054
604
981
280
175
434
68
1634
1061
3779
450
986
1012
559
108
1839
2121
1183
376
577
2776
76
1477
2385
3850
1540
1377
450
1872
1655
1511
849
709
91
1777
2331
184
60
965
679
65
1661
260
1233
937
170
2191
38
74
141
1026
31
329
754
270
201
748
529
257
866
552
433
342
2091
467
201
773
305
594
732
537
1950
799
1499
465
1838
612
331
305
683
3371
565
510
464
608
658
2361
2271
2283
50
846
3096
4765
73
319
19
404
638
1856
1888
1718
1915
729
617
1756
274
968
800
865
239
1473
573
407
1283
385
308
602
1341
549
1137
1230
2418
75
2838
1080
1140
268
630
915
1730
2189
378
296
646
2236
989
1692
1571
1701
605
617
6
685
2633
577
747
2274
21
303
589
707
280
1897
650
424
67
2971
165
1276
2822
2024
347
1176
570
83
3066
2655
1960
315
78
4650
1115
10
1275
762
1211
121
112
192
257
227
714
733
982
301
855
793
637
1655
1531
897
431
2076
1284
1157
1974
1620
1056
1634
1264
73
126
2846
445
408
651
893
2073
973
5354
73
124
728
882
601
200
145
441
525
817
1652
2712
822
435
225
490
927
210
114
51
552
590
2091
941
270
1604
300
1322
535
1730
1340
2833
2409
883
237
219
3429
506
18
1106
277
1306
1692
1303
835
1976
461
1589
1800
1720
37
1111
370
540
93
93
1440
252
133
2018
41
327
29
672
267
728
345
931
124
489
600
1080
260
1854
289
323
220
197
670
846
5640
1481
29
185
1576
442
5735
4165
1512
1399
808
1541
1049
925
1041
1002
295
65
2721
320
1541
2021
1723
1872
1516
412
2379
770
307
1937
240
59
961
401
1863
313
2064
568
555
96
18
33
2244
956
226
558
716
125
1683
746
279
330
463
839
1889
1798
560
599
2771
1092
1999
169
1092
68
2226
80
1502
1480
487
586
1825
707
32
1353
696
3815
445
3105
135
151
149
2491
209
146
250
18
114
783
86
1287
745
94
1781
1289
1056
1060
1002
499
4148
1256
470
452
2323
1227
48
138
2740
376
3529
63
692
469
206
411
770
1598
1941
95
966
1004
628
5055
709
1499
1266
836
195
575
342
19
2114
1736
571
160
1601
803
694
182
1678
73
126
1243
457
1107
1776
672
23
191
387
84
233
444
1503
1510
1312
3299
780
523
1374
828
2479
383
1280
426
178
712
1044
373
891
841
109
1161
982
691
2066
624
421
1583
106
203
20
1889
1858
1399
617
1537
5
1669
2440
781
470
957
374
58
234
134
3213
193
283
887
1711
882
2658
85
1007
393
174
576
2198
2865
1369
300
376
2192
594
79
900
348
183
606
288
2772
1745
249
184
2090
2605
379
365
1652
16
79
503
335
1512
1870
23
215
255
86
422
364
68
271
1733
98
47
445
822
1711
1711
855
178
1722
313
712
98
2486
239
2087
206
736
1875
175
513
250
1734
678
498
1518
3526
2403
393
3278
98
2382
1765
3549
58
21
508
142
1405
590
770
2407
876
333
1478
652
65
89
1667
3133
815
5416
160
1864
262
592
649
1968
1996
23
416
481
879
84
2464
45
960
85
160
513
447
767
432
414
1374
1181
433
1985
178
241
77
1253
62
2130
1450
203
170
879
394
2965
266
395
372
169
341
865
1866
1029
251
1550
1906
82
552
3934
261
78
42
2659
437
1533
71
2034
232
738
2765
1206
156
2506
2792
97
480
3682
939
257
1015
471
759
601
39
27
2137
633
801
360
28
625
282
442
634
1006
1379
849
656
5343
997
106
864
192
1509
84
1625
1926
3851
284
588
630
575
882
91
39
443
103
79
316
909
1961
1727
288
2000
175
1076
303
612
1068
893
957
256
882
471
429
876
615
416
323
651
105
732
248
1390
1969
268
241
1076
930
223
738
1370
1888
239
2823
923
969
51
416
308
801
1351
72
1567
1910
547
3422
576
396
415
227
317
364
3810
1700
551
242
154
2137
599
3337
979
228
306
523
490
576
515
453
25
780
246
166
1159
811
8
66
1342
1489
357
113
704
1478
549
2282
1365
770
354
786
2334
292
23
1294
413
6
10
2760
3087
143
722
1955
196
2040
3248
630
487
1070
839
3704
720
133
5318
1241
1362
539
2023
675
1216
128
3294
667
954
3010
404
2830
595
1069
979
1254
4886
552
135
853
134
323
591
1431
3124
769
776
1290
1976
1832
325
1648
1107
626
659
1392
18
933
259
820
429
676
1406
740
65
19
1144
1079
258
762
406
2041
507
1905
1139
1655
884
232
1694
1603
39
107
59
1584
639
6
3545
1633
21
905
563
336
892
3069
3725
108
3082
26
2504
742
1149
786
913
671
10
711
1628
2044
1413
1257
257
4011
440
207
1394
3053
353
96
2822
1457
1283
259
150
866
624
140
800
2774
371
692
1302
1103
633
114
1131
1499
313
875
1130
3116
53
871
712
15
1442
444
116
788
2299
533
596
5031
259
1166
795
308
199
1313
1685
122
35
2049
3758
1
576
1574
212
375
119
77
435
4166
102
129
283
1998
68
1097
462
2776
744
1700
1235
1519
797
951
296
320
271
264
1585
672
158
33
43
658
288
934
724
124
754
925
2042
578
605
1050
2376
1927
4923
1204
44
3209
130
2184
260
1560
311
159
1092
5
1208
603
1374
814
343
4240
2030
1122
207
566
1060
263
94
319
1634
434
41
644
556
773
1118
797
1757
617
1617
401
1097
227
979
777
437
222
940
1588
473
1135
2090
38
98
327
563
1374
247
455
62
2387
2293
614
1577
1518
2362
3273
61
38
335
493
645
664
670
3692
1831
1753
7
95
647
700
1138
311
2032
99
1184
450
50
1885
228
484
15
246
2896
727
301
76
369
844
117
1436
172
1483
411
2461
1567
12
593
395
6
85
3060
120
1365
223
1715
741
689
1100
1614
770
2282
1943
39
305
454
335
1853
557
439
4587
970
357
1254
2912
1342
689
535
956
1181
655
138
1229
4388
1145
161
939
323
4798
873
892
953
946
61
292
1107
1720
27
508
684
1755
853
887
167
259
1569
269
178
2188
310
2199
1982
530
1289
1501
420
214
380
1033
2317
299
576
2378
37
6433
329
1650
53
473
666
851
2026
24
630
850
224
2219
5875
1812
132
344
584
1876
2978
2123
219
386
63
140
3036
3531
2665
75
1039
1004
458
227
260
1402
425
1501
1017
857
1118
112
1411
119
802
1041
39
646
761
437
2
1685
29
566
307
594
1906
2611
2341
509
277
1259
400
753
1430
3837
817
1599
140
151
114
869
630
638
427
6
1078
274
197
1804
379
1332
5114
613
760
1734
17
342
696
142
495
560
1426
529
1543
2
61
2799
220
566
38
142
514
74
303
351
312
348
111
111
704
478
236
1026
64
474
674
760
1319
4655
774
979
2325
124
274
1419
3063
102
36
481
1541
4114
35
911
1924
11
937
1504
96
511
4307
524
2426
1088
132
219
1039
98
71
2563
3010
1428
1325
524
1084
1557
232
826
91
398
983
227
991
709
630
1062
2403
570
365
21
811
760
1882
933
92
1617
96
1857
404
283
126
505
75
1831
422
749
623
303
609
171
128
488
1048
712
37
2253
740
221
2736
125
1268
393
546
378
26
194
1291
79
936
391
2152
314
608
451
1322
554
565
968
2817
2956
361
135
86
2621
720
3227
116
231
192
190
985
328
2681
1221
2338
1936
250
79
633
5486
39
615
1536
1686
229
1693
660
988
2372
3854
2809
1437
91
1553
7
283
246
64
1163
858
663
2364
467
360
416
432
1124
952
1044
7808
1545
221
588
526
664
226
122
514
853
918
3286
1190
716
205
1766
1212
1415
1521
1085
259
129
330
412
55
862
1872
1018
1687
1239
1771
807
723
195
1857
2521
720
266
318
1875
838
1707
595
942
608
883
2408
976
1305
295
34
223
2546
3010
89
53
686
554
856
3509
1747
202
833
1176
198
1511
558
1208
627
1479
642
2153
1292
455
961
81
233
1242
880
839
462
188
1374
193
69
389
1139
724
629
720
4619
283
961
577
72
653
533
524
55
1075
601
912
2510
380
990
1233
195
698
804
527
1035
3126
203
3764
447
75
563
538
518
36
5247
55
902
471
1739
857
1765
304
54
402
937
1361
3967
952
817
716
168
115
729
2147
644
1
439
146
1002
146
599
245
712
422
310
267
518
591
1666
2006
295
620
844
76
554
2299
129
2837
354
42
665
43
743
195
1538
1243
1197
110
461
135
3640
87
210
5
276
657
60
236
472
946
54
44
83
207
1776
308
22
700
1221
1042
664
3374
266
370
3506
677
998
555
1687
49
5524
422
1575
2216
36
1030
1530
1284
802
1908
1021
239
30
782
362
720
472
2130
420
2912
168
35
128
696
763
3313
294
244
1384
277
2829
262
395
882
407
299
560
1484
132
7
1018
1023
264
1519
67
4685
53
2625
1420
355
288
3390
350
437
817
1788
963
3015
910
1847
1186
920
566
1652
19
1046
799
280
165
92
211
2095
2219
1276
76
245
133
271
4620
45
45
1034
1024
769
1525
2758
883
119
340
108
559
1500
479
547
1288
12
2791
28
225
427
1930
646
319
31
11
242
1130
79
8
1856
905
316
2066
628
234
403
92
411
151
200
567
417
718
478
576
1129
2237
321
849
2306
771
5787
902
1002
56
106
2232
94
414
1858
60
983
252
1447
575
2712
31
2794
1451
44
750
510
622
1919
157
246
199
839
188
178
637
433
1165
668
295
110
958
1286
250
104
2737
1011
1616
505
895
30
351
578
2347
9
2183
2114
300
788
557
1012
553
102
1451
413
2963
1013
1363
596
717
1394
1443
74
371
1425
351
109
924
752
1175
440
1203
963
72
2676
525
187
1971
2934
472
163
2255
1634
715
58
141
184
337
831
1402
890
1558
1244
423
2165
736
272
1939
470
63
1056
88
262
283
1214
366
566
2569
228
1572
496
992
137
4883
384
809
16
93
135
90
2
175
503
149
1979
155
1327
125
597
1681
1060
236
667
1280
3505
336
437
1429
1358
3162
2935
1021
1489
694
33
1655
1447
464
207
2132
258
94
858
655
16
924
165
1773
1330
52
219
1227
2118
1145
2346
504
624
2038
59
1640
76
1099
348
166
1737
288
504
3
1951
1453
1362
718
2104
1534
787
82
78
1314
116
1505
65
1119
3320
482
5
1106
667
763
808
1741
4379
691
605
773
353
1428
414
1239
1263
574
581
434
1739
398
864
133
105
1444
1733
2595
562
455
175
139
1270
584
1872
1779
1395
655
4181
3353
4
349
1704
1044
60
1826
784
191
3606
