52
207
226
87
105
8
109
80
196
148
205
240
130
85
54
57
61
85
50
17
208
231
37
178
81
72
208
243
174
106
92
172
183
197
78
89
17
172
152
94
8
65
12
52
173
36
30
31
94
92
194
84
55
116
2
146
152
100
53
59
212
204
68
6
74
134
236
10
59
156
147
249
150
49
24
105
135
31
145
80
8
12
107
50
103
5
129
219
173
197
97
210
242
48
208
234
92
14
147
3
175
33
147
44
105
52
36
158
190
38
36
165
86
122
72
128
171
166
161
35
43
3
187
88
245
202
179
193
139
34
99
90
210
148
138
205
11
171
128
83
176
215
158
17
16
166
171
239
241
146
80
79
34
151
188
77
191
85
104
110
190
151
45
75
37
81
240
113
28
64
107
754
15
119
132
23
12
247
71
233
221
18
44
73
143
169
154
41
209
61
91
173
38
160
75
141
227
197
89
179
165
169
24
154
210
56
246
191
154
85
230
224
142
165
126
191
6
247
124
199
225
52
107
208
107
136
33
89
15
13
233
216
105
26
27
57
154
239
221
78
118
8
75
210
152
199
169
212
224
82
161
32
120
161
130
197
95
170
129
130
174
160
174
134
63
10
199
219
245
4
84
26
199
196
126
111
97
21
120
124
198
1
21
222
172
149
6
184
249
49
215
248
224
205
71
4
49
54
86
89
15
224
46
151
104
121
167
242
24
754
84
58
179
119
181
76
131
180
203
114
215
146
204
133
240
40
246
3
59
179
113
188
203
222
158
245
113
167
152
194
158
109
169
36
124
131
162
221
92
23
38
55
143
229
16
165
144
141
176
216
42
140
244
27
90
203
4
74
40
238
136
83
18
24
121
82
202
195
128
234
106
179
221
67
104
185
30
104
15
188
8
85
56
126
158
58
159
74
15
243
118
6
176
185
72
231
206
210
171
242
74
52
209
112
224
187
133
23
172
196
132
55
62
62
241
66
179
175
169
92
79
185
24
137
77
179
174
152
46
185
30
7
14
190
21
79
211
206
190
8
227
108
117
190
96
164
35
82
86
105
52
6
106
142
236
164
156
124
199
242
108
209
124
239
202
71
238
167
137
50
156
103
107
17
100
201
133
88
36
197
42
194
189
129
61
216
240
192
23
1
150
208
19
99
143
170
222
121
64
189
80
228
4
236
71
109
172
203
238
218
15
179
202
194
32
208
124
136
150
180
159
91
199
38
50
192
130
129
105
180
139
65
7
154
161
163
16
86
172
110
1
29
5
250
247
169
94
159
44
220
68
222
92
99
39
174
87
71
159
246
10
191
43
40
70
223
77
227
243
45
84
163
208
44
251
149
151
183
50
164
151
163
112
133
139
181
180
101
4
7
143
211
44
41
245
67
114
247
249
221
214
51
144
14
208
34
45
212
111
202
208
39
44
235
78
4
201
146
75
157
37
177
61
77
72
155
11
167
59
64
212
160
111
152
13
7
36
72
106
195
230
34
250
197
90
63
79
74
17
248
200
139
112
50
121
47
106
29
199
168
34
21
115
151
145
241
58
226
176
191
44
177
82
192
43
147
89
193
242
146
221
99
51
234
62
148
249
98
93
71
138
140
189
102
173
6
45
221
144
31
119
55
94
177
1
190
141
53
25
95
72
160
69
149
94
13
200
44
10
172
90
70
178
213
225
180
202
30
191
244
19
94
232
190
103
54
206
78
122
112
20
29
144
98
175
154
163
70
205
240
69
123
61
151
40
169
146
142
19
250
140
73
222
175
153
42
125
84
28
187
118
116
120
91
108
92
65
230
243
2
24
93
128
77
163
166
133
16
48
246
187
65
183
96
105
219
8
96
2
122
90
146
203
31
181
12
153
144
22
72
112
107
138
238
46
209
193
5
84
18
142
159
85
54
38
118
224
207
80
71
47
167
248
101
7
224
124
147
19
144
102
231
189
23
149
25
137
8
92
68
99
232
14
225
15
245
198
230
200
118
141
86
110
4
83
54
53
68
36
251
18
221
188
110
186
33
108
125
45
36
238
82
75
205
112
25
197
39
223
26
226
47
78
7
195
136
163
207
206
130
239
134
84
160
95
110
212
135
214
14
187
39
132
105
154
224
153
226
51
172
34
137
244
14
102
89
43
150
32
129
138
243
96
249
194
154
26
173
164
178
183
162
78
15
160
51
2
28
81
190
162
191
204
228
183
165
55
110
95
163
172
754
121
130
140
192
187
173
27
207
246
149
205
5
185
219
194
36
88
30
240
211
141
116
12
55
250
51
4
237
70
187
6
158
215
144
39
172
23
95
85
12
246
195
6
172
111
4
108
121
156
15
229
32
54
69
92
5
26
89
754
205
227
164
19
146
71
15
57
125
183
47
204
181
23
2
187
97
217
12
218
218
170
54
4
127
84
63
45
106
151
8
103
7
239
228
49
217
244
129
41
48
110
102
205
239
19
163
73
240
120
92
36
74
89
155
12
4
35
165
204
11
205
76
76
167
179
93
200
237
95
76
165
185
110
103
20
18
153
71
66
201
216
18
162
165
121
195
223
97
110
157
198
35
49
180
50
24
122
68
6
196
27
181
12
170
67
28
133
29
29
212
73
29
26
151
168
62
251
125
81
91
178
153
134
29
239
35
105
50
34
104
19
116
151
11
22
187
176
62
145
230
205
217
142
37
212
69
17
193
75
37
97
159
167
3
99
185
80
36
34
238
247
49
31
61
89
215
120
97
77
146
133
27
83
150
184
51
247
145
137
215
111
83
36
39
14
50
38
134
165
69
63
44
42
40
142
24
169
99
217
73
237
222
149
46
76
13
181
132
29
50
233
44
80
111
99
192
191
137
175
205
41
121
218
76
17
197
203
15
56
222
136
74
211
165
137
233
222
12
166
248
129
121
176
161
102
106
107
150
165
90
122
236
190
221
180
170
14
37
70
144
137
196
60
44
110
214
197
118
69
202
251
213
121
102
226
114
198
229
238
91
58
45
146
58
117
245
230
166
38
17
222
242
142
99
102
237
173
215
219
251
2
154
120
180
35
50
218
246
164
132
207
221
48
220
207
219
44
9
50
48
71
122
85
207
154
13
107
188
77
57
177
46
216
70
246
104
149
232
7
187
22
224
170
186
52
138
76
69
201
189
107
188
95
21
58
168
119
59
39
27
99
40
241
183
73
152
129
248
109
210
16
158
37
247
149
236
187
132
32
138
232
103
213
146
239
136
176
229
168
241
205
23
246
78
239
213
182
214
211
141
251
9
116
189
94
199
167
172
158
26
149
191
228
190
40
63
67
103
211
38
27
19
209
72
163
152
224
149
63
31
39
141
164
120
170
239
146
182
226
139
141
238
131
105
160
120
244
168
131
176
40
33
105
73
30
158
5
97
156
232
162
47
171
204
27
124
224
242
51
93
25
61
238
17
178
33
89
201
239
34
101
207
70
134
180
21
69
189
138
142
16
88
173
9
26
148
65
127
65
221
79
145
183
220
115
185
47
1
128
87
216
146
141
236
136
151
53
44
131
239
49
200
248
106
137
105
133
164
119
195
15
156
157
200
185
141
28
16
62
94
192
249
73
249
238
171
159
136
207
70
161
44
4
163
45
193
132
102
97
61
6
125
112
170
111
227
165
247
83
10
114
33
119
200
238
237
16
111
205
185
214
46
209
144
142
159
70
3
124
88
25
75
180
56
66
11
191
161
236
49
121
48
141
120
237
149
91
204
86
100
245
12
82
115
18
133
120
36
68
185
170
180
224
245
142
134
20
119
55
241
124
48
134
120
148
119
65
140
140
19
23
217
196
196
170
228
173
151
143
190
169
64
187
193
246
251
236
178
9
141
138
64
151
19
168
163
4
18
152
104
154
16
76
237
151
130
10
235
249
127
212
7
155
69
251
227
243
80
121
211
98
226
166
99
33
219
226
53
180
201
79
134
132
163
112
121
65
50
234
52
7
130
100
173
246
27
78
149
227
117
143
235
185
72
237
72
179
200
3
57
15
80
180
137
176
136
5
191
118
153
73
8
23
190
247
38
56
222
99
41
167
188
25
191
194
129
38
180
13
225
88
43
66
230
243
194
39
171
99
62
97
7
39
18
31
170
146
122
211
155
204
152
76
54
146
90
213
71
94
169
21
233
62
121
12
63
50
119
8
250
89
224
118
63
53
149
247
188
216
100
237
246
183
73
76
137
94
126
118
109
97
22
42
92
38
39
165
157
49
156
90
133
227
91
163
115
133
88
217
194
203
31
98
140
128
85
226
79
88
66
116
166
155
218
154
10
45
136
60
113
49
200
191
178
240
215
106
159
103
227
213
246
212
126
46
192
38
167
65
13
217
47
154
147
241
160
221
183
29
24
163
234
244
208
181
149
101
34
101
128
159
218
209
108
188
60
239
195
178
93
249
174
754
8
238
223
80
89
96
122
202
204
73
179
224
754
244
112
34
113
216
130
184
219
135
53
239
118
241
227
237
217
131
128
82
57
89
230
190
166
196
47
102
54
15
43
64
90
188
246
68
117
72
197
117
155
223
27
189
205
152
222
164
14
179
56
5
210
112
80
214
32
147
34
32
181
244
243
115
23
37
198
177
45
233
241
35
80
35
203
114
208
162
66
30
152
218
129
191
159
148
220
47
107
237
31
42
239
36
132
103
165
97
243
4
90
216
122
55
2
754
233
187
186
36
83
239
152
157
180
16
251
167
248
91
175
49
60
20
114
17
7
73
37
196
246
754
231
206
208
217
96
93
161
173
14
129
87
240
77
176
158
59
55
223
205
231
51
203
22
135
55
221
38
173
28
164
52
202
180
37
170
123
101
166
228
162
114
141
8
133
137
220
90
167
1
126
248
99
122
190
23
161
182
45
108
72
207
124
163
143
25
164
33
153
129
135
34
163
124
87
186
9
145
177
69
99
71
143
58
152
74
203
26
220
219
207
163
49
38
191
131
103
166
206
129
238
178
211
186
212
246
52
99
30
60
106
202
157
108
165
104
125
141
176
62
113
159
151
232
54
108
182
754
85
42
4
140
191
83
188
104
45
174
31
182
226
152
92
151
136
196
218
204
108
7
82
82
102
72
51
37
88
60
75
251
180
125
182
237
45
48
250
3
178
149
237
201
220
202
180
112
12
235
249
243
65
211
92
106
227
108
137
110
108
158
113
212
36
133
57
135
98
111
232
31
250
9
82
81
170
7
119
230
116
241
4
73
181
212
241
194
228
85
23
25
48
17
31
152
233
159
95
90
93
150
7
122
6
210
21
32
18
203
190
47
72
207
230
185
192
84
30
34
76
128
13
184
32
214
6
98
21
100
58
186
94
80
188
184
178
238
249
170
218
45
86
16
177
215
86
226
18
160
80
161
209
66
79
181
166
213
183
53
198
250
236
249
181
230
32
62
132
10
184
148
184
35
59
217
32
64
43
215
124
191
209
225
149
226
181
59
121
210
219
80
244
114
37
33
73
212
183
204
169
210
65
99
87
171
41
145
244
166
58
136
230
117
140
170
98
179
120
156
23
165
148
203
92
63
187
229
150
233
69
43
214
128
215
754
80
82
227
153
116
71
83
92
153
127
110
218
146
109
168
141
246
98
158
140
243
158
232
249
124
251
6
30
96
91
7
52
60
97
208
151
238
98
754
87
18
177
120
194
76
160
38
72
217
167
129
249
200
92
63
137
182
77
58
164
128
33
10
196
73
57
124
76
191
140
225
1
160
147
44
226
133
247
133
214
195
76
2
121
238
73
181
211
243
197
202
169
159
116
117
82
135
11
10
33
34
139
135
160
96
64
75
1
239
70
41
101
23
125
47
178
236
229
248
178
222
187
67
243
14
114
107
75
49
23
154
193
244
212
217
223
174
36
18
230
57
121
101
86
135
78
23
168
59
123
125
214
89
162
217
66
145
117
88
241
64
212
89
176
86
121
219
187
173
754
67
754
246
165
145
54
143
25
232
99
132
136
79
45
200
215
87
38
66
238
108
162
23
214
48
155
237
158
32
110
16
151
201
38
144
84
57
62
244
172
98
168
136
23
131
120
185
69
60
124
226
49
154
121
93
3
228
73
99
189
31
163
82
22
193
140
10
66
141
229
215
62
136
205
129
231
193
32
48
48
64
82
148
216
23
174
87
145
192
76
40
63
174
76
157
101
185
151
78
87
192
69
170
221
13
221
145
82
754
133
62
14
148
95
135
197
173
230
168
109
234
20
187
33
173
174
80
176
159
121
17
136
130
164
129
40
22
174
111
199
78
241
147
236
113
97
6
4
8
159
237
226
93
118
107
239
165
83
179
192
191
44
37
46
24
203
149
191
12
118
68
71
228
136
32
26
208
220
87
170
47
219
36
66
67
163
62
238
6
198
172
45
162
129
138
52
243
121
232
168
146
127
48
190
36
83
209
233
33
203
222
78
116
94
119
178
216
30
94
196
150
104
40
114
111
11
104
151
92
235
100
239
152
24
100
53
187
110
207
46
173
43
45
179
247
126
28
189
208
232
111
13
57
126
88
124
129
197
125
55
130
247
234
180
110
232
232
51
137
224
99
152
102
197
56
216
105
19
192
181
36
107
136
20
230
141
59
147
41
161
106
24
108
7
190
171
224
27
120
113
51
21
96
13
108
26
86
104
144
242
227
143
31
754
221
201
160
8
89
61
121
43
173
163
84
76
226
61
194
199
20
153
63
105
167
165
23
138
120
245
23
45
227
132
112
185
79
119
18
88
124
9
17
29
245
120
32
32
197
76
173
25
219
245
207
248
212
111
104
161
108
231
118
175
174
203
236
236
1
17
82
71
18
184
112
129
103
244
64
66
74
9
159
63
176
28
227
228
38
211
227
111
184
76
63
58
112
9
48
150
65
176
142
136
154
183
236
130
120
39
100
42
29
110
177
201
133
146
77
87
31
151
148
214
120
154
754
204
79
100
16
58
111
123
134
16
67
219
86
224
97
200
191
123
57
134
228
180
245
5
173
114
56
158
87
101
52
58
66
74
145
203
153
213
15
132
128
5
218
97
250
48
176
32
175
174
16
93
152
164
31
141
52
232
164
10
176
221
190
153
22
195
93
77
112
224
26
148
43
230
62
8
197
158
15
129
173
171
43
195
162
207
73
155
111
16
94
136
42
12
173
171
195
111
138
97
47
157
156
49
157
141
219
237
1
65
250
161
119
38
196
213
135
148
35
221
44
155
53
200
20
93
175
177
237
189
121
149
163
85
243
754
121
212
217
249
50
185
111
99
150
201
142
192
124
214
248
7
206
58
229
86
47
168
43
206
193
179
242
29
102
38
219
206
230
198
59
136
28
3
2
12
72
104
48
62
33
210
754
202
39
55
114
172
207
6
163
33
212
113
120
232
210
233
156
67
192
136
192
222
212
65
27
240
95
70
31
95
9
237
1
97
185
208
186
151
234
206
15
236
225
152
192
237
132
144
61
177
147
122
142
754
136
41
222
225
72
176
32
125
129
187
754
218
69
73
107
86
160
168
26
41
121
104
133
12
145
51
158
70
67
24
169
36
129
121
88
46
99
77
183
192
59
166
197
172
11
154
90
135
186
233
104
153
18
124
68
222
104
171
213
56
160
119
183
29
162
107
156
220
103
15
195
165
95
32
75
163
86
30
166
81
91
30
185
58
153
109
212
156
227
227
226
118
113
200
79
222
98
40
57
184
59
123
57
16
196
42
95
58
88
136
245
200
159
205
181
151
80
249
190
73
105
153
88
187
105
147
141
19
223
214
179
130
149
215
213
72
176
103
225
212
11
40
175
45
26
19
192
65
214
113
206
221
9
245
54
37
118
209
37
40
61
88
18
132
44
129
110
233
163
111
60
141
173
188
216
194
71
190
200
148
29
75
132
134
244
9
112
100
91
214
69
176
129
86
205
22
204
222
74
89
133
159
125
111
45
103
88
161
106
754
114
152
28
128
103
198
79
188
202
247
101
212
39
151
178
57
106
85
65
38
132
78
71
122
206
140
208
200
126
130
19
161
43
157
15
220
73
44
208
148
160
77
139
202
200
234
115
171
27
172
114
50
214
221
40
217
22
63
224
3
184
95
235
47
230
230
80
60
232
6
36
12
184
107
159
89
35
148
125
173
230
57
8
228
248
136
125
137
70
23
132
109
24
144
196
81
114
222
117
248
239
72
34
204
199
177
98
244
246
207
79
48
226
235
125
56
109
180
53
143
5
124
98
32
227
99
179
211
57
227
83
126
56
113
106
59
251
197
173
28
196
231
138
121
48
192
13
132
10
203
66
148
206
83
105
251
77
193
152
246
223
66
172
69
17
39
249
220
86
100
246
29
205
26
120
146
107
113
122
168
221
227
101
85
210
78
70
67
170
201
88
182
143
172
114
95
200
167
212
114
21
31
51
163
42
170
225
97
193
189
9
215
105
61
148
177
161
55
90
232
163
226
164
126
220
22
187
9
192
52
115
175
55
117
248
251
12
2
191
213
93
249
193
94
142
106
242
244
224
67
59
139
19
236
68
12
183
16
20
216
129
133
84
65
12
59
160
92
43
221
15
46
57
139
7
147
77
226
46
192
51
133
174
202
219
212
30
207
119
212
63
214
121
54
109
162
38
115
111
237
149
87
33
52
140
240
54
140
182
165
173
10
63
51
249
114
19
1
3
15
177
104
217
25
80
191
134
42
147
215
182
221
112
77
103
121
207
224
220
154
47
85
198
222
223
210
211
204
147
20
147
85
175
244
103
210
97
9
11
99
165
70
249
15
205
55
141
43
191
235
101
91
213
188
101
128
65
209
233
37
29
214
173
212
189
132
237
197
182
177
158
149
70
115
230
67
131
197
195
179
96
209
21
194
104
51
31
100
65
147
162
162
212
31
148
61
231
121
79
214
232
237
181
114
206
47
243
34
12
197
62
121
182
160
124
96
8
35
10
43
188
102
224
251
71
204
192
158
40
172
173
754
87
131
112
153
102
197
151
243
168
69
191
22
239
108
28
112
67
46
91
231
8
47
38
89
165
138
231
165
137
247
181
62
168
10
91
190
244
202
234
5
233
125
124
225
59
69
49
72
161
76
15
192
213
208
200
105
191
213
227
172
203
33
147
54
230
57
219
123
24
67
209
234
221
140
218
229
172
193
251
128
163
221
208
70
19
13
224
217
229
111
246
72
236
224
60
43
141
107
29
25
197
189
163
185
192
153
33
170
196
35
155
35
185
201
251
17
92
204
50
37
29
21
217
9
227
177
93
130
201
26
87
153
67
18
33
11
208
2
143
237
97
129
154
106
159
106
35
98
24
146
179
16
152
95
233
179
36
146
105
64
242
127
139
23
208
216
13
248
56
159
181
120
240
157
19
59
129
239
151
53
189
44
177
144
62
11
177
93
228
74
110
248
176
238
163
241
246
200
171
33
140
167
198
26
209
119
200
157
119
176
25
88
51
222
44
125
52
206
53
80
239
244
212
67
23
226
14
173
241
12
101
70
229
248
16
108
106
42
71
128
4
58
146
14
49
104
199
176
152
43
61
6
168
25
245
221
52
167
72
4
108
99
121
110
245
21
73
131
87
54
178
116
82
170
50
166
231
50
14
202
231
176
184
113
70
77
77
192
172
229
128
106
12
68
219
45
152
159
87
223
106
58
72
218
76
195
73
218
99
88
135
122
146
34
13
107
188
175
169
85
27
227
170
33
226
58
115
32
169
140
191
123
142
195
118
95
108
26
170
103
230
199
58
46
23
180
65
106
69
3
52
197
161
205
159
184
94
15
90
80
205
171
123
82
125
41
57
217
16
175
95
97
34
201
80
16
38
190
35
130
246
237
191
59
248
240
4
192
34
105
148
192
135
201
225
61
156
31
188
187
30
70
2
129
139
108
75
7
231
188
192
209
82
233
112
167
136
245
7
180
152
65
81
210
210
195
8
2
11
119
133
96
226
74
83
201
243
66
107
220
29
102
73
67
218
141
36
220
103
110
75
144
43
97
2
50
238
161
231
146
50
131
72
222
97
245
144
231
81
68
152
88
146
106
16
36
139
99
53
91
65
60
168
95
82
110
80
154
40
145
181
164
36
114
198
197
34
108
73
105
18
234
86
62
25
74
138
754
101
55
169
132
36
158
204
243
58
94
26
251
31
242
109
89
122
69
18
173
35
52
119
248
214
163
212
67
153
180
170
249
70
58
158
45
211
121
163
139
212
61
207
220
191
134
46
25
197
223
169
23
80
130
55
28
56
46
196
236
62
108
54
150
224
134
149
146
152
72
1
165
79
232
244
20
8
151
186
214
227
185
52
84
85
50
51
122
130
226
71
227
96
133
73
14
112
201
130
121
4
110
245
145
69
47
244
178
60
105
152
186
76
175
132
109
86
207
149
246
167
200
230
3
232
211
238
146
180
51
45
62
155
188
234
135
126
82
101
754
32
102
87
4
5
63
86
87
134
182
183
203
243
143
199
65
89
156
215
57
60
218
177
9
224
73
40
54
167
3
197
205
60
37
58
29
217
6
209
41
190
80
189
142
43
190
30
72
23
179
158
131
88
177
69
71
168
112
149
9
112
224
69
175
185
179
155
141
153
216
54
217
235
208
81
182
102
27
28
49
33
37
237
204
168
185
207
172
189
79
105
67
218
89
29
123
201
36
185
248
41
176
32
172
242
222
107
86
235
22
131
108
95
41
149
53
246
65
198
224
112
224
168
17
95
130
129
239
100
82
189
154
35
102
80
50
142
112
34
141
83
117
85
51
215
22
47
192
198
208
13
77
182
54
63
235
210
60
223
155
87
145
20
184
175
90
35
155
754
249
150
148
120
7
181
207
106
245
164
40
202
205
6
162
208
93
234
65
86
203
120
107
247
53
174
47
218
71
7
102
22
178
219
198
2
87
204
15
191
166
136
105
15
173
58
32
166
234
64
202
22
124
162
234
36
180
69
39
13
142
234
157
102
209
192
125
186
132
243
212
121
9
115
32
224
243
188
21
108
129
104
28
224
205
96
86
53
87
214
250
59
97
60
170
87
57
120
34
202
175
17
53
125
111
216
122
215
177
191
137
185
119
129
167
194
42
237
15
229
11
65
79
126
215
35
2
202
86
247
182
2
113
145
132
109
239
168
32
754
83
209
234
110
198
170
99
31
123
170
204
81
115
4
40
154
182
113
250
143
213
130
216
208
169
94
74
182
44
215
125
230
92
120
62
91
50
56
19
84
226
31
178
24
242
203
110
73
81
251
117
10
65
180
60
78
39
55
74
140
166
115
180
74
30
192
53
98
35
81
188
76
49
38
22
131
86
108
74
31
195
161
166
14
128
196
115
212
176
241
239
168
94
26
127
124
71
69
64
89
69
87
143
175
112
65
171
126
103
171
20
116
224
27
12
12
240
145
5
99
60
194
126
123
130
105
40
23
187
229
18
211
132
60
35
127
49
60
66
236
82
110
132
66
210
75
5
137
171
234
54
235
209
190
78
58
204
108
249
122
65
113
21
8
43
82
129
133
233
20
239
15
120
235
246
22
102
125
115
154
194
40
123
57
144
81
162
232
6
234
81
91
60
235
197
151
135
166
210
75
98
178
215
217
135
47
177
139
193
247
228
155
236
187
223
68
41
193
239
80
185
64
163
130
81
15
106
16
168
128
53
61
221
40
40
143
90
18
233
214
188
65
242
177
154
94
105
24
118
88
5
5
86
224
160
41
40
12
754
190
162
221
17
100
172
70
127
51
236
1
39
69
128
113
164
199
11
14
118
171
45
180
60
236
27
68
198
111
20
234
236
27
2
46
20
18
24
15
177
94
225
61
31
129
120
35
244
137
172
219
248
145
6
157
187
139
118
28
11
119
33
147
205
174
197
48
150
122
221
5
11
225
40
45
42
122
12
103
194
217
124
26
39
157
101
18
250
98
6
134
133
55
251
67
6
209
129
245
35
105
154
183
215
208
62
232
111
216
126
26
141
174
114
129
248
241
217
78
70
176
227
172
107
56
181
155
185
245
160
191
105
126
185
246
150
12
25
179
113
242
166
251
71
232
65
42
240
242
118
96
211
194
1
211
41
27
9
1
250
191
162
67
11
51
246
191
195
109
166
66
28
96
236
108
250
170
131
24
233
155
152
50
93
142
131
105
123
27
245
184
754
13
84
90
140
198
251
184
184
64
129
173
35
31
242
9
97
113
150
202
171
183
233
22
208
182
131
1
220
197
219
74
77
213
146
173
24
122
19
102
200
138
105
224
147
1
18
134
116
161
76
72
93
217
19
111
67
134
183
158
15
150
104
17
94
127
185
78
118
69
43
235
83
142
90
140
2
61
116
96
176
57
53
53
34
196
246
204
187
124
235
231
128
210
30
9
29
165
208
230
179
4
126
86
151
178
208
105
196
181
49
126
25
12
4
50
1
57
53
10
35
18
152
87
164
64
57
208
55
106
105
130
83
206
216
38
23
113
129
236
76
164
169
32
192
15
79
90
77
199
249
221
124
182
104
99
194
26
181
240
163
53
135
104
126
74
92
178
195
126
140
6
226
150
65
107
154
52
172
41
173
153
181
125
129
48
237
172
230
87
67
163
212
177
87
52
248
214
137
63
103
23
4
143
187
41
241
84
176
191
184
250
15
48
12
223
247
92
91
153
133
184
44
45
209
181
19
148
90
68
202
212
754
60
80
139
122
200
133
176
130
131
104
108
221
82
85
73
27
207
108
106
129
124
87
48
83
50
238
41
57
92
50
136
193
138
218
163
233
40
96
251
69
198
239
11
81
11
1
156
36
211
192
180
140
201
241
67
41
126
214
99
221
242
9
18
113
8
114
186
50
30
249
130
231
133
227
137
180
192
24
6
63
221
63
90
158
234
73
66
148
129
157
60
165
7
77
96
57
122
171
212
184
213
199
25
144
22
214
151
49
68
146
217
124
230
122
201
250
83
235
69
143
122
32
40
135
159
187
165
218
31
81
227
66
144
195
157
4
11
221
56
189
153
105
170
127
187
201
215
250
19
133
207
124
238
159
63
91
97
164
234
63
26
10
27
96
12
142
121
109
27
200
86
200
6
13
236
94
218
151
95
7
233
194
215
204
32
115
71
168
113
225
101
8
164
71
6
205
1
170
150
170
180
80
42
127
97
33
32
206
160
37
77
106
128
32
11
186
36
172
213
146
177
105
21
181
28
174
208
189
182
242
14
202
11
54
227
6
188
95
52
248
116
100
193
190
214
39
164
163
51
9
177
175
55
149
245
141
68
79
238
244
202
239
11
97
222
117
230
250
9
124
207
18
134
178
241
47
228
138
95
193
86
38
166
52
50
244
225
55
3
229
13
8
165
172
231
167
170
216
153
225
108
209
118
167
183
249
223
114
56
59
51
79
232
111
237
11
40
195
109
84
72
144
78
118
67
213
217
217
144
144
88
50
30
167
23
178
18
130
31
97
210
120
182
91
163
23
68
42
78
125
99
216
207
14
106
119
172
228
22
26
217
71
103
193
193
45
140
221
236
60
185
185
246
148
123
234
144
167
122
188
205
175
69
88
234
106
103
184
168
111
153
15
161
243
10
213
103
21
179
58
190
148
103
125
70
190
208
105
102
59
236
244
107
122
137
754
233
77
123
179
84
133
205
99
4
182
220
141
28
142
88
212
23
59
150
189
55
200
242
225
41
71
203
146
3
191
184
157
156
78
105
247
136
139
130
18
43
30
97
246
69
84
251
16
195
77
168
235
133
130
131
73
1
44
89
153
10
54
76
18
117
45
207
247
118
130
143
117
24
33
217
125
226
96
69
148
171
11
49
131
130
144
86
71
215
200
107
200
38
155
143
190
57
156
46
230
50
112
181
59
109
71
57
186
211
129
156
183
238
69
67
178
200
170
28
138
172
53
153
19
177
58
40
185
32
39
754
227
121
180
212
61
151
235
221
187
99
189
243
156
11
109
15
141
68
109
127
72
214
87
123
71
126
13
59
111
754
103
176
220
212
204
754
104
49
214
129
25
187
163
116
88
122
140
144
32
121
110
223
224
151
2
69
159
79
74
104
44
117
31
181
204
60
206
24
17
198
3
239
64
51
149
154
28
207
92
110
103
159
185
21
179
236
62
180
122
251
198
79
236
206
38
170
247
148
58
144
238
80
182
101
136
249
2
231
115
193
122
17
226
100
99
206
175
57
126
250
57
21
119
113
229
193
196
165
45
211
137
26
138
138
153
102
225
220
220
176
89
138
124
99
128
50
241
68
178
69
115
32
49
76
242
85
237
100
209
28
31
113
2
3
17
78
209
246
206
89
65
225
52
88
87
154
218
39
131
217
105
163
15
183
188
184
54
60
223
51
236
226
20
143
88
44
65
234
124
134
175
240
160
57
244
27
62
36
185
9
110
188
75
183
114
68
186
139
187
188
227
1
233
40
213
186
49
176
158
36
242
191
148
104
59
168
88
86
187
167
114
142
151
122
90
134
31
119
59
91
56
37
202
57
199
209
73
158
6
102
248
1
115
23
131
103
61
196
19
218
113
160
217
11
26
203
122
49
224
236
134
208
82
9
38
28
113
124
18
110
17
100
49
37
236
112
754
77
106
73
220
131
158
12
231
129
247
187
49
78
130
106
8
216
87
99
94
124
59
170
54
11
17
70
212
147
224
188
156
107
205
189
150
207
251
108
96
197
132
21
129
141
24
157
153
13
178
71
55
148
35
78
41
248
71
179
142
121
181
30
149
111
20
172
58
197
163
39
230
82
100
106
80
232
29
16
66
152
24
14
237
80
224
49
86
155
240
185
57
33
207
197
65
28
149
142
179
129
89
139
141
209
59
84
204
84
222
116
1
175
244
97
161
143
222
218
42
116
241
237
172
204
105
248
62
19
150
40
44
93
160
34
2
131
93
92
6
24
120
156
11
181
218
157
150
130
168
108
105
219
45
92
132
182
17
173
147
41
127
81
76
100
133
231
212
219
216
173
56
5
46
151
69
247
88
90
208
64
62
207
132
145
8
34
105
195
90
130
129
139
58
157
151
98
160
88
148
66
214
36
40
240
199
186
82
102
27
133
181
121
196
84
197
196
230
136
178
241
243
196
219
90
77
125
58
118
28
77
235
249
88
45
754
172
165
241
79
47
75
166
97
226
22
149
170
34
9
38
226
244
150
209
217
53
58
754
67
46
138
23
167
97
220
51
115
24
172
159
8
115
209
179
243
44
227
208
124
1
97
33
80
247
222
171
227
73
43
245
241
246
138
18
68
235
2
91
88
60
213
162
77
204
105
58
151
30
33
108
73
98
111
247
147
51
67
147
83
95
195
122
158
222
145
233
168
93
206
3
166
70
158
238
190
59
95
204
40
116
96
234
74
48
218
164
48
108
221
130
171
98
151
29
143
39
16
62
162
236
70
221
178
78
162
206
91
122
87
148
152
51
158
61
137
121
197
214
228
23
219
194
754
145
91
145
136
236
198
194
142
179
241
154
205
27
133
81
155
160
116
203
79
63
145
196
180
37
28
187
117
2
75
157
153
53
68
1
19
228
157
180
34
26
163
155
109
162
90
233
216
55
223
2
229
20
239
47
195
132
180
131
238
177
21
99
150
76
30
40
139
251
218
140
80
133
162
127
194
103
39
114
241
59
118
36
248
95
63
94
36
239
2
90
250
117
5
241
43
208
136
186
109
57
238
149
219
140
18
79
93
7
18
238
248
89
4
69
71
210
218
90
141
242
37
103
4
223
76
27
19
236
201
246
24
9
102
88
110
216
215
195
17
235
230
203
101
192
87
156
49
169
209
88
150
199
205
176
194
65
219
182
82
109
106
174
49
27
41
66
121
207
174
237
245
8
48
128
74
219
215
140
221
3
217
98
139
84
199
142
198
251
10
103
7
133
127
174
82
199
131
55
80
139
100
166
110
53
6
96
237
205
168
1
172
78
114
90
185
41
56
163
55
123
136
210
245
5
96
219
11
74
64
185
231
164
194
149
98
57
60
138
238
137
240
231
122
98
168
67
214
156
224
142
27
229
166
89
42
143
213
230
1
156
165
169
82
124
10
11
138
188
23
180
204
208
177
127
73
112
28
250
183
139
47
23
106
106
241
89
222
165
247
83
24
47
237
114
18
143
189
38
162
94
167
137
82
85
231
126
72
189
249
112
90
82
198
226
2
145
95
100
34
14
185
38
144
137
200
16
114
66
115
167
160
209
145
62
120
114
124
181
153
11
131
56
184
163
232
198
147
200
140
180
177
180
144
14
95
163
219
160
36
29
95
11
133
84
140
194
194
140
216
8
128
231
163
15
211
51
149
157
3
191
120
44
85
222
97
160
185
80
191
23
42
44
76
222
161
153
233
222
179
20
149
157
53
192
28
211
230
184
186
78
169
217
68
4
134
3
163
127
34
231
138
62
47
79
71
5
42
80
206
17
241
200
241
236
246
68
190
65
88
79
138
10
60
24
161
80
237
30
63
153
26
159
58
110
219
129
203
178
205
118
146
75
125
194
96
234
53
31
109
155
31
80
129
211
16
243
11
109
176
181
208
75
88
222
158
216
150
242
58
226
121
21
74
184
203
214
8
198
195
134
173
225
188
16
27
172
84
16
48
133
216
14
13
87
51
190
6
229
10
117
198
10
238
22
132
88
73
201
177
57
71
161
55
152
184
161
57
59
46
26
96
212
44
235
229
111
241
196
177
139
233
133
243
115
31
3
8
97
90
213
189
75
145
161
155
99
219
53
77
145
16
43
212
108
17
89
46
198
72
150
42
237
12
188
24
3
115
152
189
70
11
203
233
37
128
248
184
41
56
181
154
151
8
204
165
23
68
64
169
201
116
105
115
96
194
53
148
231
132
236
139
131
200
11
126
57
152
192
121
44
137
50
22
234
240
175
125
189
78
168
191
110
19
245
194
213
42
179
48
23
136
218
240
163
201
186
204
178
21
27
228
44
184
147
21
76
111
205
9
26
31
197
222
101
13
10
145
217
245
81
17
139
137
87
30
59
107
135
125
32
54
129
236
173
108
167
123
100
189
154
196
120
56
175
8
145
195
184
154
97
187
11
110
85
12
240
58
108
88
120
150
8
146
50
220
17
88
227
239
161
85
83
30
228
131
215
82
101
5
179
77
43
243
71
119
190
187
69
232
167
184
128
195
44
107
129
196
19
50
87
9
173
248
47
50
84
90
86
121
214
134
9
107
246
5
219
245
57
156
155
139
176
111
180
188
232
225
174
224
149
131
41
244
105
78
37
219
173
24
91
125
114
250
24
138
133
87
166
178
209
204
2
136
132
128
126
247
78
92
19
89
121
220
122
101
107
218
161
211
106
109
217
158
196
34
3
73
54
13
236
62
94
69
188
106
233
245
209
104
54
61
165
140
46
126
170
74
113
197
2
85
183
210
197
37
239
70
70
192
242
102
203
44
214
123
105
198
137
241
29
78
7
62
52
169
172
182
245
224
76
155
60
8
131
135
111
45
170
160
22
207
75
1
212
126
195
121
122
197
124
208
61
153
156
129
83
32
192
28
109
7
91
69
100
15
155
197
153
93
227
237
160
120
206
162
167
86
105
21
143
16
227
248
106
155
175
132
139
241
68
33
32
82
223
88
192
160
225
116
126
120
24
204
251
147
9
25
109
10
95
122
250
111
43
156
124
174
68
39
86
219
68
244
28
35
29
178
90
13
84
59
250
220
174
88
84
118
111
61
25
103
133
10
57
221
23
93
44
232
125
134
39
206
31
10
187
146
64
198
102
91
121
23
2
2
230
148
34
169
89
237
219
56
40
54
21
241
2
61
234
231
211
48
159
222
223
80
75
208
104
66
13
238
226
2
216
180
159
205
91
247
115
142
49
241
177
170
179
168
156
5
170
25
184
172
177
46
58
144
197
159
106
6
129
113
121
118
240
83
179
220
151
27
170
151
35
139
48
151
153
64
143
137
186
142
110
19
239
87
92
52
235
16
13
208
113
14
26
19
176
22
223
251
109
214
171
23
178
72
46
49
79
61
40
215
42
164
227
16
79
48
44
198
187
227
176
149
229
214
115
178
245
48
166
146
127
136
235
222
93
209
125
145
178
51
86
129
154
45
39
34
70
243
71
117
162
18
218
60
94
230
1
95
202
216
221
11
211
83
210
234
107
204
89
46
195
147
2
165
140
63
9
53
141
11
151
221
22
150
154
114
57
67
108
43
70
197
155
177
143
7
100
152
105
201
169
37
225
109
177
50
198
21
215
196
55
154
88
205
123
172
68
128
118
163
44
204
162
41
184
75
135
18
185
60
113
12
196
220
4
146
135
9
221
249
206
41
40
88
9
173
32
88
186
219
121
21
59
52
56
248
221
78
147
109
111
216
131
73
119
165
70
23
15
251
165
2
49
21
153
13
51
235
79
9
113
166
137
65
155
80
109
226
148
100
156
124
201
57
67
239
74
205
233
197
22
150
160
83
54
11
104
40
73
244
229
189
11
159
85
163
115
42
103
23
69
112
69
85
3
189
135
167
41
242
15
211
165
118
61
243
65
42
108
229
70
32
124
132
199
43
154
165
199
181
158
234
20
53
185
69
238
219
74
43
215
103
167
210
28
222
186
1
17
162
121
44
12
243
231
2
78
200
160
17
111
119
174
63
143
136
174
41
60
63
24
248
180
76
69
92
184
209
21
246
20
97
229
244
150
60
148
16
87
210
155
189
72
9
132
192
96
140
89
75
99
191
104
183
56
170
98
178
245
19
138
7
130
194
189
123
118
4
119
202
127
74
49
247
40
187
124
64
46
25
229
87
108
148
137
190
162
109
245
149
32
203
233
187
3
27
153
94
188
19
47
226
162
153
154
99
54
241
237
105
1
47
241
55
36
50
181
123
88
191
194
61
121
108
81
6
15
77
217
39
54
142
125
185
12
224
71
2
64
209
88
192
183
166
225
9
188
58
138
55
215
4
242
132
33
131
172
179
194
125
146
85
142
78
60
96
26
150
219
97
171
89
219
28
169
207
190
159
37
8
247
219
118
207
203
100
9
129
174
205
7
168
170
44
80
81
219
30
151
210
243
2
50
98
39
189
217
150
178
171
48
16
228
216
169
33
151
52
46
225
18
118
13
52
189
247
219
37
66
205
169
87
14
165
166
124
46
133
203
237
163
128
205
46
59
200
104
6
60
144
134
124
52
222
122
170
26
143
164
97
160
49
26
187
132
167
139
90
125
84
69
55
94
199
2
59
154
171
96
41
77
121
64
64
155
754
217
72
87
94
202
213
184
159
170
166
162
15
24
754
42
190
133
17
117
54
86
112
75
21
237
56
11
242
110
240
194
31
32
104
232
155
79
22
231
24
237
754
207
175
231
87
209
84
164
238
208
52
70
54
65
9
204
65
44
206
184
141
170
10
1
170
102
237
134
71
50
55
34
23
198
84
77
214
8
177
179
82
194
8
213
219
158
156
164
132
216
232
51
102
187
228
234
77
133
754
190
45
29
235
117
199
72
239
27
66
124
243
248
98
50
29
208
64
72
150
35
197
28
170
127
222
754
235
116
52
8
203
155
72
247
18
190
181
141
10
231
85
210
83
176
53
87
110
24
91
141
179
38
189
228
230
107
28
36
54
133
56
18
130
204
64
181
236
136
36
77
71
125
117
228
250
35
212
225
114
205
238
90
121
225
1
209
74
111
8
78
154
50
29
122
125
71
61
122
139
38
754
183
72
102
111
239
20
102
129
4
136
99
204
76
34
160
127
209
242
36
81
48
117
137
99
113
219
183
165
165
129
228
162
51
57
225
44
81
41
238
151
153
112
103
125
45
102
19
26
160
209
10
46
57
206
197
9
170
161
93
160
176
159
171
10
205
103
184
50
97
141
238
219
139
139
236
104
98
149
204
142
229
49
134
214
11
118
195
227
95
227
57
125
163
100
210
107
205
186
234
245
119
9
208
154
96
6
97
175
243
209
64
2
60
206
203
242
40
209
181
145
138
68
165
225
151
145
239
173
37
92
204
173
96
171
49
233
52
133
63
211
136
90
124
141
128
60
754
10
238
185
213
1
11
139
229
239
29
46
35
66
155
70
211
160
11
22
6
201
109
65
51
29
157
173
103
134
51
113
58
112
117
65
8
9
170
86
86
91
60
21
45
105
6
1
107
32
242
225
235
109
87
81
4
116
188
235
83
187
31
182
127
140
90
226
134
109
251
54
140
239
152
144
754
159
129
28
30
107
88
181
141
77
103
238
205
17
25
84
241
200
173
249
251
237
19
239
6
43
28
90
248
123
191
42
80
240
102
54
236
61
249
151
95
2
92
219
109
30
15
201
79
174
65
36
249
93
221
1
754
103
92
106
54
60
96
228
65
12
151
16
216
9
171
33
195
193
89
178
212
130
151
159
32
67
20
72
111
133
107
136
28
184
185
75
182
44
225
4
235
140
162
33
224
135
224
174
150
143
54
154
159
17
241
140
215
213
24
80
250
106
181
204
171
64
27
153
62
186
51
54
138
4
84
168
141
157
121
754
126
121
110
35
157
233
123
18
9
93
6
16
230
235
172
83
69
75
94
110
134
203
180
190
183
33
224
164
150
84
146
81
163
34
96
123
133
209
42
44
98
156
179
136
176
236
185
61
85
52
18
82
132
178
149
1
170
178
177
114
70
175
71
112
10
106
43
13
43
213
243
196
20
9
26
100
4
113
134
11
45
218
213
83
225
173
87
86
241
74
55
224
37
200
186
192
136
194
189
118
212
102
5
222
121
152
135
122
135
94
97
232
2
216
31
175
93
36
138
121
31
14
114
2
41
38
116
81
50
149
6
55
122
60
47
95
189
5
90
211
212
54
159
92
58
81
143
65
198
228
96
49
226
27
90
235
210
181
67
118
65
13
226
121
228
7
115
24
247
130
99
197
73
227
100
117
250
228
127
21
87
169
50
229
225
231
4
33
145
23
146
124
116
33
88
141
98
27
36
105
63
59
163
194
193
6
32
158
18
115
11
81
136
228
169
142
99
244
230
214
93
240
155
97
237
173
206
79
185
198
33
125
218
124
211
210
128
179
69
105
245
241
18
123
55
231
71
66
150
23
178
73
98
65
73
61
182
115
77
76
145
28
98
18
143
76
37
105
159
187
200
188
126
149
157
11
133
128
99
136
48
32
194
111
78
149
124
23
48
31
180
243
142
150
62
149
166
67
47
93
232
199
169
10
112
157
37
88
86
83
2
174
25
201
120
150
34
2
30
113
13
112
195
145
178
59
153
236
190
113
217
131
24
7
4
197
174
64
207
134
233
178
38
221
187
203
11
75
142
53
134
120
20
24
172
99
125
134
220
106
171
67
181
130
122
230
54
151
67
125
147
155
99
118
118
92
130
133
85
75
185
230
233
19
16
77
103
13
224
7
188
212
152
242
66
82
39
187
8
142
233
20
74
69
102
189
75
249
109
59
193
754
15
184
159
99
56
237
115
124
214
82
157
227
143
175
207
208
6
198
111
131
211
209
154
152
235
236
210
90
90
113
159
138
32
73
146
224
170
139
235
21
159
754
185
15
82
55
164
115
247
181
24
142
161
84
4
181
114
87
66
195
4
125
239
156
76
165
45
217
162
38
82
232
198
149
108
146
121
97
87
150
146
184
171
163
196
198
210
32
114
182
224
112
249
239
241
28
169
216
135
66
119
98
121
91
157
13
159
125
206
154
221
234
244
94
145
98
151
25
152
25
54
157
227
137
128
192
62
23
17
46
227
67
65
190
145
156
56
132
36
189
215
181
20
111
78
204
179
174
128
209
70
31
219
193
91
64
79
221
154
128
6
60
51
237
217
108
25
224
71
129
194
199
68
31
98
162
10
34
249
177
40
22
228
42
179
65
202
104
229
90
103
250
25
136
72
162
215
122
20
175
90
160
154
9
122
68
156
181
73
163
114
189
25
22
120
4
9
195
207
141
245
24
2
5
75
242
201
13
230
131
158
111
9
159
225
38
22
117
84
106
54
130
231
41
97
215
14
232
166
132
142
57
223
197
187
157
92
120
187
7
97
250
189
25
236
94
73
179
178
74
240
60
21
209
97
209
113
212
96
108
49
137
203
48
224
112
220
48
45
64
136
32
150
73
209
62
134
124
19
199
59
215
206
51
4
224
70
243
215
5
115
165
25
61
38
164
2
199
85
127
45
80
36
75
71
94
240
37
146
74
186
118
122
145
96
83
84
122
238
187
105
88
14
191
9
58
33
207
163
52
133
50
90
234
185
37
245
754
197
98
178
140
230
55
194
139
10
15
8
8
168
186
72
187
75
199
9
220
251
196
55
220
148
169
150
96
141
104
20
73
204
182
49
148
71
32
100
161
131
224
245
66
46
178
1
51
60
222
236
234
99
223
84
176
179
124
95
109
179
211
12
112
44
214
28
197
128
226
84
158
184
90
113
168
119
111
42
126
43
229
233
227
154
125
158
186
117
194
20
102
176
216
158
76
54
143
151
145
6
71
37
154
214
10
38
39
126
114
47
216
79
39
45
170
47
175
203
94
30
35
193
80
38
72
14
73
149
111
250
93
86
85
201
48
115
158
62
143
97
181
82
239
58
103
192
162
152
152
97
37
137
87
169
153
179
40
163
96
189
23
25
87
