125
860
359
57
27
1269
286
318
625
30
8
217
25
289
346
118
25
115
361
355
349
941
7
98
300
123
37
45
115
830
3
118
459
607
662
520
177
189
6
50
22
378
667
370
147
74
126
282
10
55
110
255
143
64
201
16
60
364
208
279
27
12
56
60
2238
876
264
59
37
115
54
611
187
380
718
22
66
511
869
55
942
125
51
93
45
217
127
117
1215
123
196
7
45
59
52
851
239
59
817
351
28
155
38
204
29
10
20
686
67
28
135
102
147
1
419
341
47
542
981
144
5
52
100
119
3
133
228
36
145
185
870
375
276
6
26
63
1
130
275
118
23
299
271
12
124
222
282
223
42
240
370
46
47
50
144
18
393
203
304
138
63
271
210
352
32
375
45
35
133
258
30
285
446
378
491
353
111
60
550
131
48
54
415
3
915
621
127
616
268
118
28
14
144
45
194
130
74
40
713
682
149
127
111
144
846
275
2
33
441
116
378
682
51
63
359
126
359
8
716
195
193
220
519
16
713
103
499
105
717
20
124
63
91
1074
755
380
18
1243
9
377
21
210
440
84
200
120
14
125
305
2
101
186
40
195
206
28
105
222
3
103
36
269
35
49
39
59
28
362
212
47
54
26
233
76
151
177
265
259
109
202
23
360
163
126
120
45
191
201
111
389
650
150
133
511
174
113
24
103
44
105
115
121
123
29
8
61
188
2
932
533
139
29
61
209
24
147
24
203
935
269
43
53
24
56
110
420
1
204
52
62
28
99
217
132
1046
23
58
23
7
40
51
129
292
768
40
770
181
764
48
15
140
123
21
5
199
142
781
469
8
677
757
339
122
191
31
340
583
65
29
162
858
9
371
279
772
141
131
197
617
206
22
142
134
50
691
217
8
202
677
137
209
459
290
203
525
13
217
19
1807
112
26
39
627
97
125
129
44
93
1812
174
58
880
226
31
16
296
57
178
208
69
10
495
61
28
52
430
123
96
27
60
5
123
131
518
33
78
36
38
62
136
45
301
531
86
381
357
143
118
642
26
9
52
523
542
385
263
694
132
135
345
221
14
513
98
69
27
8
12
30
144
423
445
438
49
625
207
198
272
2
371
58
534
14
292
421
206
443
1005
140
29
342
120
131
25
52
65
105
201
506
42
363
112
21
605
16
784
361
189
105
110
345
34
126
132
145
7
9
130
52
124
467
123
287
594
63
7
705
127
140
56
66
174
310
115
43
1017
626
455
217
7
745
118
377
22
123
59
370
34
308
284
36
50
56
218
132
34
147
10
422
607
215
191
107
97
13
13
24
2
7
41
104
99
515
46
282
15
442
3
21
123
189
820
383
1578
633
194
9
63
305
3
424
39
191
46
338
117
35
92
294
707
129
394
141
115
183
359
31
205
527
1236
218
23
507
201
13
374
12
34
44
545
141
85
50
819
124
841
472
14
187
529
115
599
38
526
46
255
44
6
71
91
276
275
128
276
627
32
365
200
126
141
601
29
286
614
355
16
36
102
218
267
44
31
1168
184
203
138
42
39
291
199
221
43
312
51
220
119
14
60
47
543
193
44
591
218
60
41
221
294
371
10
341
34
52
196
384
34
531
152
6
430
277
5
38
133
28
3
217
43
210
42
609
15
28
76
42
253
195
109
190
445
29
74
360
105
41
32
317
119
29
60
278
7
202
352
202
68
211
103
35
131
210
122
33
784
88
1083
42
53
114
136
25
429
125
217
56
534
364
110
21
354
113
265
208
17
35
203
191
42
352
14
214
68
129
63
85
124
123
577
283
47
27
297
131
218
52
30
104
39
203
83
35
26
288
1573
423
1
419
1108
117
743
1
744
30
259
107
461
388
104
1987
546
9
299
42
19
73
98
455
234
45
53
45
13
610
112
26
291
22
371
426
467
389
7
33
110
65
134
285
155
91
43
136
1173
1513
44
151
9
216
111
122
439
57
211
32
195
304
122
448
56
24
24
101
106
4
112
41
49
23
463
137
133
197
603
61
116
48
132
124
160
36
62
431
57
128
1508
129
77
951
440
63
55
93
50
448
113
34
872
272
54
777
28
852
43
42
20
124
117
353
21
548
13
139
123
126
220
348
274
704
944
34
680
207
30
304
535
201
67
121
277
546
91
117
39
797
1
4
136
222
285
131
6
215
527
437
202
49
62
184
215
387
129
598
1186
93
42
30
39
610
17
1092
154
27
342
190
10
42
521
551
192
34
101
136
78
70
18
298
24
16
108
689
34
47
42
449
427
852
28
54
438
290
22
129
2
742
422
70
57
101
114
111
69
214
363
396
278
10
297
370
200
34
125
1
18
46
412
149
73
591
66
526
25
39
106
27
180
93
3
39
198
352
206
34
530
50
908
363
112
449
106
204
112
26
45
14
109
12
138
121
11
142
515
30
499
74
189
42
120
579
56
130
708
124
362
19
1066
98
24
9
43
8
136
8
1759
70
33
1275
670
187
48
14
130
137
255
212
39
15
342
195
109
427
183
148
70
598
2397
137
29
97
39
107
53
20
384
133
1191
217
594
204
33
45
31
67
67
61
620
29
997
53
127
1585
13
168
360
361
31
123
281
301
1
7
704
37
178
113
377
110
269
55
34
11
22
16
42
1065
518
192
33
208
68
100
25
238
11
122
111
208
33
195
23
197
28
277
121
342
372
455
370
273
373
117
15
449
204
3
44
142
281
286
361
16
13
130
284
71
429
55
239
59
62
40
175
92
121
136
24
1269
131
34
364
529
60
849
30
51
745
550
513
865
21
288
293
125
1499
111
61
203
276
73
55
48
60
1
9
57
53
183
58
287
113
43
282
55
347
8
352
9
31
3
465
274
62
8
24
590
302
288
286
44
288
52
64
39
104
120
448
34
23
717
110
108
46
19
866
382
116
922
184
178
227
118
289
341
214
119
117
1
352
1173
392
538
935
516
373
534
111
16
194
102
204
120
858
35
69
116
94
186
30
458
233
27
131
129
529
119
112
514
32
205
17
461
48
10
200
138
78
499
5
39
152
133
441
759
114
183
194
278
121
69
526
123
28
35
209
115
23
152
95
392
26
29
612
199
98
506
1342
371
47
43
238
56
10
36
23
1917
56
263
44
56
210
203
285
137
48
292
62
26
33
13
141
123
136
365
545
871
8
26
37
109
57
525
270
38
387
20
136
138
60
679
276
526
61
816
38
826
347
107
649
219
21
127
7
137
59
40
42
217
25
25
216
111
33
20
124
97
37
192
54
375
184
286
372
2
127
122
190
33
953
30
612
196
778
126
131
39
280
606
109
70
343
69
72
294
904
1774
1
26
364
211
109
134
285
18
50
69
460
57
77
266
37
193
215
457
250
116
762
107
9
23
197
40
47
34
451
31
390
30
507
676
1173
124
839
58
437
547
18
111
35
194
198
84
192
276
7
64
145
304
1
284
38
123
417
24
35
3
3
73
191
693
600
40
55
600
473
56
5
214
49
181
173
171
23
1009
132
115
381
99
132
53
189
118
204
432
186
124
48
61
546
214
202
286
45
99
128
378
14
129
66
289
15
376
105
276
776
149
430
708
60
122
39
208
29
554
338
37
144
31
57
213
51
11
1
8
324
57
216
126
50
378
28
39
1190
281
719
37
533
42
341
190
89
125
438
135
27
4
185
274
868
126
149
220
279
270
1330
31
170
39
182
94
368
734
66
73
1318
56
454
112
194
382
105
146
123
513
185
197
14
1
205
201
42
620
25
452
709
3
226
32
363
27
53
11
57
138
370
70
135
120
110
50
283
100
115
126
41
262
764
348
171
154
152
199
359
148
652
195
56
33
4
349
96
990
498
33
448
98
303
210
504
446
382
354
92
215
341
435
58
20
103
920
180
265
37
437
146
38
5
1
221
215
67
856
1194
202
30
76
234
61
139
21
117
687
602
16
29
53
113
365
90
282
137
281
39
186
388
16
147
279
768
210
6
30
870
378
304
8
128
297
675
212
27
41
43
220
820
174
12
67
296
915
198
44
44
33
88
195
204
199
133
535
113
448
444
126
576
958
61
512
677
93
71
118
200
120
427
302
110
33
686
185
263
68
449
116
189
131
4
99
47
39
92
369
73
127
57
1514
193
302
128
945
137
293
13
37
377
19
117
1151
137
50
12
18
289
54
71
438
45
21
63
48
207
44
280
126
42
169
607
538
223
203
33
73
17
302
846
221
519
430
609
108
187
262
49
438
286
60
30
290
3
27
196
291
1488
617
381
115
619
49
16
43
34
610
27
141
491
275
44
68
771
378
54
580
96
366
115
267
139
41
360
190
44
269
258
124
14
7
2
37
104
441
2218
124
379
1672
445
58
50
1039
1011
559
260
576
520
149
42
138
1
490
64
450
456
44
137
57
94
360
207
25
68
57
262
120
672
223
33
688
175
129
283
40
42
55
130
545
25
351
1020
56
6
537
86
446
81
19
1363
119
506
131
106
125
775
365
1173
144
1263
215
444
56
198
123
206
144
203
370
68
263
667
1023
303
44
199
129
312
35
51
196
32
349
209
1321
381
45
336
208
449
129
149
383
43
374
869
140
1812
19
376
147
117
442
64
43
23
45
29
7
49
46
191
108
34
142
505
266
117
286
132
42
29
103
21
122
15
528
348
51
49
629
212
98
306
42
291
1534
86
24
302
47
170
37
46
47
76
929
18
24
25
197
34
982
251
110
19
774
357
218
126
130
42
41
5
509
58
378
295
183
19
139
1584
438
113
940
128
140
35
940
1326
23
598
202
20
220
359
27
201
70
1721
228
213
373
44
183
711
716
522
774
428
56
153
113
118
352
21
96
1256
74
340
476
55
17
109
109
49
423
43
20
688
78
899
367
266
105
119
187
24
119
287
127
334
456
472
924
56
696
52
385
301
128
196
343
291
49
50
139
133
135
1101
616
6
28
55
614
57
20
50
362
1083
27
172
192
174
534
838
211
681
245
52
110
123
68
295
46
368
24
1262
4
22
289
203
50
57
611
44
105
217
100
36
139
98
39
11
706
281
20
208
32
75
348
51
182
192
515
745
11
217
133
15
9
45
296
22
81
40
609
68
447
141
7
623
312
355
675
849
299
263
93
5
367
199
290
23
44
187
103
147
32
30
267
33
117
38
219
354
285
309
356
151
88
233
430
33
47
32
113
112
364
43
540
221
275
597
221
3
37
93
859
186
114
126
10
4
363
107
146
165
192
758
205
206
192
196
205
43
293
616
875
93
4
579
437
128
696
532
144
371
529
758
88
38
49
681
436
40
46
40
193
459
31
144
127
138
64
215
37
388
35
62
372
43
22
55
294
187
56
16
142
693
33
206
33
695
765
97
116
459
58
190
54
762
373
298
39
229
358
86
109
91
58
124
103
5
183
277
64
32
8
1072
40
377
423
798
296
276
696
134
330
119
44
594
507
46
23
144
191
138
495
117
288
264
41
85
29
102
332
609
867
257
109
53
24
150
45
8
22
217
36
44
45
363
22
135
421
117
41
103
1122
78
112
198
48
15
17
144
34
537
47
307
67
18
440
605
39
119
376
111
37
5
204
132
123
111
373
120
45
4
66
66
31
30
126
147
123
135
257
127
917
531
628
101
295
423
138
76
304
1416
311
267
454
285
603
117
42
126
41
62
32
49
20
439
791
29
203
68
95
504
15
120
295
77
1248
10
59
24
374
53
1200
373
372
56
6
119
23
203
101
39
39
331
429
123
527
55
298
112
281
108
340
137
15
371
67
44
285
208
444
465
301
75
770
1
20
1123
132
49
302
291
32
128
45
26
94
504
211
853
78
117
504
497
436
1121
99
457
43
578
29
385
105
40
358
1016
1810
174
203
67
113
109
142
127
634
125
12
535
39
1265
183
44
29
270
1089
72
203
25
349
2
359
101
4
107
529
418
218
447
13
127
675
22
58
279
369
194
1260
133
10
261
106
244
190
267
457
124
54
796
216
848
102
54
765
109
42
19
1162
284
225
189
228
224
33
41
875
288
1169
118
1090
275
423
140
72
259
114
1020
433
294
1021
451
368
120
122
10
190
378
104
143
59
135
103
114
48
202
42
505
128
383
14
378
55
12
45
36
7
554
50
192
92
383
32
26
517
681
206
208
1
523
55
123
204
19
209
677
523
351
109
197
55
137
446
862
31
53
30
197
631
224
688
129
540
7
450
230
36
934
367
522
203
59
43
119
43
197
288
273
36
369
56
55
427
121
269
121
285
526
90
622
41
353
1097
15
776
779
118
108
60
383
39
546
1328
781
64
45
773
10
1310
12
198
468
59
45
57
710
301
528
43
627
18
67
132
70
448
43
545
652
13
143
61
143
560
562
212
38
3
138
714
39
286
365
214
379
116
580
1010
59
101
219
51
61
753
55
30
601
138
29
87
56
204
1
43
20
515
427
22
435
90
41
210
438
58
29
504
27
613
132
363
356
30
589
44
114
49
1497
621
369
257
48
125
329
839
605
39
88
353
942
835
223
112
1012
200
197
130
70
762
43
659
191
199
200
130
37
33
350
439
47
277
57
146
20
210
193
1345
792
15
65
121
24
749
140
47
185
147
912
21
16
11
310
137
271
17
39
43
55
41
5
28
713
9
32
361
253
128
39
48
165
2
38
187
90
224
67
174
15
73
515
440
209
1505
785
280
266
10
130
111
176
202
700
43
618
121
7
610
143
46
28
42
760
181
70
52
682
37
182
527
597
50
64
16
65
197
98
26
16
271
384
431
267
171
24
214
48
281
34
143
286
204
132
413
112
868
121
41
59
33
20
19
701
55
91
47
24
222
34
1326
52
35
191
49
29
679
587
18
9
49
516
556
193
14
345
107
949
128
18
130
120
2
74
121
48
13
151
39
127
56
42
21
1
59
277
40
64
122
122
454
40
71
196
465
115
35
354
38
597
49
416
458
39
21
795
595
321
13
988
600
152
773
1039
76
559
9
440
467
120
256
448
119
286
237
223
273
285
28
2380
7
283
48
915
689
103
30
197
193
412
183
227
457
373
105
109
285
207
88
66
213
697
1246
39
771
823
57
55
453
622
109
126
26
136
15
102
204
788
210
60
52
283
673
216
9
19
1
513
373
778
107
445
39
45
56
187
1113
394
48
357
44
620
119
57
20
1
60
12
5
25
131
300
345
556
30
103
1099
378
26
19
125
203
543
138
12
950
12
17
617
55
122
134
1188
139
186
191
144
347
356
513
1
787
75
31
460
11
383
66
42
284
42
772
104
127
194
26
45
223
52
472
50
354
146
448
142
452
440
346
458
453
40
186
19
453
1046
681
273
827
103
381
188
442
27
207
256
1
130
78
24
211
358
3
116
24
103
20
26
134
29
221
1008
1090
32
143
40
122
193
112
1
130
357
123
29
211
15
268
47
26
141
132
15
45
747
107
1307
125
33
46
61
848
125
999
57
190
56
46
27
16
305
121
112
280
41
278
579
207
203
299
138
704
40
97
289
25
44
151
477
361
42
110
1581
1152
52
199
211
29
22
135
158
20
290
190
23
126
33
110
364
78
71
97
853
376
195
123
429
353
4
195
211
1487
341
357
34
27
365
15
62
66
429
32
136
521
63
858
25
223
274
98
221
1
24
13
115
34
51
74
116
132
149
28
66
260
19
41
223
288
250
303
150
100
555
34
40
214
364
139
217
101
42
58
360
292
137
702
64
519
18
16
450
772
992
57
24
126
336
762
600
289
16
123
186
662
199
197
16
189
30
277
119
4
122
43
681
32
363
121
151
50
7
15
353
18
15
42
135
104
3
372
926
135
524
605
124
606
47
149
7
180
583
208
36
312
47
109
100
37
303
312
19
418
30
613
57
727
211
9
194
136
297
294
209
26
224
385
421
537
147
52
155
1187
38
59
121
70
18
20
553
120
356
1
48
27
430
664
435
766
48
39
206
52
214
692
235
212
375
13
24
4
21
387
276
273
41
1118
447
41
45
426
345
274
136
372
51
53
52
4
282
63
209
50
130
516
23
111
33
121
380
119
14
453
179
16
265
139
358
41
195
14
39
287
460
202
131
7
30
219
21
53
220
29
49
280
97
193
66
111
138
209
175
1188
348
35
212
115
213
19
241
30
81
281
420
24
20
721
540
255
106
30
192
59
14
205
752
29
34
138
1
465
44
1
293
685
202
60
32
23
679
531
204
78
12
99
1019
124
207
205
120
106
435
267
114
29
294
11
35
268
187
190
136
433
113
168
597
189
266
37
746
265
129
112
34
766
38
26
118
138
126
49
102
357
101
425
4
46
55
125
213
96
531
15
33
32
278
63
19
21
111
71
185
673
149
868
42
134
843
78
15
54
134
78
354
123
38
337
50
37
118
108
72
4
39
289
773
54
100
147
37
439
267
22
279
173
359
465
192
47
148
307
128
623
753
312
36
54
675
148
114
188
428
215
64
122
40
149
197
269
46
20
201
133
41
28
121
445
45
364
65
2061
203
7
476
521
207
430
263
37
947
55
113
505
691
122
117
99
31
424
103
550
12
130
231
119
102
699
132
144
195
260
1679
751
662
509
24
73
278
757
93
68
376
444
856
862
120
22
121
31
581
149
445
102
104
7
33
390
129
58
119
937
679
74
117
1075
29
210
52
183
19
269
64
95
281
44
35
225
107
474
8
1
66
140
111
45
103
113
700
133
122
35
918
69
60
103
298
109
355
538
363
787
37
132
15
15
760
26
596
202
35
458
8
1
39
290
52
142
29
114
72
332
124
619
32
49
56
251
108
42
290
51
214
102
443
39
466
171
229
209
59
195
627
434
625
91
14
376
115
353
31
837
49
114
39
37
292
388
284
129
204
557
384
100
608
132
18
100
289
42
35
194
252
945
738
395
310
1234
126
444
234
352
66
367
133
223
227
100
42
113
24
608
1227
95
2
457
123
445
50
78
1092
253
1088
370
109
60
45
461
34
178
202
48
36
196
25
101
293
172
32
16
202
100
123
132
179
22
118
598
59
375
918
1325
41
35
518
3
204
97
38
627
41
28
45
35
103
211
106
120
458
54
129
2
1
466
99
109
853
16
136
149
78
430
311
27
293
417
4
26
201
201
607
289
425
429
118
352
4
59
1351
52
56
1
295
457
49
100
131
207
438
221
118
433
165
287
194
302
345
221
1108
112
43
120
38
846
374
31
293
145
48
30
529
373
181
270
36
10
21
51
25
344
107
697
758
287
49
768
848
467
33
96
105
20
94
605
939
41
124
44
80
1024
116
38
536
179
62
288
379
35
539
189
306
3
38
140
388
226
55
615
28
57
442
119
7
265
363
290
16
15
364
48
209
180
198
789
618
122
192
109
305
125
99
8
75
451
41
124
369
224
284
119
368
625
43
290
291
127
930
456
603
280
53
277
439
136
537
41
390
176
196
143
425
126
19
101
211
452
52
625
38
49
192
536
76
39
127
63
45
7
180
57
683
359
844
100
213
380
86
361
20
12
1137
189
55
196
1248
610
688
1241
178
454
69
43
96
130
19
133
288
111
228
119
419
137
534
422
680
190
42
448
103
193
49
130
391
217
129
14
26
132
54
115
451
1182
176
470
260
273
99
14
26
17
14
221
64
58
471
21
22
35
630
8
173
230
774
192
224
9
8
763
356
151
1
121
448
144
77
707
333
282
367
170
274
111
23
16
458
236
40
32
552
860
344
692
1177
48
448
104
121
33
457
306
1122
31
201
112
9
58
602
296
455
123
603
106
119
129
548
276
55
206
298
30
40
60
474
107
95
3
102
138
369
67
597
84
143
185
38
355
145
141
265
109
14
81
129
303
214
118
27
7
999
292
12
254
102
343
716
100
56
306
296
456
109
135
366
441
33
37
177
152
121
52
289
49
117
149
22
520
127
103
189
178
120
116
7
126
376
151
540
435
208
377
274
3
181
146
203
11
351
197
18
444
189
775
435
284
66
191
11
433
95
547
38
270
45
462
122
116
433
68
305
439
877
279
42
98
588
395
228
610
57
47
93
306
130
499
635
10
118
299
17
942
525
42
4
66
19
124
668
112
375
688
207
207
196
66
279
22
350
1
28
23
98
18
34
518
452
459
587
520
1016
27
21
86
55
32
198
146
112
1154
527
111
1733
127
222
274
25
49
1670
305
182
24
779
590
180
205
14
124
139
61
64
300
111
22
111
177
839
1293
50
704
123
134
28
210
68
669
110
214
209
57
1077
47
38
4
61
15
30
369
565
686
132
92
103
59
127
108
169
280
29
53
269
128
275
367
98
432
435
50
134
81
107
356
344
12
62
196
123
228
127
261
342
23
18
51
195
207
6
101
300
279
433
227
465
45
1014
25
442
202
151
291
33
119
44
20
17
453
90
59
54
14
96
591
359
250
3
28
722
105
116
92
56
1040
133
66
208
451
382
207
769
121
17
356
64
136
190
513
121
124
122
2366
8
30
33
37
141
102
936
116
30
128
41
32
631
59
861
48
294
55
508
135
181
213
113
59
112
52
201
94
35
390
444
110
190
278
60
91
40
45
96
24
57
623
1178
216
12
200
80
138
123
680
44
282
357
27
103
24
99
42
763
88
53
20
384
145
871
135
520
10
349
12
527
44
38
380
86
116
290
84
528
39
122
221
513
206
760
190
36
622
997
961
192
82
1089
705
143
360
9
41
42
195
56
145
122
431
183
105
125
203
201
56
35
2
127
277
52
33
534
84
6
377
116
39
216
178
210
48
22
126
50
49
30
311
60
432
7
204
32
400
12
367
34
527
152
286
156
120
235
376
183
27
107
28
277
36
532
443
127
5
621
48
126
439
430
86
50
11
600
433
122
197
276
52
3
126
142
21
130
109
602
28
219
194
29
33
1018
199
382
535
122
9
366
612
353
51
530
291
36
90
13
439
373
202
100
545
370
51
19
5
521
536
124
344
10
440
1
1
70
610
54
100
359
293
130
334
72
1683
119
135
101
171
35
106
207
16
111
462
125
313
33
107
691
23
50
28
290
1
541
200
48
283
357
35
118
5
32
71
68
195
99
788
63
34
88
38
55
262
99
132
507
187
36
3
47
77
106
843
67
50
95
299
100
164
120
113
30
45
92
528
526
100
44
165
13
61
113
1181
96
934
525
522
121
107
78
42
40
9
141
129
122
305
31
302
10
378
448
125
4
98
63
308
44
315
9
225
265
217
38
12
35
501
133
38
52
39
147
282
599
553
286
111
22
119
99
33
180
315
142
127
51
53
129
213
205
71
309
267
549
219
848
33
16
357
303
109
525
40
27
773
42
49
126
374
129
113
675
285
15
53
907
392
1148
98
154
115
123
383
205
96
203
197
692
220
1013
307
136
269
112
45
425
119
155
367
391
50
25
140
132
208
112
609
20
49
313
621
182
64
48
18
118
215
120
10
219
272
74
287
523
544
294
194
25
262
224
272
61
32
44
267
63
115
43
131
420
776
25
928
261
188
114
292
270
304
262
38
31
357
293
16
1409
271
292
38
111
536
1659
446
197
102
38
33
142
55
78
291
215
273
263
97
45
12
451
91
36
767
122
188
29
42
236
356
116
46
64
101
126
74
907
530
224
61
118
110
76
50
17
47
17
49
523
198
45
130
367
176
117
92
27
65
352
50
367
44
25
427
276
46
187
50
364
39
11
789
223
28
602
363
87
218
28
38
1094
40
211
301
43
45
111
58
70
384
114
458
625
48
43
123
775
269
609
313
32
3
124
33
472
532
34
119
55
63
123
39
200
128
17
832
33
23
378
277
112
1730
378
392
529
81
1203
27
17
61
78
394
12
51
68
38
62
202
449
107
44
24
284
188
216
775
190
55
274
474
763
274
253
709
184
39
258
362
363
100
51
512
268
17
62
22
90
111
227
115
138
192
200
273
1
184
353
213
254
68
118
860
127
16
100
35
37
294
32
1259
12
233
211
293
280
134
437
229
38
764
206
471
378
34
203
99
290
15
293
531
815
38
593
24
55
221
296
121
6
71
75
120
603
1165
276
206
305
871
856
56
103
257
40
467
1195
212
8
35
44
7
445
1346
189
374
56
134
209
194
229
515
61
45
124
33
34
462
789
118
64
928
71
45
5
119
13
31
21
295
25
355
192
227
440
62
53
276
29
133
354
1554
34
355
1125
225
95
122
371
933
136
93
770
16
262
591
32
26
1328
23
49
846
49
134
55
118
46
369
359
406
1191
6
112
1
6
39
10
56
133
221
455
39
47
72
35
173
102
39
152
209
855
52
354
162
35
523
75
285
101
300
43
33
134
27
343
64
118
177
39
128
200
428
198
140
136
143
472
38
32
87
395
60
199
383
17
41
1253
113
201
15
11
353
113
62
289
372
453
126
143
282
308
437
187
200
364
4
52
216
227
171
870
292
463
518
41
101
62
11
36
129
3
199
25
268
42
112
202
117
131
111
8
20
214
150
188
215
19
365
106
8
67
380
169
24
117
35
13
769
35
30
1524
50
202
419
63
26
279
32
6
103
300
149
41
15
209
176
30
12
662
11
682
68
136
109
3
1021
183
1
278
34
65
453
1092
58
759
446
1112
61
27
200
28
67
55
24
264
40
349
335
97
36
45
703
72
301
46
17
214
528
59
39
787
102
685
41
132
585
4
116
78
212
401
295
45
14
127
154
4
49
856
117
103
17
370
777
214
594
121
1012
633
209
44
470
530
638
267
196
224
352
26
306
42
124
6
373
40
618
253
13
39
35
913
198
681
43
140
32
301
113
16
17
433
1
304
1034
40
1026
119
57
298
131
293
99
361
8
185
189
16
6
35
1518
217
22
27
311
58
14
295
531
10
14
49
1120
108
10
232
153
559
781
253
34
579
47
90
120
47
293
34
137
682
15
531
43
134
527
771
98
306
129
347
283
172
448
39
478
368
517
117
15
38
611
179
45
1323
22
130
113
111
62
134
1
924
198
141
132
32
215
32
40
344
114
11
131
115
50
139
191
1240
54
207
32
436
192
583
34
274
92
14
118
414
549
205
116
113
94
2
523
39
190
10
109
90
41
583
41
336
1
435
458
540
168
428
184
46
57
122
135
290
1130
711
183
218
2
29
264
37
25
279
4
122
101
39
23
366
123
213
133
48
52
60
31
469
48
1
74
218
41
32
229
133
137
353
54
90
358
273
26
827
189
128
32
277
130
62
344
213
791
32
1420
210
34
28
109
27
55
2
859
283
516
853
237
771
145
125
623
683
31
268
282
363
65
115
309
55
33
40
10
68
29
280
42
349
32
148
353
4
51
4
50
386
2
288
305
25
629
28
25
58
292
185
50
45
132
172
385
41
294
184
3
58
49
419
142
24
550
42
721
70
111
113
224
110
441
372
724
188
179
365
63
42
528
284
2
112
47
23
309
52
788
773
95
278
60
286
107
798
194
54
32
27
80
36
382
292
31
557
122
30
132
58
365
81
459
388
57
214
74
140
25
523
310
30
1969
6
59
106
262
19
95
215
1528
1
516
445
198
204
20
23
194
361
199
174
60
122
38
21
28
57
48
119
133
44
295
284
1272
273
122
93
74
618
171
222
444
53
14
13
265
462
21
113
16
203
47
200
31
520
205
760
37
43
106
43
956
203
382
81
760
24
218
197
116
37
52
114
10
306
120
62
127
38
156
16
50
435
204
341
1717
54
434
12
29
130
418
56
129
119
282
430
588
206
374
55
219
71
144
113
2
61
58
91
210
8
757
444
57
63
115
431
600
21
60
212
45
17
14
456
141
264
179
50
299
192
116
195
108
519
198
222
510
289
17
203
3
361
379
115
13
23
35
209
22
136
17
62
129
453
134
100
292
17
187
346
199
20
677
284
596
185
74
304
121
751
932
386
14
1087
10
357
219
64
49
147
113
188
627
48
109
128
38
510
30
667
30
82
30
430
438
149
775
24
610
283
599
42
151
35
149
356
508
206
86
72
6
257
207
123
302
181
27
139
37
306
231
26
111
92
34
21
39
1
453
778
64
487
639
221
62
6
125
7
30
530
437
537
26
284
497
444
222
499
61
274
66
943
382
80
5
115
125
127
122
252
66
358
851
195
194
43
694
55
514
222
262
1011
225
108
1328
41
35
447
47
190
122
150
10
50
145
49
1009
1104
1
314
696
920
197
139
117
253
36
764
23
43
41
1
72
30
39
45
281
43
66
1248
22
110
10
21
21
203
192
105
43
293
229
41
36
436
53
135
375
119
192
198
399
371
47
43
101
927
102
365
203
356
354
118
17
37
497
49
583
631
339
366
126
194
357
520
122
60
51
22
37
52
17
211
1420
267
128
299
2
797
12
200
175
277
46
33
55
591
116
157
44
366
618
56
84
112
215
497
215
72
609
275
66
229
420
143
287
509
286
123
193
47
14
120
147
96
357
2
51
64
122
438
136
100
42
52
50
14
371
109
349
15
1181
134
134
102
601
1724
22
144
198
4
694
297
99
356
298
184
208
107
49
24
288
37
10
34
488
716
44
281
32
352
299
898
268
216
15
125
199
104
125
525
623
202
116
1
193
385
384
463
511
124
211
39
30
441
55
50
30
10
388
61
1006
17
677
22
372
16
58
317
454
536
136
33
222
307
34
210
43
65
15
518
270
695
45
105
63
10
350
13
113
133
479
32
529
98
283
206
32
18
139
189
260
137
598
108
194
9
14
496
44
268
55
606
142
1035
104
76
87
594
457
213
450
112
115
108
59
13
49
2
746
373
431
390
52
24
118
231
33
103
46
380
14
287
4
21
379
122
211
136
213
36
112
1350
264
519
18
716
627
51
118
21
212
105
57
30
16
37
35
419
303
119
191
53
41
113
1103
27
195
50
40
430
284
360
620
205
1
49
940
16
11
704
43
29
289
181
178
48
1018
16
590
62
55
709
540
33
190
67
41
265
190
758
35
352
49
41
50
111
50
215
53
125
138
184
1283
10
310
49
366
20
368
1751
890
555
373
351
47
217
72
14
144
443
1358
38
782
477
141
203
615
26
221
34
75
271
229
26
4
120
46
1006
54
40
11
25
203
263
211
157
278
95
356
366
111
51
1003
260
127
116
213
42
39
14
364
186
1186
306
266
46
241
202
24
39
113
62
130
15
108
70
117
117
692
29
685
74
1422
2
111
38
224
111
273
270
98
760
65
230
69
270
283
287
208
199
179
434
416
513
2
144
290
59
26
36
145
354
219
183
299
127
126
445
67
21
681
4
3
1236
999
30
51
270
86
124
43
601
373
132
148
341
77
201
58
21
40
253
359
612
44
199
192
48
19
941
266
15
431
64
453
72
613
111
88
208
200
325
138
124
37
547
208
219
17
53
137
833
1
43
84
72
223
127
113
220
125
453
197
1273
78
221
363
70
367
122
40
43
342
284
127
524
3
672
532
372
120
127
36
790
120
112
231
50
18
118
15
307
829
186
1338
220
307
40
40
52
289
422
901
111
362
45
167
277
366
766
131
195
137
218
131
37
29
336
848
216
35
39
133
368
688
267
200
937
137
14
12
1
146
4
195
532
56
327
147
182
53
207
416
39
183
263
36
20
40
107
40
200
146
476
122
30
48
864
211
447
520
90
30
39
22
119
107
357
226
6
2226
739
314
515
8
458
292
3
215
212
127
116
190
184
38
16
215
49
77
117
46
54
446
151
24
127
41
48
677
194
592
106
935
60
117
624
30
47
18
1174
199
472
168
298
292
76
689
53
130
336
51
284
138
519
222
29
195
293
100
54
378
92
353
10
461
190
119
98
184
27
1157
28
861
294
106
41
677
103
530
126
98
543
14
432
195
119
101
200
292
45
41
61
42
180
115
38
434
280
116
30
68
17
600
46
4
58
55
66
5
5
101
689
2
68
24
30
278
63
144
191
57
45
126
37
53
116
64
25
140
55
615
156
29
353
303
371
42
1501
6
32
540
298
48
119
31
199
62
130
130
41
448
73
105
505
22
35
432
228
200
1015
119
19
238
68
256
36
9
124
126
36
335
366
355
50
218
462
106
337
57
598
24
33
27
627
117
265
147
24
31
215
43
27
32
4
133
79
62
229
145
148
511
24
80
122
275
154
541
292
102
150
32
98
190
1261
554
41
443
38
288
5
35
687
53
8
842
591
138
371
343
196
31
843
303
345
393
338
186
21
114
28
110
67
58
110
50
1332
373
127
28
109
89
589
106
358
122
309
369
118
124
71
67
24
1000
450
425
30
39
222
347
260
42
70
154
35
143
35
279
99
202
207
117
129
8
28
697
116
13
122
10
31
77
33
128
676
380
121
52
2
135
356
114
430
61
475
7
121
5
1
189
205
41
294
102
74
5
387
91
55
83
135
797
130
4
102
60
10
8
334
14
21
1
101
171
225
17
65
337
211
31
44
477
128
121
27
127
39
358
149
49
356
208
9
138
277
22
443
31
878
289
524
188
842
119
19
214
55
147
368
522
288
577
272
378
54
41
208
444
364
309
57
2
947
35
92
71
38
781
59
230
120
787
98
203
16
26
1114
4
113
57
344
601
46
773
36
138
228
72
933
35
93
436
367
198
344
40
2169
106
375
604
134
25
268
353
1239
61
95
106
617
445
599
40
52
628
857
29
119
332
509
22
770
38
442
177
126
105
121
605
70
466
434
708
46
36
51
21
65
32
215
202
926
198
219
590
202
542
522
298
7
124
19
1
137
35
450
21
85
504
22
209
137
125
109
7
301
126
346
51
429
66
38
50
188
997
333
1071
525
270
121
66
538
15
304
14
135
119
117
41
31
336
779
69
684
9
103
382
136
93
35
37
1254
13
444
85
115
31
699
127
365
294
126
51
90
3
2
61
222
189
55
14
141
856
684
26
281
57
1
192
109
34
436
120
352
38
28
418
139
139
13
27
47
10
424
117
115
24
116
17
123
1274
279
119
40
25
240
38
8
696
217
37
701
286
180
692
128
1493
303
67
55
95
40
433
54
355
296
3
58
535
66
41
460
17
127
1174
304
202
1112
88
301
47
370
15
26
70
82
112
20
146
708
177
36
15
365
138
37
26
96
205
124
56
138
90
360
525
206
382
602
132
137
170
514
69
193
87
47
205
686
510
1
202
516
16
1010
511
187
66
455
205
19
15
67
114
124
86
37
73
10
35
373
189
37
218
125
15
1007
455
24
1075
17
38
176
286
431
300
50
41
25
127
264
54
109
193
1143
292
155
111
50
20
353
213
426
59
5
101
374
11
1239
183
48
136
860
26
101
209
36
38
16
116
606
252
195
751
30
293
209
620
152
144
749
98
37
116
20
372
70
65
442
23
71
65
707
524
73
365
90
58
679
179
60
44
50
274
227
57
41
201
251
108
984
14
86
54
15
212
434
7
68
524
304
1019
18
357
36
835
580
366
99
1325
683
38
910
429
122
200
136
23
4
255
288
42
106
600
39
136
343
5
282
355
16
437
43
24
854
378
195
64
127
1171
72
25
869
22
227
486
212
211
688
926
63
49
287
126
50
192
40
4
5
519
21
131
366
27
467
360
351
180
48
369
511
1668
45
40
631
34
120
696
32
66
216
784
115
357
344
8
26
668
735
174
93
50
41
90
71
41
798
120
151
43
207
57
397
37
379
50
32
339
133
417
46
61
180
40
606
72
22
26
384
679
117
219
109
15
28
64
297
37
106
17
230
55
273
217
113
105
428
130
205
206
6
1027
117
524
689
102
682
450
146
24
213
54
367
451
603
932
536
437
114
356
7
40
284
224
63
282
264
115
71
103
51
697
91
290
375
18
54
363
257
285
13
123
132
47
307
298
41
378
12
128
58
133
368
470
35
111
187
173
55
542
588
103
44
135
104
4
34
857
121
286
226
196
62
42
7
151
41
111
1152
599
107
119
207
4
24
58
307
120
107
304
365
43
654
598
108
371
867
217
13
192
50
54
58
40
687
305
600
44
61
102
453
444
23
702
119
461
6
46
146
42
26
1252
17
21
51
146
348
13
90
359
614
444
360
225
380
618
76
34
44
504
260
336
141
120
530
842
607
415
812
228
25
341
104
374
40
72
116
119
44
53
55
52
288
362
386
21
304
127
363
287
11
87
123
60
288
5
458
119
205
100
139
24
1161
514
33
2
115
70
3
227
126
1018
16
531
143
316
287
49
28
529
218
53
371
53
279
90
52
49
52
61
13
38
282
185
148
23
48
42
16
279
460
49
136
77
39
288
194
100
120
448
35
1585
435
692
45
121
88
270
208
214
126
80
1084
34
58
197
627
49
46
110
129
111
126
44
754
47
43
203
21
632
179
515
18
53
165
1834
112
27
31
466
457
41
183
17
47
521
261
36
366
286
361
218
19
271
422
837
91
15
444
37
362
22
35
686
532
191
124
150
97
223
106
855
13
98
26
29
60
18
56
441
1244
198
549
304
113
46
132
37
124
362
31
349
11
114
260
46
96
47
120
454
98
456
668
56
321
345
8
131
109
266
348
1183
228
143
254
13
768
3
613
520
286
278
286
523
780
34
353
55
51
32
99
23
62
112
39
4
59
204
675
145
460
120
359
102
107
69
769
25
103
71
100
271
200
1029
612
548
117
591
252
213
698
835
39
12
288
528
131
52
117
531
112
96
293
30
15
592
351
757
9
604
57
114
674
93
1077
24
41
55
673
119
105
127
1344
872
99
285
1684
3
20
526
142
539
199
373
195
204
42
433
109
283
291
19
21
34
701
131
281
259
448
2
96
116
129
52
284
432
148
104
129
37
58
18
264
34
603
70
340
150
190
61
1335
191
126
198
375
222
336
54
105
453
602
371
310
4
833
23
18
149
118
37
350
121
112
482
26
526
183
25
135
33
435
192
19
36
126
540
117
286
13
107
104
607
1016
298
53
49
117
30
252
68
223
20
350
124
138
153
112
55
10
195
68
69
343
255
23
939
194
134
38
76
29
367
132
348
108
39
331
434
117
88
73
139
54
213
1227
1194
126
133
230
67
197
467
44
11
31
127
269
207
1023
31
114
49
89
999
223
4
352
475
15
64
452
43
926
377
345
294
600
142
196
602
43
194
40
1104
207
348
123
97
75
12
23
213
588
63
216
51
375
68
863
197
125
396
26
190
294
283
36
66
48
11
118
40
634
182
607
273
19
36
295
193
144
114
35
589
367
367
57
527
132
8
58
48
424
187
9
197
911
22
54
127
124
433
41
57
276
113
181
10
27
38
188
1019
20
829
57
68
51
48
51
65
10
747
3
512
137
11
9
105
95
1
281
361
608
155
286
119
217
470
28
29
278
271
437
230
252
74
280
286
299
219
419
57
60
52
447
20
646
11
520
103
17
296
433
606
227
537
43
87
132
336
272
39
368
376
23
454
6
1020
117
128
115
197
302
372
128
287
63
200
117
61
607
97
63
62
18
23
186
196
48
36
13
137
43
363
119
10
107
308
199
707
34
1573
20
933
1016
213
134
182
465
78
356
18
198
265
114
48
44
48
826
190
197
41
135
104
121
298
1
135
145
259
108
74
37
374
212
213
105
44
50
442
115
43
22
431
41
57
59
28
218
38
868
539
1165
17
441
12
203
81
52
148
57
550
675
765
124
44
38
57
43
22
22
49
261
186
626
95
293
767
42
137
361
55
543
255
44
37
218
41
30
743
117
284
121
137
34
134
1324
1097
20
110
33
47
79
31
431
4
141
449
363
160
130
316
137
533
114
1273
446
63
18
25
762
302
121
363
4
127
394
13
844
278
646
107
45
176
1019
37
1123
429
459
368
516
357
837
51
52
444
394
65
258
49
115
207
208
94
1160
102
449
123
195
43
287
124
20
127
252
55
91
60
51
140
19
33
607
1422
433
129
67
43
282
590
180
214
123
116
26
530
100
446
935
474
34
14
313
206
298
198
63
142
135
146
102
113
3
63
109
770
29
34
101
22
188
455
130
41
366
215
606
469
1000
21
186
65
47
1011
57
1229
678
20
119
12
470
279
272
47
18
299
128
442
1487
25
369
605
17
293
260
206
5
23
518
124
1520
13
223
54
699
69
33
48
381
15
102
122
68
23
66
304
1340
233
25
432
136
116
600
124
358
528
76
513
96
368
156
37
29
117
10
274
295
414
37
381
343
51
465
50
37
54
344
31
33
1120
141
388
17
277
514
37
39
122
858
49
617
1
523
557
2
108
417
42
45
126
178
10
202
86
529
1
235
123
1254
534
124
19
56
17
38
843
14
5
673
43
94
37
202
17
45
184
604
783
669
22
10
19
143
99
117
549
954
356
378
355
50
428
710
194
203
38
29
377
52
689
200
127
138
128
208
21
33
102
15
52
197
760
936
52
215
604
860
211
1003
48
185
86
134
333
101
1
22
47
58
453
72
683
282
88
108
279
19
349
57
1089
71
136
98
18
46
16
858
978
35
620
441
143
2
15
50
6
534
33
35
30
51
674
273
42
403
349
41
473
679
39
277
123
396
208
205
119
292
117
722
73
434
39
65
350
374
380
206
929
291
41
123
118
59
128
24
612
89
2
109
26
200
53
281
11
63
57
423
61
184
145
443
201
5
378
1197
597
1365
125
703
57
37
112
306
4
25
14
15
57
19
608
69
51
501
922
145
64
20
12
63
32
150
287
441
31
198
59
426
277
133
201
285
607
47
99
690
384
42
133
123
126
52
26
31
1477
776
46
159
851
3
27
49
1012
22
1
19
67
4
145
135
289
41
117
200
116
531
117
117
62
44
802
771
60
191
379
7
16
42
39
697
28
2
438
616
184
198
14
226
1244
279
431
123
154
38
47
118
42
382
208
516
207
48
94
20
1501
139
186
428
15
1007
104
141
199
54
284
142
49
31
159
16
120
24
263
213
286
275
27
27
534
13
710
344
204
147
694
184
204
13
439
109
303
32
187
31
41
194
219
1099
16
3
543
41
375
47
60
99
42
111
185
114
46
214
45
552
196
1419
1006
360
271
278
127
681
101
542
374
200
136
272
179
533
33
443
44
106
21
29
211
355
472
150
11
39
357
72
190
461
116
146
184
298
149
120
470
132
7
827
114
437
110
1
23
42
116
233
20
516
42
1
301
189
30
109
605
111
47
71
553
609
200
352
4
8
42
121
95
460
470
140
107
15
95
189
220
29
312
48
384
284
3
96
283
3
1165
121
1493
51
134
451
23
188
14
2
33
47
63
985
72
203
227
463
301
171
38
49
28
110
262
295
118
114
44
107
696
512
148
20
69
863
138
99
56
214
339
154
221
231
46
60
26
5
580
630
129
21
50
147
102
79
508
36
463
140
1354
206
91
360
261
252
1191
39
528
31
207
535
348
269
270
12
11
119
72
533
539
1028
74
407
295
21
148
704
290
126
201
305
356
10
590
48
34
452
104
205
114
147
390
32
934
38
390
131
49
38
120
41
536
196
270
134
29
52
102
388
45
353
200
12
201
69
89
10
42
99
221
48
220
213
365
437
29
187
62
1425
104
897
365
995
47
204
41
282
58
412
44
29
299
31
70
54
16
366
126
20
377
52
28
123
122
689
205
277
41
272
291
192
92
97
39
142
98
67
57
267
540
195
228
21
110
252
267
2
34
97
277
558
293
209
233
6
102
437
24
13
43
770
287
104
25
1333
275
39
68
109
107
107
224
379
1403
460
116
125
2
124
1017
140
794
78
109
700
32
390
58
608
60
279
30
267
203
45
500
12
125
223
213
35
111
428
119
20
30
49
588
354
144
19
126
7
25
684
141
189
442
33
516
181
200
27
279
25
117
208
434
154
262
2
444
761
49
3
1030
119
470
518
200
47
14
272
598
633
11
41
111
253
126
17
544
514
583
290
34
444
928
774
1007
933
124
105
118
125
147
83
26
51
38
751
55
202
36
20
31
126
114
216
51
281
290
140
55
454
133
453
36
50
52
363
86
200
54
22
35
77
920
851
16
28
137
100
16
222
189
183
49
49
98
102
612
303
189
847
20
39
200
710
36
877
695
36
30
56
387
47
126
156
54
214
16
368
387
195
50
30
104
277
359
59
108
4
44
945
4
4
104
77
40
288
282
39
51
278
21
36
108
278
102
186
11
1519
619
350
116
65
20
255
5
47
47
365
114
122
1005
42
8
100
43
46
374
111
55
345
541
8
373
463
206
532
421
38
164
694
460
128
359
924
42
77
56
375
144
61
67
189
250
297
862
692
519
40
452
446
85
67
295
189
44
73
25
35
124
136
302
1093
452
500
760
47
30
115
26
208
447
859
385
273
39
758
774
41
39
2
167
48
598
129
28
706
53
42
115
43
526
600
64
913
278
849
38
448
204
17
117
62
210
171
289
860
1
214
530
452
1413
75
197
21
214
113
121
517
93
184
62
112
921
551
32
14
119
34
370
30
451
7
274
113
359
35
55
55
114
231
377
351
40
638
60
127
19
134
791
131
46
622
51
7
39
293
29
325
180
15
286
139
611
677
112
11
221
53
40
9
356
192
67
18
48
294
512
90
94
26
51
131
522
226
151
200
381
262
96
276
34
179
97
826
24
114
278
2
96
141
550
141
110
9
134
195
211
355
90
99
33
528
38
361
223
112
333
271
64
48
14
350
204
34
187
1168
7
100
37
206
345
437
426
33
202
134
45
145
57
622
282
125
126
45
143
1
38
113
16
123
307
205
530
257
285
11
366
130
128
54
1101
27
75
104
515
66
125
194
230
922
204
15
270
32
67
37
105
132
39
47
208
596
209
11
25
428
86
137
1247
430
60
267
127
134
115
6
190
34
358
55
387
33
532
292
694
25
942
34
132
1196
109
106
36
296
3
228
9
49
34
41
276
192
207
523
45
135
925
60
300
121
125
461
64
429
171
13
433
52
108
191
123
509
147
435
3
1506
107
96
66
30
37
365
113
250
42
263
197
300
599
19
669
40
34
38
113
56
335
181
59
935
97
180
424
40
445
60
107
38
1328
38
46
453
26
17
3
123
20
21
288
387
679
