60
38
153
96
362
356
350
368
367
443
68
430
208
359
427
208
329
379
143
391
302
130
302
37
467
77
118
362
95
77
357
420
96
107
294
174
399
80
115
436
119
149
281
436
421
369
326
359
405
188
185
268
311
192
462
266
316
372
183
438
465
418
47
126
115
149
202
143
234
116
376
332
137
238
38
362
347
85
113
177
407
197
105
340
85
76
471
401
130
158
293
134
405
432
118
151
379
338
388
182
370
349
160
346
276
304
281
337
388
426
55
465
174
427
110
409
46
119
417
351
89
66
436
421
375
167
1
140
160
356
391
360
174
40
339
367
414
219
54
365
362
78
126
349
93
167
403
406
449
165
174
418
138
305
353
263
118
120
311
491
110
337
298
423
394
40
348
221
222
296
332
35
136
176
323
364
112
403
140
207
155
188
403
80
210
132
371
469
69
491
148
147
393
92
174
45
346
309
359
203
422
353
77
113
18
234
371
398
412
197
135
364
150
40
322
329
189
378
465
153
356
349
340
164
317
408
485
371
433
462
125
136
349
364
70
374
105
185
42
328
393
381
114
367
182
64
413
367
198
100
386
160
434
68
414
385
355
77
125
442
338
258
93
217
180
155
87
341
359
449
305
139
366
135
227
125
58
204
140
407
368
309
381
194
174
291
166
160
165
140
361
193
164
393
305
178
433
348
356
100
126
90
366
47
97
148
450
353
121
42
441
357
157
354
310
75
378
121
48
126
122
219
150
323
41
105
414
357
70
484
419
417
410
133
201
67
313
162
398
401
391
446
166
49
338
325
88
125
425
96
332
369
93
1
364
380
320
346
425
103
79
404
389
415
429
160
95
465
90
421
346
131
369
381
93
410
194
168
16
384
479
181
74
424
391
322
394
145
391
151
159
346
147
210
190
459
17
428
159
316
129
192
70
326
377
335
414
69
205
333
168
209
93
389
353
458
148
142
472
472
57
332
157
336
180
409
385
381
464
135
262
193
460
400
482
416
158
435
431
365
399
163
54
281
386
425
100
130
369
418
461
368
386
352
453
107
232
290
343
414
26
383
153
78
104
201
315
121
473
196
189
128
456
145
330
323
325
208
117
419
119
92
351
337
414
166
409
140
149
358
68
54
310
384
405
296
407
493
239
417
161
280
327
94
364
168
338
273
382
335
388
460
292
374
109
126
116
227
417
133
336
128
129
420
283
358
126
170
112
169
127
435
312
342
377
148
304
435
489
159
368
430
426
335
103
77
431
392
22
172
74
89
86
50
43
389
166
348
193
275
349
203
201
67
378
143
51
395
88
368
125
103
389
87
142
363
396
89
163
140
17
328
383
123
77
150
351
369
144
309
440
78
420
97
326
360
163
1
28
429
199
374
381
333
397
107
173
246
106
398
210
369
320
70
126
182
186
362
108
306
136
427
127
18
144
265
76
137
75
159
405
98
354
371
365
426
163
365
444
405
441
164
197
330
186
210
326
147
179
354
88
313
340
459
407
53
267
363
38
53
150
330
87
427
384
121
132
443
409
277
156
371
356
139
193
130
398
451
15
413
116
141
425
302
466
180
183
158
101
162
182
141
111
169
51
391
301
321
301
33
151
373
222
371
127
374
462
28
461
169
89
368
304
364
86
310
445
120
190
403
102
142
481
133
370
146
423
482
373
162
308
294
279
177
196
152
193
337
388
145
431
295
400
383
381
142
144
127
395
360
356
165
474
249
56
391
168
367
363
101
391
311
397
391
371
203
360
440
85
213
91
68
381
462
126
164
410
103
373
298
147
17
46
338
119
97
388
350
485
42
103
231
154
461
102
58
355
403
145
303
117
152
43
395
109
112
324
354
174
454
407
57
42
311
150
132
134
124
357
101
364
121
164
131
385
338
105
142
355
53
402
367
135
319
75
147
64
461
348
311
414
340
478
319
471
58
377
113
369
405
295
211
175
470
361
300
96
392
159
163
89
148
158
130
201
152
81
38
392
335
129
94
392
373
385
408
118
328
162
465
430
79
42
1
133
165
120
401
296
50
358
85
179
14
362
119
355
196
140
134
59
413
59
215
320
458
149
33
323
62
164
269
372
187
375
471
85
408
336
194
108
47
159
361
121
112
454
424
352
171
348
405
64
291
299
72
317
97
355
403
65
202
125
439
420
40
191
450
209
313
56
344
142
156
292
438
464
354
31
230
400
1
402
384
106
417
452
179
138
433
416
435
100
71
398
56
222
428
148
111
51
204
341
281
350
95
58
275
141
367
313
282
187
58
106
364
115
61
120
116
364
109
446
465
162
82
167
391
339
368
112
54
84
456
140
275
350
117
366
392
400
299
382
142
61
384
117
406
124
98
107
377
105
360
434
62
139
174
121
387
468
206
407
424
46
185
440
452
301
172
365
153
432
373
126
122
240
287
331
135
333
401
345
120
332
131
49
196
333
314
196
129
335
35
381
98
47
349
302
1
158
312
368
423
153
446
399
162
210
177
95
354
442
398
333
284
328
338
392
396
370
161
114
123
91
132
99
356
396
482
359
105
60
73
166
127
133
405
87
409
63
398
196
85
391
135
357
93
84
392
145
372
358
305
484
126
436
157
227
120
187
399
268
420
54
461
151
356
383
326
1
177
228
156
218
443
84
345
111
327
14
402
375
196
418
106
82
382
171
129
123
419
287
384
403
140
114
309
352
265
98
444
409
197
385
129
336
378
342
61
241
315
166
368
316
65
380
79
125
73
166
89
295
124
457
235
200
108
163
27
86
63
488
350
350
384
167
65
371
162
272
128
132
109
358
143
320
364
230
383
196
92
475
112
397
379
102
289
351
76
240
57
420
41
163
334
425
148
307
421
70
454
181
444
114
66
345
381
191
445
110
82
146
364
173
289
426
168
51
447
407
123
166
399
466
201
113
476
407
224
306
43
384
424
369
396
181
152
79
91
450
92
120
54
57
218
435
356
398
32
453
87
57
373
435
135
103
141
380
352
149
418
398
338
142
310
411
431
410
346
220
152
405
478
236
111
50
462
455
318
309
368
50
133
97
149
431
298
161
149
343
362
423
344
346
429
148
462
74
417
89
372
91
406
80
209
287
104
174
191
293
160
66
318
459
217
416
330
445
391
123
129
104
24
298
194
406
319
430
26
293
154
337
414
352
164
400
385
357
182
173
367
47
36
91
487
132
440
145
359
102
313
438
169
473
301
413
440
472
342
382
129
210
64
396
352
404
146
344
346
435
106
360
170
54
38
100
371
151
93
352
204
108
175
66
349
347
133
381
300
143
439
397
367
82
345
298
177
299
323
243
173
25
118
413
284
392
117
99
288
196
170
373
380
158
221
384
374
108
186
397
83
339
376
358
84
1
114
394
75
460
409
56
374
214
132
439
35
371
145
397
357
138
359
379
109
132
138
112
141
386
212
118
410
371
141
192
27
348
12
120
34
483
430
431
430
107
90
426
381
457
27
150
196
187
337
419
70
102
433
172
370
440
313
287
394
406
376
169
394
130
134
420
346
123
314
141
113
346
43
423
379
437
425
334
195
332
307
76
368
458
284
354
48
329
325
375
341
132
151
339
379
198
356
144
400
77
118
375
365
126
344
184
408
186
112
41
148
58
194
337
105
338
177
100
379
473
103
437
144
163
355
213
109
384
39
287
308
76
89
127
312
181
268
321
404
289
65
411
394
187
79
389
133
114
56
349
95
191
350
334
68
64
66
377
229
96
336
358
122
433
145
134
65
172
113
406
94
447
115
167
348
181
433
94
179
35
408
231
380
308
106
349
426
143
180
197
44
409
492
147
135
391
161
374
124
123
1
333
346
161
460
344
171
133
415
340
110
115
118
318
317
72
68
92
108
428
381
381
198
88
51
185
74
471
128
65
375
92
92
130
126
369
415
380
375
377
144
396
483
355
157
207
185
441
340
149
185
376
95
344
300
210
97
81
50
437
187
268
89
463
454
192
108
451
195
427
28
144
330
306
314
423
346
154
85
364
435
158
54
120
412
461
224
399
382
134
188
371
397
64
141
381
351
452
181
469
306
92
73
423
121
341
207
98
375
421
134
374
438
111
39
363
88
475
427
424
47
146
113
59
387
490
330
425
314
81
383
340
177
369
85
132
131
186
123
415
138
80
182
417
227
145
147
43
353
73
339
272
269
92
182
47
110
195
416
383
364
148
339
365
362
371
311
135
144
360
144
182
240
394
303
149
299
364
160
308
65
47
338
203
204
346
109
167
37
302
105
162
301
404
124
363
55
141
445
133
54
120
330
361
428
374
232
142
197
381
64
324
396
304
419
328
398
345
321
394
425
408
388
376
20
43
468
472
407
323
333
65
72
402
343
357
136
376
285
92
434
49
391
465
182
139
110
434
320
182
33
119
166
403
168
433
390
298
368
406
77
333
347
367
149
83
215
99
473
108
132
133
45
315
96
441
353
385
99
369
361
356
343
136
201
387
171
75
103
117
46
473
201
155
342
208
456
287
203
201
274
395
345
180
140
339
373
211
72
185
486
221
122
331
445
70
43
281
391
295
131
409
346
58
368
370
173
401
426
304
421
230
221
87
293
356
405
1
110
54
334
119
143
406
166
15
480
489
444
420
144
388
182
149
387
177
317
86
96
283
110
373
362
270
67
173
74
294
350
130
82
372
409
91
436
145
368
195
307
135
161
166
125
424
362
359
132
386
19
393
94
410
95
489
355
64
342
134
66
60
155
125
131
433
360
161
443
182
431
106
418
132
175
376
328
4
134
160
93
399
166
404
342
116
373
103
396
156
362
438
144
408
78
357
211
336
299
160
129
144
61
369
144
458
338
378
153
378
57
338
376
107
292
112
351
338
316
83
361
15
439
80
395
72
193
418
358
365
155
339
67
84
149
142
116
326
110
411
155
285
113
301
222
98
150
141
401
164
416
402
369
386
88
186
395
136
19
410
116
450
331
216
428
361
78
150
394
291
425
328
86
93
301
322
259
170
173
427
113
337
183
384
134
307
132
339
155
361
319
96
76
375
373
40
371
439
354
184
127
100
302
369
312
234
272
380
467
374
399
186
429
444
71
197
306
395
175
479
369
117
205
459
397
358
33
411
392
73
91
330
105
319
310
341
130
298
94
109
283
359
463
304
391
112
110
269
410
356
25
441
153
363
89
54
153
104
213
61
233
145
143
16
123
322
201
168
23
87
114
376
222
387
329
170
88
331
231
209
183
84
141
380
368
367
409
384
122
53
134
289
370
386
98
72
482
43
203
148
127
206
338
84
422
357
387
431
154
1
120
161
113
149
191
358
147
163
453
120
166
119
92
335
160
126
106
60
195
382
365
153
380
80
364
346
92
173
335
35
136
180
104
416
179
473
196
59
337
225
102
387
1
411
116
446
130
119
123
138
351
338
418
94
343
454
125
135
14
188
109
346
104
393
124
446
17
170
369
440
321
410
19
130
37
362
300
353
159
370
188
386
121
234
74
287
169
177
345
386
108
299
121
216
389
309
96
457
374
231
75
352
406
486
57
435
424
391
429
32
88
112
294
364
302
370
77
392
321
370
79
159
146
159
160
109
285
350
308
92
147
115
404
321
368
368
330
82
427
192
73
365
164
425
315
73
440
76
47
187
31
312
295
61
47
105
406
165
393
385
190
390
152
315
385
488
193
344
366
210
144
408
429
136
64
392
132
333
295
432
123
94
392
285
459
283
380
57
308
434
381
330
304
400
197
375
430
129
203
418
393
392
99
51
288
170
366
448
71
111
350
1
369
23
319
165
382
360
429
391
196
314
138
379
442
112
332
382
304
61
349
48
98
186
58
420
224
417
102
189
382
355
170
342
408
330
153
25
1
348
358
406
38
23
173
176
124
77
86
41
166
435
130
397
299
129
137
364
369
381
126
336
177
133
162
228
67
95
28
366
61
439
349
330
42
120
216
215
111
149
406
437
206
139
38
21
375
145
367
378
321
68
328
323
303
342
399
367
382
316
25
166
122
410
157
388
377
51
32
94
282
335
389
378
187
437
403
274
431
402
291
448
71
308
281
365
144
354
351
390
154
326
337
194
386
184
87
431
137
167
374
313
430
190
360
337
121
172
320
388
125
390
393
378
368
177
388
413
120
154
18
320
347
157
397
298
371
97
412
296
23
21
75
415
343
159
115
399
181
202
322
147
102
137
455
195
289
94
339
162
181
166
456
211
345
344
366
90
56
100
391
365
178
132
92
393
462
452
352
85
106
354
47
379
464
339
382
356
346
143
337
124
362
311
33
433
156
127
388
354
151
63
307
187
119
332
359
369
386
141
131
78
47
96
391
364
405
395
117
52
353
360
349
399
366
156
443
347
165
105
171
358
420
87
177
359
129
102
259
130
194
408
114
365
344
364
45
341
415
385
433
359
208
346
408
483
75
130
146
295
312
370
400
104
184
294
151
438
190
105
161
335
306
337
57
431
346
296
37
145
274
450
235
74
373
171
90
377
426
230
109
471
356
139
109
460
148
349
110
355
322
356
421
117
405
159
116
374
385
127
349
330
330
296
104
281
64
145
356
138
21
352
77
376
112
415
294
359
79
142
368
412
120
50
329
288
300
179
393
108
147
184
372
442
110
74
210
406
402
102
205
72
155
473
364
71
24
228
284
396
372
373
59
199
17
110
169
370
320
121
377
150
125
366
291
273
81
445
23
200
371
158
390
104
71
160
273
105
476
284
306
438
199
377
344
343
146
213
125
407
430
350
447
465
153
74
155
382
297
179
290
111
118
110
285
439
383
452
399
174
431
380
118
43
193
179
178
304
474
150
458
364
202
104
414
353
316
73
457
381
325
321
242
87
320
122
393
375
344
1
320
93
210
323
1
103
82
367
140
216
198
135
85
483
180
293
316
81
359
467
154
346
149
106
361
152
95
362
150
37
336
90
388
394
14
106
138
35
281
212
182
121
122
135
377
135
18
231
366
159
180
156
327
399
156
94
203
464
427
374
220
488
152
430
440
327
20
47
76
147
32
183
195
399
276
307
210
181
289
196
107
431
378
377
207
334
149
339
340
396
318
146
135
438
161
121
99
222
413
66
417
402
415
465
178
337
128
449
400
33
114
145
356
343
17
430
329
24
394
443
121
434
231
360
388
187
37
453
433
369
470
310
396
43
437
444
274
66
331
358
316
151
120
292
354
121
404
381
130
421
111
202
436
365
407
156
72
98
374
1
428
289
90
378
196
374
62
305
337
182
146
286
202
121
372
190
87
432
168
209
148
412
434
97
330
35
469
94
406
296
189
434
59
398
413
360
196
373
384
98
166
420
410
410
90
180
349
415
415
307
382
381
160
110
92
415
370
363
108
385
431
317
113
321
169
149
148
116
412
97
337
89
91
381
97
148
219
174
126
309
223
340
433
159
129
157
166
111
397
23
341
395
407
108
184
395
154
420
128
403
302
149
106
438
391
407
331
179
139
401
424
365
130
183
38
172
388
220
383
99
403
176
189
21
128
369
326
432
134
150
411
25
100
108
392
332
376
158
377
375
384
69
158
367
328
116
146
307
289
147
131
121
359
445
111
33
276
155
158
130
366
110
334
414
421
353
360
208
124
384
92
168
60
452
357
180
433
430
342
325
111
312
467
384
196
84
68
332
332
60
18
400
385
449
315
314
488
57
92
64
57
414
409
398
40
101
169
128
315
337
332
346
335
174
129
207
383
134
86
97
121
45
300
426
162
116
69
175
129
335
348
126
34
127
74
153
80
417
369
82
122
66
439
349
470
150
68
93
164
322
206
438
318
100
46
342
77
331
372
367
29
381
66
402
472
380
112
444
373
412
51
67
415
394
458
368
382
11
58
159
87
321
326
148
300
345
400
371
167
21
324
433
147
167
100
342
46
395
241
78
103
361
65
27
451
133
69
141
473
318
111
50
204
341
242
266
111
137
125
340
326
350
438
145
80
369
132
125
202
85
27
320
48
1
194
63
337
333
429
395
434
129
140
81
114
386
209
122
386
104
8
401
363
77
218
318
136
185
373
271
368
322
127
83
365
440
188
218
29
117
144
119
192
316
59
101
388
201
127
456
171
355
377
276
117
120
114
421
301
111
197
297
437
233
441
296
340
163
80
149
366
367
341
80
316
140
139
40
158
177
109
396
92
328
134
100
160
430
287
278
199
420
439
110
417
91
132
467
358
97
164
129
370
218
72
427
391
359
130
304
137
456
491
301
143
106
383
150
431
111
319
120
150
184
439
153
113
136
267
41
56
447
345
279
83
192
248
426
116
326
348
62
350
148
154
125
155
121
394
103
124
344
143
408
379
416
334
409
361
108
133
39
349
47
101
332
326
280
396
379
413
259
14
394
46
89
182
132
174
369
375
286
401
188
98
183
417
66
119
190
409
177
120
38
36
234
1
149
143
155
97
128
90
335
399
91
300
370
347
352
297
355
336
88
455
339
19
490
110
31
389
111
50
394
324
171
464
276
410
380
363
421
32
296
463
168
79
271
405
188
65
45
112
367
377
288
138
108
139
449
40
54
311
396
167
350
307
381
133
451
343
442
378
90
137
311
387
301
411
165
384
195
30
64
292
139
426
139
448
287
338
181
460
298
70
380
316
389
164
376
408
311
333
102
404
305
427
161
111
148
284
127
161
94
393
178
448
329
188
301
316
85
121
410
280
433
109
387
77
347
310
359
200
80
447
412
381
42
165
128
191
176
92
145
128
372
350
345
142
380
357
378
97
84
307
405
434
124
77
289
137
12
347
362
312
202
355
437
268
219
147
93
336
195
371
215
367
119
381
395
132
468
65
411
351
215
363
451
226
213
152
105
134
149
57
386
394
227
186
174
214
365
197
404
393
358
405
446
401
73
193
413
161
166
181
350
214
110
342
389
436
378
124
33
135
139
186
103
300
150
81
122
413
135
412
148
222
391
190
84
365
365
328
374
444
105
195
430
169
126
412
201
150
121
140
406
79
369
145
402
21
72
453
104
324
69
25
407
105
344
174
399
93
94
194
97
460
332
194
130
271
469
224
134
115
158
97
311
264
428
149
65
40
384
421
63
112
217
372
321
454
144
334
323
332
448
345
165
456
201
415
25
205
379
166
364
417
109
74
66
301
26
375
374
314
60
388
318
126
328
239
300
338
313
1
416
159
52
275
373
481
97
359
202
403
269
345
403
468
377
173
15
174
180
126
401
453
174
69
432
140
330
155
347
71
169
168
136
442
109
97
392
147
69
17
137
425
220
15
384
204
132
359
52
132
105
107
319
419
357
361
112
300
377
1
351
143
348
353
148
169
147
156
297
387
343
314
298
415
425
150
161
448
77
409
186
45
402
364
445
327
184
121
91
352
159
374
123
141
294
438
122
328
332
309
350
486
442
414
377
419
362
436
391
294
115
139
377
131
413
126
138
131
299
213
342
398
149
165
380
396
1
203
315
116
161
367
384
377
186
415
183
184
76
382
324
395
315
177
144
116
131
45
162
106
73
186
165
394
106
22
118
422
432
150
147
90
83
156
269
99
484
416
306
213
72
297
124
110
330
360
185
87
191
230
135
204
49
378
141
381
89
442
99
89
113
317
127
356
275
444
166
197
451
376
372
57
404
373
375
22
171
444
50
149
413
363
140
186
79
366
319
243
345
317
305
318
439
107
38
334
365
167
357
6
83
205
63
205
363
48
35
404
155
166
305
177
68
127
129
382
422
313
157
124
190
385
24
349
425
36
447
131
53
365
90
205
408
118
158
406
155
346
362
328
73
109
453
137
138
141
228
121
183
223
148
383
139
455
186
40
281
139
341
276
149
111
272
79
349
343
113
433
46
371
436
318
55
465
363
181
67
179
406
490
127
432
125
449
363
458
432
88
325
151
177
185
416
343
157
167
104
286
69
280
425
62
109
141
360
408
96
416
152
434
325
386
108
174
167
125
143
186
200
187
351
392
95
131
129
422
158
414
107
291
354
438
463
62
470
324
78
443
198
419
343
338
145
400
419
345
422
83
120
454
301
121
466
353
298
128
152
69
450
187
167
385
79
374
397
115
477
157
329
380
151
194
379
131
214
74
31
31
159
147
142
337
22
326
86
62
457
94
134
192
101
389
138
382
321
366
382
295
376
97
172
413
134
164
371
107
129
125
171
51
290
138
189
180
376
360
319
80
146
171
323
302
77
95
47
119
347
389
449
38
388
272
368
487
69
261
384
480
71
167
353
356
409
162
379
430
75
447
121
237
87
346
354
193
193
169
388
133
165
72
40
17
290
165
293
55
351
392
109
331
386
387
430
417
359
97
263
412
375
95
75
95
29
401
429
443
369
337
476
371
183
133
430
108
122
419
86
125
328
310
385
320
175
343
47
376
357
161
92
333
368
343
337
58
341
435
382
426
378
45
313
119
405
93
394
355
144
322
166
130
155
428
370
147
126
344
478
29
103
226
433
190
140
1
104
178
53
130
411
127
416
53
88
443
409
199
144
398
473
376
93
24
149
179
289
472
99
125
366
124
414
445
161
130
52
329
167
216
142
331
158
169
138
431
144
117
326
146
448
334
351
380
56
336
349
458
339
401
417
95
390
247
122
169
142
413
381
150
171
402
331
132
72
124
184
387
186
184
45
229
362
262
374
49
390
194
170
295
359
356
378
76
428
182
408
427
458
311
114
284
43
132
378
109
392
131
186
99
316
355
89
406
194
230
158
231
153
164
315
268
410
176
452
498
235
390
123
130
159
65
383
407
115
351
114
103
319
109
123
166
467
371
96
393
414
205
355
399
42
96
291
135
116
288
25
439
93
391
98
223
121
364
178
428
405
314
433
259
130
453
261
20
165
318
350
316
372
1
324
431
162
136
413
128
164
106
139
96
188
108
98
210
24
70
200
334
113
181
92
124
428
127
431
96
421
1
406
434
108
447
334
343
330
156
387
196
25
169
281
382
370
90
349
77
317
401
433
175
131
360
392
102
6
336
224
44
230
63
323
357
380
180
162
135
153
364
192
414
52
210
96
370
387
229
435
416
188
165
379
353
453
326
286
372
239
365
90
200
348
195
392
211
177
352
391
75
55
82
75
179
209
410
42
134
62
388
139
88
333
139
120
434
334
439
32
414
286
459
468
122
150
398
127
336
454
354
372
129
68
392
362
429
151
131
72
307
110
126
350
199
185
424
50
374
123
367
296
21
488
294
423
372
50
63
362
215
12
59
368
117
146
42
396
381
384
166
45
257
329
124
320
425
445
406
121
476
362
279
205
444
399
92
29
356
34
396
395
422
145
94
370
464
387
177
173
68
217
123
351
137
162
209
99
262
188
158
127
339
135
56
397
439
435
371
375
375
301
370
454
31
328
387
347
415
401
189
83
66
96
424
387
141
397
117
65
161
345
350
290
255
106
475
85
479
416
423
24
419
391
110
56
36
67
299
362
387
83
146
154
175
383
464
123
1
346
436
84
160
170
119
135
123
419
371
15
420
433
56
158
365
65
302
464
398
83
324
167
347
404
90
181
363
435
38
51
300
416
367
433
287
166
331
450
166
369
2
187
127
463
376
391
127
165
382
344
398
361
348
320
171
59
64
413
236
32
353
191
87
49
178
343
432
106
399
166
315
400
495
134
341
467
462
341
138
359
309
393
470
354
98
54
460
148
119
407
22
136
109
190
466
69
427
377
174
119
80
130
407
402
362
333
480
405
395
361
430
174
131
374
299
134
315
78
67
79
309
332
423
289
185
60
365
138
389
155
324
178
128
372
325
224
112
24
452
398
152
469
320
222
205
327
373
283
377
122
126
156
286
167
55
150
398
142
344
295
348
405
368
272
42
300
114
41
426
130
163
461
361
369
150
354
386
404
295
188
150
342
391
393
129
96
237
380
98
386
151
206
108
29
119
311
133
131
30
157
203
208
171
102
121
336
176
134
178
292
144
382
338
113
296
47
110
176
120
235
340
432
171
140
114
354
422
329
455
206
459
70
348
349
114
72
128
134
133
356
391
57
351
196
286
386
387
221
165
68
144
474
183
452
341
122
42
118
370
417
371
399
120
140
127
375
376
39
129
149
15
404
91
428
342
206
405
50
189
189
389
303
165
112
69
424
73
416
111
428
141
81
56
318
87
352
436
183
69
127
123
320
84
399
350
83
302
65
344
169
174
476
118
302
141
387
446
386
35
133
353
126
398
353
156
446
123
364
93
95
462
293
368
333
62
125
418
113
376
368
241
404
161
317
454
335
389
175
454
384
40
388
128
75
365
409
94
210
89
123
114
148
407
446
296
413
124
391
32
455
95
153
55
136
134
89
11
353
151
96
16
46
167
157
133
22
320
169
389
429
90
98
451
122
363
358
320
310
103
98
330
387
168
111
188
89
90
344
377
317
275
421
464
298
123
304
430
155
1
84
328
169
348
368
229
149
66
384
134
123
167
374
387
145
163
136
282
117
138
37
103
226
336
145
118
150
140
78
127
58
118
469
35
106
396
132
75
372
138
303
369
470
371
364
155
341
353
295
99
463
399
156
296
152
453
368
61
363
115
438
293
164
313
168
120
178
98
130
420
317
367
74
376
168
210
182
408
411
312
424
126
120
175
162
52
36
96
461
76
159
407
403
369
307
97
158
358
353
161
383
399
311
97
354
193
405
292
274
183
148
163
91
82
310
139
327
409
361
362
155
320
26
76
313
373
50
122
113
406
305
436
72
449
29
385
386
260
371
341
170
105
63
400
374
339
362
173
453
56
157
405
359
457
80
335
341
96
98
375
68
354
353
363
199
69
298
359
473
429
216
177
426
401
198
339
327
473
66
401
206
134
223
353
46
233
111
428
69
333
146
351
375
336
188
449
155
137
353
277
103
115
494
343
318
443
339
411
387
144
357
347
121
416
124
77
235
93
321
480
175
388
491
425
332
406
174
350
356
384
409
130
138
353
98
212
286
154
156
184
63
123
204
24
330
335
407
389
289
374
128
338
415
430
412
98
92
374
56
270
124
459
428
239
43
101
101
76
71
422
124
138
437
466
152
137
205
360
428
421
225
103
204
389
302
78
106
403
139
208
289
340
39
449
20
134
456
137
441
343
282
92
362
469
451
353
318
381
361
374
355
120
130
139
287
190
86
373
130
166
278
365
371
375
400
113
462
303
460
184
211
477
110
267
116
68
423
19
454
394
385
31
172
146
170
273
258
332
346
145
439
364
297
354
225
279
384
294
138
405
418
109
384
412
325
177
209
343
435
295
431
437
395
73
390
185
441
329
343
131
181
352
56
152
471
295
192
397
455
185
158
57
83
444
114
332
375
401
110
176
361
452
394
442
355
390
110
128
368
139
352
333
78
78
383
338
404
455
454
100
358
103
94
145
373
191
110
179
64
98
428
335
101
425
372
394
390
179
117
418
117
437
450
341
316
110
383
127
348
208
193
365
394
121
210
122
99
174
379
179
419
23
358
372
101
469
346
419
443
387
426
125
300
104
400
366
53
192
119
416
400
231
365
82
421
1
119
384
385
52
102
28
430
492
120
372
127
116
433
113
141
114
394
82
101
332
309
8
89
355
369
428
341
335
351
161
371
92
64
142
85
64
427
130
161
419
109
129
384
167
420
343
392
378
390
421
111
58
359
373
106
101
426
94
386
384
106
336
127
403
47
193
365
100
80
110
130
319
337
155
102
430
413
128
435
117
86
397
160
343
107
99
151
100
317
150
213
410
349
160
123
298
380
80
373
63
79
280
286
157
182
318
440
336
445
431
24
432
61
336
167
79
417
416
151
237
463
90
165
135
60
82
225
31
72
318
281
407
60
92
57
149
411
73
421
157
435
147
371
328
316
43
69
270
146
387
217
97
126
189
448
369
40
305
311
435
386
307
364
145
147
97
473
87
96
88
88
367
147
370
120
296
346
143
343
43
286
156
345
175
444
149
387
431
226
105
365
86
335
87
430
414
350
422
146
87
395
122
44
331
177
333
282
131
204
447
265
126
398
365
144
98
212
28
409
374
204
375
328
93
300
175
136
69
429
271
63
327
68
223
273
105
167
296
322
407
116
97
327
381
374
60
436
69
396
76
323
77
385
151
127
367
161
133
122
347
494
414
103
339
353
381
90
126
320
218
197
427
401
421
387
355
215
263
441
435
468
405
405
131
355
468
138
61
353
131
403
418
446
365
83
352
289
213
47
445
15
28
166
160
357
393
409
390
155
125
133
404
96
385
434
335
368
199
104
168
344
340
486
122
24
118
82
392
205
95
119
115
433
131
306
146
362
172
347
170
190
194
341
79
401
442
403
428
480
152
123
333
158
177
385
331
118
70
435
185
278
127
52
416
398
75
68
78
494
115
338
343
365
103
369
43
172
310
359
481
391
153
361
157
98
32
149
183
290
408
36
123
51
271
373
63
365
106
130
436
108
372
237
385
319
189
355
399
161
358
36
424
136
136
345
96
175
91
86
114
83
305
68
285
344
100
446
39
323
6
390
382
173
338
88
112
165
78
71
386
138
354
75
201
363
383
357
295
177
124
182
394
369
379
460
175
444
209
285
377
160
382
339
138
162
307
336
79
372
417
187
157
133
225
358
135
151
121
388
201
401
221
357
64
424
298
334
186
140
411
335
92
177
380
384
392
412
157
108
99
379
88
336
136
430
163
454
209
199
100
209
417
183
401
290
103
136
390
447
133
462
96
37
286
339
141
316
35
434
403
339
129
109
297
82
334
172
135
335
198
353
25
132
346
345
178
346
169
466
363
131
151
173
215
333
120
448
404
210
109
379
110
186
359
402
400
201
86
278
145
313
102
153
413
318
308
373
139
365
94
144
135
211
304
104
332
299
182
73
354
401
342
357
374
355
178
379
397
382
315
78
137
368
389
72
98
65
354
120
103
125
348
106
158
96
168
423
424
60
288
108
336
7
416
355
381
338
1
392
337
85
152
348
156
94
91
407
380
92
148
341
86
137
137
364
187
418
371
371
213
405
1
53
41
144
161
75
194
391
456
385
87
390
79
401
368
369
427
389
398
134
371
308
95
150
341
63
122
84
355
21
49
448
141
429
472
329
62
344
65
80
190
348
440
38
123
155
51
368
372
321
397
423
133
188
92
347
415
184
360
210
286
214
373
484
292
140
458
452
357
429
130
120
146
385
411
374
99
158
430
386
434
63
380
76
341
352
355
297
121
373
106
82
172
137
335
150
129
299
136
66
108
329
290
441
407
144
153
247
339
398
426
323
363
409
73
240
136
453
127
81
101
49
311
136
202
423
108
82
69
111
350
494
336
82
315
165
353
88
169
116
315
357
96
428
93
86
373
350
316
212
159
109
86
136
406
327
132
337
380
486
343
456
25
420
90
154
424
150
239
354
175
160
180
144
390
205
401
436
199
112
425
349
52
160
312
328
106
434
40
136
96
145
438
360
132
136
174
326
419
393
151
104
180
277
360
132
370
121
385
459
331
121
169
408
333
193
335
381
71
238
449
375
125
52
363
191
235
363
363
94
373
226
336
308
157
288
322
375
455
488
333
380
384
73
69
434
392
415
274
112
337
47
418
287
393
63
373
324
102
370
351
127
448
151
313
362
303
279
200
111
274
461
152
160
187
362
204
337
452
387
55
393
474
116
335
400
178
144
124
139
369
179
373
144
451
412
375
347
320
84
372
356
139
476
147
156
144
46
329
347
177
90
177
163
157
345
70
199
180
460
168
420
399
410
341
289
165
418
69
221
191
68
346
185
438
152
343
475
396
17
127
114
154
355
440
361
391
317
69
168
176
472
464
339
29
155
188
153
169
290
376
308
71
373
394
354
68
447
382
97
457
397
414
167
125
94
348
320
222
103
42
98
157
457
328
173
362
393
357
203
352
388
458
273
114
117
129
120
312
179
414
369
150
146
159
375
321
136
88
180
135
161
466
408
127
412
146
52
185
150
124
46
49
307
325
282
92
134
354
271
393
153
167
389
91
320
390
141
73
94
293
353
231
454
153
150
435
341
439
296
446
157
160
165
408
42
395
50
208
144
320
130
44
297
38
157
90
142
7
100
411
289
356
343
148
33
358
69
195
459
318
117
478
361
354
390
442
356
437
96
367
415
168
236
123
150
400
146
128
461
146
392
86
142
152
431
424
88
95
65
323
114
335
357
440
436
350
160
71
404
440
158
70
99
144
141
103
301
67
53
334
72
159
288
477
49
159
137
189
378
364
153
68
402
184
72
159
126
407
116
116
125
123
438
468
109
309
78
217
107
338
248
343
99
105
220
451
383
410
464
217
165
392
396
205
409
78
215
140
292
456
377
446
378
200
53
386
112
291
434
167
55
383
94
61
112
398
350
377
392
367
123
82
285
377
107
1
469
308
160
405
402
114
114
102
146
195
364
86
77
489
84
313
401
150
377
227
404
380
459
328
349
112
88
64
350
139
398
109
154
134
372
455
338
97
163
413
431
73
50
207
126
399
358
132
162
396
376
166
103
187
269
127
97
261
59
100
61
145
96
117
62
182
225
341
350
167
311
378
132
15
430
83
130
282
322
63
134
297
427
359
123
385
386
383
358
368
180
95
53
380
120
160
313
428
354
92
157
97
155
39
107
28
415
313
362
421
338
272
438
335
97
234
463
127
175
121
135
35
103
372
108
366
305
355
131
405
115
118
410
336
403
187
281
378
365
304
108
374
94
140
190
439
334
417
125
469
130
185
384
348
153
389
375
170
338
208
349
353
180
421
393
371
93
350
148
299
307
129
125
164
400
86
201
466
157
385
399
165
355
319
132
65
88
84
270
179
209
256
412
218
326
147
136
133
237
122
86
407
72
120
347
418
430
360
283
50
389
108
337
120
419
331
81
60
301
103
260
307
318
191
446
158
378
158
456
113
195
116
51
387
73
53
393
351
71
336
271
97
398
453
73
381
134
321
151
356
334
340
353
346
78
127
380
190
111
79
166
377
85
178
40
113
200
371
128
350
278
99
408
420
433
427
343
410
82
157
114
397
140
202
428
321
357
33
367
128
122
58
100
347
396
121
350
386
1
107
114
313
98
130
35
53
98
66
355
138
292
149
59
344
148
129
128
233
202
132
372
152
162
353
402
347
153
451
419
114
388
432
1
137
463
346
242
438
382
70
186
384
73
415
425
425
106
297
147
322
143
335
463
30
110
390
331
150
430
335
150
128
156
333
96
376
401
456
142
196
393
203
16
356
335
179
443
360
421
103
178
192
452
217
160
378
347
477
162
310
217
431
132
464
432
392
440
292
150
88
360
109
113
170
434
325
421
342
439
368
183
68
367
146
368
398
119
337
326
114
459
171
141
327
406
238
336
148
390
372
135
169
427
266
329
433
413
425
153
131
73
170
169
363
390
378
278
202
103
61
178
148
163
464
343
279
398
291
74
88
345
179
453
344
471
160
73
88
123
393
98
230
193
82
392
421
463
84
383
463
319
390
454
402
35
302
393
126
415
375
343
323
346
419
335
483
276
138
120
83
378
165
103
426
389
181
124
298
319
104
370
75
406
59
330
415
300
424
180
77
295
87
460
407
351
399
117
153
369
41
54
442
91
371
308
449
128
26
98
165
144
403
59
328
136
41
342
301
144
443
125
144
370
109
318
383
395
406
352
289
129
105
448
164
133
377
332
265
186
360
312
62
410
137
104
414
187
176
52
406
179
102
79
62
409
67
96
110
361
42
55
363
187
333
57
49
148
332
172
222
337
447
399
115
156
139
381
329
442
135
181
131
132
379
279
61
90
316
459
413
83
353
226
120
426
80
107
63
57
89
364
183
45
344
169
404
450
82
381
67
154
407
481
180
385
144
451
183
393
115
33
415
390
173
332
96
347
123
108
329
122
109
47
181
468
82
175
324
357
118
160
392
298
388
394
321
344
159
442
324
439
107
27
353
422
414
71
433
390
160
352
108
113
395
375
133
97
351
79
476
421
347
431
227
369
80
322
388
368
36
492
201
354
90
459
153
306
15
367
402
347
176
467
385
396
83
351
375
348
362
135
420
421
296
142
45
92
392
159
84
111
54
77
132
381
92
139
163
296
85
393
169
103
39
170
182
116
449
341
67
165
116
68
136
19
456
353
23
124
209
154
99
333
359
107
320
182
354
84
407
60
114
226
99
359
217
397
63
119
104
142
397
438
131
76
181
182
421
215
357
115
310
201
103
211
344
127
322
341
454
332
400
298
105
37
187
444
146
364
109
380
155
332
82
397
215
91
371
450
218
40
36
177
342
164
156
379
209
160
177
391
118
465
188
365
222
396
361
114
285
407
205
115
438
62
98
93
143
446
119
196
136
352
90
87
383
347
227
345
164
219
314
61
439
213
406
105
472
75
35
450
304
403
371
98
423
74
457
71
397
211
56
320
196
144
108
221
136
129
118
184
115
128
175
155
78
55
187
409
335
296
329
127
402
161
96
144
106
375
75
496
326
128
336
270
210
450
398
146
358
158
116
123
278
345
388
88
365
480
164
199
207
300
297
138
418
74
207
345
408
201
160
382
377
309
394
382
37
367
217
331
118
340
145
93
113
35
70
372
98
470
453
147
101
110
90
356
336
196
482
421
476
73
366
272
82
416
348
176
195
356
413
94
140
173
295
130
91
149
369
131
198
148
112
97
307
155
373
353
387
186
412
494
343
162
421
115
476
331
203
112
109
140
161
315
170
91
279
69
340
320
405
129
350
78
315
208
348
430
108
369
424
374
181
371
55
132
380
381
119
103
316
387
72
131
114
122
162
407
375
324
143
316
153
386
405
175
69
358
352
396
84
142
109
326
336
121
109
126
488
372
289
382
476
107
214
151
422
126
82
116
373
59
110
56
419
212
59
421
134
121
206
461
427
334
273
282
30
172
304
422
183
318
396
336
394
24
325
162
32
451
164
181
133
435
399
373
128
206
77
402
111
208
409
339
1
322
71
375
46
84
103
1
131
99
452
393
371
376
91
374
306
79
104
205
358
105
384
418
193
108
152
330
120
383
187
478
321
144
433
480
122
432
36
157
464
457
172
383
35
118
379
106
284
146
398
436
410
135
377
82
128
125
136
5
53
461
295
405
204
368
404
469
88
350
61
211
30
146
195
318
429
70
341
298
93
315
345
366
318
93
112
418
94
154
138
78
212
97
337
158
165
93
105
203
178
334
444
413
104
379
106
358
156
417
446
285
270
107
154
137
483
63
104
134
416
45
60
323
137
118
168
418
211
137
100
317
299
440
118
355
380
192
79
290
154
284
60
91
101
383
82
341
94
448
181
75
454
372
446
458
158
95
76
91
412
191
138
268
379
95
412
405
281
435
375
129
119
322
351
338
154
93
387
354
390
40
382
330
128
363
120
366
297
352
203
364
158
348
209
430
414
180
458
394
323
417
135
458
214
18
445
383
346
152
94
111
290
144
378
116
363
21
108
332
446
44
137
337
116
130
422
423
48
404
366
385
318
489
108
105
458
341
443
318
44
342
327
148
484
86
479
163
353
310
341
368
382
354
126
456
135
285
359
386
167
85
392
125
136
344
490
106
178
322
429
237
383
111
201
405
32
186
137
327
370
304
117
106
299
362
62
339
283
333
95
201
59
392
29
183
307
113
71
158
282
85
381
293
149
110
335
312
116
105
445
366
358
381
397
142
185
352
144
55
126
423
495
126
339
403
385
98
358
359
385
156
115
47
386
334
316
298
6
97
24
327
396
476
98
423
130
486
383
102
370
93
323
53
109
305
336
459
374
313
458
366
180
381
105
381
346
40
159
59
38
181
356
110
116
424
142
351
432
121
161
421
182
402
120
201
364
326
300
175
139
20
118
154
95
115
386
126
139
64
315
365
50
127
378
42
177
327
187
305
475
129
372
397
392
355
439
130
109
113
167
298
153
205
158
431
88
135
377
164
197
451
101
418
485
150
410
135
429
183
147
190
92
197
277
376
335
193
308
417
147
320
111
416
342
70
401
424
138
377
60
84
357
377
357
393
455
77
85
482
98
451
90
391
438
308
160
371
270
364
415
128
335
464
16
151
149
421
100
122
101
326
152
408
90
49
86
427
386
188
308
119
299
50
445
165
155
179
120
88
143
289
189
341
86
471
373
17
129
64
155
121
392
77
401
431
189
387
374
278
418
489
168
56
74
396
411
163
441
140
73
451
174
165
408
101
36
363
365
88
149
485
35
181
78
362
378
470
101
186
162
271
330
352
423
337
439
155
102
159
204
462
430
102
37
338
136
403
393
352
193
402
90
332
240
75
306
344
109
219
71
83
334
412
377
371
455
90
359
363
304
279
324
66
120
391
155
10
389
9
184
413
79
125
153
98
165
151
101
113
140
443
140
483
216
429
201
390
333
76
433
365
378
355
175
400
127
102
342
403
148
411
347
59
370
292
401
303
366
44
414
460
74
294
155
431
152
448
443
102
351
85
139
390
173
412
138
103
150
162
378
288
381
162
113
432
134
359
80
343
158
93
331
468
151
416
422
319
420
126
215
477
71
347
230
391
71
371
160
202
201
149
119
122
65
328
470
194
375
369
317
404
111
420
43
395
172
379
365
408
305
166
370
326
199
124
427
168
387
79
104
183
424
370
372
132
103
110
72
118
326
431
135
371
141
180
400
150
421
99
317
274
156
119
172
484
131
196
172
109
403
171
148
184
42
392
144
197
104
92
435
261
63
218
10
210
113
114
142
66
52
180
373
371
135
293
233
154
363
110
346
80
83
43
117
108
104
176
203
434
426
242
383
373
438
393
449
369
394
401
166
142
321
157
384
316
148
313
126
300
445
127
463
314
164
230
156
220
81
59
146
282
311
345
124
323
157
323
440
409
314
426
341
311
361
299
344
212
302
112
116
178
59
139
197
368
349
127
485
198
388
88
286
319
196
159
401
324
369
389
180
131
74
405
438
361
120
365
122
409
277
181
174
321
299
143
385
406
429
418
391
397
166
30
357
438
119
464
365
436
98
390
424
112
102
354
146
227
303
108
145
296
139
325
142
388
153
376
75
271
335
333
206
125
435
406
336
137
69
88
86
487
451
456
351
288
46
111
424
372
382
277
202
391
74
34
116
375
171
355
159
157
133
377
212
415
120
380
461
327
449
74
281
142
354
380
351
58
345
418
422
162
336
196
257
438
422
385
183
457
138
317
119
357
415
143
399
348
115
346
431
406
97
151
226
343
84
406
140
198
94
463
366
195
130
135
126
167
105
161
369
157
138
371
409
378
412
315
184
365
369
432
220
148
118
382
429
134
212
81
290
354
412
126
134
103
36
371
138
402
81
160
455
448
81
339
389
58
429
80
448
307
395
425
139
114
422
348
24
432
328
379
102
98
81
377
376
322
314
104
126
104
55
14
320
172
439
284
388
152
404
327
150
107
394
368
374
275
149
124
455
10
370
281
409
124
75
395
393
453
439
429
189
444
149
230
318
115
129
175
233
379
154
135
412
131
350
443
227
414
138
397
291
271
426
345
449
94
153
86
442
294
345
151
353
336
66
490
340
311
81
24
193
473
449
153
375
409
369
135
144
54
191
53
189
153
178
101
160
180
331
213
206
366
95
460
315
147
163
419
315
449
199
397
381
133
107
58
176
329
426
81
90
21
1
65
398
92
84
389
155
145
403
363
393
69
54
232
332
322
398
92
109
214
331
378
308
185
144
115
175
294
427
452
471
380
360
369
179
397
71
143
170
442
102
395
379
194
354
434
51
55
85
59
79
106
39
83
328
334
154
364
119
197
327
379
443
81
330
157
335
79
70
219
345
408
122
432
53
57
135
218
67
362
205
94
354
118
89
105
392
113
113
136
294
443
447
332
393
186
421
378
350
183
405
377
74
310
138
111
473
96
387
22
115
99
398
361
71
354
161
85
52
199
140
289
340
444
287
70
106
391
379
88
462
451
37
367
116
421
139
318
270
277
92
393
402
437
238
417
68
113
352
167
234
325
424
418
349
129
110
197
437
382
106
66
370
309
192
392
153
108
195
55
75
437
98
456
385
168
454
119
417
385
430
234
86
408
139
323
103
421
476
90
197
104
84
116
166
404
110
94
441
323
129
371
395
100
287
343
400
289
335
388
95
34
373
101
44
453
30
169
399
121
157
56
46
462
23
153
105
452
349
367
368
298
55
180
225
338
373
376
135
476
309
475
137
388
67
370
391
132
92
393
108
165
397
116
136
177
363
165
443
113
342
387
428
406
216
323
97
129
26
129
415
163
489
61
298
347
406
139
406
383
63
75
78
347
87
308
377
373
354
147
344
380
136
121
139
126
393
108
112
263
372
79
105
410
320
142
349
364
41
139
161
446
429
45
369
147
472
128
382
23
453
305
237
1
339
382
415
394
373
425
363
86
335
405
82
68
341
116
65
191
318
271
227
110
352
366
77
356
118
98
161
347
196
75
124
414
232
338
109
388
170
32
428
351
303
300
144
363
359
190
270
170
38
362
61
222
369
358
377
369
419
99
352
126
39
91
75
50
360
118
129
271
428
391
199
399
189
160
375
107
398
389
99
486
438
91
105
228
300
69
139
405
368
330
419
307
72
365
103
333
76
305
440
147
190
102
447
80
27
90
390
285
77
352
135
403
226
286
345
153
430
380
379
83
295
386
201
129
335
156
121
138
109
150
385
334
297
126
167
365
316
48
130
150
81
95
111
433
348
495
108
349
143
