2309
5296
1201
424
795
661
1222
320
4190
662
230
625
2855
212
910
4793
4327
5190
2757
2820
640
2756
3752
2662
17
220
1313
4864
44
745
74
726
596
575
1339
6204
5326
600
215
1549
123
1781
4212
687
232
1679
84
824
764
690
1789
643
2792
1127
1173
778
1167
2183
1169
1278
4148
6720
2732
2138
3309
356
810
188
1268
916
6414
221
1081
1118
1209
733
173
1770
3158
3234
2243
1697
2851
1087
278
4085
3211
2305
1204
209
834
12
236
5591
1431
537
191
1896
2308
253
1733
7708
1148
1248
140
1249
5692
3140
125
164
816
456
300
1430
830
969
724
359
4169
661
2539
2175
211
522
905
800
355
3138
676
4192
187
2828
60
137
3777
396
18
2425
4408
24
1557
872
106
838
4354
1256
1396
262
1187
1723
155
5679
2706
2136
1065
3193
1849
775
1855
16
8891
169
2417
2082
2128
2639
231
149
845
3324
1194
9819
845
2379
708
201
273
2445
203
235
1291
850
2787
2308
3221
341
736
447
341
730
1239
3833
5903
5326
673
3396
1742
4097
7810
5236
824
2090
249
1328
2658
319
1777
10299
608
9845
88
2147
694
1318
320
4218
1385
740
825
214
708
10307
313
267
5846
1702
672
293
2092
294
679
769
814
3346
259
93
3316
60
2226
366
690
4757
710
3078
2685
48
1239
3196
148
1261
1295
223
3262
1449
2826
666
4623
1094
2205
1738
7635
762
295
124
626
203
126
176
4795
232
576
782
1344
2784
1266
170
3773
4108
152
3428
431
725
2594
909
592
236
2559
1297
331
331
367
9850
1338
816
2831
3833
111
2763
771
2370
211
5770
349
2825
583
90
1148
2827
2838
314
9332
2805
807
1743
2250
800
4441
2764
2627
696
3926
2308
138
1296
86
4755
703
136
851
744
1865
404
426
1369
1760
854
3126
91
387
527
727
609
805
3427
1905
807
128
586
694
667
17
2828
3696
13
876
698
3373
125
1244
1199
2393
1316
850
32
163
2928
1157
842
1744
130
1738
765
392
848
612
293
790
1461
145
2352
928
213
2756
5708
4788
1232
168
8196
1636
69
185
3316
1339
1767
1831
5273
5261
6303
4308
1284
9
3755
807
583
734
2782
779
2700
905
7713
844
1611
719
260
62
848
2901
1846
718
1423
861
158
246
294
206
783
85
54
3745
1737
674
654
1694
3585
1890
873
278
837
2929
2286
306
3435
263
335
4280
393
17
5278
13
652
729
2571
2343
883
578
4284
1727
2756
3873
4737
237
144
3267
886
2200
212
3223
3298
1611
864
1161
718
264
231
2291
733
6791
1213
288
2765
143
672
766
2665
1810
2327
680
2354
757
1767
893
364
1229
708
377
859
1685
1356
705
6251
943
3661
17
3284
4325
4327
789
1263
673
2678
283
314
4716
195
202
1324
2748
771
1166
896
2340
144
111
405
209
5804
1293
1835
1123
109
212
7746
2727
36
222
1770
72
6402
2416
1412
262
9
1330
1853
3886
2203
347
337
1717
1212
1123
776
1174
3812
266
825
628
2839
609
301
743
1752
2639
4387
4346
2560
134
714
215
23
4829
4411
809
3692
2246
1289
2199
640
636
3117
5718
57
5733
724
630
1121
741
755
9302
269
1654
761
494
3753
901
1600
71
1235
1899
1759
1811
3711
84
630
177
726
4117
278
311
294
5352
218
122
153
802
1717
1161
653
182
1
760
238
565
10340
1193
3261
1599
2174
4809
172
2237
1266
2691
1444
3327
677
132
2059
874
5844
2766
302
693
1204
217
820
2245
1192
2672
2291
3750
766
67
818
890
1295
667
761
4785
21
1749
221
721
684
356
4604
3802
732
97
233
1226
1105
192
684
3084
218
350
365
639
3908
1636
1403
4391
1115
45
377
3378
376
358
1270
2680
1267
1199
1201
1346
4804
937
376
253
676
136
180
756
7361
5116
246
313
238
2306
1766
591
143
2170
1883
738
2883
280
621
3940
1913
1823
267
221
4217
1392
683
844
5095
850
1840
4165
3199
34
821
242
3791
599
6817
1160
703
144
1210
137
7903
4783
6929
5854
2344
27
226
268
338
680
101
112
165
4761
3780
728
6717
2182
280
243
637
226
18
261
824
5659
459
4821
382
277
356
1281
689
605
2748
3099
8102
1579
144
1139
2294
217
4401
755
716
3248
6213
1241
809
169
546
1107
785
87
888
1778
98
1713
4626
1728
2256
265
3391
195
396
858
814
272
409
1
2759
178
1654
213
333
902
3185
3215
1684
684
216
287
803
1063
1798
3123
262
3113
2125
1245
1270
3380
619
4229
636
4238
1249
381
747
824
731
182
210
559
324
2399
102
3230
201
712
219
227
10758
2889
2842
3
776
1815
4142
3809
1592
237
1733
5273
6790
1168
243
1198
1825
4259
2694
159
5807
265
4695
663
249
787
450
223
316
13
5749
410
238
2206
1325
714
1425
1092
309
917
653
246
6312
1803
3813
170
1725
702
793
229
765
480
1375
46
10841
335
269
44
277
1322
321
2167
323
9703
8652
607
1334
933
714
1130
375
110
4795
164
793
2194
3182
746
357
298
852
2132
1222
165
1116
2182
638
2257
280
1336
157
2437
5670
791
641
2234
1302
1217
5799
2166
1040
4136
3596
1835
298
2058
626
183
237
3260
3589
1881
397
870
3390
689
860
1204
228
789
344
3846
5928
7836
637
815
4219
2215
2705
104
2744
1750
1821
179
772
2351
1766
2331
157
1363
279
2669
195
4195
59
3200
6207
1782
227
256
9850
1682
810
7767
237
711
3299
2672
4690
2153
3150
234
737
257
1798
1407
2303
272
2846
769
2823
3181
1656
80
1084
3386
887
2102
298
418
182
5368
536
93
2326
2143
2357
204
56
274
1104
1
649
3310
336
2366
1898
747
4405
147
3440
197
685
333
1237
3704
924
741
1238
206
131
2279
215
1661
3157
112
1426
1178
330
132
709
168
3276
6285
643
159
2735
3155
3304
209
1029
282
1273
1793
1700
57
4773
190
1547
2288
129
11
157
4372
213
347
4596
1394
1778
9661
266
1896
705
1636
580
173
2629
41
1320
896
811
1517
1228
197
423
2308
391
185
640
412
52
11435
6276
1901
1275
6315
4404
722
2233
673
300
733
690
1668
3431
1382
468
816
9
209
105
1332
128
2094
37
64
745
2367
3661
40
139
69
913
697
4304
857
629
3840
598
191
5751
270
792
2302
323
1700
392
685
396
355
1315
258
7693
1308
2852
684
2471
767
2741
138
5688
585
253
1336
7303
1656
3790
683
1270
7297
2449
199
5373
2783
3360
621
840
1650
670
215
2303
836
2813
2657
4212
10256
8834
945
4571
3605
11261
2321
2788
900
125
7090
3228
322
28
373
100
173
1183
8137
1730
369
1035
5658
1603
1710
2264
154
774
173
349
27
3198
1
1307
758
245
3243
299
5290
4232
294
319
254
4246
516
739
378
839
1918
748
215
228
3733
772
278
2228
5778
4283
282
1663
2843
5729
4799
767
435
1810
767
739
5208
1877
224
833
378
661
670
2317
62
628
1210
1860
643
3246
411
361
610
2573
253
349
7359
82
2324
2259
1743
1140
1416
962
1753
337
2237
793
76
308
331
277
3073
1691
242
5228
594
2386
2817
736
759
584
6350
8210
291
1723
1235
117
4706
703
5308
1293
3435
1704
392
2899
2230
132
1810
3161
1748
1294
312
2310
1417
145
337
150
3252
3264
862
342
821
885
262
1272
1053
193
107
2321
5236
1351
2280
2686
1923
1744
438
1164
708
3840
27
1298
4187
946
5455
2683
2189
210
2142
662
2700
2669
1113
6177
887
2353
1127
266
917
830
120
2305
710
313
129
4266
308
3336
7808
771
1481
1924
133
1300
210
600
793
9430
976
219
1254
365
1223
4656
124
8084
160
309
1759
2955
235
300
3850
535
1765
301
1289
1307
267
1753
1673
3653
3
727
2756
2711
896
2256
96
4898
1800
1617
3616
3175
431
5317
2443
184
965
329
250
1670
2647
107
566
735
349
1172
776
1095
233
4556
2256
835
11855
932
1622
4721
3715
1278
1423
683
1263
700
10818
964
1283
452
1366
7858
3685
348
902
701
807
3326
1
159
379
683
8140
1770
101
1300
313
5196
1719
3027
261
332
1632
337
4902
219
1665
221
2208
613
1395
1869
685
744
2243
66
7781
163
1376
22
270
639
443
308
1627
340
644
793
1
256
3245
201
1288
104
3309
8858
3936
3229
694
4227
77
61
93
1749
307
2213
7902
3177
1205
712
2113
891
257
328
1189
2306
363
936
1671
383
3860
211
1812
1158
233
1310
182
697
190
153
2725
6
268
188
815
541
1350
2398
192
1333
704
1910
1705
321
136
923
881
790
3453
3214
1324
2159
1883
377
808
4673
4269
2868
797
6216
7928
441
376
2592
259
744
1234
227
382
24
180
284
633
338
817
118
1609
3770
743
1788
7
2649
8591
1262
367
264
4211
1876
377
344
434
88
1274
602
6857
3234
3725
348
2119
1145
804
178
170
159
894
2083
1758
299
6292
1324
2216
244
1272
660
1284
20
775
2223
93
2466
914
731
1081
821
11224
361
296
1652
764
2812
783
753
790
910
1152
2458
304
343
810
2302
257
1626
158
4811
1662
3879
264
837
792
720
1790
2986
789
1715
3888
910
2772
3190
125
6748
137
3602
667
1778
179
615
553
396
6203
918
236
2335
768
749
2264
5158
1433
54
2884
6720
91
3280
4735
4300
3182
869
819
107
31
1328
591
4271
755
2733
32
757
132
1753
5314
1336
3415
6357
808
66
113
5685
1349
60
1299
2808
2462
1781
426
184
4631
4388
1118
356
853
323
2166
741
2137
812
3752
1203
141
2269
310
3739
186
4835
7837
258
1152
590
4255
214
734
1836
2295
61
29
1030
7682
1852
279
1686
94
395
375
2138
372
1750
4645
3058
828
275
1219
3416
1693
5768
1561
1962
1748
1770
287
1247
79
2881
5384
3299
260
3310
785
225
1733
144
688
4672
1207
3854
159
1294
1315
11202
662
7176
5306
668
2329
1329
2388
2384
3303
2209
319
2173
93
358
5779
3708
2705
437
2800
1757
37
3268
1921
76
840
833
324
1665
3421
4375
104
158
2723
3280
1703
4192
1076
4089
1319
28
2257
331
1299
3264
7430
545
3295
161
1178
2807
7835
719
348
1569
2300
811
895
3673
4200
707
2391
247
961
2219
5612
170
1292
1797
240
5093
3271
89
3210
604
1348
4255
263
245
3106
694
217
854
939
1237
2901
787
1896
1193
1258
1819
1335
2209
182
4153
2072
2353
29
1160
1407
868
5550
5811
3665
3448
933
771
153
2318
172
787
4689
1228
152
1196
1357
2140
811
265
1291
165
4654
286
1706
53
1289
1433
4799
4330
3831
680
7603
301
3847
198
1666
252
704
1118
2756
1365
224
11384
808
139
2352
63
1852
725
316
1734
1082
2285
420
3332
430
1150
1150
209
354
100
2548
2354
424
5744
10726
3308
2270
4269
4754
266
452
627
167
3864
294
3354
1602
1291
870
151
2928
811
6379
1903
1774
200
13368
5275
600
2227
3320
3722
1207
9
245
6356
1240
756
194
968
95
1239
4199
299
836
686
1172
893
3783
396
220
1241
2590
332
2355
30
1658
1106
1835
842
671
2174
659
1280
1878
1126
661
1186
74
1973
4329
3718
607
4834
245
1809
1673
262
1903
3352
4275
639
1643
131
270
2441
265
2198
2062
2949
310
3420
850
1460
2692
275
1256
2751
2843
1141
506
111
5273
132
10780
4858
808
1156
2096
174
56
190
262
2641
2718
3764
284
1873
1122
837
615
526
381
2251
1198
4119
630
437
4761
2774
718
724
1084
1931
684
363
889
628
4135
127
6795
4235
1845
238
267
98
198
2781
4718
319
284
217
3776
594
1204
203
2845
5221
590
2851
321
2273
346
1107
2242
2271
1293
936
4783
3299
1252
198
3826
348
873
1389
2775
199
868
2255
216
2789
2382
1313
281
626
4104
391
2948
2358
2391
2118
2340
1299
691
2237
352
743
2720
216
2755
745
812
2887
887
287
758
710
179
2567
6228
360
2759
365
210
2875
270
2162
3137
1745
303
374
117
3231
4425
303
717
1120
2205
905
1183
1407
772
4788
5240
732
2969
318
737
5815
2263
1591
1922
1339
282
774
2320
175
3817
170
210
388
866
2762
169
752
110
1875
754
414
547
833
702
1859
2326
250
1882
2398
780
207
5075
768
1155
307
110
1079
4312
214
288
5775
2227
3714
792
2340
2290
388
4171
4816
233
4407
12
338
1162
1324
354
390
1833
2726
5671
660
2314
397
696
795
244
202
706
1377
608
1847
155
3350
4223
274
258
1354
780
10687
2327
742
1536
1207
316
584
105
939
725
547
326
799
81
2749
2221
65
318
1674
47
290
1246
9832
189
1770
66
305
1299
1783
167
1337
1281
193
1181
303
3283
4526
1424
323
2789
2236
1459
1672
742
652
2866
2279
1233
2645
1212
734
328
355
904
7714
728
648
873
3409
1377
833
347
5755
688
1269
321
163
1675
101
2272
434
2258
428
4273
23
7399
4409
1197
1188
2358
668
11876
245
1810
4328
2292
4228
774
3540
4331
1162
1660
3254
1261
389
193
1321
625
2260
802
3154
262
134
766
1199
1302
204
319
145
743
31
4861
1213
926
1673
1181
3249
1893
2394
3208
359
1210
805
3365
3393
2726
3760
358
243
884
7268
812
5793
695
3306
770
756
1653
1698
275
7773
151
797
209
8264
665
3862
1645
3789
914
1230
1245
3737
7296
1126
833
846
1692
198
4326
253
3165
564
1699
714
735
319
1116
316
1229
5762
685
189
365
3893
1807
766
349
719
1754
1781
285
2903
1663
830
559
3054
170
1217
282
2855
134
2442
336
1306
345
688
46
4331
2849
367
223
260
3640
1415
917
202
107
105
1624
1149
1370
251
2114
688
2247
3296
742
704
2259
1777
139
195
342
3878
1085
1273
3671
2604
276
63
1459
770
2290
315
1325
684
3881
669
1458
2884
5768
6185
182
218
919
2699
1585
1765
114
1363
843
244
1320
1
212
1181
216
1161
152
2254
2243
234
702
370
295
228
3877
1597
2740
148
2176
1375
1149
623
29
897
1827
766
1325
797
7213
1322
839
293
564
358
2731
411
306
2244
1073
76
228
2336
1245
321
1353
2828
177
32
1100
3314
676
2231
340
335
6271
3750
219
1210
2865
388
225
155
1625
1261
1232
100
5
4
7450
2129
745
110
8
757
1087
1618
2552
1299
639
92
137
5
1166
5185
247
5762
167
388
2333
1886
259
9146
379
647
347
782
870
291
39
366
56
602
700
2320
4412
754
440
165
794
373
1243
1271
1455
272
385
273
930
1606
465
768
4661
167
629
7157
2231
4674
408
1088
210
620
1792
3198
9225
1111
5716
2913
961
7121
248
660
316
1745
205
555
719
883
1617
1081
1868
45
1632
794
2718
1743
2249
3196
77
3346
738
349
1246
2252
144
3384
3344
1821
126
756
2408
1796
785
294
173
270
1413
5
6276
4795
256
4237
314
205
217
695
2733
1271
761
1415
616
814
1670
5837
738
718
2074
655
848
353
1209
2119
9272
1168
1261
1324
182
195
272
1119
279
2372
287
790
272
3735
618
1444
2795
580
300
90
292
1687
5051
4395
1716
6726
4310
1856
2147
3350
2773
6101
330
4233
715
3208
690
2365
1216
737
1771
91
5179
2066
1756
602
4717
62
2198
621
2752
3976
229
726
1684
65
2749
2465
1261
402
144
1128
776
2690
800
2128
728
466
4657
1237
3152
852
206
3111
4643
1432
1844
645
251
140
581
3801
13
1224
1774
3254
1355
760
4761
812
1208
724
5105
2388
331
1709
240
219
404
440
763
325
1803
2836
793
3258
8185
1693
258
27
241
173
2719
150
1149
1775
342
1717
370
79
2700
4349
5187
3662
2346
622
648
1751
1522
2342
2156
1194
1565
3127
287
322
369
55
859
1884
3312
1174
612
555
250
45
3505
2348
914
3296
318
323
2715
2234
1350
153
277
194
1941
64
358
749
226
2785
653
2623
3242
247
2769
1238
187
747
182
161
5110
1667
194
255
1162
1759
819
804
1946
791
48
1336
397
5319
765
178
157
1249
1249
448
1388
327
3485
1695
1351
2791
1254
1269
2801
171
1058
390
4811
4171
468
229
3246
339
1698
114
2845
901
1625
374
431
887
842
3381
1197
2688
4597
4921
671
177
1761
2402
751
104
170
1215
291
1285
2106
5037
398
69
784
543
790
780
3658
2822
789
5
5227
186
2172
5877
4367
256
221
2775
7631
288
638
3176
2629
81
5096
793
940
876
1400
362
841
1695
1333
694
215
2170
805
321
2670
224
220
1327
765
4915
800
4264
3476
1703
2280
193
1215
10593
2765
1113
2219
180
2635
1763
280
106
1305
2415
2691
242
269
1162
1248
258
1703
4208
3837
4710
1833
699
2285
1329
1307
2674
2137
3422
2314
80
953
1724
222
2271
486
2643
890
1846
744
134
869
6875
2911
1780
213
2948
5795
1174
2363
5812
1314
1368
814
1116
3249
781
801
3603
1169
2597
217
1047
1119
7244
586
106
2246
1757
1389
1241
231
205
815
1779
3253
1409
1190
2383
2735
3314
538
638
752
202
1132
444
2610
1846
1269
4296
103
735
198
833
258
254
7793
395
1750
1302
45
2761
433
225
5396
351
3929
178
859
735
598
23
272
3298
322
5751
830
1197
686
1304
789
332
727
712
720
577
962
156
1818
914
2708
2851
2952
1798
838
2742
3225
1241
377
2740
795
82
243
2317
146
2266
784
281
716
1236
3868
5168
323
294
1761
4163
3685
481
781
5180
1875
224
3841
1254
2269
1652
8713
20
52
456
2310
224
3252
1323
350
3331
981
319
331
686
228
1163
2376
6394
1783
973
1174
399
710
197
940
1756
4101
297
1203
3724
1693
5239
1356
300
220
6301
771
265
885
110
1810
3830
246
2704
774
1383
2811
1697
257
1847
6234
2728
3373
180
6182
1743
332
4604
600
1786
3925
4160
4070
311
9231
589
802
4619
1736
2192
113
1285
2753
2350
1172
799
16
1681
282
875
1783
3155
366
321
1908
278
4708
71
281
1131
313
747
568
1323
303
2838
79
1803
339
6782
241
762
1319
587
761
443
1728
12
319
1765
1745
344
396
1303
3813
1249
3238
182
4211
3670
352
2239
845
1830
290
238
86
846
318
716
356
487
1775
152
196
148
32
226
1427
686
2141
289
204
722
1594
3724
3313
659
53
6697
2919
130
186
1146
717
688
1137
7136
1205
5903
3933
213
1367
1181
9747
3766
2929
10205
1269
153
756
2248
405
2269
586
1295
3419
2306
3723
1362
385
418
2755
3241
269
280
2843
138
763
3280
4264
1822
6362
315
1270
123
5104
1256
721
895
5397
167
823
250
775
3779
1651
1860
3755
1256
675
735
764
16
1096
754
166
1888
4115
75
2180
324
5201
373
297
156
2289
1906
1190
814
180
5783
5136
3810
4689
1160
311
1263
1872
3390
617
240
1904
194
271
365
2597
621
1443
1630
2235
1290
6928
3130
420
761
1159
99
689
1836
1321
154
2409
184
321
1631
301
5289
277
1311
2825
626
83
1879
25
149
820
1114
1212
3373
3142
327
3441
1938
719
1211
3247
242
2334
1367
4864
3137
3239
788
293
686
331
1221
235
11247
275
2736
2190
7242
1304
855
142
698
191
7213
314
2258
1648
825
379
876
144
2831
4
205
243
298
2331
1652
263
3243
7841
234
743
1271
789
6315
354
99
772
269
2267
438
1317
1675
1748
142
228
1837
2932
414
3395
1225
123
1563
752
672
1930
1350
153
4326
1586
3764
180
1382
2761
201
561
327
1274
2751
1160
400
3703
1168
744
2701
888
1240
225
218
970
1744
764
1222
848
3359
769
219
3603
786
771
854
15
829
4
2268
2182
1907
3337
6292
1881
138
4861
1186
845
142
1715
203
2183
3128
725
229
106
2761
4394
3258
5836
4356
3750
3140
10817
1108
7679
344
136
4326
13786
338
1765
800
1774
283
200
824
2804
1223
445
3181
2371
196
261
1269
1328
5203
6270
4326
4297
3316
1707
396
2871
239
696
4131
166
2237
857
203
5747
3589
2083
647
563
322
3219
17
585
2171
235
2786
3443
3340
8221
640
4698
524
848
723
2071
384
803
1152
302
620
9362
685
3943
240
366
349
1144
2919
948
311
3256
730
1168
1855
1938
601
1328
780
2824
508
732
364
5469
903
2247
384
1358
223
732
1099
4596
2185
2410
1825
2805
710
133
2872
868
723
753
219
594
289
2078
306
3168
1210
7134
2788
213
850
354
1867
187
1184
1856
1701
5284
363
357
714
1752
598
3170
730
2309
3743
4369
629
5253
361
3197
70
1262
1295
375
4590
2193
1152
5829
1375
1841
1258
4301
3137
1626
816
2306
941
1763
5843
1790
1797
3810
816
2943
446
2797
370
1234
196
2780
1907
427
830
1925
815
184
4231
2319
58
96
873
234
1078
4380
59
143
670
3176
8643
391
3763
1599
240
2764
658
648
3334
161
145
337
685
1258
270
111
1245
359
6104
152
2653
2845
678
632
5740
669
192
1328
1698
1384
34
157
1762
6894
1352
1223
2794
94
190
2627
8205
279
525
2735
1423
565
284
663
2776
664
430
177
1298
2252
1348
656
2135
709
4392
312
3458
2210
661
2225
733
3849
868
344
3790
185
779
1419
2211
336
400
6
409
763
1708
1231
1374
4278
8898
694
1749
1787
744
282
1433
121
3261
4676
2754
798
3239
730
291
1335
1367
4343
613
271
776
2120
309
2213
723
349
132
1382
1667
3315
160
197
269
2766
2868
1943
143
56
3273
1223
651
678
4706
959
476
123
226
1038
236
268
740
11
1225
1949
1210
371
1535
1701
613
298
6288
758
1382
783
3909
578
1241
72
3898
2185
2320
1878
1717
2474
620
1143
2229
413
173
2801
2180
218
231
2299
230
2829
3179
147
9
2341
817
609
1342
652
328
656
787
164
1272
8797
4861
80
1874
1219
8823
1359
1775
719
136
321
793
260
2273
147
305
277
1634
2841
24
744
538
263
3235
294
6113
248
318
709
3121
1840
709
10227
1934
193
1272
1731
4231
173
354
3253
230
2729
281
1609
128
696
702
4223
32
605
809
407
8161
511
6730
350
236
5649
262
166
2775
860
1236
559
948
2813
786
301
3156
29
2719
1210
852
1801
6106
269
231
2755
312
60
287
1215
553
295
4334
378
2637
240
7776
2159
864
682
6392
1099
348
406
710
3190
385
442
226
1120
1277
680
763
1354
523
125
166
1658
1216
2210
770
2394
134
3160
652
2933
3363
239
819
1135
1737
1239
5442
2556
827
355
3750
3901
602
316
271
723
1905
4860
2930
303
2814
1180
2170
2371
135
2265
3304
599
728
2454
737
3435
207
1632
2871
1217
3702
357
2371
352
3682
1825
3733
3800
2763
2755
3573
279
2871
5161
852
1273
151
859
163
246
6642
67
217
910
822
1748
1443
1749
2237
4448
2287
218
228
403
3659
4756
651
841
1759
688
1242
437
4947
868
625
894
1133
3553
1195
686
302
201
30
1307
2385
720
726
8281
1
1132
1136
2270
2
179
950
5732
1597
5189
270
583
5632
1229
1739
7259
313
1298
792
70
1207
337
2710
5739
1579
2786
3282
1390
1237
559
3041
257
5299
4619
3702
280
1770
1308
7547
340
266
2766
2273
2418
84
132
267
354
4817
272
5851
861
607
150
227
47
756
119
1880
260
878
1150
2425
1291
1158
4864
165
2101
245
1158
4252
1150
2344
48
964
377
278
3172
140
591
110
246
2172
7224
176
2146
1938
2400
240
1780
657
1202
3148
2563
184
149
1724
3229
674
1647
268
2646
303
1674
4578
6790
2744
4176
381
1597
2195
251
1216
295
312
4267
342
75
239
400
107
3294
4378
2685
3147
36
4857
307
311
1327
5842
2729
1289
714
3679
677
1089
549
6548
774
3748
141
2189
762
1095
352
388
1319
3110
145
176
797
1066
2940
690
4605
1193
5111
1701
2293
675
1798
2954
2957
36
2411
913
2644
1344
671
303
1147
105
183
3758
1186
58
784
2755
1885
2583
2281
2327
413
795
2359
283
810
1137
2219
2288
713
800
516
6164
770
2187
189
352
574
1257
357
5447
1321
3279
623
298
1388
1
2420
256
1241
1675
264
11654
130
308
2349
597
2261
3781
1679
6162
89
379
1244
821
222
1188
112
275
2777
5377
274
834
685
5248
286
229
1752
3795
275
756
2750
2800
2781
7227
279
657
1409
325
2850
2131
385
3243
594
730
4035
333
1843
302
384
1773
150
329
880
2778
7829
753
2311
9150
7832
7827
398
4127
806
6844
2827
9158
3156
4147
251
367
761
11271
778
313
554
7786
2387
1156
358
2852
3122
2404
1396
848
175
1169
1180
810
3662
1122
790
1697
633
805
756
77
172
407
4664
1881
6809
4678
341
3304
294
198
324
10291
4876
340
2773
5676
6152
159
651
2252
1646
820
1946
1249
353
4308
1199
335
664
2261
1716
430
5862
3645
89
1192
4360
624
669
2319
707
791
246
1228
1032
339
804
3174
745
2845
1079
811
689
1764
1581
693
4837
229
640
1306
723
336
5277
1281
1793
1264
358
4610
24
792
1821
1859
225
2164
721
3777
305
328
600
1282
2254
2330
1815
1103
402
3647
5338
8198
2287
3767
732
2200
1787
1736
524
485
1214
184
4203
359
359
2789
113
6715
179
246
734
162
646
2149
240
772
860
5164
44
1245
5319
2200
3299
671
917
2827
754
106
626
716
4742
261
690
3053
169
2045
367
2403
87
12165
1623
189
8677
1230
6213
252
4377
365
613
1792
1055
1226
2142
227
2767
1117
3711
82
3569
265
54
5243
1147
794
2400
140
1729
248
779
784
2868
1303
167
639
34
2206
2785
1438
181
5925
1769
2800
1231
1878
156
5750
163
729
167
827
354
1700
395
274
1776
688
1578
1864
356
4264
3704
736
165
259
686
4249
2937
3424
1378
209
3140
790
266
6598
3801
2699
135
233
5364
1362
221
3153
772
264
323
760
134
688
2264
1319
258
3857
895
1593
768
144
283
177
5306
389
666
788
3282
3145
2343
5889
2731
3833
5823
6324
1691
6809
1813
628
1168
347
3342
2221
1070
1859
233
4127
198
12333
1908
421
1601
939
725
615
3305
637
231
616
375
1344
2597
5322
1780
2063
1908
282
3868
699
2321
604
341
293
2250
1610
904
10121
3338
124
684
528
315
405
1651
285
1603
349
5724
3307
175
224
1878
28
1909
351
7322
1286
4290
1120
106
236
124
1122
711
201
273
386
4561
10
277
1103
2339
3386
3083
285
4721
874
543
3780
3239
807
420
841
222
1949
332
114
648
3
78
1271
8800
571
258
1728
872
201
1908
260
728
1217
3213
260
6356
377
3087
430
1293
3323
5423
2829
6823
670
225
1937
1643
2435
218
1742
180
1414
1532
292
679
731
624
3810
2603
1305
755
294
4253
331
6248
38
2079
231
2377
101
693
2834
1271
5605
578
219
1427
1626
644
1633
1391
1245
6219
192
307
6246
288
1267
4708
743
3167
317
2287
2232
8687
279
1
272
3862
1251
883
1741
1228
450
3854
142
2225
1813
1253
3335
314
944
1726
191
1790
323
1041
8214
140
328
838
899
1820
2759
1207
1131
129
2629
1073
1283
390
5909
2205
32
159
145
8
248
1849
372
992
166
696
3458
1053
575
3474
2373
641
137
2375
1158
330
8319
40
1285
1595
251
390
827
1252
3043
3253
1127
1188
133
219
9
228
1790
64
1810
2323
225
4939
12437
2193
1180
229
8029
1236
550
3635
1741
4102
71
261
3690
1156
8903
180
142
1705
4774
381
302
261
3773
647
167
3194
785
167
756
185
87
707
379
1334
5562
8398
1334
1163
4835
420
243
284
174
2288
3448
2443
826
210
641
338
231
191
402
1086
306
123
854
1660
620
3735
2825
274
3098
219
154
278
2349
1176
87
77
1212
4258
3737
2437
188
767
2742
778
653
2246
1686
189
177
5803
82
1858
2841
3676
546
230
780
4803
2384
1654
535
1736
721
7344
863
255
1219
348
4366
619
48
1253
293
1113
693
242
307
885
323
896
2749
644
1623
599
898
158
1296
278
1162
2193
169
646
429
366
3136
674
4795
1673
2739
232
2314
5240
1277
766
1593
359
1114
812
469
372
206
80
733
5948
24
1688
1866
252
283
1271
674
524
872
3250
1733
7216
2272
822
1392
301
3559
815
679
688
3370
1018
155
662
1890
802
1282
844
4827
6224
1256
2824
294
295
1873
794
1806
2554
1806
801
2887
5155
303
4314
1659
1336
1276
3785
5196
851
5308
1837
3930
1883
3812
1755
879
7058
20
2156
192
173
1660
764
7
1715
2752
1180
3716
769
2754
792
2247
184
5786
1841
1859
2235
703
170
132
2138
852
5676
1306
664
1051
3283
177
4232
3874
636
102
5317
1501
6708
418
2231
4534
1851
9115
6139
4195
470
1643
1399
2061
794
1256
1389
690
4693
1583
736
1294
192
657
3718
3780
747
758
12771
141
1111
222
46
866
863
598
40
6818
402
92
778
1608
1185
2191
293
1749
3755
2289
143
440
1802
594
2277
1745
2202
2703
4639
114
377
6272
772
947
555
104
2654
295
5450
3659
159
820
581
279
2408
574
1913
1212
899
350
1629
2711
339
95
176
2886
326
213
5875
2138
653
4850
5474
1433
743
885
256
1592
632
485
184
100
762
3330
7615
1731
671
864
1344
364
2185
7873
1314
895
1774
1125
223
3
845
359
4253
449
798
102
4264
1769
293
1270
791
160
2808
172
327
299
1227
326
218
224
3655
643
131
2717
826
3269
6172
6253
342
139
374
3344
1180
2251
1385
1412
244
342
180
210
799
2963
3958
3675
1963
155
304
2292
685
349
1813
2785
695
1563
1375
781
3712
196
1304
5808
587
1641
855
6733
797
1803
610
2189
933
2940
874
1131
101
825
2277
648
692
47
400
720
19
578
3595
1255
589
832
1184
659
2871
129
887
321
1898
1378
94
316
790
297
1249
230
824
114
2441
438
215
71
810
6682
1316
845
727
2850
602
7855
2823
107
883
2834
93
799
798
2247
658
774
339
127
1162
1373
431
1331
758
2816
1265
2641
1650
498
1361
2394
1671
3400
287
2678
338
1894
757
894
724
3196
212
5310
2770
793
4621
63
2845
212
4256
3910
2244
110
239
3179
1156
1708
1149
2201
321
219
312
601
910
349
1660
8
8751
2755
3926
2336
1325
1101
1266
663
823
3266
3125
825
215
243
7482
7243
1174
1777
395
1722
5845
378
4888
65
1327
2177
1373
241
190
252
372
232
375
296
750
2671
4578
2233
892
326
6858
260
3250
7298
919
4200
439
1095
1810
224
2791
1809
924
6939
1090
4296
112
228
1728
367
1320
87
1731
1381
274
2354
5781
1738
2844
165
5105
3972
2824
4187
1923
190
910
284
734
2679
396
110
109
732
685
1276
274
472
1090
1813
5343
648
5077
2779
931
1396
4363
1150
2793
728
3272
547
529
228
2462
800
4744
3092
1632
793
700
645
330
1108
806
3244
758
416
4771
690
279
4229
7173
446
3328
555
347
304
1281
569
2187
6891
1893
239
3186
1213
792
148
739
1735
191
1676
331
703
1067
1652
911
2733
1248
2783
2741
613
187
1868
1869
1232
894
735
2830
1830
194
1175
794
1107
673
1711
1244
2623
1200
2661
425
3248
322
2360
293
458
639
6347
661
229
3170
2258
1176
38
303
916
1220
1699
7936
1268
634
107
1217
318
258
782
285
5230
9347
6825
2160
700
175
288
1687
1351
244
73
1266
847
264
3321
700
1883
3649
9264
2331
326
3310
2453
4671
770
102
257
3243
3726
2257
1272
877
1260
243
797
735
201
3274
1613
5305
907
188
1742
2071
290
813
83
265
838
3755
104
743
1304
2382
180
330
157
301
101
2776
3361
612
68
3665
166
95
132
2802
299
1827
397
3198
1730
1658
247
1400
194
450
1116
696
1745
252
3352
4772
1767
751
3186
226
1874
2438
212
1758
824
229
343
1320
562
1693
390
1829
3300
313
799
1752
1584
2886
2258
1180
815
629
3683
1777
3705
323
1926
773
807
1102
825
799
5292
215
101
1391
8371
627
3769
3312
3294
292
2308
3242
4424
5982
1235
1684
1954
1298
2136
751
2749
2732
204
465
11208
485
5742
25
316
255
1764
235
2957
1592
7662
4673
3208
138
81
2743
226
847
1736
1307
166
413
173
1308
2094
274
3355
688
566
2104
299
2282
3423
186
1
1394
1085
191
330
254
1385
1818
301
2810
8309
70
664
109
2833
806
3776
8321
397
8404
2232
850
2188
1758
11912
2119
4480
3284
326
6328
1141
1463
3676
850
4159
2278
4108
1328
53
211
1297
115
703
126
3161
1386
190
1247
6682
168
790
2085
179
4770
302
276
1412
151
827
1342
5286
308
255
160
2105
280
4630
215
321
1850
258
4744
3471
702
281
2184
762
333
680
283
4820
442
58
1696
783
1719
1296
945
166
5380
2681
632
45
1839
2802
1730
298
78
876
2280
835
662
1768
1242
791
749
1288
2302
1285
2771
73
593
1714
2708
2308
102
2625
788
4303
1147
232
644
738
190
4808
4274
16
1764
277
1241
866
262
11248
319
801
1272
2076
1230
221
5718
1244
2289
2849
1401
5224
282
21
954
294
383
350
2833
3100
3294
89
3969
2427
736
1790
6319
303
1095
201
782
533
176
588
114
726
2344
5328
915
911
2796
2325
1258
183
7864
299
5674
2760
6321
752
6353
1125
1238
1431
669
913
659
674
5817
205
7198
5882
787
1180
626
524
1206
381
6270
1211
192
2652
3070
954
491
399
231
6606
755
1897
310
427
4252
1697
682
1282
301
514
1249
1774
2921
797
688
1301
333
1124
1127
214
842
734
5190
3143
259
1739
164
2145
1754
230
817
3330
1856
822
137
331
113
820
3835
1147
3335
4768
4896
1246
749
4301
5301
2
1692
4432
7354
2815
7311
277
1360
1712
205
374
796
387
1353
775
2881
1597
207
1810
1410
30
3230
1333
703
1931
928
169
350
6205
727
7620
3385
216
300
1934
140
1714
825
975
260
2237
773
355
805
2158
1756
1116
4913
1209
2167
660
797
171
1304
1785
311
435
3695
611
3755
1386
2708
81
108
5873
883
7160
209
126
791
355
455
261
4
1619
715
567
1383
1710
218
390
275
1389
698
1560
2742
1427
84
466
2348
3375
804
3076
387
378
820
257
2436
371
1679
785
10
597
226
667
5325
303
820
752
977
276
7350
1826
214
116
2312
3273
1633
706
183
2814
775
1896
1285
649
1573
2893
703
2822
885
2642
1769
23
293
727
3170
2904
6271
349
214
2563
1107
4726
653
7
1820
3442
187
2220
231
272
6274
152
413
626
3754
5804
5583
583
6212
1618
3291
726
4934
2229
1181
1147
511
411
2677
3164
258
301
969
1288
1260
1248
1716
7384
5223
888
1105
6721
1122
3385
354
208
1230
194
1091
4186
1330
692
189
4214
1351
671
709
1199
2252
4197
1086
251
1808
3813
63
410
113
1239
66
2770
4682
3688
739
855
842
3158
175
2368
1190
216
7228
2395
3164
2207
270
5801
1704
779
1264
5263
163
1274
897
1075
3239
234
169
328
302
1723
120
776
79
6677
229
5366
881
696
1272
205
173
2789
2246
1266
6246
214
242
1148
198
92
1285
373
1829
3787
2260
1286
2821
1352
368
2784
5764
164
209
1708
1601
336
1293
4339
703
7297
95
173
1392
786
36
6974
330
91
3176
1284
675
98
4118
774
616
14
15
1173
6626
1878
1309
1796
232
1292
1834
1241
20814
511
3217
119
4682
206
758
2397
5793
414
780
438
558
244
2003
652
3161
213
199
2783
1728
2286
1793
722
3205
385
2656
2205
1304
22
2315
1780
148
1562
665
595
447
374
1543
1760
6339
2239
201
171
2786
95
128
722
7822
766
2793
5200
305
5
689
129
232
1754
253
4705
2804
2269
798
5325
212
1788
656
753
7766
5324
136
3726
338
1257
1644
1128
289
814
805
149
332
1661
703
4790
2186
577
753
1834
625
6348
777
247
599
73
341
804
564
3322
246
5904
218
3168
1258
2212
249
2324
176
288
1228
2294
613
1173
1681
5731
1180
4433
1884
155
4358
190
191
586
267
2181
1210
234
1598
7104
1
371
3100
2597
3696
6898
394
11900
1215
125
94
359
194
1538
1803
1710
119
239
84
1715
690
167
703
3932
1617
1338
35
404
6146
1758
6170
2097
114
773
440
653
2319
3859
2147
692
3283
2729
605
5717
2
2694
368
1426
778
536
1
763
1982
139
2929
6099
3304
1338
105
2316
821
293
1774
926
696
1242
2866
4
122
1283
1407
1888
596
1826
4330
152
4192
1292
71
613
1109
1855
1647
699
2765
2448
170
8942
172
3903
4786
328
1815
5669
10729
1177
1764
580
432
5238
1702
749
1747
3619
1292
1335
883
879
707
1305
720
229
155
51
1360
824
199
210
1876
2349
8176
2237
248
654
2287
365
1273
1249
918
1827
265
1758
2781
3672
3101
7488
246
5900
260
3253
678
572
91
4330
2802
12
2261
1255
3399
1323
204
916
4818
1304
11694
3411
543
4886
742
883
193
3801
342
3644
4039
114
834
151
1372
405
344
841
620
296
1460
5825
884
1428
1826
573
2182
3319
839
1169
5348
738
5647
179
7776
2705
10909
652
4217
207
708
665
50
1419
2389
1841
726
2902
2982
723
4773
4289
3708
2777
740
2229
123
5751
148
6816
211
692
257
1698
1672
404
1817
3305
133
12
2632
145
115
249
1207
5732
195
421
197
676
71
3534
2286
176
417
250
177
1355
1342
541
288
273
1430
814
1060
7576
120
1680
693
848
3282
750
3751
828
1640
1312
1199
310
741
3871
222
4757
1864
805
2315
1103
849
2694
1731
303
1274
112
792
362
550
292
889
4635
2177
108
1715
121
820
3135
4752
2625
7406
1190
1078
1231
2257
1315
267
2660
88
3726
1661
1865
977
11815
1328
717
1750
1891
63
3816
196
5250
1411
401
2309
6363
741
1587
135
724
2303
469
3714
1156
3258
1758
1652
442
1638
3276
7395
266
138
1169
736
248
655
3115
730
1102
2387
426
3717
2371
4853
1261
1292
297
190
3649
661
5142
192
1324
1800
186
354
2347
3059
800
1567
1843
1646
1791
4149
89
285
714
184
888
1779
764
701
3324
4291
2776
720
189
2043
264
852
4293
2818
191
175
323
446
186
441
165
235
2823
1159
2305
1757
2836
1177
867
3844
2265
3716
120
3244
2065
3205
145
259
3914
8831
300
322
717
660
263
308
8134
3867
233
1958
869
2156
642
1294
4746
2816
637
159
1854
2901
2689
1816
3875
708
129
297
108
726
1314
3827
2247
327
696
3151
377
732
624
102
471
2467
178
193
802
766
3189
2270
682
1249
219
409
2948
3397
1246
2875
2140
365
6595
3103
1646
306
191
648
494
4722
1427
1171
771
688
2188
252
1773
3402
94
263
5287
90
383
242
3803
3087
824
96
2814
389
310
2159
2204
247
223
401
24
1772
2935
4239
1145
484
3672
1247
1824
4363
2333
202
2935
303
771
462
869
3953
1308
3340
1048
202
246
307
1767
3371
4331
1202
4247
1082
330
88
3781
755
2333
1798
2808
5195
1887
2874
1847
3400
304
3750
2849
380
4233
2390
1273
635
1359
767
1629
1726
328
1300
119
2425
244
3091
709
317
713
2843
552
3731
293
1555
4615
13697
1718
4563
249
2199
5746
6879
54
2639
839
3812
5343
2802
3406
394
2086
1653
636
1740
1205
225
90
4328
1303
2142
758
642
798
84
803
2563
230
1763
4733
2374
1324
1829
1805
2706
120
868
168
5878
1819
145
272
766
286
251
1119
2764
2362
2830
9809
4676
3219
6348
604
733
1675
218
322
2277
47
2095
2814
120
863
1676
1244
269
3383
787
303
323
3414
1736
4398
1854
280
705
215
3231
1387
5681
678
291
1714
635
636
4317
582
3262
22
311
2732
4069
352
297
3351
5183
371
422
1896
2673
724
3275
1685
1736
2237
238
2573
202
263
926
3211
3636
3229
6655
230
367
2269
1821
2454
141
2710
2304
257
1259
4180
163
2409
5627
3395
1766
2210
443
215
160
2726
1751
265
1218
2829
122
230
760
805
526
289
74
2252
111
1762
4260
181
1961
3726
1298
4129
673
2624
145
3645
2305
862
422
239
139
157
1118
5666
1442
2293
2710
423
353
3143
316
1355
1653
301
330
753
5299
2311
3913
858
445
9270
791
1887
649
766
2660
3384
175
3749
202
3204
166
3276
164
2140
2991
775
2767
1599
1294
940
638
896
2292
409
1978
287
668
1325
321
1966
4244
637
661
300
975
2627
696
3781
1654
291
1239
946
1183
1251
6181
2373
1122
850
71
2182
245
2301
10396
133
695
315
93
1655
3660
342
1309
706
1814
242
818
1414
4126
1819
3354
3076
189
1
356
324
281
1835
220
1298
3925
1824
187
461
193
2303
239
3860
238
314
2748
779
841
661
259
1840
870
246
1
902
1226
247
214
895
5
11180
126
57
133
55
649
231
761
2378
1398
1837
1363
270
843
825
2769
3175
3765
2969
400
436
2739
349
2288
140
4241
2409
1056
290
1905
4238
731
1112
2268
216
809
1667
775
4168
827
1913
345
2396
287
11639
185
1137
1821
319
3572
9221
2218
353
802
2391
126
5219
1772
894
2725
1764
3130
2410
8770
82
341
3280
717
1201
1109
2325
2608
2221
223
1753
4284
1235
773
316
3609
296
703
944
2347
162
872
4769
324
207
807
772
2883
1189
285
221
1706
3919
793
76
118
2240
6805
792
5147
908
1094
2636
4856
762
6995
243
1182
259
2225
1704
1988
714
8868
1155
1250
330
2668
543
759
244
1280
2914
1823
386
644
2648
683
1646
419
754
2257
1304
228
3127
681
651
719
1265
783
1790
1798
2558
913
1125
1756
1273
1304
3129
210
747
2274
1253
2268
226
1778
1113
1653
4302
6375
262
751
318
1249
7329
206
528
100
1090
4212
14660
757
603
259
355
1320
288
1792
1773
305
224
8651
1130
860
720
5306
3892
911
1647
2722
3569
5722
175
7373
2181
2384
1821
1651
311
4391
304
7211
244
1278
2643
266
750
3250
1301
4119
2424
658
3914
317
1746
3086
630
3338
4244
853
1919
226
1242
371
1343
742
266
1768
316
307
1189
1181
282
1127
3724
3730
1708
2894
772
3797
187
699
712
234
3610
3321
335
739
770
339
2256
4320
164
1198
140
3306
231
1680
818
877
272
282
349
4083
706
1949
657
11376
391
7802
647
621
3630
1404
1613
3344
289
308
1709
2223
2671
285
1701
2175
232
390
4273
732
250
823
3324
1657
2235
3248
204
225
5300
1956
1741
678
4901
90
141
1122
3803
1805
833
258
143
439
133
6740
1389
643
277
393
3349
1338
2104
2718
1370
2111
2739
450
1371
1664
607
2722
175
259
4690
2596
703
1688
3792
379
1594
748
664
4103
1790
338
2671
887
3753
287
713
186
3337
2155
165
3382
1388
117
19
10789
852
5378
3596
1228
481
564
236
15
383
698
1722
1052
1756
305
1658
1199
296
5777
903
2754
303
933
890
7226
95
4927
3204
1760
1752
79
539
1341
3618
126
1841
253
1238
3464
741
2276
3803
1274
712
64
4129
552
3049
3814
6453
1340
2464
1397
2899
1256
199
296
439
1142
1096
1267
382
6825
1665
2837
724
3201
590
533
631
1753
270
884
1653
416
224
192
300
3648
1218
4
169
877
2721
1392
2725
7104
818
2320
1828
1827
2800
1785
648
221
13578
1901
1258
9768
158
1
412
77
2334
1859
5787
1213
3217
1579
1926
553
1253
1689
2206
2745
1243
1422
1238
1825
4102
1325
2372
106
707
615
967
6696
269
797
1190
764
771
3100
593
2226
910
320
2766
1696
3178
736
183
1737
2863
1329
36
138
2226
2059
145
4804
233
2248
775
130
1366
40
146
589
1208
3076
2895
4863
310
655
116
2091
1848
888
210
1451
39
404
200
24
1381
1810
250
836
1312
1735
1421
1139
8653
858
211
704
2276
6695
645
5348
3781
788
147
1953
158
1537
1326
209
2234
2719
698
2282
183
1727
1807
820
1245
239
5672
678
689
226
866
365
1865
1264
1199
1236
358
117
2582
1894
5769
9181
1699
1550
2609
4634
1930
680
589
3703
1214
155
5874
1794
196
2178
264
768
4716
1799
469
726
2760
704
616
1443
826
5388
1239
1178
3250
3199
2324
657
2137
1321
2353
170
2197
745
218
818
1468
224
2258
2735
174
1722
4163
2840
123
371
428
2290
4793
1771
570
597
5348
234
2599
3292
747
816
1304
3624
319
1765
623
110
1742
2251
276
2222
3242
1693
2261
198
3798
318
2677
3077
60
201
300
1065
255
2204
178
2279
3684
1376
1088
1270
267
1397
1880
5243
4656
4116
688
233
424
310
820
3222
1195
4159
1591
903
2316
435
1159
2125
4349
2219
2145
1289
2381
262
810
231
1266
2788
5441
233
352
2628
1257
262
284
2605
669
184
623
679
346
3211
2283
3830
1743
2558
1861
3869
1123
380
2742
1401
2230
714
1098
5290
887
200
576
1699
738
120
640
2343
2724
172
754
244
81
257
311
397
2215
850
1301
234
191
2189
1258
4318
256
11927
347
4300
886
1272
5713
737
275
227
3662
2352
187
853
1277
2855
1086
390
680
1684
787
1604
872
2323
824
328
206
788
647
1671
129
246
1550
225
3926
157
5559
2246
1086
190
195
3237
1752
1772
4267
839
1583
309
2
1581
1851
4426
309
1643
816
5776
327
784
4182
652
1912
4140
2359
1403
5710
192
824
3912
4249
27
4139
164
381
1413
6784
78
360
790
1122
383
1257
1318
1883
797
1801
746
6070
1169
2242
186
830
861
3299
895
3665
1735
2831
1771
11595
7237
19
639
2615
14838
377
5693
8339
300
856
251
80
775
2675
266
405
453
2731
134
353
727
2713
257
4311
347
4717
1360
1381
3729
2428
296
180
855
265
1267
72
552
215
2640
777
2745
3239
823
4759
383
1391
346
289
3882
1252
731
2604
3145
656
1954
3342
686
625
315
1729
673
1782
125
822
2216
190
79
863
739
2694
2963
211
1166
1267
239
3881
656
866
3818
1714
3349
2905
5213
2761
297
1844
1834
2718
1190
1802
744
414
166
1199
1326
683
736
1384
4248
765
1118
8
143
34
22
2424
3245
1703
854
570
2246
2350
2681
705
1244
3776
167
5791
1746
366
77
48
765
910
1304
184
466
810
738
66
1193
2459
12264
177
3433
685
1147
249
4900
746
2276
1084
267
1244
87
1143
928
140
1244
2841
696
1792
216
740
1275
1126
770
1794
1647
2107
935
616
2827
342
757
927
4953
3196
1056
805
316
232
795
291
725
1117
416
91
2437
716
2829
1327
4781
387
2757
163
1457
6654
3
5899
155
3153
3218
109
2707
2756
237
1723
303
427
673
4293
439
592
731
102
29
2290
1928
594
1683
1222
753
823
4131
2295
8288
2597
4930
815
152
749
4073
865
980
723
2981
1786
8417
775
4136
4857
174
83
291
1069
34
1697
696
7323
1110
803
1219
606
1383
688
101
195
1462
843
139
579
297
464
615
665
260
616
2286
1131
2313
2304
1643
1584
168
2056
2077
1118
592
4309
21
5832
1319
37
60
1219
191
1382
191
4199
2870
274
3192
3775
2118
699
878
329
1085
10076
2319
764
5847
1639
381
1596
2899
1228
386
173
926
225
4179
196
624
1261
857
720
313
753
11774
271
193
1811
337
3223
743
1887
817
3415
54
1577
3434
1250
331
2114
147
2765
3256
135
4843
2796
701
7860
1173
2647
4863
2746
222
970
777
3829
671
1333
1369
287
164
432
134
1239
1311
377
236
102
4793
698
4799
429
1142
3228
1718
752
4848
322
261
817
2313
3693
274
173
322
2759
161
325
3128
726
116
903
1924
1385
3776
229
146
2157
286
173
357
4206
2718
7941
4707
704
684
786
2181
5770
1174
869
1163
2748
306
2358
1304
912
327
768
2550
1367
400
298
1751
1407
2753
1239
1769
762
893
85
2108
2437
66
12721
2369
781
223
1708
660
115
108
347
732
2596
433
39
1282
157
775
8351
2869
214
700
746
4403
1207
4330
723
2784
2105
787
1880
145
3808
1712
192
1605
667
2830
834
2752
931
3174
3358
806
6250
3323
743
3746
298
2440
2745
7397
345
1652
642
107
384
255
357
352
140
191
461
2775
840
1119
5238
81
269
3327
344
703
2880
726
4747
772
297
1256
478
774
3597
5293
1224
8566
1186
6934
614
3301
845
245
87
302
274
1318
380
1666
337
303
1359
328
293
316
400
1862
730
656
1715
260
659
90
379
1582
386
1156
761
613
1258
1449
13
958
2260
1198
696
2133
1928
1629
911
1679
557
1568
1792
3296
188
1282
14183
3857
2324
1762
2813
245
711
216
372
3378
2297
335
2434
1386
2294
1478
379
7188
1896
163
655
1860
6214
4379
3328
1789
2867
5243
8068
4859
2648
1331
318
232
1405
784
7627
3073
2160
2769
461
3703
243
5318
2252
2906
1275
1770
393
5278
4719
1726
1602
443
319
818
814
1715
1590
2782
1364
1725
329
1147
1232
1644
170
203
1745
327
2783
245
306
53
4832
1071
99
1748
1952
670
719
2113
3262
557
790
4737
6541
1234
2851
2149
439
2268
344
327
298
1704
7271
1898
693
41
659
8301
1894
6122
3729
1282
670
272
248
4263
373
774
3209
2753
589
2465
773
333
242
270
3156
1239
2414
5088
319
2282
6889
340
197
771
1939
227
77
1186
245
22877
2212
817
3240
199
5841
1367
166
120
593
2274
303
4773
202
2770
2467
151
326
180
4896
1134
2238
849
949
2646
4271
1189
219
746
3397
1692
295
1975
109
2891
7850
88
150
266
260
630
5772
2230
590
6798
113
381
274
6726
907
193
926
2296
219
271
288
220
2380
745
6146
791
728
1332
204
1748
210
1588
3395
3717
6290
1618
3243
1303
1765
263
677
1368
333
2053
756
1101
2742
826
376
2600
5729
767
429
4234
88
1841
1614
732
7603
1646
5253
209
6429
5314
232
728
591
2343
4447
199
216
767
1825
36
1382
198
2877
734
3296
5894
1251
42
219
288
9379
4839
1872
3840
258
796
2193
1446
2676
1217
5302
3698
2565
712
1120
217
3583
3344
169
170
813
600
6331
238
1949
358
1708
2404
1203
211
3738
244
250
553
1234
3247
310
290
136
709
1102
5863
882
3751
318
3092
3606
1133
2471
1603
3605
93
6973
285
2088
2869
798
2733
628
393
2742
1758
6283
2717
1340
1714
3594
850
256
5779
322
1424
716
1085
750
648
770
161
607
4696
53
1552
1608
6079
2264
231
2276
11250
3332
601
1185
1672
5412
820
2643
337
1819
412
1433
1752
750
2689
935
91
224
439
317
702
425
446
338
2771
190
1750
133
6326
665
1708
312
786
2819
761
58
1830
686
1302
760
2613
54
237
1701
2910
323
1419
619
1696
3298
644
1298
345
8250
4355
404
682
1280
9834
2282
146
355
3836
242
831
398
257
221
2224
1686
84
310
1226
255
252
1129
2588
2039
3070
843
3089
749
362
737
1701
1959
257
1381
1375
1256
6160
790
672
260
1116
1320
3941
266
126
196
2758
276
442
384
618
1728
1370
2314
719
195
217
42
421
176
1326
120
842
456
755
819
5373
1371
647
2784
1323
1806
168
193
165
919
1927
1686
1583
268
203
2847
715
1341
1713
2796
853
1874
1273
1449
107
1345
42
1211
1305
1341
224
266
395
4844
5874
58
246
64
1155
608
820
742
1281
2613
141
137
862
2558
3868
3338
660
1768
175
275
725
715
1406
2391
785
597
1429
6249
852
548
276
5403
3538
1767
28
2935
429
4729
648
766
3753
327
4431
1228
1288
4589
333
234
158
1627
632
663
819
1226
3341
817
6712
1150
915
87
74
737
4301
616
1377
1283
613
912
3977
4226
296
2660
2108
2286
1227
7233
48
793
3719
1235
861
411
1231
304
217
662
318
2696
1898
5768
5175
1847
314
4193
1680
3729
887
2225
4082
270
714
5634
204
927
1873
5464
2225
1255
5107
1417
830
1468
901
3301
346
1243
2181
5091
276
2163
107
247
1325
2263
11767
3795
5
2790
857
729
334
4177
2742
664
199
1324
259
254
865
290
1092
3233
3240
448
132
215
606
1710
226
1323
1824
271
152
3772
5700
2276
2436
5415
235
2
305
4331
2860
4796
2212
555
147
2669
1705
4233
1045
256
2332
274
419
685
1135
591
310
2046
3541
413
1917
60
1209
3194
916
1141
743
274
777
750
769
233
520
138
1429
267
764
2389
484
254
334
4644
1312
926
276
1228
295
31
909
2230
442
4882
14
1267
1748
2178
678
248
1773
2365
867
200
761
4038
1147
223
3159
366
1887
304
169
1628
365
5559
918
1244
2957
1192
194
281
460
1623
4111
9135
308
185
578
1705
154
6249
5618
2261
5710
255
11378
170
9178
253
2716
1253
4801
6210
684
8428
1290
266
138
9120
355
1640
12835
5084
834
1233
668
1737
39
1776
1967
1894
2169
6641
4110
1329
4279
817
3822
1201
5477
1595
693
3267
7303
355
364
6826
3132
838
288
1899
2838
225
2184
756
28
1662
2291
4927
94
1402
162
4763
2426
427
1607
235
3430
279
288
351
827
293
728
3201
238
746
822
653
2264
1788
247
11841
99
314
2074
635
330
1755
1331
617
4763
4212
1192
157
5809
80
5593
62
2356
1107
704
109
381
4146
399
4901
663
193
258
663
897
835
209
202
6651
1627
560
727
1630
1772
753
7308
3789
2203
8
2637
592
2301
915
294
1287
8326
3642
820
296
1274
213
2344
5765
663
167
3908
310
3305
3119
7783
761
38
1619
127
1124
4286
3409
174
1406
1107
1555
406
8160
2725
4183
1733
725
1597
234
86
4714
1821
1374
105
1272
22
585
727
214
984
280
374
2291
2791
4725
3312
1042
324
758
605
783
8157
2724
3233
1298
6328
793
2911
2282
521
203
356
697
4818
2875
131
1795
3285
814
258
203
103
1934
2383
712
1856
244
1343
776
183
5218
2802
329
1170
2297
1192
225
5224
542
1358
148
1347
371
3790
1327
550
328
199
1792
621
281
24
1140
526
838
3199
444
1173
115
824
22
217
2540
1043
261
674
956
260
2735
4263
3235
115
1088
470
930
3607
213
288
4361
161
685
1966
2287
1835
34
477
2739
1209
1816
88
1240
2158
2254
632
648
378
4353
3272
2356
1263
4387
4624
177
5400
752
5331
3885
1233
838
3681
135
1812
10
1055
206
709
259
751
2252
1727
6233
3593
172
1708
4352
345
1774
872
2193
3333
367
2279
265
1181
3719
221
135
2820
2393
405
335
673
402
1180
1624
295
581
6937
1733
3196
155
643
285
1270
1666
2302
179
666
2820
12
5343
2662
2901
3812
4161
1314
468
7231
78
201
824
1415
625
724
707
737
5786
321
615
1243
782
710
195
1599
381
61
