400
450
1175
46
44
818
446
3
29
58
838
1635
1968
1192
442
81
485
435
397
75
427
1945
23
38
42
68
68
416
437
1
446
53
50
392
428
1590
828
59
45
436
451
1251
451
406
1211
66
1977
52
49
1256
798
8
2722
414
443
810
3928
784
432
1945
868
1980
455
461
419
1601
45
27
73
1236
57
72
25
2799
97
1574
292
100001
426
29
100001
28
16
72
31
1945
49
77
791
1615
18
2425
35
1228
2742
59
3539
1554
2033
1171
796
432
853
1639
1176
1240
47
64
1240
1251
71
51
100001
392
437
85
1214
461
27
6
2037
22
397
1221
1942
1223
22
77
802
436
32
70
62
476
1232
1608
60
56
27
11
484
35
448
85
870
1
66
79
433
80
852
11
1995
415
794
833
410
440
1957
457
1632
47
13
2380
847
35
1577
850
2376
1
418
19
802
835
818
805
30
7
3
468
12
1237
88
19
437
3519
841
1
1973
3186
15
75
1243
1200
56
39
4747
1219
33
1182
416
1577
8633
1187
79
97
2400
100001
447
858
2006
398
871
3112
1991
50
469
45
33
4
9
457
25
36
51
480
77
75
33
28
3150
49
434
35
36
37
810
44
6
4
18
36
16
4
39
73
433
11
100001
3495
2781
456
1230
777
71
34
1181
78
85
92
1167
1610
23
2030
5
789
820
435
41
837
807
26
7
73
4
45
1608
862
14
2018
422
1614
477
5887
45
37
79
1992
1955
35
1951
69
1240
71
21
42
12
87
47
4
50
62
1649
94
61
1957
66
805
1578
14
794
813
847
36
2372
56
421
397
798
831
16
67
431
67
79
61
44
89
31
1616
432
1175
36
448
44
451
58
35
2351
435
424
1979
8
67
64
33
82
29
75
2021
7
432
785
38
464
783
1634
47
454
1566
1232
52
414
840
19
40
82
7
48
478
399
1
10
2744
410
1980
50
55
46
1228
819
5127
85
430
53
15
401
1233
789
823
292
2419
8
2
64
33
44
13
27
4328
786
43
48
839
7460
1224
832
38
3192
80
2781
49
867
1259
42
431
80
396
423
2372
2336
12
58
840
54
799
2009
18
4343
2730
832
1196
5067
6
35
1198
29
32
816
1194
816
77
873
65
780
53
10
412
6
56
420
72
464
34
4
2387
95
100001
833
1556
1207
2759
462
20
781
402
3887
100001
1214
79
404
63
1223
85
86
461
406
2
84
30
3498
1558
1991
1986
9
2
71
422
1635
23
452
5
3173
44
96
1622
475
1989
8
1255
86
41
2
861
15
24
393
807
466
1212
7832
65
26
804
76
2009
860
824
32
24
100001
3
76
6
1175
93
2775
74
442
50
1210
2761
50
15
1261
872
783
2743
1613
2773
814
429
66
48
28
827
783
421
1630
848
49
397
2410
1995
850
821
482
1641
32
9
782
15
20
43
2411
94
470
407
1577
9
1247
39
1585
446
457
71
1227
1558
48
861
17
389
2389
471
37
60
71
26
3190
422
13
2403
48
35
2784
28
23
1170
1201
26
1209
15
783
45
49
415
78
473
3
68
788
23
41
1629
449
46
60
1
413
6
470
3
15
424
67
81
1981
56
3506
871
426
7
868
100001
1199
70
433
870
1177
46
397
1203
1199
836
1601
2
1194
867
1186
3518
458
86
480
436
63
420
862
458
2746
1253
856
9
403
428
482
15
4
52
92
64
1238
867
15
4678
1567
779
73
3506
64
1192
78
15
1228
1233
1629
78
33
76
58
3184
1238
1176
1633
454
80
89
1213
84
76
86
40
1242
824
25
3911
482
3543
816
1237
62
462
75
12
17
1590
1185
1177
404
863
1204
1962
2400
14
22
398
1189
1553
454
788
18
852
54
3187
52
33
70
8228
54
1188
861
433
19
33
1208
12
5052
475
2392
87
2796
1181
3955
53
5080
477
57
415
14
3530
33
862
1585
35
70
800
12
91
416
86
61
1169
89
1591
459
71
797
827
872
2383
412
1566
57
403
26
402
444
1646
292
23
27
76
5
64
444
2358
42
456
70
829
97
44
94
20
31
427
96
792
403
1177
60
1240
1598
13
42
59
34
8
1569
457
390
404
2010
21
62
60
22
36
406
31
45
96
77
5124
396
870
391
810
28
2758
440
96
11
4298
3968
53
14
3142
90
2
13
840
1194
432
68
71
790
811
2336
441
844
426
390
868
1179
790
2355
13
812
437
469
2027
87
470
100001
857
22
93
57
426
93
1607
393
2340
1226
31
54
798
4
2738
7
1592
4
844
37
3173
36
35
21
95
50
44
44
81
67
1998
93
1943
38
2
3506
3
1628
843
94
828
2393
396
33
840
468
1642
844
1623
1230
818
64
73
42
88
480
1228
3
1176
35
2423
1245
53
1618
21
815
3
27
2339
40
1186
85
856
2019
801
1626
799
872
82
407
39
94
803
30
51
407
76
462
420
15
41
1565
858
408
79
1188
1230
81
432
17
68
2413
51
41
76
66
1998
786
447
842
1962
793
84
84
24
445
2763
1201
30
63
1646
83
61
30
1235
13
63
2801
445
64
23
2029
1178
1582
100001
790
416
3565
1170
15
2
462
80
1175
1225
802
4285
28
3946
459
400
871
80
34
78
780
790
853
1174
96
5
74
44
836
1554
1258
60
857
797
1593
5
53
428
1996
1596
395
82
827
418
50
452
862
1238
781
779
389
794
1560
37
49
440
51
1602
1187
78
1191
1172
91
90
1971
31
3175
449
82
800
85
1247
782
77
22
83
449
476
1967
77
802
400
6
403
79
70
31
92
406
93
1194
60
1167
51
24
67
33
1977
805
19
27
100001
21
38
34
4328
24
2770
1642
1605
28
75
92
67
2356
783
10
19
801
785
1
2
410
26
92
60
479
82
398
15
1589
75
19
58
2036
871
95
399
401
9
431
28
846
413
2372
82
76
1220
1222
1580
31
823
410
823
444
64
69
22
866
798
1642
67
2368
415
485
1230
405
18
866
75
867
1637
806
12
1987
787
398
1181
801
847
69
2
410
70
96
481
26
15
412
1573
847
69
1195
46
31
469
3904
8
1214
1170
804
2005
452
11
1984
873
84
93
2013
31
1207
389
1258
443
1602
426
81
849
389
872
872
40
402
5843
826
833
15
18
419
60
15
840
79
1200
401
32
23
2374
1256
853
6
1634
56
42
66
403
68
1565
457
73
485
69
63
1985
33
1198
435
4
418
19
11
2
100001
2
9
390
100001
479
88
396
92
1629
2742
1169
785
434
420
1217
7466
425
42
410
390
37
473
100001
53
791
23
77
11
401
36
467
16
395
457
2
452
1592
3504
786
16
87
47
424
815
468
778
21
56
413
26
1209
843
396
444
16
872
24
476
419
94
4324
2754
1239
5437
1639
23
1998
55
56
96
2022
1167
44
2333
90
53
416
1580
58
22
1991
391
76
2001
21
79
400
30
78
406
807
1165
453
1208
73
855
49
61
16
86
464
2367
850
93
76
31
401
2359
16
391
485
75
43
5874
871
39
3517
66
1649
32
1195
68
1234
43
410
819
12
72
2021
3977
1211
1628
70
40
477
409
18
31
69
805
64
75
467
457
1213
34
1
3569
2779
1258
397
86
1599
5
95
83
49
1235
814
78
858
5
1553
79
74
44
1646
1561
16
4659
17
441
15
432
1176
20
1203
87
8
3197
24
863
1174
82
93
405
852
851
850
35
15
778
7
22
20
34
12
40
16
17
5513
1233
826
5517
34
1582
35
59
46
21
91
47
56
87
4
79
451
423
80
2385
794
8
1553
2372
1233
826
13
100001
458
10
482
5
52
873
1982
29
292
2347
457
50
804
427
1634
23
469
2721
423
72
20
421
30
44
426
292
7
459
11
1610
58
84
2412
82
79
58
36
459
76
38
2391
74
816
1189
15
67
2804
1944
20
408
1189
2388
426
22
1176
394
71
2771
64
1577
53
464
3930
407
45
21
2031
409
54
1949
20
69
485
408
1228
30
77
42
401
1184
28
86
46
1970
12
79
850
51
2767
1199
1950
21
45
18
402
402
806
83
872
812
94
439
846
40
412
472
1236
780
813
788
1619
75
837
65
835
5493
100001
85
6
449
10
28
54
788
20
21
435
16
23
463
464
423
23
392
393
51
796
76
463
57
392
413
1241
435
1944
5
35
784
460
3181
76
1191
42
451
55
3
1613
11
787
11
39
35
47
1219
1219
807
2800
3
8
72
430
53
791
1203
1629
26
474
433
86
859
61
5
2343
44
54
80
4
870
1245
425
813
787
71
845
43
37
75
13
79
1620
100001
12
1226
57
38
51
58
1556
96
405
1193
407
2784
444
449
2
38
477
75
3132
1183
1167
2402
61
21
76
1
22
1183
50
86
469
429
82
91
1630
482
441
91
87
54
482
82
88
414
38
1554
66
423
1209
799
453
77
78
96
3137
90
1594
1997
59
3
2027
30
1559
65
868
800
100001
22
18
44
1251
1977
828
844
33
54
22
469
1963
32
1979
61
40
12
55
1950
873
53
90
9
817
15
1244
59
789
483
16
5
777
458
802
59
468
416
2
456
417
462
64
1234
58
459
783
63
36
482
808
36
1588
1978
785
1
7
786
100001
393
1566
18
481
26
2742
77
451
4
2409
18
1579
70
2
4321
2014
2383
803
59
46
4
13
801
17
1189
1189
66
11
100001
1586
1620
30
825
65
1572
36
1176
25
20
466
860
2
9
462
840
1181
402
91
39
865
1210
12
27
91
1171
14
1948
440
395
855
27
783
1202
3122
864
479
473
800
816
82
406
844
6643
410
42
1555
412
1186
404
796
403
78
56
23
97
4734
6
840
1
47
1989
485
462
820
468
47
13
472
73
57
1
2023
422
292
810
29
64
14
854
74
839
404
400
6
35
429
24
89
28
39
799
1165
73
413
1189
94
67
398
41
15
392
53
88
1224
855
22
1974
61
479
444
30
90
55
857
432
2019
855
2346
779
801
1985
446
1238
33
13
15
60
71
21
810
813
826
53
1621
15
61
60
1961
3
473
434
12
441
416
1580
5
87
3545
1580
26
95
75
59
1640
1166
1
1218
51
44
5
34
1170
75
473
8
398
78
4278
1181
100001
67
58
835
2027
1218
873
3172
1253
1245
469
460
7063
820
1582
1586
88
466
3
22
422
853
392
395
5842
450
810
41
477
427
2805
441
797
409
35
436
795
1190
97
16
95
64
1219
33
1170
795
3
16
47
2372
292
412
14
406
426
96
446
798
1208
86
402
21
805
1568
67
93
6
1569
5
86
32
1195
400
63
39
1214
72
1201
20
778
3929
87
45
7
438
444
11
841
473
37
88
3153
2381
2029
29
481
67
2345
73
411
49
830
37
1582
451
40
86
1226
83
1593
95
96
428
427
447
83
864
31
49
399
2747
29
3
51
46
869
17
1649
25
2374
856
70
444
1974
451
808
821
1248
56
7
33
2001
31
3109
29
410
425
1172
1255
1605
1585
79
446
67
465
35
1231
1589
1612
1197
1204
16
42
4742
82
457
464
2759
54
461
467
1195
4274
86
6599
1577
31
1632
78
3129
2723
31
847
406
84
862
2
2365
791
24
5
5456
437
3186
831
1585
1617
429
37
34
12
3144
2
81
5522
1564
397
1623
1194
9
4317
791
33
2802
39
828
59
64
816
46
6
71
23
422
74
75
1230
35
400
74
23
94
2734
1
4271
10
413
36
412
1244
469
2356
14
79
2763
2732
827
391
820
39
446
56
67
2792
1173
485
1605
406
1974
461
1183
43
441
406
67
831
11
464
26
419
448
439
7
100001
818
1207
24
467
789
864
446
425
10
424
28
475
2036
852
1168
54
851
476
860
3
829
399
816
1985
854
65
4729
396
3893
43
40
398
858
75
9
1556
51
11
25
1247
46
4697
1554
2390
1967
42
467
430
1956
872
6
413
1171
860
859
53
1204
47
89
430
1256
85
1607
4712
16
5844
42
8
1185
463
406
71
2416
91
418
1167
1202
17
83
781
62
2017
13
5
5
1594
445
1585
1574
1957
34
30
833
431
8
856
1581
78
3153
860
428
50
46
65
389
72
786
73
789
53
4719
34
15
1555
472
1195
429
66
89
52
394
20
1184
2362
2344
33
60
94
1217
94
2378
81
853
1628
1189
6258
89
25
790
401
788
30
471
407
5
76
42
80
61
818
25
469
1978
425
1559
1183
1604
459
802
1196
1170
464
406
71
463
23
5
30
63
66
22
28
78
72
785
2355
456
2754
444
84
837
2387
59
89
438
28
7
789
1
2404
20
24
49
798
80
17
74
28
54
814
412
3511
4285
35
2
418
68
1257
1561
1254
3525
484
100001
33
19
787
73
466
1628
450
419
17
63
2037
1587
796
454
1170
1206
425
464
870
3507
794
2741
1978
1261
3
834
35
843
1242
1634
828
9
868
2403
484
5
40
1239
869
2026
407
830
1603
9
2377
453
32
405
91
402
34
1254
778
1613
474
396
8
74
33
51
27
11
58
60
2788
408
780
422
292
402
6
1954
68
41
91
2001
2347
470
2011
1203
17
6
18
1244
1586
13
82
38
78
1554
827
58
1576
1618
8
63
810
5058
1971
799
1597
22
34
1242
34
1612
810
35
17
96
3106
390
42
29
1966
38
435
100001
2751
1957
5128
1580
453
791
2738
78
44
14
1565
42
803
35
859
82
2371
786
859
816
777
1585
1169
8
71
24
3131
853
9
9
9
37
36
48
53
1583
1941
1214
34
848
95
817
90
8
1610
1
477
2
66
53
79
1254
814
3523
95
57
800
469
59
439
17
398
73
2007
33
61
86
468
18
100001
1963
1254
870
13
416
11
2425
1244
32
54
14
435
29
1630
43
816
1219
1208
86
11
445
1609
67
74
1174
11
81
454
1249
5111
1251
1220
837
80
8
95
2412
41
485
2741
6243
54
97
452
43
28
435
12
1255
410
807
5
841
806
29
466
1228
415
5
794
9
863
30
424
8
472
4714
1221
1627
48
1190
462
1
54
1213
419
777
815
44
474
55
2018
1641
1996
1647
32
83
2786
2026
11
9
429
55
2727
71
805
16
64
66
1182
446
3131
1954
62
2355
22
43
1599
861
2391
86
5
428
50
1191
1998
1649
441
10
7
819
1210
44
827
483
2367
60
25
89
3954
94
72
24
5
42
5
853
461
783
7
809
1556
28
42
25
71
829
9
56
429
781
15
8
1186
790
423
2812
96
1208
474
85
1226
73
1992
2738
55
779
820
413
2391
405
31
463
429
51
27
1556
7
15
1564
866
62
59
14
51
1177
858
3497
26
2768
16
477
27
3
94
56
415
458
5101
3545
31
430
779
1952
63
826
389
13
1261
398
2
40
853
873
1191
31
823
783
3548
91
37
10
421
4328
471
60
4729
802
96
425
832
812
1166
3109
1200
453
16
396
2
52
49
35
58
415
39
13
7
20
23
76
19
1995
1979
66
5086
5478
1599
437
808
442
2399
36
59
3575
782
1191
62
449
417
1964
842
2369
29
95
836
410
75
19
817
43
476
93
26
483
47
1958
23
1207
434
399
1189
74
420
78
2
7
17
3897
18
71
865
12
92
49
403
2008
36
61
4
33
459
2721
864
455
802
1619
1553
461
31
20
6
27
836
47
18
24
72
64
49
819
38
1231
8
17
66
2722
1967
86
51
40
69
858
20
1174
8
1236
31
42
20
461
47
21
53
32
5526
421
40
850
9
10
855
782
802
467
2377
12
69
1962
76
404
432
93
86
15
2721
60
2354
782
100001
2753
6
1574
439
33
75
1987
19
467
861
23
97
2379
845
1619
31
3
856
22
3196
1592
1944
62
18
422
1643
445
5457
29
866
843
436
35
834
76
55
57
82
2406
11
43
38
1629
15
830
445
37
476
35
478
31
67
292
24
467
454
1210
434
821
38
1576
809
783
3106
397
3918
2380
438
32
73
18
24
32
13
24
2422
61
1232
23
414
846
868
25
78
20
442
777
25
851
95
59
449
56
1205
2780
1960
421
422
452
3583
1190
69
1173
2407
1231
803
1250
809
852
1602
449
93
401
2010
2001
39
16
779
44
404
455
2722
1179
3890
44
76
413
821
864
34
49
408
2014
11
1249
63
63
1962
27
862
1625
48
2026
75
782
1207
1570
100001
77
460
435
848
815
803
411
3166
415
424
50
1590
12
50
57
1627
74
4346
44
463
1185
8
17
804
87
2348
847
59
2353
93
1230
411
2367
42
62
29
1997
431
442
33
96
1232
3115
447
76
14
95
447
74
11
401
18
1964
402
2
853
863
1174
57
391
30
1185
443
11
44
1196
1204
51
65
797
452
10
455
25
845
39
1976
1640
1946
412
35
2374
3195
828
10
5477
31
67
1187
13
1960
26
100001
78
71
33
18
450
75
821
463
59
3135
485
1197
56
404
870
25
462
69
56
100001
17
446
43
417
95
35
45
782
1617
95
801
61
53
23
423
54
97
830
466
1643
67
83
830
1234
54
2360
792
21
71
37
799
78
10
1203
398
50
1229
1226
16
64
1628
470
57
34
8
405
74
23
89
61
482
73
6679
390
30
408
1176
64
64
2718
1187
854
34
42
5847
426
788
411
1648
28
399
44
24
1191
46
3530
864
3501
3
470
45
832
32
11
13
843
2407
1
32
21
450
1204
809
71
391
1174
448
10
10
1
67
1995
29
802
400
73
10
830
19
1959
70
83
100001
42
2717
14
418
45
39
51
818
2733
1624
825
3567
93
395
54
406
1578
2722
65
398
1600
798
1246
34
85
66
807
40
55
22
3181
100001
92
83
1974
69
11
1230
814
58
448
75
431
1255
45
3
482
20
2787
390
53
446
792
397
424
14
406
393
417
70
67
45
36
406
790
414
1185
34
1206
29
87
407
439
793
18
431
2781
1634
93
75
12
847
1580
24
61
34
1647
54
64
1624
6623
41
1225
43
2008
1
39
454
1
2335
795
45
1178
462
3
424
1222
1631
16
90
414
60
15
100001
800
1610
418
1219
91
14
30
6
419
2743
3501
2036
2751
831
799
400
1570
16
393
832
65
863
1941
43
47
819
857
83
2787
1172
812
1972
81
423
5
1647
1611
2350
46
84
94
1569
19
1600
790
3131
3177
829
24
46
452
10
789
21
466
1555
858
3193
88
14
433
30
63
390
1224
2722
865
860
26
49
390
46
3125
826
2768
2365
92
3135
15
2012
11
403
53
49
62
816
93
25
4293
2011
1630
778
463
412
87
6
818
8
60
79
392
68
419
22
1643
63
97
816
391
445
398
1219
87
418
12
2000
90
1216
28
1165
53
1992
78
409
14
90
6
451
3148
85
1625
66
2807
426
400
2335
2023
30
1181
443
480
22
13
398
41
3547
396
76
1186
1975
78
2722
411
446
32
836
5
3531
790
1
404
1
435
47
1185
439
2387
2420
95
834
4322
415
451
1644
1223
90
3
1197
10
2016
40
14
34
88
839
862
16
83
60
1249
88
2367
450
29
70
2396
461
433
2779
1215
51
25
292
75
1224
442
55
838
40
841
2011
65
12
460
2723
1218
26
455
93
56
80
452
31
5
33
77
1976
1578
2030
1554
812
73
465
448
63
838
12
3559
26
29
407
46
2001
97
1233
31
2
3499
9
3115
2336
408
442
391
82
458
5
11
1587
413
1641
1203
1218
43
23
43
802
5
1641
33
37
483
425
2
78
58
46
7023
474
35
86
10
467
2031
75
1167
75
804
51
1996
27
27
421
15
18
1248
1571
62
58
69
414
58
66
1647
459
20
36
100001
5519
50
81
1590
1256
2728
2029
53
820
1188
395
66
21
63
84
455
485
33
1976
63
396
1574
2337
823
1185
1172
97
823
2424
28
83
12
2407
92
1588
292
3139
42
22
6
72
33
13
71
85
55
2008
2025
12
780
15
2330
46
3508
67
40
44
1243
3939
21
1233
458
408
6601
45
2777
836
1221
29
91
97
1629
389
427
1633
830
100001
292
839
16
41
5
41
292
44
1608
92
452
1595
2728
1977
100001
1605
77
23
3
2765
389
1592
1194
1647
481
53
48
55
46
1178
392
799
393
804
5
19
475
454
92
807
69
78
2412
438
1250
792
86
8
810
1644
2728
58
408
1942
2419
2372
434
10
1647
2359
467
3
869
1599
97
25
1213
42
411
84
1247
1649
1180
2798
83
36
1561
55
35
90
1214
1560
25
1168
73
2389
18
1214
860
9
1640
781
3153
427
402
95
440
3951
3536
39
798
462
69
28
47
3560
860
401
412
446
428
37
420
2337
10
477
872
483
78
11
66
785
466
2386
440
2005
440
13
426
805
42
2729
446
71
1645
392
474
1194
92
450
44
77
840
826
37
4287
1642
1209
71
17
60
2799
780
88
841
413
1218
818
29
91
49
2333
46
24
790
73
51
1260
19
63
846
39
792
397
2780
417
14
35
26
1604
11
789
57
1633
782
1974
3562
18
1243
78
17
1606
12
479
10
84
28
5117
791
29
416
36
2360
464
780
1962
783
41
2749
395
1561
440
38
82
43
10
1559
1637
2366
1182
1989
1976
467
1243
850
801
472
1184
70
3898
2332
1226
404
3948
9
424
35
1954
1232
54
400
420
32
97
84
94
1184
455
482
2023
53
39
12
1167
835
47
2351
6
5
81
817
463
464
45
7
410
1565
81
1
100001
84
420
1236
55
16
451
39
456
36
95
860
429
48
86
2739
391
1235
2741
450
66
4319
1187
859
2401
1966
23
8
78
448
32
427
419
834
3149
47
292
392
36
100001
59
2008
1185
82
4
432
420
1617
3567
457
39
398
1232
1589
828
841
100001
1998
1231
1210
481
1247
865
11
52
794
431
7
42
1569
437
449
450
21
73
292
869
872
7
80
3169
847
32
394
81
29
801
67
832
80
30
46
15
785
1564
5437
1607
26
84
390
29
71
391
51
1208
792
814
1169
449
799
790
45
75
42
833
450
59
1210
50
456
447
48
15
427
1242
1217
826
392
64
468
73
19
1565
3927
73
415
82
819
29
69
2410
85
413
82
51
33
55
17
1182
405
409
400
61
464
1247
80
1591
427
839
58
812
92
1215
441
814
1622
2011
32
2383
85
842
57
3938
48
1974
1199
417
436
846
806
9367
435
1
1647
1214
11
1200
14
19
444
87
39
798
35
447
1220
23
484
17
414
481
440
456
3148
40
92
1571
392
1957
482
789
12
22
1592
1963
27
389
854
48
46
40
96
68
3525
30
406
27
2780
91
50
3
52
2342
17
832
10
1622
419
2788
18
42
12
840
35
425
779
1168
12
44
75
38
77
33
452
397
808
8
437
397
409
81
100001
66
39
22
1251
50
18
82
63
97
2016
24
1949
2356
819
2791
472
78
8
1617
428
16
30
79
23
3134
82
2729
21
1209
2376
2725
1231
94
16
814
476
68
1216
26
827
422
5
3906
84
87
1575
1557
1173
787
417
67
4706
1956
417
6
2017
1196
47
3954
45
392
1174
854
59
860
463
407
832
69
430
417
22
100001
48
1230
2332
10
19
28
1191
15
1576
3499
21
29
3172
456
80
40
62
20
32
11
392
1182
26
13
1200
814
81
1181
432
67
2723
1958
1620
780
80
69
30
83
801
1602
81
24
406
86
66
864
1231
20
856
480
1558
840
1229
1
41
3134
56
4
837
409
100001
39
406
84
1214
54
4
53
8
5
38
4340
87
3156
5482
49
52
88
412
1206
1209
464
1957
431
42
36
2351
29
868
453
24
799
77
859
1211
1192
429
3898
11
69
11
47
46
475
1201
3926
1616
846
1584
1185
424
89
88
90
62
39
36
460
36
35
3506
460
51
3141
21
390
21
2387
38
818
482
53
2024
95
393
1610
468
790
442
831
425
444
100001
67
459
1950
816
89
41
806
92
403
1245
60
35
3164
1166
7
473
72
9
1219
75
442
1596
476
3127
76
812
83
66
66
42
808
1203
4
463
64
428
16
57
804
410
2
409
1237
93
100001
452
1603
438
1572
2760
44
50
481
1252
458
840
3
23
100001
17
20
1556
1631
4275
3
292
2333
785
54
432
485
844
390
100001
2368
404
432
8
468
77
451
460
1181
3906
14
100001
55
465
1260
2014
30
803
399
862
27
798
47
68
60
422
56
463
92
2
1600
97
422
821
1221
822
418
396
38
58
2411
400
438
71
395
41
1187
28
445
432
27
1240
482
5878
454
1608
795
1
18
71
415
401
404
470
48
867
809
1221
15
63
26
5
484
22
62
72
2000
68
292
3502
1250
1562
1206
848
70
456
455
44
30
36
421
1639
28
1608
859
788
36
57
95
3544
26
2813
810
72
2804
49
1252
5074
481
17
464
47
54
47
837
75
1638
1636
67
69
1631
17
419
1192
428
85
31
57
1637
292
40
10
3542
79
414
1197
12
2017
32
1236
72
1237
407
12
2368
809
21
4322
2014
840
9
448
435
2014
3904
11
89
83
21
479
78
53
50
26
837
34
1203
389
407
10
867
61
1185
59
1243
13
446
52
15
478
434
15
436
36
3501
1170
60
2006
451
1576
845
90
434
1633
798
391
1
56
412
409
840
421
65
9
421
448
797
403
461
435
1196
441
1602
100001
1190
74
100001
2738
95
96
20
398
21
3904
92
2037
2027
8
97
1259
3127
2002
2386
1561
86
17
1970
1212
849
411
33
478
16
3
64
57
46
47
840
817
848
97
17
2018
1223
9
45
481
438
2745
55
2802
70
14
1622
441
10
1
61
410
4667
440
408
61
1212
467
1605
867
54
91
54
1258
11
430
406
15
2401
813
468
24
65
91
40
66
390
1173
789
38
430
855
411
855
844
800
58
1222
1207
47
483
1
841
82
75
73
81
463
52
92
4305
413
2417
45
16
2032
47
1612
3539
1233
413
854
85
81
2018
91
1629
53
448
60
1217
77
51
461
468
6
42
13
70
49
100001
65
50
845
468
24
21
69
394
838
450
463
1193
73
1184
870
95
1167
416
88
45
459
85
451
44
47
34
1226
6
1217
1251
4
816
85
1171
813
2002
56
1196
790
873
36
32
65
77
854
441
85
796
36
16
7
2720
32
2381
39
1252
1171
23
49
19
1982
83
60
869
6
2033
92
423
17
1599
50
395
2717
428
1225
14
391
3925
70
476
802
42
4
63
857
18
14
11
396
415
787
27
85
1612
3558
1557
90
433
396
73
437
426
87
1215
421
16
2
32
20
74
1230
820
13
1981
18
2807
1223
1555
34
469
29
2741
2000
1192
833
2744
56
456
58
440
467
3573
14
2787
7
71
72
2407
6
857
21
1189
28
5
85
64
433
470
3557
2
1187
66
1603
29
11
36
86
480
58
292
806
72
1597
428
1942
473
1641
15
22
27
64
1186
37
39
90
88
75
72
18
849
77
427
441
1219
22
30
54
1220
823
70
851
1170
415
292
60
49
1624
413
17
397
25
1599
97
68
79
465
3171
2766
58
416
406
70
1614
1602
394
12
1203
42
3112
406
13
791
873
26
27
7
3509
33
25
450
400
3927
1253
869
786
1184
856
2738
399
446
1252
423
27
1256
811
32
66
32
31
2030
81
36
22
7
2777
1957
1251
402
6
1580
1246
55
804
1230
10
1646
435
11
52
1613
14
17
29
413
47
782
2
81
54
70
68
77
29
57
100001
855
1214
483
72
456
88
61
64
2035
473
394
86
82
45
422
24
472
83
1558
462
473
466
3882
35
1597
451
27
78
1950
95
46
68
465
1193
3
393
4678
96
54
407
476
100001
37
22
8
75
1996
59
389
13
829
95
92
1203
1183
40
437
100001
10
3166
3
1989
866
28
16
855
837
2
68
392
76
8
27
42
418
27
43
2386
798
1565
1563
48
49
3528
459
415
41
22
2800
6
75
1569
779
59
405
389
89
17
94
450
2336
3162
6
398
423
1192
1609
1978
439
23
71
465
1168
13
4689
91
29
2
63
48
76
38
846
67
858
80
783
390
392
48
403
402
1179
5059
78
31
96
61
39
1951
1220
67
4341
29
792
25
1632
2773
390
477
421
95
49
71
74
40
419
15
2779
32
447
1193
484
808
51
70
866
422
73
1186
69
20
2381
62
839
433
405
86
90
3974
422
484
865
1592
67
22
433
1561
471
859
805
15
14
1601
478
11
440
5
16
2742
453
459
21
859
2338
400
809
423
51
480
429
431
19
100001
23
412
441
1249
27
38
2
428
19
90
471
484
5
829
96
12
1237
57
83
450
68
66
56
37
814
1626
1951
425
481
37
45
3516
8
56
51
11
449
433
8
1253
453
2358
1943
3159
25
1647
88
1554
20
2338
829
483
25
813
3145
794
20
3524
2721
2396
1236
86
1177
399
16
24
1237
3151
22
831
10
822
25
838
84
438
66
14
1991
792
15
1611
1251
447
49
2419
1227
24
3959
56
3190
29
2797
2356
846
44
59
463
1588
395
29
1978
4284
789
1571
802
793
438
412
1573
1173
1985
74
1
97
96
1598
410
1222
1249
1944
40
3150
16
42
400
845
42
424
854
1
797
68
5454
7
1261
466
69
58
1188
7
1176
29
8
1191
35
1
437
32
813
1232
7
1243
13
32
812
2340
416
49
47
2335
851
2005
1226
13
780
3951
1
2369
392
5
836
405
448
17
427
2745
438
789
82
1184
5
77
8
845
411
2366
96
432
33
3537
1
100001
2014
38
1168
407
1628
794
85
6209
78
406
5
841
43
16
417
404
67
806
407
54
94
443
1645
3493
412
2014
65
16
48
847
413
95
481
10
25
18
11
63
44
84
390
464
3142
4
9
61
4285
56
395
409
1985
5094
81
441
409
1182
863
2331
3535
62
777
3182
79
1206
439
86
28
9
63
85
846
408
80
412
15
3930
42
12
90
1570
42
2033
84
869
844
2
1635
820
51
82
415
456
9
22
26
17
402
1227
32
2017
87
831
453
37
82
474
37
839
8
817
39
1992
67
86
9
93
2
1247
438
17
31
84
416
782
76
847
12
1193
55
96
45
1572
1195
22
81
2799
71
1965
2333
1961
450
463
2
72
429
5
50
1
88
78
852
1985
2369
476
455
3558
89
32
80
840
80
390
1556
430
27
1241
38
81
13
1637
1606
4688
860
1178
13
52
26
1174
1226
2013
425
1226
26
30
465
400
430
25
2359
1564
3580
1956
806
96
39
1247
13
17
48
1559
842
10
1258
66
473
783
2773
39
24
91
10
89
785
1196
73
44
452
55
468
1553
3190
47
100001
23
844
393
29
80
74
10
18
1259
404
2401
1233
461
28
69
1948
470
79
2754
1614
54
97
19
1616
1636
85
84
3897
450
2414
801
24
83
2009
84
2738
476
8
434
7
1205
2419
428
1564
9
24
1254
393
860
1230
1259
95
2372
61
34
1209
830
8
3
54
1599
1559
783
23
1
1600
454
66
481
3
3566
18
26
1201
1169
2420
43
14
64
36
60
18
19
25
89
72
2338
485
12
36
1230
45
38
81
100001
2017
870
1568
87
95
56
73
14
1604
423
54
1232
70
52
467
1
1562
1964
410
848
81
447
7057
42
17
44
1194
2031
1184
44
837
28
1253
870
82
820
49
424
25
849
55
54
11
13
818
292
787
814
80
1553
1647
5
29
400
419
64
872
13
29
73
1629
463
451
3884
443
809
65
46
92
7
34
54
95
58
88
44
1194
38
477
859
802
34
100001
21
462
83
844
785
479
52
820
67
9
2765
39
428
52
1202
88
35
94
50
398
32
2
453
784
12
3
2
407
83
30
398
1199
483
3149
64
22
483
87
11
86
42
2
464
1644
1186
6
1556
3930
3185
44
100001
817
431
52
24
11
8
835
824
12
445
21
476
846
1251
3119
32
71
21
3964
46
483
74
94
53
25
6
14
20
824
93
1209
65
48
397
32
418
427
482
69
3531
5495
847
32
9
474
1962
796
28
440
829
1580
89
392
31
77
39
3186
56
14
405
1572
2735
292
863
390
841
54
292
1249
1192
4345
18
1581
4
53
5877
3161
778
2332
459
30
484
1994
32
58
26
453
83
53
17
1988
792
12
2346
835
829
1178
2352
93
866
58
1193
1564
13
1993
2333
407
18
31
86
78
1948
2392
78
777
848
41
420
26
19
39
429
57
4
34
3
421
28
26
78
22
441
36
1620
431
1553
61
1562
4275
35
785
15
3508
7
73
410
73
40
63
1230
90
1183
1187
3
1196
54
462
52
82
8
33
449
100001
62
19
9
2398
400
87
94
49
14
100001
34
398
46
823
1985
480
84
430
92
857
2376
5446
793
62
2021
459
395
422
90
860
97
24
75
82
25
86
65
809
433
798
478
23
423
71
1190
1943
44
56
83
88
825
61
424
1176
780
453
1213
1642
25
13
10
39
1561
35
22
72
2424
2017
15
822
783
1197
859
426
61
437
47
1976
5103
60
93
100001
1192
440
58
30
398
471
25
411
72
19
55
24
6296
1957
424
13
44
34
25
2
467
22
94
1587
37
793
794
100001
2032
870
444
1638
43
40
11
47
836
457
845
69
12
2399
1941
830
405
1192
55
16
21
61
1570
28
3582
97
1579
1205
844
28
1988
1994
2008
84
1224
56
61
3534
32
391
9
81
21
92
95
2
427
456
1581
41
1
68
419
56
80
483
469
821
1571
2801
1173
1259
790
50
35
397
390
1612
20
809
90
401
89
1580
41
46
1629
53
19
1216
1955
453
2383
1206
100001
2781
801
89
57
1971
100001
91
782
408
819
1965
432
854
438
400
804
462
94
12
45
807
858
55
454
28
423
25
414
1236
467
452
1224
3495
813
42
15
60
1575
408
65
1179
47
2032
6
68
92
1960
1199
804
63
439
1205
42
1236
84
4689
451
33
22
20
13
30
12
78
1203
3906
53
788
394
2012
434
1187
410
787
815
87
50
2721
51
39
21
100001
4
855
2027
27
480
846
2350
5831
83
2341
1199
1260
3889
779
37
86
448
13
429
1574
1211
464
397
292
21
854
53
58
821
80
25
6
414
1216
87
21
76
483
74
394
11
839
44
471
411
76
457
76
853
479
25
2369
2339
454
1210
61
21
793
62
37
40
56
2769
1183
1215
38
1207
1223
27
474
465
69
3565
792
58
24
75
437
78
392
44
36
1578
815
1983
437
815
80
3553
43
14
398
1199
414
2390
2381
405
36
49
478
1244
791
428
436
7386
68
83
11
401
52
389
4
1602
66
3891
1254
802
820
1245
6627
18
20
460
74
61
4336
12
865
392
77
5087
811
86
12
6
796
1171
1569
797
3125
24
1644
19
76
55
34
1219
1970
425
795
91
468
3108
826
57
4
85
467
73
32
45
97
1248
1588
292
38
795
860
438
401
92
11
2004
38
3195
84
1631
13
448
59
777
453
796
788
411
7
1167
42
28
15
81
808
409
2775
3957
815
821
68
93
792
89
52
36
1988
790
1
72
826
35
4709
1216
467
34
1574
1974
834
79
861
43
40
430
2349
2759
77
93
1980
30
21
65
422
44
37
802
1172
429
20
40
1185
2023
1237
2369
464
395
853
8
3144
40
438
779
2420
436
26
100001
450
454
30
77
475
1942
4
1
18
10
1195
436
840
781
444
80
72
1597
869
12
1574
8
54
429
1954
430
33
1227
36
73
2
1562
1951
19
849
2380
24
97
843
13
55
480
1176
20
1213
784
397
2
1637
820
418
1624
100001
453
394
79
1260
85
92
66
836
2759
1195
59
1224
55
455
28
844
464
73
70
1985
51
68
477
2399
40
93
1197
1220
1605
3
7
804
1983
1601
33
41
3571
23
32
3106
394
1172
1180
786
66
84
804
5
60
799
24
56
2754
84
44
2750
815
30
7
16
49
2033
1962
79
54
445
97
450
784
42
40
811
438
863
443
408
1173
41
822
785
1190
420
28
471
477
87
1599
2024
1184
21
90
1197
4
91
446
4663
12
27
1246
1618
829
20
429
1997
7
816
79
3
1641
15
38
1589
1587
853
88
5
67
94
73
3947
2032
807
17
41
69
51
2410
69
75
47
94
791
803
25
9
55
1559
21
2363
1581
2025
781
25
446
441
825
414
54
48
438
484
4
46
50
417
5466
451
64
81
485
442
1210
2022
459
3110
420
868
11
390
42
855
2016
1217
64
92
5
1582
428
31
8
1577
81
813
7
471
783
2349
34
868
3531
32
10
62
399
1631
3559
13
63
4690
2371
429
827
31
5
428
94
94
439
3118
795
443
1211
1560
14
1259
429
75
1183
412
842
28
85
73
1219
423
779
848
435
476
454
2720
417
14
9
401
14
434
28
786
97
442
80
22
44
808
60
100001
782
3501
1189
26
92
53
10
52
2369
1190
3152
41
30
20
54
71
2031
49
71
1253
46
292
860
77
4
14
3164
1985
1198
3
52
461
14
74
36
1964
482
34
481
1218
823
419
90
1947
75
3
43
437
3189
20
437
27
1971
402
1201
390
1646
36
441
17
1194
1181
1998
5
92
436
416
1215
428
75
426
13
419
413
1169
65
7841
421
37
1583
42
406
447
821
34
10
9
39
47
817
415
467
1185
442
403
92
88
1246
800
1193
94
818
23
93
89
3920
1261
405
2032
1187
1201
2801
12
66
27
850
64
840
407
788
1980
810
453
1237
27
51
29
11
449
449
89
782
4
70
30
389
3951
405
51
3512
15
5
11
38
19
456
438
92
72
22
848
441
448
459
464
5
60
1556
13
16
53
46
19
786
1190
48
17
413
2398
1588
95
2762
13
64
46
1553
4347
58
15
41
88
87
40
407
835
423
1169
28
1180
2033
436
3548
815
787
462
61
2003
24
806
10
1234
426
426
798
91
397
40
482
2004
4
78
55
3504
5
39
22
842
26
449
9
90
55
862
50
849
18
25
1980
29
2002
1251
416
23
6286
1215
831
2343
810
61
473
64
1172
54
45
47
1
867
44
61
425
18
1576
448
37
457
5471
405
408
464
3521
60
2348
1257
417
403
1170
825
2369
33
2738
783
2770
17
13
3564
1
25
2387
824
88
97
89
65
1203
408
95
782
481
427
850
406
24
869
462
10
457
29
2337
797
478
407
29
469
1234
1574
2401
53
26
8
2
418
77
41
2793
466
1
2799
42
479
1209
1227
40
100001
26
799
8
434
18
479
457
9
2
401
1235
2
82
26
14
3127
72
18
866
838
848
2037
50
425
41
821
3
81
24
1201
36
2776
4
74
73
1968
26
791
39
848
30
19
47
471
2356
1580
33
7
27
1585
92
484
60
27
21
31
19
79
399
467
442
859
87
440
19
1632
58
63
843
14
1621
458
1597
3152
5
90
292
450
27
392
440
10
810
86
4
403
449
409
786
3576
59
97
93
2722
412
1989
445
844
3925
95
445
3
3
821
25
834
1260
462
421
19
1643
422
798
64
32
1169
830
60
19
448
95
16
75
4659
1184
816
62
1569
100001
31
60
87
859
852
845
1557
3
36
25
13
473
68
463
840
59
5
1220
408
849
1580
5083
462
791
797
51
1253
1576
90
10
485
14
831
804
404
21
44
2332
49
1952
23
93
100001
9
482
1219
443
1260
1595
782
449
2423
78
783
52
78
397
94
868
798
1971
90
838
96
82
85
1955
1235
54
817
1573
97
4688
49
1582
2006
1613
85
821
2387
12
49
858
850
402
59
59
869
397
428
474
37
484
421
36
61
1169
38
7
422
100001
12
3141
392
1579
16
801
779
2022
1193
41
2036
16
22
41
35
58
28
1241
1194
2
410
11
869
4665
61
35
1248
38
79
5
292
87
43
428
23
83
455
468
1220
16
1644
1969
63
12
429
13
476
8
3142
416
91
39
47
40
70
454
66
1185
292
72
431
472
51
424
64
48
15
71
857
430
1224
3539
858
407
3564
6
32
3
845
85
1589
86
1970
872
38
782
1575
3189
789
449
425
394
63
1556
2810
797
2330
471
18
2751
828
28
7
473
4
2762
446
2376
1560
1219
440
30
16
46
479
22
2368
58
406
57
292
24
423
4338
28
3151
15
1228
34
26
13
849
856
4691
1648
2737
390
73
787
425
434
44
419
2343
1577
1571
794
23
53
426
1183
1573
46
26
51
43
292
29
4
100001
50
1186
1182
17
24
1174
2771
24
1
1180
3
427
1249
2389
97
1181
32
824
23
441
803
82
51
19
27
7457
21
468
1187
827
427
6
17
1622
16
863
1173
89
41
813
1230
815
46
429
88
396
30
415
2022
31
451
1217
39
1604
1205
61
30
2
2775
842
852
470
2385
22
79
432
14
58
26
2406
67
50
38
83
11
8
779
2002
80
1224
83
3538
32
2336
2
824
29
52
408
61
3904
35
2743
38
7762
23
1971
4
66
441
1559
89
13
1256
484
9
28
433
64
856
448
1966
1243
465
777
61
79
15
9
50
3920
393
22
2375
1610
799
93
78
73
15
4
51
1563
433
414
870
2416
21
86
793
862
391
836
785
798
52
2756
10
828
462
12
1205
89
89
401
91
13
44
1586
43
100001
2335
73
50
394
849
2033
2802
460
419
2401
2758
1636
73
25
1165
77
58
92
20
821
96
483
818
859
7
1194
2410
68
465
440
96
1249
67
31
418
2723
57
93
88
30
475
823
41
17
41
94
1564
8
471
1576
38
87
18
1188
11
95
3544
41
1992
858
482
77
1183
24
1974
1979
10
49
75
1
2030
60
438
801
849
32
794
96
799
93
798
92
55
23
3155
2022
79
58
3901
1
788
1579
85
1648
11
60
457
429
70
2337
425
1591
779
459
22
93
1996
23
35
38
428
49
815
22
50
10
1612
4716
10
83
418
1222
1227
47
20
13
54
63
93
1
93
57
20
43
36
400
39
63
485
1188
1631
3531
21
798
478
39
785
88
69
1619
61
1198
1583
3960
806
52
51
6
1957
404
792
39
47
477
1632
778
2002
27
2373
12
807
828
478
1184
10
444
855
75
90
2027
5
2031
32
394
3172
74
60
84
52
2372
1195
1227
803
434
869
838
24
88
483
40
27
465
425
5894
38
395
13
35
13
828
3901
52
30
861
79
88
2
91
862
399
20
46
821
68
89
25
1226
483
15
47
431
19
11
31
1587
54
3179
463
43
53
1554
30
82
1973
1998
1628
34
1170
2422
451
65
1982
85
1647
2
441
391
780
477
80
793
1238
58
13
1220
12
93
437
2409
14
13
474
456
819
466
460
395
3171
431
17
3562
78
1184
1637
399
100001
18
843
852
481
2386
1218
5066
69
2341
34
11
58
453
416
16
72
2788
1230
1206
41
6
1190
413
412
836
36
1202
2391
464
478
1624
428
449
80
1594
391
871
1573
817
73
12
443
465
73
799
391
410
67
1961
40
97
85
85
1562
409
45
1205
837
55
39
59
11
390
429
478
36
852
781
2775
17
37
65
450
1649
77
428
72
419
840
2359
1579
82
2337
81
1955
42
2338
5
15
1187
862
2028
2394
480
836
28
44
832
803
52
5071
788
464
71
61
1566
11
814
803
1258
1259
83
3131
15
797
72
836
777
2722
1954
6
90
844
1578
2027
22
395
16
479
3
49
52
397
389
1995
3132
1570
1202
406
1171
4711
439
485
429
1607
404
419
67
89
87
19
426
15
79
82
428
820
14
1197
1572
782
477
100001
96
97
1572
398
10
870
1961
12
779
468
401
70
94
61
41
3906
1224
11
413
1236
817
10
87
834
413
58
6
9
849
1233
416
66
2411
41
397
5068
6
9
407
403
1188
469
465
4348
427
26
3147
52
1568
847
19
33
29
436
3113
1196
1237
3502
2799
472
854
20
399
476
49
23
11
38
780
67
1229
61
389
397
34
77
406
44
22
100001
32
449
15
1209
93
778
33
21
464
67
1217
56
29
100001
452
64
3178
840
1221
36
2803
32
1593
7
71
860
10
67
808
1231
13
76
854
824
58
5
1217
450
2011
58
796
15
1227
51
71
814
1636
450
71
396
87
820
399
69
51
848
57
778
391
476
13
13
81
55
31
69
443
807
1580
830
18
460
40
96
5052
16
1217
398
808
23
1191
410
458
78
815
438
477
1589
46
54
1600
1554
26
1226
28
61
43
1187
857
81
41
77
22
70
830
76
46
812
1556
389
3108
13
61
3
1178
1226
69
464
16
66
66
18
1557
842
462
79
1958
74
1232
63
400
446
66
782
2729
56
72
1589
839
809
806
8
75
831
2025
59
2349
94
458
9
789
433
29
58
405
1170
1
33
455
46
60
95
7057
96
484
2
86
2790
443
808
436
67
18
2765
35
1211
812
1623
2379
2
96
791
48
1178
844
50
1183
3139
779
797
64
1985
28
1
397
12
390
92
786
458
37
82
76
461
92
97
70
52
1190
96
14
1955
870
801
485
2026
2796
777
448
799
12
1247
77
25
484
410
1231
74
4
802
779
1186
1171
481
52
42
405
7
77
7
1204
460
2
1572
77
74
63
1212
1568
86
51
94
93
1174
870
2018
20
3
802
35
2024
18
9
1226
88
62
29
784
1566
2350
96
7
449
59
787
60
1231
811
2
810
33
96
38
441
76
2357
17
825
2421
1566
2414
35
403
485
79
1172
1238
443
91
19
1588
3950
464
843
1185
412
474
3110
63
837
9
73
3588
50
89
390
63
814
3106
2773
4331
1585
81
100001
458
1180
96
37
44
412
34
97
469
777
50
402
25
412
30
1992
37
1218
862
440
407
469
832
54
482
803
1258
83
51
1225
433
2769
73
27
1232
57
81
91
1634
40
1
447
2010
787
39
9
792
10
1996
31
860
479
4325
1966
33
10
1948
3943
398
797
428
2
1202
789
1948
63
7
427
87
16
94
24
92
2406
75
100001
95
38
861
15
9
54
1176
39
450
2756
47
31
1
1989
34
74
803
63
66
2346
1198
94
20
42
19
451
1250
8
12
21
398
292
865
1233
480
80
1230
51
50
1168
433
49
2390
795
39
441
56
393
1968
827
4690
71
409
5
864
49
1185
65
2356
3160
485
391
1244
9
26
412
1587
65
419
453
72
1257
60
440
457
26
3
1644
56
1647
4738
17
19
28
817
13
36
1589
1949
69
18
2
1181
46
53
431
1622
3518
50
391
16
1943
815
32
42
1195
422
445
1255
7436
781
41
1200
12
818
34
61
423
1251
97
71
31
1179
476
71
86
75
3957
1177
15
100001
397
481
16
17
863
12
27
18
872
2720
809
1596
11
64
440
2015
391
56
72
402
24
474
1186
13
7
1213
393
40
22
1614
100001
50
1259
432
96
59
1618
40
38
9
4340
84
9
15
1226
2353
27
419
1206
56
26
453
5
398
100001
51
2763
788
48
2380
2398
1955
13
48
45
1242
1996
778
1635
484
53
85
1246
1247
38
1976
3552
780
1604
48
85
1958
52
411
89
92
847
8
72
60
1561
398
429
84
840
820
3154
444
2007
823
1621
8
2387
3882
68
34
91
1
62
421
442
21
23
1181
11
436
396
31
1609
75
54
420
41
73
18
393
97
424
445
23
865
72
52
458
435
1
1190
785
31
15
422
1175
1
392
12
843
42
27
1646
464
785
1193
15
92
89
19
2735
2416
10
2391
29
788
39
63
59
29
63
830
1232
2022
8
55
821
3197
5045
80
82
1610
1246
1199
93
55
1
71
1565
1233
45
1627
5076
414
52
1230
55
465
21
37
404
61
4732
18
1640
1958
12
2423
67
50
407
445
2022
1194
1577
842
454
402
807
23
56
1998
63
18
392
45
25
21
15
11
433
36
483
79
58
90
449
475
796
471
471
37
841
1625
401
1613
10
1561
97
1165
398
4
48
4
5494
28
1966
469
76
1594
14
2350
808
824
6
3572
52
28
26
3
28
477
1996
2015
394
32
57
803
443
17
69
848
828
428
1631
64
834
100001
400
1240
2358
482
1976
851
425
23
2361
2382
61
39
428
2329
43
479
12
2
78
10
2390
433
1626
442
23
81
843
11
406
27
2361
37
793
80
86
28
32
97
1611
52
22
795
86
3
821
1621
74
437
28
402
79
431
92
1645
71
793
1212
39
1193
88
785
59
30
31
1242
26
1179
3182
63
40
1566
86
410
2000
2
94
3963
2015
474
459
91
396
43
447
1611
31
1628
830
414
4657
77
57
871
20
454
423
1997
63
780
452
1259
852
473
30
1624
27
43
63
415
780
443
3555
18
1247
1172
25
801
435
1206
71
31
13
8
407
2759
56
821
68
20
15
423
2789
34
467
1562
71
42
849
76
56
474
2
422
34
3970
799
16
871
35
78
24
2392
31
4
3556
37
439
1994
1566
20
836
395
1598
852
88
411
82
1985
91
1572
1238
1175
455
15
862
867
435
76
11
40
1200
42
96
785
1171
38
46
18
474
65
56
46
396
2409
401
32
457
817
845
1566
26
445
391
459
1986
60
14
413
410
1582
456
395
3913
91
3521
57
3174
10
473
455
22
18
1572
45
1989
1227
25
85
845
1165
69
395
18
8
63
1565
34
431
1982
1209
86
24
1980
21
1176
453
53
795
792
408
5
57
1964
1624
84
396
95
442
18
425
9
38
2725
401
1183
3
463
84
5084
2331
1200
69
852
1235
23
21
860
1967
68
35
423
438
2392
825
23
81
63
3184
40
1992
778
830
9
459
413
1587
1205
1
81
444
453
65
29
42
1984
5
2405
69
459
1178
5
41
22
61
1249
100001
1176
405
54
41
1562
822
69
416
427
436
19
3117
1192
796
31
100001
31
50
39
393
2419
18
61
16
425
1
413
3114
32
30
462
466
100001
801
27
28
40
56
1176
448
1577
867
3520
3901
408
1182
47
4
469
11
78
1640
45
3527
1
468
55
7
856
409
872
46
777
3
14
5
483
795
3
38
58
836
34
21
476
843
1177
2337
9
71
820
863
1211
412
787
827
19
1170
404
1
860
4
78
4
14
57
15
26
2005
480
17
420
19
453
3123
409
16
423
1194
1554
69
88
10
447
840
77
476
1997
792
1600
411
1619
2764
70
66
63
3561
28
852
48
818
16
29
484
82
2364
390
1173
57
28
14
2
824
2780
2725
42
2796
8
787
100001
20
807
794
18
1169
465
55
1943
40
14
6
81
2348
28
11
2372
14
799
2000
18
43
5
395
5440
869
2029
46
20
85
96
2026
819
8
2393
19
1602
1200
422
1941
74
2408
52
1
24
1208
18
448
425
1561
28
20
79
461
3171
42
52
1
